0 0.1792534722222222 0.44849537037037035 0.10416666666666666 0.14699074074074073
0 0.06944444444444445 0.568287037037037 0.11197916666666666 0.14120370370370375
0 0.14713541666666669 0.6359953703703703 0.09375000000000004 0.11458333333333333
0 0.2604166666666667 0.5208333333333334 0.0859375 0.12731481481481483
0 0.3463541666666667 0.5185185185185185 0.07899305555555554 0.1180555555555556
0 0.3984375 0.4149305555555555 0.1015625 0.13541666666666666
0 0.4262152777777778 0.568287037037037 0.07899305555555554 0.11805555555555554
0 0.3993055555555555 0.6545138888888888 0.07725694444444446 0.10763888888888892
0 0.533420138888889 0.44849537037037035 0.07638888888888884 0.12847222222222227
0 0.6028645833333334 0.47800925925925924 0.0729166666666667 0.12037037037037036
0 0.5885416666666666 0.6440972222222222 0.07378472222222224 0.13541666666666666
0 0.7473958333333333 0.4293981481481481 0.08767361111111108 0.14814814814814817
0 0.8532986111111113 0.34722222222222227 0.09982638888888892 0.13888888888888887
0 0.8402777777777777 0.546875 0.09982638888888884 0.14467592592592596
0 0.020547945205479423 0.5460426179604262 0.01983447488584471 0.5527016742770168 0.020547945205479423 0.5726788432267884 0.025542237442922344 0.5840943683409437 0.03339041095890407 0.5917047184170472 0.04551940639269403 0.6002663622526636 0.05550799086757987 0.609779299847793 0.06692351598173514 0.6221461187214612 0.0819063926940639 0.6345129375951294 0.09760273972602736 0.6430745814307458 0.11187214611872143 0.6373668188736682 0.11900684931506844 0.625951293759513 0.12257420091324196 0.6069254185692542 0.1247146118721461 0.5878995433789954 0.1247146118721461 0.5660197869101979 0.12328767123287668 0.5488964992389651 0.11900684931506844 0.5317732115677322 0.11615296803652966 0.5222602739726028 0.10973173515981731 0.517503805175038 0.09617579908675795 0.517503805175038 0.09403538812785386 0.5289193302891932 0.08261986301369859 0.5431887366818874 0.06406963470319631 0.5393835616438357 0.05479452054794518 0.5374809741248098 0.04694634703196343 0.5412861491628614 0.03695776255707759 0.5498477929984779
0 0.10331050228310498 0.6468797564687976 0.1040239726027397 0.656392694063927 0.11329908675799083 0.6640030441400305 0.12756849315068491 0.6678082191780822 0.13827054794520546 0.6744672754946728 0.14683219178082188 0.6773211567732116 0.15253995433789952 0.6801750380517504 0.1689497716894977 0.685882800608828 0.18321917808219176 0.6820776255707763 0.18821347031963467 0.6735159817351598 0.1896404109589041 0.6640030441400305 0.19106735159817348 0.6506849315068493 0.18607305936073057 0.6364155251141553 0.18250570776255706 0.6221461187214612 0.17893835616438353 0.6154870624048706 0.17608447488584472 0.6059741248097412 0.17037671232876708 0.5955098934550989 0.16395547945205474 0.5888508371385084 0.15967465753424656 0.5878995433789954 0.1482591324200913 0.5888508371385084 0.14326484018264835 0.5917047184170472 0.13898401826484016 0.5983637747336378 0.13684360730593603 0.6059741248097412 0.13541666666666666 0.6135844748858447 0.12614155251141548 0.6211948249619483 0.12114726027397257 0.625 0.11472602739726023 0.6307077625570776 0.11258561643835614 0.6354642313546424
0 0.14397831050228307 0.41476407914764085 0.13398972602739723 0.4223744292237443 0.13042237442922372 0.4337899543378995 0.12899543378995432 0.44235159817351605 0.12899543378995432 0.45662100456621 0.13398972602739723 0.46898782343987827 0.14754566210045658 0.4899162861491629 0.15111301369863012 0.49657534246575347 0.15967465753424656 0.5079908675799086 0.1696632420091324 0.5136986301369864 0.17751141552511412 0.517503805175038 0.1896404109589041 0.5136986301369864 0.19891552511415522 0.503234398782344 0.21104452054794515 0.4870624048706241 0.2181792237442922 0.4746955859969558 0.22174657534246572 0.4642313546423136 0.22174657534246572 0.4547184170471842 0.22246004566210043 0.44710806697108063 0.21889269406392692 0.4433028919330289 0.2167522831050228 0.4490106544901066 0.2131849315068493 0.4490106544901066 0.20462328767123283 0.4490106544901066 0.19534817351598172 0.4490106544901066 0.19106735159817348 0.44615677321156777 0.19106735159817348 0.45662100456621 0.18749999999999994 0.4613774733637747 0.18107876712328763 0.46042617960426185 0.1718036529680365 0.4480593607305936 0.17109018264840178 0.4394977168949772 0.16466894977168947 0.4318873668188737 0.15539383561643832 0.427130898021309
0 0.23244863013698627 0.4899162861491629 0.221033105022831 0.49181887366818877 0.2160388127853881 0.5070395738203958 0.21532534246575338 0.5298706240487062 0.2160388127853881 0.5460426179604262 0.21746575342465752 0.5565068493150686 0.21746575342465752 0.5679223744292237 0.22460045662100453 0.578386605783866 0.2338755707762557 0.5821917808219178 0.24315068493150682 0.5821917808219178 0.2509988584474886 0.577435312024353 0.2631278538812785 0.5726788432267884 0.27597031963470314 0.5660197869101979 0.2866723744292237 0.5593607305936072 0.2923801369863014 0.5517503805175038 0.2923801369863014 0.5460426179604262 0.2866723744292237 0.5384322678843227 0.27882420091324195 0.5317732115677322 0.2752568493150685 0.5241628614916286 0.27026255707762553 0.5222602739726028 0.2581335616438356 0.5165525114155252 0.2509988584474886 0.4984779299847793 0.24600456621004563 0.4927701674277017
0 0.3665810502283105 0.3786149162861492 0.3551655251141553 0.3928843226788432 0.34945776255707756 0.4128614916286149 0.34945776255707756 0.4261796042617961 0.34945776255707756 0.4414003044140031 0.35587899543378987 0.4547184170471842 0.36372716894977164 0.4651826484018265 0.3715753424657534 0.47279299847793 0.3886986301369863 0.4756468797564688 0.41367009132420096 0.4804033485540335 0.4250856164383562 0.4832572298325723 0.44149543378995426 0.4804033485540335 0.4457762557077626 0.46898782343987827 0.44506278538812777 0.4490106544901066 0.44149543378995426 0.43283866057838666 0.43864155251141546 0.4176179604261796 0.43507420091324195 0.40049467275494677 0.4307933789954337 0.3890791476407915 0.42722602739726023 0.381468797564688 0.4186643835616438 0.3719558599695586 0.4072488584474886 0.366248097412481 0.3929794520547945 0.35958904109589046 0.3787100456621004 0.3671993911719939
0 0.3394691780821918 0.47374429223744297 0.3344748858447489 0.48135464231354647 0.3273401826484018 0.4861111111111111 0.3202054794520548 0.4899162861491629 0.31449771689497713 0.4899162861491629 0.3080764840182648 0.4899162861491629 0.3045091324200913 0.5060882800608828 0.31449771689497713 0.5270167427701674 0.3209189497716895 0.5412861491628614 0.3259132420091324 0.5507990867579908 0.33661529680365293 0.5612633181126332 0.35801940639269403 0.5717275494672756 0.37086187214611865 0.5745814307458144 0.3779965753424657 0.5660197869101979 0.375142694063927 0.5365296803652968 0.3779965753424657 0.5251141552511416 0.38370433789954334 0.5079908675799086 0.38441780821917804 0.4975266362252663 0.38441780821917804 0.4908675799086758 0.38013698630136983 0.4794520547945205 0.3658675799086758 0.46898782343987827 0.35944634703196343 0.4642313546423136 0.3530251141552511 0.457572298325723
0 0.4215182648401827 0.5222602739726028 0.4172374429223744 0.5279680365296804 0.41295662100456615 0.5355783866057838 0.4058219178082192 0.5422374429223744 0.39726027397260266 0.5507990867579908 0.39083904109589035 0.564117199391172 0.39083904109589035 0.5821917808219178 0.3994006849315068 0.6040715372907154 0.40867579908675805 0.6059741248097412 0.4172374429223744 0.6078767123287672 0.43578767123287676 0.6192922374429224 0.44934360730593603 0.6230974124809741 0.46075913242009126 0.6211948249619483 0.46575342465753417 0.6183409436834094 0.46575342465753417 0.610730593607306 0.46289954337899547 0.5983637747336378 0.46289954337899547 0.5869482496194824 0.46147260273972607 0.5764840182648402 0.45933219178082185 0.5660197869101979 0.4571917808219178 0.5546042617960426 0.45576484018264835 0.5441400304414004 0.45576484018264835 0.5317732115677322 0.45005707762557084 0.5222602739726028 0.44078196347031967 0.5136986301369864 0.4265125570776256 0.5117960426179604
0 0.3672945205479452 0.6392694063926941 0.36230022831050224 0.6506849315068493 0.3615867579908676 0.6611491628614916 0.3672945205479452 0.669710806697108 0.3794235159817351 0.6830289193302892 0.39083904109589035 0.6906392694063928 0.3979737442922374 0.6963470319634703 0.4043949771689498 0.701103500761035 0.415810502283105 0.7039573820395738 0.42294520547945214 0.703006088280061 0.4315068493150685 0.6925418569254186 0.43364726027397255 0.6820776255707763 0.43364726027397255 0.6611491628614916 0.43364726027397255 0.6478310502283106 0.43007990867579904 0.6307077625570776 0.42865296803652964 0.6221461187214612 0.4236586757990867 0.6154870624048706 0.42080479452054786 0.6326103500761034 0.4115296803652967 0.6335616438356164 0.40225456621004574 0.6326103500761034 0.39583333333333337 0.6326103500761034 0.3936929223744292 0.6449771689497718 0.38941210045662095 0.6516362252663622 0.382277397260274 0.6535388127853882 0.3779965753424657 0.6478310502283106
0 0.5128424657534246 0.4081050228310502 0.502140410958904 0.4214231354642314 0.5007134703196346 0.43759512937595135 0.4992865296803652 0.4490106544901066 0.4985730593607306 0.46042617960426185 0.49785958904109595 0.46993911719939113 0.5 0.4851598173515982 0.5049942922374429 0.4946727549467276 0.5164098173515981 0.5117960426179604 0.5242579908675798 0.5108447488584474 0.5342465753424657 0.5060882800608828 0.5413812785388128 0.4984779299847793 0.552796803652968 0.4861111111111111 0.5592180365296804 0.4775494672754947 0.5592180365296804 0.4708904109589041 0.5449486301369862 0.4632800608828006 0.5428082191780822 0.4490106544901066 0.5392408675799085 0.45091324200913246 0.5321061643835616 0.4585235920852359 0.517123287671233 0.4632800608828006 0.5128424657534246 0.4594748858447489 0.5128424657534246 0.4452054794520548 0.5164098173515981 0.4290334855403348 0.5199771689497716 0.4214231354642314
0 0.6269977168949772 0.4433028919330289 0.6327054794520548 0.45566971080669716 0.6341324200913242 0.47279299847793 0.6341324200913242 0.4851598173515982 0.6334189497716896 0.5003805175038052 0.6312785388127853 0.5156012176560122 0.6234303652968036 0.5260654490106546 0.6127283105022832 0.5327245053272451 0.6027397260273972 0.5355783866057838 0.5898972602739725 0.5327245053272451 0.5806221461187213 0.5260654490106546 0.5756278538812785 0.5117960426179604 0.572060502283105 0.49657534246575347 0.5706335616438356 0.4861111111111111 0.5706335616438356 0.4804033485540335 0.5806221461187213 0.4851598173515982 0.5856164383561644 0.4851598173515982 0.5927511415525114 0.4794520547945205 0.5984589041095891 0.4718417047184171 0.6077340182648401 0.4651826484018265 0.6141552511415524 0.4585235920852359 0.6205764840182649 0.45091324200913246
0 0.5542237442922374 0.6621004566210046 0.5549372146118721 0.6773211567732116 0.5620719178082192 0.6887366818873668 0.5684931506849316 0.6963470319634703 0.5734874429223744 0.702054794520548 0.5834760273972602 0.7077625570776256 0.5956050228310502 0.7087138508371386 0.6070205479452054 0.6963470319634703 0.6113013698630138 0.6811263318112634 0.6170091324200913 0.669710806697108 0.6205764840182649 0.6601978691019786 0.6205764840182649 0.6516362252663622 0.6170091324200913 0.6459284627092846 0.6120148401826484 0.6430745814307458 0.6127283105022832 0.6582952815829528 0.6063070776255708 0.6621004566210046 0.5998858447488585 0.6592465753424658 0.5941780821917808 0.6506849315068493 0.5870433789954337 0.6449771689497718 0.5834760273972602 0.6535388127853882 0.5749143835616438 0.6592465753424658 0.5692066210045661 0.6592465753424658 0.5620719178082192 0.6601978691019786
0 0.7054794520547946 0.44710806697108063 0.7047659817351597 0.4613774733637747 0.7076198630136986 0.4718417047184171 0.7154680365296804 0.48135464231354647 0.728310502283105 0.4899162861491629 0.7390125570776256 0.4956240487062405 0.745433789954338 0.4975266362252663 0.7554223744292237 0.4975266362252663 0.7625570776255708 0.502283105022831 0.7775399543378996 0.4870624048706241 0.7839611872146118 0.47279299847793 0.7882420091324202 0.46042617960426185 0.7882420091324202 0.4490106544901066 0.7882420091324202 0.4414003044140031 0.7746860730593607 0.4394977168949772 0.7753995433789955 0.45566971080669716 0.7661244292237444 0.4585235920852359 0.7575627853881279 0.4518645357686453 0.7482876712328768 0.44710806697108063 0.728310502283105 0.46042617960426185 0.7176084474885845 0.4594748858447489 0.7140410958904109 0.4480593607305936
0 0.8153538812785388 0.3767123287671233 0.8310502283105023 0.3900304414003044 0.846033105022831 0.4023972602739726 0.863156392694064 0.4128614916286149 0.877425799086758 0.4128614916286149 0.8817066210045663 0.4071537290715373 0.8817066210045663 0.3928843226788432 0.884560502283105 0.3767123287671233 0.8895547945205481 0.366248097412481 0.8938356164383562 0.35483257229832577 0.8974029680365296 0.3415144596651446 0.8995433789954339 0.3310502283105023 0.896689497716895 0.32439117199391176 0.8952625570776256 0.3120243531202435 0.8916952054794521 0.30156012176560126 0.8838470319634704 0.3072678843226788 0.8702910958904109 0.3072678843226788 0.8660102739726028 0.3120243531202435 0.8595890410958905 0.3148782343987824 0.8560216894977168 0.32058599695585993 0.8553082191780822 0.3291476407914764 0.8524543378995434 0.3339041095890411 0.8467465753424659 0.3386605783866058 0.8396118721461188 0.3396118721461187 0.8289098173515981 0.3405631659056317 0.8281963470319635 0.35958904109589046 0.8260559360730595 0.3700532724505327
0 0.8802796803652969 0.5060882800608828 0.8809931506849316 0.5203576864535768 0.882420091324201 0.5317732115677322 0.882420091324201 0.5441400304414004 0.877425799086758 0.565068493150685 0.8745719178082192 0.5726788432267884 0.8695776255707763 0.5821917808219178 0.863156392694064 0.5974124809741248 0.8560216894977168 0.6031202435312025 0.8488869863013699 0.609779299847793 0.8346175799086758 0.6050228310502282 0.8281963470319635 0.5983637747336378 0.8203481735159818 0.5907534246575342 0.8160673515981735 0.5831430745814308 0.810359589041096 0.5736301369863014 0.8053652968036531 0.565068493150685 0.7975171232876713 0.5546042617960426 0.7946632420091324 0.5488964992389651 0.7996575342465754 0.5422374429223744 0.8110730593607306 0.5355783866057838 0.8210616438356165 0.5279680365296804 0.8388984018264841 0.5279680365296804 0.8446061643835616 0.5222602739726028 0.8481735159817353 0.5146499238964993 0.8531678082191781 0.5089421613394216 0.8617294520547946 0.5070395738203958 0.8724315068493151 0.5051369863013699