0 0.09027777777777776 0.4913194444444444 0.11371527777777776 0.14236111111111113
0 0.14409722222222218 0.583912037037037 0.09809027777777776 0.12384259259259262
0 0.20095486111111108 0.40798611111111105 0.09548611111111108 0.13773148148148148
0 0.2686631944444444 0.4774305555555556 0.09027777777777776 0.11689814814814815
0 0.3585069444444444 0.4855324074074074 0.08940972222222224 0.1215277777777778
0 0.41753472222222215 0.3854166666666667 0.0963541666666667 0.12731481481481483
0 0.4296875 0.5445601851851852 0.0859375 0.11921296296296298
0 0.39626736111111105 0.6412037037037037 0.08506944444444446 0.10416666666666667
0 0.5325520833333333 0.4554398148148148 0.07638888888888892 0.10995370370370369
0 0.5985243055555556 0.48495370370370366 0.07638888888888884 0.10648148148148143
0 0.5855034722222222 0.6412037037037037 0.078125 0.1296296296296295
0 0.7352430555555556 0.44155092592592593 0.09809027777777768 0.1215277777777778
0 0.822048611111111 0.35995370370370366 0.08940972222222224 0.12037037037037036
0 0.8177083333333333 0.5347222222222222 0.10156249999999992 0.12731481481481483
0 0.04210069444444442 0.45370370370370366 0.03862847222222219 0.46296296296296297 0.03862847222222219 0.47453703703703703 0.03862847222222219 0.48495370370370366 0.04730902777777777 0.49537037037037035 0.05512152777777777 0.5034722222222222 0.06119791666666665 0.5115740740740741 0.06727430555555554 0.5196759259259259 0.07595486111111112 0.53125 0.08289930555555554 0.5428240740740741 0.09244791666666666 0.5532407407407407 0.09939236111111108 0.556712962962963 0.10980902777777776 0.556712962962963 0.12109375 0.5520833333333334 0.1271701388888889 0.5358796296296297 0.13151041666666666 0.5185185185185185 0.13411458333333331 0.5023148148148148 0.13585069444444442 0.4907407407407407 0.13845486111111108 0.4710648148148148 0.13932291666666666 0.4594907407407407 0.13411458333333331 0.4479166666666667 0.12890625 0.44212962962962965 0.12196180555555554 0.4409722222222222 0.11588541666666666 0.44675925925925924 0.10546875 0.4479166666666667 0.09331597222222218 0.4409722222222222 0.08637152777777776 0.4386574074074074 0.07682291666666666 0.4386574074074074 0.06640625 0.4409722222222222 0.0559895833333333 0.44328703703703703 0.05078125 0.44560185185185186
0 0.09765625 0.5740740740740741 0.10026041666666666 0.587962962962963 0.10633680555555554 0.5983796296296297 0.11414930555555554 0.6099537037037037 0.12456597222222218 0.6238425925925927 0.13324652777777776 0.6342592592592593 0.14539930555555552 0.6400462962962963 0.16015625 0.6446759259259259 0.16883680555555552 0.6400462962962963 0.17317708333333331 0.6319444444444444 0.17925347222222218 0.6261574074074073 0.18880208333333331 0.6087962962962963 0.18967013888888884 0.5914351851851851 0.18880208333333331 0.579861111111111 0.18098958333333331 0.5578703703703703 0.17230902777777776 0.5405092592592593 0.16796875 0.5347222222222222 0.16362847222222218 0.5324074074074073 0.1506076388888889 0.5335648148148148 0.14366319444444442 0.5428240740740741 0.13758680555555552 0.5474537037037037 0.13151041666666666 0.5497685185185185 0.12630208333333331 0.5532407407407407 0.11762152777777776 0.5613425925925927 0.10980902777777776 0.5636574074074073
0 0.17491319444444442 0.3564814814814815 0.16883680555555552 0.35995370370370366 0.16102430555555552 0.3773148148148148 0.15407986111111108 0.38310185185185186 0.15407986111111108 0.3969907407407407 0.16276041666666666 0.41550925925925924 0.16883680555555552 0.42939814814814814 0.1740451388888889 0.44212962962962965 0.18012152777777776 0.4571759259259259 0.18532986111111108 0.46296296296296297 0.19487847222222224 0.4664351851851852 0.2018229166666666 0.46759259259259256 0.22005208333333331 0.44560185185185186 0.22612847222222224 0.43634259259259256 0.23480902777777776 0.4259259259259259 0.23828125 0.4201388888888889 0.24262152777777776 0.41203703703703703 0.2408854166666666 0.40046296296296297 0.2330729166666666 0.3958333333333333 0.22786458333333331 0.3923611111111111 0.22265625 0.39004629629629634 0.21571180555555552 0.3993055555555555 0.2096354166666666 0.3993055555555555 0.19921875 0.38310185185185186 0.19661458333333331 0.375 0.18793402777777776 0.36689814814814814
0 0.25564236111111105 0.42939814814814814 0.24609375 0.4351851851851852 0.24001736111111108 0.44675925925925924 0.23567708333333331 0.46412037037037035 0.2330729166666666 0.48495370370370366 0.23220486111111108 0.49884259259259256 0.22873263888888884 0.5138888888888888 0.23133680555555552 0.5289351851851852 0.23828125 0.5347222222222222 0.2486979166666666 0.5324074074074073 0.2608506944444445 0.525462962962963 0.26953125 0.5231481481481481 0.2808159722222222 0.5185185185185185 0.2938368055555555 0.5115740740740741 0.3051215277777778 0.5023148148148148 0.3077256944444445 0.4930555555555555 0.3077256944444445 0.48495370370370366 0.30338541666666663 0.47453703703703703 0.2938368055555555 0.46527777777777773 0.28776041666666663 0.4594907407407407 0.2808159722222222 0.45370370370370366 0.2738715277777778 0.44560185185185186 0.26953125 0.4386574074074074
0 0.3294270833333333 0.4409722222222222 0.3207465277777778 0.45370370370370366 0.3198784722222222 0.4664351851851852 0.3207465277777778 0.48495370370370366 0.33376736111111105 0.5046296296296297 0.3407118055555555 0.5115740740740741 0.34939236111111105 0.5208333333333334 0.3546006944444445 0.525462962962963 0.36328125 0.5335648148148148 0.36935763888888884 0.5381944444444444 0.3754340277777778 0.5347222222222222 0.37890625 0.5219907407407407 0.38151041666666663 0.5115740740740741 0.38671875 0.4907407407407407 0.38932291666666663 0.47685185185185186 0.38671875 0.45486111111111105 0.38498263888888884 0.44328703703703703 0.3780381944444445 0.43287037037037035 0.3598090277777778 0.4305555555555555 0.34765625 0.4375
0 0.3980034722222222 0.3368055555555555 0.39279513888888884 0.34837962962962965 0.3797743055555555 0.35879629629629634 0.37282986111111105 0.37384259259259256 0.3719618055555555 0.3877314814814815 0.3763020833333333 0.40277777777777773 0.3797743055555555 0.41435185185185186 0.39366319444444436 0.4270833333333333 0.40407986111111105 0.43402777777777773 0.41796875 0.43634259259259256 0.4292534722222222 0.4375 0.4370659722222222 0.4375 0.4448784722222222 0.4375 0.45529513888888884 0.42939814814814814 0.45876736111111105 0.41782407407407407 0.45876736111111105 0.4074074074074074 0.45703125 0.38657407407407407 0.4544270833333333 0.3761574074074074 0.45182291666666663 0.3657407407407407 0.44314236111111105 0.35185185185185186 0.4379340277777778 0.3414351851851852 0.4231770833333333 0.32754629629629634 0.41276041666666663 0.3252314814814815
0 0.4301215277777778 0.4976851851851852 0.41710069444444436 0.5104166666666666 0.40928819444444436 0.5185185185185185 0.40147569444444436 0.5243055555555556 0.3988715277777778 0.5381944444444444 0.39713541666666663 0.548611111111111 0.3953993055555555 0.5613425925925927 0.40060763888888884 0.568287037037037 0.41623263888888884 0.5821759259259259 0.4292534722222222 0.5833333333333334 0.4388020833333333 0.5868055555555556 0.44835069444444436 0.5925925925925927 0.45616319444444436 0.5949074074074073 0.4657118055555555 0.59375 0.46744791666666663 0.5844907407407407 0.4657118055555555 0.5717592592592593 0.46397569444444436 0.5636574074074073 0.46484375 0.5277777777777778 0.4613715277777778 0.5127314814814815 0.44921875 0.49652777777777773
0 0.3797743055555555 0.619212962962963 0.3667534722222222 0.619212962962963 0.35807291666666663 0.6203703703703703 0.36154513888888884 0.650462962962963 0.3667534722222222 0.65625 0.3763020833333333 0.6631944444444444 0.38585069444444436 0.6689814814814814 0.39366319444444436 0.673611111111111 0.4058159722222222 0.6851851851851851 0.41276041666666663 0.6921296296296297 0.42404513888888884 0.693287037037037 0.42751736111111105 0.6782407407407407 0.4292534722222222 0.6655092592592593 0.4292534722222222 0.6516203703703703 0.4301215277777778 0.6377314814814814 0.4301215277777778 0.6238425925925927 0.42838541666666663 0.6122685185185185 0.40234375 0.6041666666666666 0.3953993055555555 0.6087962962962963
0 0.52734375 0.4131944444444444 0.513454861111111 0.4097222222222222 0.5073784722222222 0.4201388888888889 0.5047743055555556 0.4351851851851852 0.4995659722222222 0.4513888888888889 0.49869791666666663 0.4722222222222222 0.5021701388888888 0.4895833333333333 0.5099826388888888 0.5034722222222222 0.5143229166666666 0.5081018518518519 0.5316840277777778 0.5046296296296297 0.5412326388888888 0.49421296296296297 0.552517361111111 0.48611111111111105 0.5620659722222222 0.4756944444444444 0.55859375 0.4502314814814815 0.5473090277777778 0.4386574074074074 0.5412326388888888 0.4398148148148148 0.52734375 0.4398148148148148 0.5177951388888888 0.43171296296296297
0 0.5898437499999999 0.46759259259259256 0.5750868055555556 0.4722222222222222 0.5690104166666666 0.4710648148148148 0.5724826388888888 0.49421296296296297 0.575954861111111 0.5115740740740741 0.5855034722222222 0.525462962962963 0.5924479166666667 0.5335648148148148 0.6106770833333333 0.5347222222222222 0.6158854166666667 0.53125 0.6202256944444444 0.5277777777777778 0.6236979166666667 0.5162037037037037 0.6297743055555555 0.49884259259259256 0.6323784722222222 0.48379629629629634 0.6332465277777778 0.4710648148148148 0.6332465277777778 0.46064814814814814 0.6289062499999999 0.45254629629629634 0.6236979166666667 0.44907407407407407 0.6089409722222222 0.4502314814814815 0.5976562499999999 0.4583333333333333
0 0.5533854166666666 0.607638888888889 0.5516493055555556 0.6168981481481481 0.5516493055555556 0.630787037037037 0.552517361111111 0.6446759259259259 0.552517361111111 0.6689814814814814 0.5594618055555556 0.6863425925925927 0.5672743055555556 0.693287037037037 0.5765041493775933 0.7018499308437068 0.5940093360995851 0.7001210235131397 0.6030860995850622 0.6880186721991701 0.6115145228215767 0.6620850622406639 0.6173495850622406 0.6387448132780082 0.6095695020746887 0.63182918395574 0.6011410788381742 0.633558091286307 0.5894709543568465 0.6231846473029046 0.5745591286307054 0.63182918395574 0.5609439834024895 0.6352869986168741 0.5557572614107883 0.6283713692946058
0 0.6983921161825726 0.42781811894882443 0.6906120331950207 0.43559820193637633 0.6932053941908713 0.4442427385892117 0.6925570539419087 0.45288727524204714 0.691908713692946 0.4615318118948825 0.7035788381742738 0.46931189488243436 0.7113589211618256 0.4753630705394192 0.7236773858921162 0.48660096818810517 0.7366441908713692 0.49438105117565706 0.7496109958506223 0.4935165975103735 0.7593360995850622 0.4822786998616875 0.7645228215767634 0.4615318118948825 0.7697095435684647 0.4416493775933611 0.7729512448132779 0.4174446749654219 0.7664678423236514 0.41485131396957126 0.7645228215767634 0.43041147994467505 0.7554460580912863 0.43559820193637633 0.7457209543568465 0.4321403872752422 0.7340508298755186 0.4269536652835409 0.7269190871369294 0.42781811894882443 0.712655601659751 0.44078492392807755 0.7081172199170125 0.43473374827109273
0 0.8053682572614107 0.5047544951590596 0.7859180497925311 0.5185857538035962 0.7761929460580912 0.5220435684647303 0.7807313278008299 0.5427904564315352 0.7949948132780082 0.5531639004149377 0.8021265560165975 0.5635373443983404 0.8125 0.579097510373444 0.8228734439834025 0.5929287690179806 0.8319502074688797 0.5963865836791148 0.8403786307053942 0.588606500691563 0.848158713692946 0.5782330567081605 0.848158713692946 0.5661307053941909 0.8572354771784232 0.547112724757953 0.8611255186721992 0.5263658367911481 0.8604771784232366 0.5082123098201937 0.8526970954356846 0.4909232365145229 0.8436203319502076 0.4840076071922546 0.8306535269709544 0.48746542185338876 0.820280082987552 0.4935165975103735 0.8112033195020747 0.4995677731673583
0 0.8494553941908715 0.30333679114799456 0.8598288381742739 0.3188969571230983 0.8617738589211619 0.3379149377593362 0.8611255186721992 0.35174619640387284 0.8552904564315353 0.3681708160442601 0.85399377593361 0.38891770401106507 0.8507520746887968 0.40361341632088527 0.8423236514522822 0.4122579529737207 0.8358402489626556 0.4131224066390042 0.829356846473029 0.40707123098201947 0.8241701244813278 0.4044778699861688 0.8131483402489627 0.39669778699861696 0.8027748962655602 0.38805325034578153 0.7924014522821576 0.3854598893499309 0.7859180497925311 0.37940871369294615 0.7807313278008299 0.3707641770401107 0.7807313278008299 0.36039073305670827 0.7807313278008299 0.3491528354080222 0.7891597510373443 0.3638485477178424 0.7949948132780082 0.3707641770401107 0.7982365145228216 0.3707641770401107 0.8014782157676349 0.355204011065007 0.8027748962655602 0.34310165975103746 0.8079616182572614 0.334457123098202 0.8150933609958507 0.32581258644536665 0.8287085062240663 0.31803250345781475 0.8358402489626556 0.31371023513139706