0 0.18855733082706766 0.3609805764411028 0.09750939849624059 0.10338345864661651
0 0.15096334586466165 0.49608395989974946 0.09515977443609022 0.1260964912280702
0 0.10162124060150375 0.6257048872180452 0.09985902255639098 0.1159147869674186
0 0.35567434210526316 0.45379072681704263 0.0839990601503759 0.11356516290726812
0 0.36830357142857145 0.5544329573934837 0.08341165413533838 0.11121553884711778
0 0.48137922932330823 0.5391604010025063 0.0839990601503759 0.11669799498746863
0 0.5982730263157894 0.5462092731829574 0.0898731203007519 0.1260964912280702
0 0.6123707706766917 0.6288377192982456 0.08752349624060143 0.10651629072681695
0 0.6602443609022556 0.4604479949874687 0.0857612781954887 0.12374686716791974
0 0.7163416353383458 0.5313283208020051 0.08282424812030076 0.11199874686716788
0 0.7859492481203008 0.5325031328320803 0.07166353383458643 0.11434837092731828
0 0.7965225563909775 0.6707393483709274 0.07871240601503757 0.11043233082706767
0 0.8490953947368421 0.5822368421052633 0.0839990601503759 0.11669799498746874
0 0.8608435150375939 0.4385181704260652 0.10044642857142846 0.11748120300751878
0 0.9131226503759396 0.49490914786967427 0.08282424812030076 0.10808270676691721
0 0.1650610902255639 0.3241697994987469 0.15448778195488722 0.337484335839599 0.15037593984962405 0.34453320802005016 0.1445018796992481 0.35784774436090233 0.14273966165413535 0.37116228070175444 0.1462640977443609 0.38839285714285715 0.15390037593984962 0.39935776942355894 0.16212406015037592 0.4064066416040101 0.17798402255639095 0.4079730576441103 0.18796992481203006 0.40875626566416046 0.1961936090225564 0.4048402255639098 0.2032424812030075 0.4001409774436091 0.21264097744360902 0.39935776942355894 0.22203947368421054 0.39622493734335845 0.231437969924812 0.3899592731829574 0.2332001879699248 0.3821271929824562 0.23496240601503757 0.3735119047619048 0.22967575187969924 0.3601973684210527 0.22203947368421054 0.3500156641604011 0.21440319548872178 0.33983395989974946 0.20559210526315788 0.32886904761904767 0.19736842105263158 0.3210369674185464 0.19149436090225563 0.31712092731829583 0.17915883458646614 0.31712092731829583 0.17093515037593984 0.31712092731829583
0 0.12511748120300753 0.4440006265664161 0.11278195488721805 0.4533991228070176 0.1080827067669173 0.4635808270676692 0.10455827067669173 0.47219611528822064 0.1069078947368421 0.4878602756892231 0.11336936090225562 0.5027412280701754 0.12159304511278195 0.5121397243107769 0.12629229323308272 0.518405388471178 0.13216635338345864 0.5270206766917294 0.13980263157894737 0.537202380952381 0.1445018796992481 0.543468045112782 0.15096334586466165 0.5505169172932332 0.15859962406015035 0.5567825814536341 0.16858552631578946 0.5528665413533835 0.17563439849624057 0.5340695488721805 0.18092105263157893 0.5223214285714286 0.18679511278195488 0.5097901002506267 0.193843984962406 0.4941259398496241 0.1961936090225564 0.47611215538847124 0.1961936090225564 0.46123120300751885 0.18973214285714285 0.4541823308270677 0.1832706766917293 0.44869987468671685 0.17974624060150374 0.4471334586466166 0.16682330827067668 0.455748746867168 0.15859962406015035 0.46436403508771934 0.15272556390977443 0.4690632832080201 0.14685150375939848 0.46436403508771934 0.1439144736842105 0.44948308270676696 0.14156484962406016 0.4447838345864662 0.1362781954887218 0.4440006265664161
0 0.061677631578947366 0.5967261904761905 0.05580357142857143 0.606124686716792 0.05404135338345865 0.6170895989974937 0.0575657894736842 0.6311873433583961 0.061677631578947366 0.6421522556390978 0.06343984962406016 0.6507675438596492 0.06931390977443609 0.6672149122807018 0.07225093984962405 0.674263784461153 0.07929981203007518 0.6781798245614036 0.08987312030075187 0.6797462406015039 0.10162124060150375 0.675046992481203 0.115718984962406 0.6664317042606516 0.13216635338345864 0.65625 0.1362781954887218 0.6515507518796994 0.1380404135338346 0.6452850877192983 0.12805451127819548 0.6413690476190477 0.11983082706766916 0.6335369674185464 0.10984492481203008 0.6304041353383458 0.10220864661654135 0.6351033834586467 0.09574718045112782 0.6405858395989976 0.0869360902255639 0.6421522556390978 0.08047462406015037 0.6413690476190477 0.0775375939849624 0.6374530075187971 0.078125 0.624921679197995 0.08164943609022556 0.6163063909774437 0.08517387218045112 0.6076911027568922 0.08223684210526315 0.6045582706766918 0.07225093984962405 0.6022086466165414
0 0.3318843984962406 0.41110588972431084 0.32072368421052627 0.4267700501253133 0.315437030075188 0.44008458646616544 0.3142622180451128 0.4549655388471178 0.3142622180451128 0.4674968671679199 0.32307330827067665 0.48159461152882216 0.3289473684210526 0.4956923558897243 0.33423402255639095 0.5035244360902256 0.34480733082706766 0.5082236842105263 0.35890507518796994 0.5043076441102757 0.3677161654135338 0.493342731829574 0.3788768796992481 0.48864348370927324 0.387687969924812 0.4784617794486216 0.3900375939849624 0.4690632832080201 0.37417763157894735 0.4635808270676692 0.3671287593984962 0.455748746867168 0.36301691729323304 0.45183270676691734 0.3594924812030075 0.4440006265664161 0.3559680451127819 0.4393013784461154 0.353031015037594 0.43616854636591484 0.3477443609022556 0.4291196741854637 0.34421992481203006 0.42128759398496246 0.3371710526315789 0.4150219298245615
0 0.3694783834586466 0.5019580200501254 0.3559680451127819 0.5074404761904762 0.34598214285714285 0.5199718045112782 0.3406954887218045 0.5317199248120301 0.3395206766917293 0.5489505012531328 0.33599624060150374 0.5583489974937343 0.3318843984962406 0.5700971177944862 0.32835996240601506 0.5857612781954888 0.3318843984962406 0.5982926065162908 0.3406954887218045 0.6029918546365916 0.3518562030075188 0.6029918546365916 0.3677161654135338 0.6006422305764411 0.3777020676691729 0.5982926065162908 0.387687969924812 0.5959429824561404 0.40119830827067665 0.5896773182957394 0.40765977443609025 0.574796365914787 0.4023731203007519 0.5489505012531328 0.3976738721804511 0.5379855889724311 0.39179981203007513 0.5262374686716792 0.38592575187969924 0.5152725563909775 0.3806390977443609 0.5066572681704261
0 0.46757518796992475 0.48864348370927324 0.45054041353383456 0.4972587719298246 0.44231672932330823 0.5129229323308271 0.44114191729323304 0.5254542606516291 0.44642857142857145 0.5466008771929826 0.45289003759398494 0.5606986215538847 0.471687030075188 0.5849780701754386 0.47756109022556387 0.5912437343358395 0.48519736842105254 0.5928101503759399 0.49107142857142855 0.5928101503759399 0.4998825187969924 0.5857612781954888 0.5069313909774436 0.5599154135338347 0.5133928571428571 0.5403352130325815 0.5175046992481203 0.5270206766917294 0.5169172932330827 0.5113565162907269 0.5092810150375939 0.5003916040100251 0.4963580827067669 0.49177631578947373 0.48930921052631576 0.4878602756892231 0.4804981203007519 0.4862938596491228
0 0.5568609022556391 0.5137061403508772 0.5562734962406015 0.5238878446115288 0.5609727443609022 0.5450344611528822 0.5703712406015037 0.5583489974937343 0.5821193609022556 0.5724467418546367 0.5879934210526315 0.5802788220551379 0.5962171052631579 0.5888941102756893 0.6085526315789473 0.599859022556391 0.619125939849624 0.6045582706766918 0.6261748120300752 0.6014254385964913 0.629111842105263 0.581062030075188 0.6296992481203008 0.5638314536340853 0.6332236842105263 0.5544329573934837 0.6361607142857142 0.5395520050125314 0.640859962406015 0.5144893483709274 0.6420347744360902 0.5082236842105263 0.6285244360902256 0.5082236842105263 0.6220629699248119 0.5082236842105263 0.6126644736842105 0.5090068922305765 0.6009163533834586 0.5121397243107769 0.5932800751879699 0.5113565162907269 0.5874060150375939 0.5074404761904762 0.5780075187969924 0.5074404761904762 0.568609022556391 0.5105733082706767
0 0.5738956766917294 0.6272713032581454 0.5750704887218044 0.6343201754385965 0.5832941729323309 0.649984335839599 0.5891682330827067 0.6585996240601504 0.600328947368421 0.6664317042606516 0.6079652255639098 0.674263784461153 0.6179511278195489 0.6773966165413534 0.6214755639097744 0.6773966165413534 0.6285244360902256 0.6758302005012531 0.6332236842105263 0.6703477443609024 0.6484962406015037 0.6609492481203009 0.6502584586466165 0.6429354636591479 0.6502584586466165 0.618656015037594 0.6484962406015037 0.6084743107769425 0.6461466165413533 0.5920269423558898 0.6343984962406014 0.5841948621553885 0.6343984962406014 0.59359335839599 0.6285244360902256 0.599075814536341 0.6220629699248119 0.6037750626566416 0.6150140977443609 0.6123903508771931 0.6091400375939849 0.617872807017544 0.6050281954887218 0.6217888471177946 0.600328947368421 0.6296209273182958 0.5938674812030075 0.6304041353383458 0.5874060150375939 0.6155231829573935 0.5832941729323309 0.6155231829573935
0 0.6449718045112782 0.4150219298245615 0.6332236842105263 0.4165883458646617 0.6238251879699248 0.42442042606516295 0.6220629699248119 0.4424342105263158 0.6238251879699248 0.46044799498746874 0.6267622180451127 0.4792449874686717 0.6285244360902256 0.48864348370927324 0.6373355263157895 0.493342731829574 0.6461466165413533 0.4972587719298246 0.6484962406015037 0.5027412280701754 0.6461466165413533 0.5082236842105263 0.6426221804511278 0.5121397243107769 0.6443843984962406 0.5215382205513784 0.6543703007518797 0.518405388471178 0.6667058270676691 0.5027412280701754 0.6708176691729323 0.49960839598997503 0.6790413533834586 0.49177631578947373 0.6896146616541353 0.4823778195488722 0.6925516917293233 0.47454573934837097 0.6937265037593985 0.46514724310776945 0.6878524436090225 0.46123120300751885 0.6819783834586466 0.4541823308270677 0.6790413533834586 0.4471334586466166 0.675516917293233 0.4416510025062657 0.6678806390977443 0.43460213032581463 0.6590695488721805 0.4267700501253133 0.6514332706766917 0.4189379699248121
0 0.7107612781954887 0.4823778195488722 0.7013627819548872 0.48159461152882216 0.6919642857142857 0.4862938596491228 0.6860902255639098 0.4964755639097745 0.6837406015037594 0.5121397243107769 0.681390977443609 0.5301535087719299 0.6802161654135338 0.543468045112782 0.678453947368421 0.5567825814536341 0.6802161654135338 0.5653978696741855 0.6837406015037594 0.5724467418546367 0.6966635338345865 0.5779291979949874 0.7054746240601504 0.5755795739348372 0.7119360902255638 0.5700971177944862 0.7230968045112782 0.5646146616541353 0.7360197368421052 0.5567825814536341 0.7430686090225563 0.5520833333333334 0.7489426691729323 0.5419016290726817 0.7518796992481203 0.5285870927318296 0.7477678571428571 0.5121397243107769 0.7430686090225563 0.5050908521303259 0.7342575187969924 0.49490914786967427 0.7272086466165413 0.48864348370927324
0 0.7665648496240601 0.4941259398496241 0.7601033834586466 0.49804197994987476 0.7583411654135338 0.505874060150376 0.7630404135338346 0.5152725563909775 0.7695018796992481 0.524671052631579 0.7683270676691729 0.5317199248120301 0.7612781954887218 0.5340695488721805 0.7618656015037594 0.5450344611528822 0.7677396616541353 0.5536497493734337 0.7765507518796992 0.5606986215538847 0.7859492481203006 0.5669642857142858 0.7947603383458646 0.5763627819548873 0.8018092105263157 0.5794956140350878 0.805921052631579 0.5763627819548873 0.8112077067669172 0.5661810776942356 0.8106203007518797 0.5559993734335841 0.8106203007518797 0.5473840852130326 0.8117951127819548 0.5387687969924813 0.8147321428571429 0.5278038847117795 0.8182565789473684 0.5160557644110276 0.8182565789473684 0.5050908521303259 0.8135573308270676 0.4964755639097745 0.8088580827067668 0.49177631578947373 0.8053336466165414 0.4902098997493735 0.7976973684210525 0.4941259398496241 0.7865366541353384 0.4941259398496241 0.775375939849624 0.4902098997493735
0 0.8364661654135338 0.5732299498746868 0.8253054511278195 0.581062030075188 0.8135573308270676 0.5881109022556391 0.8117951127819548 0.6014254385964913 0.8194313909774437 0.6092575187969925 0.8229558270676691 0.6123903508771931 0.8358787593984962 0.6163063909774437 0.8470394736842104 0.618656015037594 0.8570253759398495 0.6272713032581454 0.8681860902255639 0.6319705513784462 0.8746475563909775 0.6343201754385965 0.8834586466165414 0.6280545112781956 0.8858082706766917 0.6170895989974937 0.8863956766917293 0.6037750626566416 0.8858082706766917 0.5943765664160401 0.8858082706766917 0.5700971177944862 0.8828712406015038 0.5630482456140352 0.8758223684210525 0.5544329573934837 0.8699483082706767 0.5419016290726817 0.8693609022556391 0.5473840852130326 0.8646616541353384 0.5544329573934837 0.8529135338345863 0.5583489974937343 0.8446898496240601 0.5614818295739349
0 0.7648026315789473 0.6492011278195489 0.7618656015037594 0.6578164160401003 0.7612781954887218 0.6656484962406015 0.7689144736842104 0.6773966165413534 0.7777255639097744 0.6860119047619048 0.7918233082706767 0.700109649122807 0.7994595864661653 0.7087249373433584 0.8106203007518797 0.7165570175438597 0.8270676691729323 0.7165570175438597 0.828829887218045 0.7071585213032582 0.8341165413533835 0.6875783208020051 0.8335291353383457 0.6726973684210527 0.8311795112781954 0.6570332080200502 0.828829887218045 0.6476347117794486 0.8270676691729323 0.6390194235588973 0.8229558270676691 0.6421522556390978 0.8176691729323308 0.6539003759398497 0.8106203007518797 0.6578164160401003 0.797109962406015 0.6484179197994988 0.7929981203007518 0.6445018796992482 0.7835996240601503 0.6429354636591479 0.7783129699248119 0.6445018796992482 0.7736137218045112 0.6492011278195489
0 0.8429276315789472 0.4040570175438597 0.8282424812030074 0.4150219298245615 0.8217810150375939 0.4291196741854637 0.8182565789473684 0.4393013784461154 0.815906954887218 0.45183270676691734 0.8206062030075187 0.4659304511278196 0.8282424812030074 0.47611215538847124 0.8429276315789472 0.4862938596491228 0.8564379699248119 0.4902098997493735 0.865249060150376 0.49099310776942356 0.8769971804511277 0.49255952380952384 0.8846334586466165 0.49255952380952384 0.8975563909774437 0.48942669172932335 0.9040178571428571 0.47767857142857145 0.9040178571428571 0.46828007518796994 0.9040178571428571 0.4526159147869675 0.9040178571428571 0.4385181704260652 0.8993186090225563 0.42755325814536344 0.8934445488721805 0.4165883458646617 0.8834586466165414 0.4048402255639098 0.8764097744360901 0.39779135338345867 0.8640742481203008 0.39230889724310786 0.8570253759398495 0.39230889724310786
0 0.909891917293233 0.4533991228070176 0.9093045112781954 0.4596647869674186 0.9087171052631579 0.4714129072681705 0.9034304511278195 0.48551065162907275 0.8916823308270676 0.49255952380952384 0.8828712406015038 0.49804197994987476 0.8793468045112782 0.5168389724310777 0.8793468045112782 0.53093671679198 0.8875704887218046 0.5356359649122807 0.8952067669172932 0.5356359649122807 0.8987312030075187 0.5419016290726817 0.9057800751879699 0.543468045112782 0.9175281954887218 0.5426848370927319 0.9269266917293233 0.5325031328320803 0.9351503759398495 0.5262374686716792 0.9427866541353384 0.518405388471178 0.9527725563909775 0.5090068922305765 0.9545347744360901 0.5035244360902256 0.9527725563909775 0.49099310776942356 0.9463110902255639 0.4862938596491228 0.9398496240601503 0.4862938596491228 0.9339755639097744 0.4800281954887219 0.9310385338345863 0.4714129072681705 0.9275140977443609 0.4667136591478697 0.9222274436090225 0.46123120300751885 0.9163533834586465 0.4565319548872181