0 0.12834821428571427 0.33239348370927324 0.10514567669172932 0.10573308270676686
0 0.08928571428571427 0.47611215538847124 0.10103383458646617 0.12531328320802
0 0.046111372180451124 0.6057330827067668 0.08987312030075187 0.13392857142857142
0 0.30662593984962405 0.4154135338345865 0.08341165413533833 0.13392857142857142
0 0.3221921992481203 0.5266290726817043 0.0886983082706767 0.11356516290726819
0 0.4390859962406015 0.5101817042606517 0.078125 0.12139724310776939
0 0.5609727443609023 0.5129229323308271 0.09163533834586461 0.13001253132832075
0 0.5780075187969924 0.6006422305764413 0.08928571428571433 0.11278195488721808
0 0.625 0.4271616541353384 0.07871240601503757 0.11826441102756888
0 0.6866776315789473 0.4902098997493735 0.08458646616541347 0.10808270676691727
0 0.7612781954887218 0.4953007518796993 0.07753759398496243 0.11356516290726812
0 0.828829887218045 0.5450344611528822 0.08693609022556385 0.11121553884711778
0 0.7777255639097744 0.6398026315789475 0.08106203007518786 0.11278195488721808
0 0.8358787593984962 0.3919172932330827 0.10573308270676698 0.12139724310776945
0 0.9034304511278195 0.45379072681704263 0.08811090225563908 0.10886591478696743
0 0.9685561560150375 0.47480857474568783 0.05976268796992486 0.10077629736104979
0 0.9638569078947368 0.6368393409995579 0.06916118421052637 0.11468745392894004
0 0.1014885646687697 0.28772344900105146 0.09212342271293375 0.29626708727655093 0.08423698738170346 0.30678233438485797 0.07881506309148265 0.32452681388012616 0.07832216088328076 0.3363564668769715 0.07832216088328076 0.35607255520504727 0.08620859621451103 0.36855941114616186 0.09261632492113564 0.3751314405888538 0.10592468454258674 0.3803890641430073 0.11874014195583596 0.3810462670872765 0.13056979495268137 0.3751314405888538 0.1409207413249211 0.37578864353312297 0.15767941640378547 0.37184542586750785 0.1700019716088328 0.36790220820189273 0.17936711356466875 0.36527339642481593 0.18035291798107253 0.3547581493165089 0.17640970031545739 0.3383280757097792 0.17148067823343846 0.3284700315457413 0.16408714511041006 0.3199263932702418 0.15373619873817032 0.30941114616193477 0.1483142744479495 0.30283911671924285 0.136977523659306 0.29100946372239744 0.12810528391167192 0.2857518401682439 0.11676853312302837 0.2818086225026288 0.10641758675078863 0.2844374342797055
0 0.07043572555205047 0.41850683491062035 0.05762026813880126 0.41850683491062035 0.048255126182965284 0.42639327024185064 0.044311908517350146 0.4395373291272344 0.04529771293375393 0.458596214511041 0.048255126182965284 0.46845425867507884 0.056634463722397464 0.48225552050473186 0.06353509463722397 0.49408517350157727 0.07191443217665613 0.5046004206098843 0.07980086750788642 0.5157728706624606 0.0881802050473186 0.5282597266035751 0.0960666403785489 0.5348317560462672 0.1078962933753943 0.5315457413249212 0.12219045741324919 0.5124868559411146 0.1290910883280757 0.4960567823343848 0.13106269716088326 0.4802839116719243 0.1354988170347003 0.4618822292323869 0.13747042586750785 0.4441377497371188 0.136977523659306 0.43822292323869605 0.12514787066246055 0.42573606729758146 0.11381111987381702 0.42179284963196634 0.10247436908517349 0.4323080967402734 0.09409503154574131 0.4421661409043112 0.08620859621451103 0.44610935856992634 0.07930796529968454 0.43822292323869605 0.07635055205047317 0.42573606729758146
0 0.000936514195583585 0.5874079915878023 0.0034010252365930483 0.610410094637224 0.000936514195583585 0.6169821240799159 0.004386829652996834 0.6320977917981073 0.008330047318611977 0.6406414300736067 0.01621648264984226 0.6564143007360673 0.020652602523659296 0.6643007360672976 0.03149645110410093 0.6649579390115667 0.044311908517350146 0.6597003154574134 0.05860607255520504 0.6504994742376446 0.06649250788643532 0.645241850683491 0.07437894321766561 0.6373554153522608 0.07881506309148265 0.6320977917981073 0.04874802839116718 0.6123817034700316 0.035932570977917966 0.6182965299684543 0.027060331230283896 0.624211356466877 0.014737776025236581 0.6294689800210306 0.011287460567823333 0.6248685594111462 0.014737776025236581 0.6090956887486857 0.015230678233438474 0.6031808622502629 0.020652602523659296 0.5952944269190326 0.02361001577287065 0.5906940063091483 0.009808753943217655 0.5887223974763407 0.005865536277602512 0.5874079915878023
0 0.27696175078864355 0.3817034700315457 0.2720327287066246 0.3928759200841219 0.26858241324921134 0.4053627760252365 0.26858241324921134 0.41850683491062035 0.26661080441640383 0.44085173501577285 0.2695682176656152 0.45070977917981064 0.27597594637223977 0.4638538380651945 0.28238367507886436 0.47502628811777076 0.28977720820189273 0.47962670872765506 0.30308556782334384 0.47831230283911663 0.3065358832807571 0.4743690851735015 0.30998619873817035 0.4677970557308096 0.3159010252365931 0.4625394321766561 0.3203371451104101 0.4625394321766561 0.32970228706624605 0.45662460567823343 0.3395603312302839 0.4434805467928496 0.3425177444794953 0.4355941114616193 0.3356171135646688 0.43296529968454256 0.3292093848580442 0.4290220820189274 0.32575906940063093 0.42573606729758146 0.3173797318611987 0.42179284963196634 0.30900039432176657 0.42179284963196634 0.30456427444794953 0.4152208201892744 0.3001281545741325 0.4040483701366982 0.2961849369085173 0.39813354363827547 0.28977720820189273 0.3902471083070452 0.28238367507886436 0.38433228180862244
0 0.3119578075709779 0.4704258675078864 0.3080145899053628 0.47568349106203994 0.2996352523659306 0.48751314405888535 0.2947062302839117 0.5019716088328076 0.29076301261829657 0.5170872765509988 0.2858339905362776 0.5354889589905363 0.28386238170347006 0.5453470031545742 0.2813978706624606 0.5591482649842271 0.28336947949526814 0.5722923238696109 0.28879140378548895 0.5801787592008413 0.29717074132492116 0.5814931650893796 0.3094932965299685 0.579521556256572 0.32477326498422715 0.576235541535226 0.3321667981072555 0.5755783385909569 0.3464609621451104 0.5729495268138802 0.35730481072555204 0.5676919032597266 0.3617409305993691 0.555205047318612 0.3627267350157729 0.541403785488959 0.3568119085173502 0.5315457413249212 0.3533615930599369 0.5177444794952681 0.34991127760252366 0.5052576235541535 0.34547515772870663 0.49408517350157727 0.3400532334384858 0.486198738170347 0.334631309148265 0.4789695057833859 0.32625197160883285 0.4710830704521556
0 0.41546727129337546 0.4579390115667718 0.4110311514195584 0.4631966351209253 0.4041305205047319 0.4769978969505783 0.40018730283911674 0.4901419558359621 0.4006802050473186 0.5026288117770767 0.4046234227129338 0.5210304942166141 0.4075808359621451 0.5322029442691902 0.4169459779179811 0.5427181913774974 0.4233537066246057 0.5479758149316509 0.43074723974763407 0.5578338590956888 0.4376478706624606 0.5644058885383807 0.44405559936908523 0.5676919032597266 0.45046332807570977 0.5611198738170347 0.4553923501577287 0.5538906414300737 0.4608142744479496 0.5407465825446899 0.46820780757097796 0.5216876971608833 0.47165812302839116 0.5098580441640378 0.47313682965299686 0.48751314405888535 0.4711652208201893 0.4763406940063091 0.4652503943217666 0.46713985278654047 0.45785686119873814 0.45991062039957936 0.4465201104100946 0.4546529968454258 0.4381407728706625 0.45333859095688744 0.4253253154574133 0.45333859095688744 0.41990339116719244 0.4546529968454258
0 0.5209483438485805 0.4737118822292324 0.5204554416403786 0.4815983175604626 0.5184838328075709 0.4953995793901156 0.5184838328075709 0.5052576235541535 0.5219341482649843 0.5184016824395373 0.5347496056782335 0.5308885383806519 0.5446076498422714 0.5420609884332281 0.5505224763406941 0.5466614090431126 0.5589018138801263 0.5558622502628813 0.5662953470031546 0.5644058885383807 0.5731959779179812 0.5703207150368034 0.5810824132492114 0.5716351209253417 0.5879830441640379 0.5650630914826499 0.591926261829653 0.5506046267087277 0.5958694794952681 0.5361461619348055 0.5973481861198738 0.5230021030494216 0.5973481861198738 0.510515247108307 0.5998126971608833 0.4980283911671924 0.6042488170347003 0.482912723449001 0.6037559148264984 0.4710830704521556 0.5968552839116719 0.4677970557308096 0.5865043375394322 0.4677970557308096 0.5776320977917981 0.46713985278654047 0.5712243690851735 0.46713985278654047 0.5672811514195584 0.46976866456361716 0.554958596214511 0.4704258675078864 0.5465792586750788 0.4677970557308096 0.5391857255520505 0.46845425867507884 0.527356072555205 0.4737118822292324
0 0.536721214511041 0.5959516298633019 0.5386928233438486 0.6038380651945321 0.5416502365930599 0.6117245005257623 0.5495366719242902 0.6202681388012619 0.5544656940063092 0.6281545741324922 0.5623521293375394 0.6373554153522608 0.5717172712933755 0.6472134595162987 0.578617902208202 0.6518138801261829 0.5869972397476341 0.6524710830704522 0.5938978706624606 0.6478706624605678 0.5983339905362776 0.6399842271293376 0.601291403785489 0.6373554153522608 0.6096707413249212 0.6340694006309149 0.6185429810725552 0.6163249211356467 0.6210074921135647 0.5966088328075709 0.6200216876971609 0.5847791798107256 0.6160784700315458 0.5709779179810727 0.6121352523659306 0.5604626708727655 0.6067133280757098 0.5532334384858044 0.5978410883280757 0.5558622502628813 0.5914333596214512 0.5670347003154574 0.587490141955836 0.569006309148265 0.5845327287066246 0.5709779179810727 0.578125 0.5749211356466878 0.573688880126183 0.5801787592008413 0.5712243690851735 0.5880651945320715 0.5667882492113565 0.5972660357518402 0.5613663249211356 0.6005520504731862 0.5569302050473186 0.5985804416403785 0.5520011829652998 0.586093585699264
0 0.6047417192429022 0.37118822292323866 0.5968552839116719 0.3764458464773922 0.591926261829653 0.38301787592008407 0.5879830441640379 0.39813354363827547 0.5899546529968455 0.4290220820189274 0.5924191640378549 0.4434805467928496 0.5934049684542587 0.45202418506834907 0.5998126971608833 0.455310199789695 0.6062204258675079 0.4592534174553101 0.6081920347003155 0.46582544689800204 0.6067133280757098 0.4737118822292324 0.6067133280757098 0.47962670872765506 0.6106565457413249 0.482912723449001 0.6244578075709779 0.4776550998948475 0.6284010252365931 0.46845425867507884 0.6328371451104101 0.4592534174553101 0.6407235804416404 0.4513669821240799 0.6505816246056783 0.4441377497371188 0.6560035488958991 0.4395373291272344 0.6594538643533123 0.4303364879074658 0.6624112776025237 0.41850683491062035 0.6569893533123029 0.41456361724500523 0.6486100157728707 0.4073343848580441 0.6436809936908517 0.3974763406940063 0.6392448738170347 0.39090431125131436 0.6303726340694007 0.38761829652996843 0.6224861987381703 0.3810462670872765 0.6175571766561514 0.3751314405888538 0.6121352523659306 0.3738170347003154
0 0.6737480283911672 0.4401945320715036 0.6653686908517351 0.4434805467928496 0.6589609621451105 0.44742376445846477 0.6545248422712934 0.45333859095688744 0.6505816246056783 0.47502628811777076 0.647131309148265 0.4993427970557308 0.6456526025236593 0.5170872765509988 0.646638406940063 0.5276025236593059 0.647131309148265 0.5341745531019979 0.6530461356466877 0.5427181913774974 0.6599467665615142 0.5460042060988433 0.6683261041009464 0.5460042060988433 0.6742409305993691 0.541403785488959 0.67966285488959 0.5368033648790748 0.6845918769716088 0.5348317560462672 0.6969144321766562 0.5295741324921136 0.7092369873817035 0.5216876971608833 0.7171234227129337 0.510515247108307 0.7195879337539433 0.4993427970557308 0.7245169558359621 0.4842271293375394 0.7215595425867508 0.47568349106203994 0.7146589116719243 0.4638538380651945 0.7092369873817035 0.45728180862250256 0.697407334384858 0.45268138801261826 0.6924783123028392 0.4487381703470031 0.6845918769716088 0.44479495268138797 0.6786770504731862 0.4428233438485804
0 0.7412756309148265 0.45202418506834907 0.734867902208202 0.45399579390115663 0.7304317823343849 0.45991062039957936 0.7274743690851735 0.4677970557308096 0.7269814668769716 0.4776550998948475 0.7284601735015773 0.49211356466876965 0.7368395110410095 0.510515247108307 0.7457117507886435 0.5164300736067298 0.7535981861198738 0.5249737118822292 0.7604988170347003 0.5348317560462672 0.7743000788643533 0.5479758149316509 0.7821865141955836 0.5492902208201893 0.7885942429022081 0.541403785488959 0.7900729495268138 0.5308885383806519 0.7900729495268138 0.5190588853838064 0.7900729495268138 0.5092008412197686 0.7925374605678234 0.4960567823343848 0.7954948738170347 0.48094111461619343 0.7964806782334385 0.4704258675078864 0.7959877760252366 0.4579390115667718 0.7915516561514195 0.4493953732912723 0.7836652208201893 0.4428233438485804 0.7807078075709779 0.4421661409043112 0.7777503943217666 0.44742376445846477 0.7723284700315458 0.4546529968454258 0.7634562302839117 0.45728180862250256 0.7565555993690852 0.45202418506834907 0.7516265772870663 0.4493953732912723 0.7462046529968455 0.4500525762355415
0 0.7885942429022081 0.5512618296529969 0.7905658517350158 0.5591482649842271 0.7964806782334385 0.5696635120925342 0.8078174290220819 0.579521556256572 0.8186612776025235 0.5821503680336488 0.8250690063091483 0.5841219768664564 0.8359128548895898 0.5893796004206099 0.8472496056782333 0.5939800210304943 0.8556289432176655 0.5959516298633019 0.8640082807570977 0.5900368033648792 0.8689373028391166 0.5808359621451105 0.8679514984227129 0.569006309148265 0.8664727917981072 0.5538906414300737 0.8664727917981072 0.5374605678233438 0.8649940851735016 0.5177444794952681 0.8590792586750788 0.5078864353312302 0.8487283123028391 0.49868559411146157 0.8413347791798106 0.49408517350157727 0.8423205835962145 0.5019716088328076 0.8368986593059937 0.5098580441640378 0.8275335173501576 0.5124868559411146 0.8201399842271293 0.5170872765509988 0.8157038643533122 0.5223449001051524 0.8127464511041008 0.5348317560462672 0.808310331230284 0.5440325972660357 0.798452287066246 0.5453470031545742 0.7900729495268138 0.5433753943217666
0 0.7402898264984227 0.6189537329127235 0.7417685331230284 0.6281545741324922 0.7442330441640379 0.6412986330178759 0.7506407728706626 0.6531282860147214 0.7590201104100947 0.6597003154574134 0.7693710567823344 0.6662723449001052 0.7772574921135647 0.6735015772870663 0.7831723186119874 0.6800736067297581 0.8014097003154573 0.6919032597266036 0.8092961356466877 0.6866456361724501 0.8132393533123027 0.6715299684542587 0.8161967665615141 0.655757097791798 0.8161967665615141 0.6386698212407992 0.8161967665615141 0.6228969505783386 0.8157038643533122 0.6110672975814933 0.8152109621451104 0.6044952681388013 0.8019026025236592 0.6025236593059937 0.7994380914826499 0.6038380651945321 0.7964806782334385 0.6136961093585699 0.7940161671924291 0.6235541535226078 0.7866226340694007 0.6163249211356467 0.7777503943217666 0.6123817034700316 0.7723284700315458 0.6097528916929548 0.7649349369085174 0.6090956887486857 0.7575414037854891 0.6117245005257623 0.7486691640378549 0.6163249211356467
0 0.8886533911671923 0.4027339642481598 0.9009759463722397 0.4053627760252365 0.9049191640378549 0.4073343848580441 0.912805599369085 0.41324921135646686 0.9142843059936908 0.4237644584647739 0.9182275236593058 0.4296792849631966 0.9270997634069399 0.43099369085173495 0.9340003943217665 0.4362513144058885 0.9409010252365929 0.44545215562565715 0.9433655362776024 0.45662460567823343 0.9270997634069399 0.48225552050473186 0.9187204258675079 0.48817034700315454 0.9093552839116719 0.496713985278654 0.9024546529968454 0.5026288117770767 0.8930895110410093 0.5039432176656151 0.8827385646687697 0.49868559411146157 0.8748521293375393 0.49079915878023134 0.8684444006309148 0.4888275499474238 0.8625295741324921 0.48225552050473186 0.8585863564668769 0.46713985278654047 0.8590792586750788 0.45596740273396424 0.8600650630914826 0.4493953732912723 0.8610508675078863 0.4428233438485804 0.8645011829652995 0.4428233438485804 0.8738663249211356 0.44085173501577285 0.8817527602523659 0.4355941114616193 0.885695977917981 0.43296529968454256 0.8866817823343848 0.424421661409043 0.8871746845425866 0.41850683491062035
0 0.7881013406940063 0.400105152471083 0.7885942429022081 0.413906414300736 0.7920445583596215 0.42245005257623547 0.7999309936908517 0.4323080967402734 0.8147180599369085 0.43822292323869605 0.8235902996845426 0.44150893796004204 0.8378844637223974 0.4441377497371188 0.8487283123028391 0.44545215562565715 0.8576005520504731 0.44610935856992634 0.8654869873817035 0.4434805467928496 0.871894716088328 0.44085173501577285 0.8787953470031544 0.43756572029442686 0.8822456624605678 0.4323080967402734 0.8842172712933752 0.42705047318611983 0.8847101735015773 0.4165352260778128 0.8842172712933752 0.40339116719242896 0.8837243690851734 0.3974763406940063 0.881259858044164 0.3803890641430073 0.8783024447949526 0.3698738170347003 0.8733734227129337 0.35804416403785483 0.8664727917981072 0.348186119873817 0.8590792586750788 0.3409568874868559 0.8521786277602523 0.3363564668769715 0.8423205835962145 0.3363564668769715 0.8359128548895898 0.33701366982124076 0.8280264195583596 0.3422712933753943 0.8186612776025235 0.35607255520504727 0.8132393533123027 0.36198738170347 0.8053529179810726 0.3705310199789695 0.798945189274448 0.3797318611987381 0.7945090694006309 0.38827549947423756 0.7920445583596215 0.3961619348054679
0 0.9926557570977919 0.455310199789695 0.9832906151419557 0.46056782334384855 0.9793473974763407 0.46713985278654047 0.9714609621451104 0.46976866456361716 0.96357452681388 0.4625394321766561 0.9606171135646686 0.45728180862250256 0.9458300473186119 0.45991062039957936 0.9379436119873816 0.46582544689800204 0.9354791009463721 0.4855415352260778 0.9409010252365929 0.5039432176656151 0.9487874605678233 0.5177444794952681 0.9596313091482649 0.5276025236593059 0.9660390378548895 0.5322029442691902 0.9813190063091483 0.5295741324921136 0.9887125394321765 0.5216876971608833 0.9931486593059937 0.5118296529968454 0.9941344637223974 0.5065720294426919 0.9946273659305993 0.4953995793901156 0.9956131703470031 0.486198738170347 0.996106072555205 0.4737118822292324 0.9965989747634069 0.46451104100946367 0.9965989747634069 0.45991062039957936
0 0.9492803627760251 0.5972660357518402 0.9423797318611987 0.5985804416403785 0.9344932965299684 0.6110672975814933 0.9325216876971607 0.6386698212407992 0.9325216876971607 0.6531282860147214 0.9320287854889588 0.6682439537329128 0.9384365141955835 0.6833596214511041 0.9463229495268137 0.6892744479495269 0.9616029179810726 0.6925604626708728 0.9768828864353312 0.6938748685594113 0.9906841482649842 0.6945320715036803 0.9984375 0.690275329374652 0.9980776813880124 0.6570715036803365 0.9970918769716087 0.6366982124079915 0.9975847791798106 0.624211356466877 0.991177050473186 0.627497371188223 0.9847693217665615 0.6268401682439537 0.9788544952681388 0.6189537329127235 0.9719538643533122 0.6117245005257623 0.9660390378548895 0.6110672975814933 0.9616029179810726 0.6090956887486857 0.9566738958990536 0.599894847528917