0 0.40504143646408847 0.3601519337016575 0.1458908839779006 0.17495395948434614
0 0.3718059392265193 0.5546731123388582 0.11567679558011057 0.19106813996316763
0 0.31957872928176795 0.7186636740331491 0.14071132596685082 0.16695441988950296
0 0.6506388121546961 0.5057550644567219 0.13639502762430933 0.17150092081031307
0 0.6691988950276243 0.6548112338858196 0.13380524861878468 0.14502762430939217
0 0.7969613259668509 0.647329650092081 0.14243784530386722 0.17610497237569062
0 0.9630093232044199 0.6651703499079189 0.07398135359116029 0.12200736648250417
0 0.9514373273480663 0.7727900552486188 0.0940003453038674 0.1484806629834254
0 0.40223756906077346 0.32295810313075507 0.3956750690607736 0.3350414364640884 0.38692506906077356 0.3583747697974217 0.37755006906077354 0.3696247697974217 0.36973756906077354 0.3904581031307551 0.36755006906077353 0.4133747697974217 0.37161256906077356 0.4258747697974217 0.38255006906077355 0.44295810313075507 0.3941125690607736 0.4462914364640884 0.4153625690607735 0.44795810313075507 0.4372375690607736 0.44045810313075506 0.4528625690607736 0.4375414364640884 0.47255006906077346 0.43337476979742173 0.4784875690607736 0.42004143646408837 0.4781750690607735 0.40420810313075506 0.46692506906077363 0.38337476979742174 0.4506750690607735 0.3579581031307551 0.43692506906077355 0.3283747697974217 0.4266125690607735 0.3212914364640884 0.4125500690607735 0.3212914364640884
0 0.3789485497237569 0.4965101289134439 0.3486360497237569 0.5006767955801106 0.33238604972375685 0.5102601289134439 0.3248860497237569 0.5240101289134439 0.32363604972375687 0.5540101289134438 0.33144854972375687 0.5794267955801106 0.3486360497237569 0.5973434622467771 0.3623860497237569 0.6165101289134438 0.3745735497237569 0.6323434622467772 0.3842610497237569 0.6444267955801106 0.3955110497237569 0.6435934622467772 0.4064485497237569 0.6281767955801105 0.41019854972375686 0.6073434622467773 0.4145735497237569 0.5923434622467773 0.42051104972375686 0.5727601289134439 0.4292610497237569 0.5544267955801107 0.42863604972375685 0.5327601289134438 0.42269854972375687 0.5140101289134439 0.4139485497237569 0.5040101289134439 0.4145735497237569 0.5160934622467772 0.40519854972375685 0.5306767955801105 0.4014485497237569 0.5419267955801105 0.39269854972375684 0.5427601289134439 0.3830110497237569 0.5273434622467772 0.37832354972375687 0.5090101289134439
0 0.2829955110497238 0.6934162062615101 0.2673705110497238 0.6842495395948435 0.26393301104972383 0.6904995395948436 0.26393301104972383 0.6988328729281769 0.2539330110497238 0.7138328729281768 0.2545580110497238 0.7384162062615102 0.2645580110497238 0.7692495395948434 0.27299551104972386 0.7950828729281768 0.2867455110497238 0.8009162062615102 0.3036205110497238 0.7921662062615101 0.31768301104972385 0.7842495395948436 0.3379955110497238 0.7767495395948435 0.34174551104972384 0.76466620626151 0.3323705110497238 0.7534162062615102 0.32549551104972385 0.7454995395948435 0.3283080110497238 0.7596662062615102 0.3179955110497238 0.7684162062615101 0.3014330110497238 0.7767495395948435 0.2945580110497238 0.7571662062615102 0.29768301104972383 0.7434162062615102 0.30049551104972383 0.7296662062615101 0.2986205110497238 0.7246662062615101 0.27955801104972383 0.7192495395948434 0.26862051104972384 0.7100828729281768
0 0.6587569060773479 0.4784944751381216 0.6153194060773479 0.46349447513812164 0.6109444060773479 0.46391114180478826 0.607819406077348 0.4776611418047883 0.598131906077348 0.49182780847145496 0.590319406077348 0.509327808471455 0.5862569060773479 0.5276611418047883 0.5881319060773479 0.5414111418047883 0.5953194060773479 0.5551611418047883 0.6003194060773479 0.5572444751381216 0.603444406077348 0.5726611418047883 0.6081319060773479 0.5843278084714549 0.6196944060773479 0.5897444751381217 0.6437569060773479 0.5843278084714549 0.6603194060773478 0.5751611418047883 0.6800069060773479 0.566827808471455 0.6925069060773479 0.5497444751381216 0.6928194060773479 0.5422444751381216 0.678756906077348 0.529327808471455 0.670944406077348 0.5234944751381216 0.6662569060773479 0.5034944751381216
0 0.6996944060773481 0.6307182320441989 0.6787569060773481 0.5936348987108655 0.6668819060773481 0.5861348987108654 0.6559444060773482 0.5873848987108655 0.6425069060773481 0.5957182320441988 0.635319406077348 0.6078015653775322 0.6284444060773481 0.6111348987108655 0.6234444060773481 0.6240515653775323 0.6231319060773481 0.6315515653775321 0.6190694060773481 0.6461348987108655 0.614694406077348 0.6611348987108655 0.614694406077348 0.6703015653775322 0.610319406077348 0.6773848987108655 0.6050069060773481 0.6965515653775322 0.6075069060773481 0.7123848987108655 0.6187569060773481 0.7248848987108655 0.6343819060773481 0.7236348987108655 0.6556319060773481 0.7232182320441988 0.6753194060773481 0.7215515653775321 0.7025069060773481 0.7069682320441988 0.7121944060773482 0.6961348987108654 0.7146944060773481 0.6790515653775322 0.7112569060773481 0.6582182320441988
0 0.8019285220994474 0.5842702578268876 0.7878660220994474 0.5859369244935543 0.7788035220994475 0.597603591160221 0.7669285220994475 0.6130202578268876 0.7622410220994474 0.6280202578268876 0.7606785220994474 0.6451035911602211 0.7672410220994474 0.663853591160221 0.7753660220994474 0.6801035911602209 0.7841160220994474 0.6871869244935543 0.7984910220994473 0.7005202578268876 0.8103660220994474 0.710103591160221 0.8216160220994475 0.7209369244935543 0.8275535220994474 0.727603591160221 0.8428660220994475 0.7330202578268877 0.8531785220994476 0.7221869244935544 0.8578660220994475 0.7084369244935543 0.8594285220994475 0.6880202578268876 0.8603660220994473 0.6709369244935544 0.8666160220994474 0.6488535911602209 0.8678660220994475 0.630103591160221 0.8638035220994474 0.6092702578268876 0.8553660220994475 0.5946869244935543 0.8409910220994474 0.5859369244935543 0.8256785220994475 0.5817702578268876
0 0.9628125000000001 0.6341666666666667 0.9546875 0.6358333333333334 0.9515625 0.6458333333333334 0.9487500000000001 0.6545833333333333 0.9546875 0.67625 0.9625 0.7 0.9800000000000001 0.71625 0.9971875000000001 0.7295833333333334 0.9984375 0.6233333333333333 0.9881249999999999 0.63625 0.9765625 0.65125 0.969375 0.6566666666666666
0 0.9465625 0.75375 0.9278124999999999 0.7595833333333334 0.930625 0.7779166666666666 0.9459375 0.8037500000000001 0.9603125 0.8266666666666667 0.985 0.8445833333333332 0.9965624999999999 0.8491666666666667 0.9984375 0.8499166666666668 0.9984375 0.7925 0.9840625 0.7804166666666668 0.98125 0.7683333333333333 0.9703125 0.7825000000000001 0.9568749999999999 0.7883333333333333 0.9487500000000001 0.7675