0 0.18180216165413535 0.3034147869674186 0.10279605263157895 0.10573308270676691
0 0.1456766917293233 0.4447838345864662 0.09398496240601503 0.1237468671679198
0 0.09897791353383459 0.5822368421052633 0.10162124060150375 0.11199874686716793
0 0.3533247180451128 0.3985745614035088 0.08164943609022553 0.11278195488721802
0 0.3685972744360902 0.4968671679197996 0.08164943609022553 0.11199874686716793
0 0.4831414473684211 0.4768953634085213 0.08047462406015038 0.11748120300751873
0 0.6073778195488722 0.4792449874686717 0.08928571428571433 0.12844611528822056
0 0.6194196428571428 0.5700971177944862 0.08869830827067667 0.10494987468671677
0 0.6705239661654134 0.3970081453634086 0.07929981203007515 0.1206140350877193
0 0.727796052631579 0.46162280701754393 0.08458646616541357 0.11199874686716793
0 0.8023966165413533 0.4659304511278196 0.0740131578947369 0.10964912280701758
0 0.8167880639097744 0.6155231829573935 0.08164943609022553 0.10651629072681708
0 0.8702420112781954 0.518796992481203 0.08517387218045122 0.10886591478696743
0 0.8822838345864661 0.3633302005012532 0.10338345864661651 0.1159147869674186
0 0.9424929511278194 0.4295112781954888 0.09222274436090228 0.10260025062656641
0 0.15381855867346944 0.2571215986394558 0.1422592474489796 0.27359693877551017 0.13986766581632656 0.2789115646258503 0.13628029336734698 0.28794642857142855 0.13349011479591838 0.3076105442176871 0.13349011479591838 0.3256802721088435 0.13827327806122452 0.3373724489795918 0.14584661989795922 0.34109268707482987 0.15421715561224494 0.34587585034013607 0.16697225765306126 0.3495960884353741 0.17334980867346944 0.3533163265306122 0.18172034438775514 0.3527848639455782 0.19407684948979595 0.3495960884353741 0.20005580357142866 0.3464073129251701 0.21360809948979598 0.34375 0.22516741071428575 0.33896683673469385 0.23154496173469394 0.3363095238095238 0.23154496173469394 0.32886904761904756 0.2295519770408164 0.3187712585034014 0.2271603954081633 0.31239370748299317 0.21958705357142866 0.29963860544217685 0.21360809948979598 0.2921981292517007 0.20563616071428575 0.28369472789115646 0.1996572066326531 0.27572278911564624 0.19288105867346944 0.2682823129251701 0.18490911989795922 0.2597789115646258 0.17494419642857145 0.25286989795918363 0.1681680484693878 0.2512755102040816 0.1613919005102041 0.2549957482993197
0 0.11993781887755106 0.382546768707483 0.11037149234693881 0.38945578231292516 0.10638552295918371 0.3974277210884354 0.1023995535714286 0.4091198979591837 0.1020009566326531 0.4197491496598639 0.10319674744897962 0.4356930272108844 0.11077008928571433 0.4542942176870748 0.11714764030612249 0.46014030612244894 0.1219308035714286 0.4643920068027211 0.12990274234693883 0.47236394557823125 0.13508450255102045 0.4808673469387755 0.1418606505102041 0.4925595238095238 0.14704241071428575 0.5 0.1534199617346939 0.503188775510204 0.1605947066326531 0.50265731292517 0.17055963010204084 0.48458758503401356 0.17932876275510207 0.46864370748299317 0.18490911989795922 0.44472789115646255 0.18690210459183676 0.42825255102040816 0.18929368622448983 0.4160289115646258 0.18690210459183676 0.4032738095238095 0.17813297193877556 0.39477040816326525 0.1677694515306123 0.39105017006802717 0.1601961096938776 0.3984906462585034 0.1534199617346939 0.41230867346938777 0.14704241071428575 0.4149659863945578 0.1422592474489796 0.4139030612244898 0.13508450255102045 0.39423894557823125 0.13229432397959187 0.3878613945578231
0 0.057358099489795956 0.5510204081632654 0.049386160714285754 0.5595238095238096 0.051777742346938806 0.574404761904762 0.05576371173469391 0.5855654761904763 0.06134406887755105 0.6031037414965986 0.06851881377551024 0.616921768707483 0.07250478316326534 0.6238307823129252 0.07768654336734697 0.6286139455782312 0.0832669005102041 0.6323341836734694 0.09243463010204085 0.6307397959183674 0.10518973214285718 0.6217049319727892 0.11236447704081635 0.6179846938775511 0.12671396683673472 0.6094812925170069 0.137874681122449 0.6009778911564626 0.13588169642857145 0.5951318027210885 0.12472098214285718 0.5930059523809524 0.11515465561224494 0.5860969387755103 0.10797991071428574 0.580250850340136 0.09801498724489799 0.5839710884353743 0.08685427295918371 0.5887542517006803 0.07529496173469391 0.5898171768707484 0.07370057397959187 0.58078231292517 0.07848373724489799 0.5664328231292518 0.08047672193877554 0.5627125850340137 0.07609215561224493 0.5558035714285714 0.06493144132653064 0.5536777210884354
0 0.32959980867346944 0.35384778911564624 0.3232222576530613 0.36181972789115646 0.31883769132653067 0.3724489795918367 0.31525031887755106 0.38998724489795916 0.31365593112244905 0.4085884353741497 0.31804049744897966 0.4266581632653061 0.3224250637755103 0.43356717687074825 0.3272082270408164 0.44100765306122447 0.3319913903061225 0.4489795918367347 0.33836894132653067 0.4511054421768707 0.34753667091836743 0.4489795918367347 0.3586973852040817 0.44472789115646255 0.36786511479591844 0.4383503401360544 0.3802216198979592 0.4309098639455782 0.3854033801020409 0.41868622448979587 0.3897879464285715 0.40593112244897955 0.390186543367347 0.40221088435374147 0.3778300382653062 0.40221088435374147 0.37384406887755106 0.3995535714285714 0.36945950255102045 0.3921130952380952 0.3630819515306123 0.39105017006802717 0.3575015943877552 0.3878613945578231 0.351921237244898 0.3767006802721088 0.3451450892857143 0.37404336734693877 0.34076052295918374 0.36766581632653056 0.33637595663265313 0.3580994897959184
0 0.3646763392857143 0.44472789115646255 0.3523198341836735 0.45163690476190477 0.3447464923469388 0.45854591836734687 0.3411591198979592 0.47183248299319724 0.3387675382653062 0.48458758503401356 0.33637595663265313 0.49627976190476186 0.3319913903061225 0.5111607142857142 0.32880261479591844 0.5223214285714285 0.3272082270408164 0.5313562925170068 0.330795599489796 0.5393282312925171 0.3351801658163266 0.5467687074829932 0.33996332908163274 0.5494260204081632 0.34913105867346944 0.5478316326530612 0.35949457908163274 0.5462372448979592 0.36906090561224497 0.5462372448979592 0.3802216198979592 0.5462372448979592 0.390186543367347 0.5441113945578232 0.3977598852040817 0.5403911564625851 0.40413743622448983 0.5318877551020408 0.4081234056122449 0.5228528911564625 0.4081234056122449 0.5132865646258503 0.4065290178571429 0.503720238095238 0.40413743622448983 0.49574829931972786 0.40094866071428575 0.48565051020408156 0.39696269132653067 0.4755527210884354 0.39297672193877553 0.46758078231292516 0.38779496173469397 0.460671768707483 0.3826132015306123 0.4532312925170068 0.37663424744897966 0.44685374149659857
0 0.4535634566326531 0.4356930272108844 0.4467873086734694 0.45695153061224486 0.4459901147959184 0.4665178571428571 0.4463887117346939 0.48458758503401356 0.44917889030612246 0.49840561224489793 0.4567522321428571 0.5074404761904762 0.4611367984693878 0.5116921768707482 0.4754862882653061 0.5244472789115646 0.4802694515306123 0.5286989795918368 0.49143016581632654 0.5345450680272109 0.5001992984693878 0.5334821428571429 0.5033880739795918 0.5239158163265306 0.506576849489796 0.5127551020408163 0.511360012755102 0.4978741496598639 0.5149473852040816 0.4883078231292517 0.5197305484693878 0.4755527210884354 0.5205277423469388 0.46864370748299317 0.5205277423469388 0.4542942176870748 0.5169403698979592 0.44419642857142855 0.5121572066326531 0.4356930272108844 0.5073740433673469 0.42825255102040816 0.4998007015306123 0.42400085034013607 0.491031568877551 0.422406462585034 0.47987085459183676 0.422406462585034 0.4730947066326531 0.422937925170068 0.4659199617346939 0.4255952380952381
0 0.566764987244898 0.44685374149659857 0.5655691964285714 0.460671768707483 0.5647720025510204 0.4734268707482993 0.5719467474489796 0.4867134353741497 0.5791214923469388 0.49893707482993194 0.5886878188775511 0.5100977891156462 0.6026387117346939 0.5255102040816326 0.6134008290816327 0.5340136054421769 0.6213727678571429 0.5430484693877552 0.6313376913265306 0.5419855442176871 0.6385124362244898 0.5281675170068028 0.6417012117346939 0.5143494897959183 0.6428970025510204 0.49840561224489793 0.646484375 0.4824617346938775 0.6484773596938775 0.4697066326530612 0.6492745535714286 0.4542942176870748 0.6492745535714286 0.4420705782312925 0.6440927933673469 0.4346301020408163 0.6341278698979592 0.4346301020408163 0.6281489158163265 0.4346301020408163 0.6233657525510204 0.4346301020408163 0.6177853954081634 0.4362244897959184 0.607421875 0.4367559523809524 0.5994499362244898 0.4362244897959184 0.5926737882653061 0.4356930272108844 0.5843032525510204 0.4362244897959184 0.5759327168367347 0.4383503401360544
0 0.5819116709183674 0.5664328231292518 0.5854990433673469 0.576530612244898 0.5922751913265306 0.5882227891156463 0.6002471301020409 0.5977891156462586 0.609016262755102 0.6100127551020409 0.6177853954081634 0.6174532312925171 0.6277503188775511 0.6201105442176871 0.6397082270408163 0.616921768707483 0.6405054209183674 0.613201530612245 0.6424984056122449 0.6110756802721089 0.6484773596938775 0.6084183673469388 0.6544563137755103 0.6025722789115646 0.6592394770408163 0.5967261904761905 0.6636240433673469 0.5850340136054423 0.6656170280612245 0.5664328231292518 0.6656170280612245 0.5531462585034014 0.662826849489796 0.5435799319727892 0.6600366709183674 0.5297619047619048 0.6548549107142858 0.5223214285714285 0.6508689413265306 0.5196641156462585 0.6472815688775511 0.5201955782312925 0.6428970025510204 0.5271045918367346 0.6393096301020409 0.5308248299319728 0.6329320790816327 0.537733843537415 0.628547512755102 0.5425170068027211 0.6201769770408163 0.5451743197278912 0.6169882015306123 0.5510204081632654 0.6149952168367347 0.5563350340136054 0.6122050382653061 0.5616496598639457 0.6066246811224489 0.5637755102040817 0.6018415178571429 0.5632440476190477 0.5998485331632654 0.5547406462585034 0.5982541454081634 0.5515518707482994 0.5918765943877551 0.5542091836734694 0.5866948341836735 0.5584608843537416
0 0.6548549107142858 0.34215561224489793 0.6476801658163265 0.3416241496598639 0.643295599489796 0.344281462585034 0.6345264668367347 0.3480017006802721 0.6329320790816327 0.35650510204081626 0.6317362882653061 0.36872874149659857 0.6309390943877551 0.37988945578231287 0.6309390943877551 0.39423894557823125 0.6333306760204083 0.40805697278911557 0.6357222576530612 0.4154974489795918 0.6413026147959184 0.41921768707482987 0.6472815688775511 0.42081207482993194 0.6508689413265306 0.422937925170068 0.6576450892857143 0.42931547619047616 0.6580436862244898 0.43409863945578225 0.6524633290816327 0.4367559523809524 0.649673150510204 0.4383503401360544 0.6504703443877551 0.4500425170068027 0.6520647321428572 0.4537627551020408 0.6584422831632654 0.45588860544217685 0.6672114158163265 0.4495110544217687 0.6727917729591837 0.4426020408163265 0.6787707270408163 0.4362244897959184 0.6831552933673469 0.43037840136054417 0.6899314413265306 0.42134353741496594 0.6931202168367347 0.41709183673469385 0.701889349489796 0.4107142857142857 0.7038823341836735 0.3958333333333333 0.7046795280612245 0.38998724489795916 0.6971061862244898 0.3862670068027211 0.6903300382653061 0.3761692176870748 0.6851482780612245 0.36766581632653056 0.682358099489796 0.36235119047619047 0.6755819515306123 0.3575680272108844 0.6696029974489796 0.3527848639455782 0.6632254464285714 0.3490646258503401
0 0.7190290178571429 0.4091198979591837 0.7090640943877551 0.4133715986394558 0.7030851403061225 0.41709183673469385 0.6994977678571429 0.421875 0.6939174107142858 0.43409863945578225 0.6927216198979592 0.44525935374149656 0.688735650510204 0.4659863945578231 0.6899314413265306 0.4867134353741497 0.6891342474489796 0.49681122448979587 0.6955117984693878 0.5111607142857142 0.7026865433673469 0.5122236394557823 0.7154416454081634 0.5111607142857142 0.726203762755102 0.5074404761904762 0.7353714923469388 0.5069090136054422 0.7445392219387755 0.501594387755102 0.7497209821428572 0.49681122448979587 0.7596859056122449 0.4877763605442177 0.7660634566326531 0.48033588435374147 0.7684550382653061 0.4702380952380952 0.7684550382653061 0.45642006802721086 0.7648676658163265 0.4484481292517007 0.7572943239795918 0.4394132653061224 0.7521125637755103 0.42984693877551017 0.7433434311224489 0.421875 0.7337771045918368 0.41709183673469385 0.7266023596938775 0.4101828231292517
0 0.7851961096938775 0.42028061224489793 0.7744339923469388 0.42984693877551017 0.7704480229591837 0.4383503401360544 0.7712452168367347 0.45695153061224486 0.7728396045918368 0.4665178571428571 0.7768255739795918 0.4776785714285714 0.781608737244898 0.48352465986394555 0.7871890943877551 0.4899022108843537 0.7955596301020409 0.49627976190476186 0.8035315688775512 0.502125850340136 0.8087133290816327 0.5090348639455782 0.8142936862244898 0.5143494897959183 0.8194754464285715 0.5159438775510204 0.8314333545918368 0.5095663265306122 0.8330277423469388 0.5 0.8334263392857144 0.49043367346938777 0.8334263392857144 0.4819302721088435 0.8342235331632655 0.4760841836734694 0.8354193239795918 0.4649234693877551 0.8413982780612246 0.4484481292517007 0.8421954719387756 0.44047619047619047 0.8386080994897961 0.43250425170068024 0.8306361607142858 0.422937925170068 0.8250558035714286 0.41762329931972786 0.8206712372448981 0.4144345238095238 0.8170838647959184 0.42134353741496594 0.8142936862244898 0.421875 0.8079161352040817 0.42028061224489793 0.8023357780612246 0.41868622448979587 0.7939652423469388 0.41709183673469385
0 0.7851961096938775 0.5866284013605443 0.7812101403061225 0.5903486394557824 0.7772241709183674 0.6020408163265306 0.7784199617346939 0.613201530612245 0.7843989158163265 0.6211734693877552 0.7923708545918368 0.6291454081632654 0.7987484056122449 0.6349914965986394 0.8047273596938777 0.6408375850340137 0.8158880739795918 0.6493409863945578 0.8262515943877553 0.656781462585034 0.8330277423469388 0.6610331632653061 0.8409996811224492 0.6631590136054423 0.8477758290816327 0.658375850340136 0.8489716198979593 0.655718537414966 0.8529575892857144 0.6456207482993198 0.8545519770408164 0.6360544217687075 0.8553491709183675 0.6217049319727892 0.8565449617346941 0.613201530612245 0.8565449617346941 0.6020408163265306 0.8565449617346941 0.5935374149659864 0.8553491709183675 0.5860969387755103 0.8533561862244898 0.579719387755102 0.8493702168367347 0.577593537414966 0.8445870535714286 0.57546768707483 0.8406010841836735 0.5834396258503401 0.8406010841836735 0.5908801020408164 0.8394052933673471 0.5946003401360545 0.8318319515306124 0.5951318027210885 0.8278459821428573 0.5898171768707484 0.8170838647959184 0.5834396258503401 0.8103077168367347 0.579719387755102 0.8059231505102042 0.577062074829932 0.7951610331632654 0.579187925170068 0.7907764668367347 0.5834396258503401
0 0.8270487882653063 0.5217899659863945 0.8298389668367347 0.5313562925170068 0.8342235331632655 0.5393282312925171 0.8402024872448981 0.5457057823129252 0.8477758290816327 0.5488945578231292 0.8541533801020409 0.5515518707482994 0.8625239158163266 0.5547406462585034 0.8724888392857144 0.5605867346938777 0.8804607780612246 0.5669642857142858 0.8852439413265307 0.5706845238095238 0.8995934311224492 0.5696215986394558 0.9039779974489797 0.5674957482993198 0.9071667729591837 0.5611181972789117 0.9095583545918368 0.5494260204081632 0.9107541454081634 0.5419855442176871 0.9079639668367347 0.535607993197279 0.9067681760204083 0.5292304421768708 0.9067681760204083 0.5201955782312925 0.9079639668367347 0.503188775510204 0.9063695790816327 0.49734268707482987 0.9039779974489797 0.4883078231292517 0.9003906250000002 0.48352465986394555 0.8964046556122451 0.47874149659863946 0.8888313137755104 0.4697066326530612 0.8856425382653063 0.46811224489795916 0.8876355229591837 0.47927295918367346 0.8816565688775512 0.4808673469387755 0.8716916454081634 0.48565051020408156 0.8629225127551022 0.4899022108843537 0.8585379464285715 0.4925595238095238 0.8533561862244898 0.502125850340136 0.8497688137755104 0.5085034013605442 0.8465800382653063 0.5127551020408163 0.8374123086734695 0.5127551020408163 0.8298389668367347 0.5138180272108843
0 0.8724888392857144 0.31292517006802717 0.8609295280612246 0.32249149659863946 0.8553491709183675 0.33418367346938777 0.8469786352040817 0.3495960884353741 0.8398038903061226 0.36235119047619047 0.8362165178571429 0.3713860544217687 0.8354193239795918 0.3878613945578231 0.8378109056122451 0.40061649659863946 0.8453842474489797 0.40752551020408156 0.8565449617346941 0.4091198979591837 0.8696986607142858 0.4112457482993197 0.8816565688775512 0.4144345238095238 0.8916214923469388 0.41656037414965985 0.9027822066326532 0.41709183673469385 0.9123485331632655 0.41815476190476186 0.9215162627551022 0.4154974489795918 0.9278938137755104 0.40752551020408156 0.9322783801020409 0.3968962585034014 0.9322783801020409 0.3873299319727891 0.9282924107142858 0.3650085034013605 0.9259008290816327 0.3527848639455782 0.9231106505102042 0.34268707482993194 0.9191246811224492 0.33046343537414963 0.9147401147959184 0.3219600340136054 0.9075653698979593 0.31505102040816324 0.9015864158163266 0.3097363945578231 0.8940130739795918 0.3081420068027211 0.8840481505102042 0.3086734693877551