0 0.048691860465116275 0.35852713178294576 0.0806686046511628 0.12015503875968996
0 0.04069767441860466 0.45058139534883723 0.07776162790697674 0.10465116279069768
0 0.1417151162790698 0.4282945736434109 0.0821220930232558 0.11240310077519382
0 0.2180232558139535 0.3934108527131783 0.0864825581395349 0.13759689922480617
0 0.2467296511627907 0.5121124031007752 0.08284883720930232 0.13081395348837208
0 0.3168604651162791 0.3687015503875969 0.07630813953488369 0.12693798449612406
0 0.3713662790697675 0.42344961240310075 0.08357558139534889 0.10658914728682169
0 0.45058139534883723 0.4287790697674419 0.07194767441860464 0.125
0 0.5090843023255814 0.32122093023255816 0.08720930232558147 0.12887596899224807
0 0.5236191860465118 0.4849806201550388 0.07848837209302326 0.12112403100775199
0 0.4851017441860465 0.5993217054263567 0.0828488372093024 0.1308139534883722
0 0.6271802325581396 0.4113372093023256 0.06468023255813957 0.14244186046511628
0 0.7013081395348838 0.44282945736434104 0.07630813953488377 0.12790697674418602
0 0.6929505813953489 0.5944767441860466 0.0741279069767442 0.14244186046511623
0 0.8390261627906976 0.371608527131783 0.09011627906976738 0.13468992248062014
0 0.9265988372093024 0.2756782945736434 0.09520348837209287 0.12112403100775193
0 0.950218023255814 0.436046511627907 0.09447674418604653 0.1434108527131783
0 0.0125 0.3416666666666667 0.0125 0.3458333333333333 0.0109375 0.34791666666666665 0.0109375 0.3625 0.0125 0.3645833333333333 0.0125 0.36666666666666664 0.0140625 0.36875 0.0140625 0.37083333333333335 0.015625 0.3729166666666667 0.015625 0.39791666666666664 0.0171875 0.4 0.0171875 0.40625 0.01875 0.4083333333333333 0.0203125 0.4083333333333333 0.021875 0.40625 0.025 0.40625 0.0265625 0.4041666666666667 0.0296875 0.4041666666666667 0.03125 0.40208333333333335 0.0359375 0.40208333333333335 0.0375 0.4 0.0375 0.39375 0.040625 0.38958333333333334 0.0453125 0.3958333333333333 0.046875 0.3958333333333333 0.05 0.4 0.0515625 0.4 0.0546875 0.4041666666666667 0.05625 0.4041666666666667 0.0578125 0.40625 0.0609375 0.40625 0.0625 0.4041666666666667 0.065625 0.4041666666666667 0.0671875 0.40208333333333335 0.06875 0.40208333333333335 0.0703125 0.4 0.071875 0.4 0.0734375 0.39791666666666664 0.075 0.39791666666666664 0.0765625 0.3958333333333333 0.078125 0.3958333333333333 0.0796875 0.39375 0.08125 0.39375 0.0859375 0.3875 0.0859375 0.3854166666666667 0.0875 0.38333333333333336 0.0875 0.38125 0.0859375 0.37916666666666665 0.0859375 0.3770833333333333 0.084375 0.375 0.0828125 0.375 0.08125 0.3729166666666667 0.0796875 0.3729166666666667 0.078125 0.37083333333333335 0.0765625 0.37083333333333335 0.075 0.36875 0.071875 0.36875 0.0703125 0.36666666666666664 0.065625 0.36666666666666664 0.0640625 0.3645833333333333 0.059375 0.3645833333333333 0.0578125 0.3625 0.0546875 0.3625 0.053125 0.36041666666666666 0.0515625 0.36041666666666666 0.0421875 0.34791666666666665 0.0390625 0.34791666666666665 0.0375 0.3458333333333333 0.0359375 0.3458333333333333 0.0328125 0.3416666666666667 0.03125 0.3416666666666667 0.0296875 0.33958333333333335 0.028125 0.33958333333333335 0.0234375 0.3333333333333333 0.0203125 0.3333333333333333 0.01875 0.33541666666666664 0.0171875 0.33541666666666664 0.0171875 0.3375 0.015625 0.33958333333333335 0.0140625 0.33958333333333335
0 0.0078125 0.41875 0.0078125 0.42083333333333334 0.00625 0.42291666666666666 0.00625 0.425 0.0046875 0.4270833333333333 0.0046875 0.42916666666666664 0.003125 0.43125 0.003125 0.4354166666666667 0.0015625 0.4375 0 0.4375 0 0.4979166666666667 0.059375 0.4979166666666667 0.0609375 0.49583333333333335 0.0640625 0.49583333333333335 0.065625 0.49375 0.06875 0.49375 0.0703125 0.49166666666666664 0.071875 0.49166666666666664 0.075 0.4875 0.075 0.47708333333333336 0.0734375 0.475 0.0734375 0.47291666666666665 0.071875 0.4708333333333333 0.059375 0.4708333333333333 0.05625 0.4666666666666667 0.05625 0.4395833333333333 0.0484375 0.42916666666666664 0.0484375 0.4270833333333333 0.04375 0.42083333333333334 0.04375 0.41875 0.0421875 0.4166666666666667 0.0421875 0.41458333333333336 0.040625 0.4125 0.040625 0.41041666666666665 0.0375 0.40625 0.0296875 0.40625 0.028125 0.4083333333333333 0.025 0.4083333333333333 0.0234375 0.41041666666666665 0.0171875 0.41041666666666665 0.015625 0.4125 0.0125 0.4125
0 0.11875 0.3854166666666667 0.115625 0.38958333333333334 0.1140625 0.38958333333333334 0.1015625 0.40625 0.1015625 0.42916666666666664 0.103125 0.43125 0.103125 0.44166666666666665 0.1046875 0.44375 0.1046875 0.45208333333333334 0.10625 0.45416666666666666 0.10625 0.45625 0.1078125 0.4583333333333333 0.1078125 0.46041666666666664 0.1171875 0.47291666666666665 0.1203125 0.47291666666666665 0.121875 0.475 0.128125 0.475 0.1296875 0.47708333333333336 0.13125 0.47708333333333336 0.1328125 0.4791666666666667 0.1359375 0.4791666666666667 0.1375 0.48125 0.15 0.48125 0.1515625 0.4791666666666667 0.153125 0.4791666666666667 0.1546875 0.47708333333333336 0.15625 0.47708333333333336 0.1578125 0.475 0.159375 0.475 0.16875 0.4625 0.1703125 0.4625 0.1734375 0.4583333333333333 0.175 0.4583333333333333 0.1796875 0.45208333333333334 0.1796875 0.45 0.18125 0.4479166666666667 0.18125 0.44375 0.1828125 0.44166666666666665 0.1828125 0.43125 0.18125 0.42916666666666664 0.18125 0.425 0.1796875 0.42291666666666666 0.1796875 0.42083333333333334 0.175 0.41458333333333336 0.175 0.4125 0.1734375 0.41041666666666665 0.1734375 0.4083333333333333 0.171875 0.40625 0.171875 0.4041666666666667 0.1703125 0.40208333333333335 0.1703125 0.4 0.1640625 0.39166666666666666 0.1625 0.39166666666666666 0.1609375 0.38958333333333334 0.159375 0.38958333333333334 0.1578125 0.3875 0.153125 0.3875 0.1515625 0.3854166666666667 0.146875 0.3854166666666667 0.1453125 0.38333333333333336 0.1234375 0.38333333333333336 0.121875 0.3854166666666667
0 0.190625 0.34375 0.1890625 0.3458333333333333 0.1875 0.3458333333333333 0.1796875 0.35625 0.1796875 0.35833333333333334 0.178125 0.36041666666666666 0.178125 0.3625 0.175 0.36666666666666664 0.175 0.36875 0.1734375 0.37083333333333335 0.1734375 0.375 0.171875 0.3770833333333333 0.171875 0.38125 0.1703125 0.38333333333333336 0.171875 0.3854166666666667 0.171875 0.3875 0.1734375 0.38958333333333334 0.1734375 0.39166666666666666 0.175 0.39375 0.175 0.3958333333333333 0.1765625 0.39791666666666664 0.1765625 0.4 0.1796875 0.4041666666666667 0.1796875 0.40625 0.1859375 0.41458333333333336 0.1859375 0.4166666666666667 0.190625 0.42291666666666666 0.190625 0.425 0.196875 0.43333333333333335 0.196875 0.4354166666666667 0.203125 0.44375 0.203125 0.44583333333333336 0.2125 0.4583333333333333 0.2140625 0.4583333333333333 0.215625 0.46041666666666664 0.2203125 0.46041666666666664 0.221875 0.4625 0.2234375 0.46041666666666664 0.2296875 0.46041666666666664 0.23125 0.4583333333333333 0.2328125 0.4583333333333333 0.234375 0.45625 0.234375 0.45416666666666666 0.240625 0.44583333333333336 0.240625 0.44375 0.2421875 0.44166666666666665 0.2421875 0.4395833333333333 0.24375 0.4375 0.24375 0.4354166666666667 0.246875 0.43125 0.246875 0.42916666666666664 0.2484375 0.4270833333333333 0.2484375 0.42291666666666666 0.2515625 0.41875 0.2515625 0.4166666666666667 0.253125 0.41458333333333336 0.253125 0.4125 0.25625 0.4083333333333333 0.25625 0.40625 0.2578125 0.4041666666666667 0.2578125 0.40208333333333335 0.259375 0.4 0.259375 0.38958333333333334 0.2609375 0.3875 0.2609375 0.38125 0.259375 0.37916666666666665 0.259375 0.375 0.2578125 0.3729166666666667 0.2578125 0.37083333333333335 0.2515625 0.3625 0.2515625 0.36041666666666666 0.25 0.36041666666666666 0.240625 0.34791666666666665 0.2390625 0.34791666666666665 0.2375 0.3458333333333333 0.234375 0.3458333333333333 0.2328125 0.34375 0.2171875 0.34375 0.215625 0.3416666666666667 0.2125 0.3416666666666667 0.2109375 0.34375
0 0.2484375 0.4583333333333333 0.246875 0.46041666666666664 0.2421875 0.46041666666666664 0.240625 0.4625 0.2359375 0.4625 0.234375 0.46458333333333335 0.2328125 0.46458333333333335 0.23125 0.4666666666666667 0.2296875 0.4666666666666667 0.221875 0.47708333333333336 0.2203125 0.47708333333333336 0.2171875 0.48125 0.215625 0.48125 0.2109375 0.4875 0.2109375 0.4895833333333333 0.209375 0.49166666666666664 0.209375 0.49375 0.2078125 0.49583333333333335 0.2078125 0.5020833333333333 0.20625 0.5041666666666667 0.20625 0.50625 0.2078125 0.5083333333333333 0.2078125 0.5125 0.209375 0.5145833333333333 0.209375 0.51875 0.2109375 0.5208333333333334 0.2109375 0.525 0.2125 0.5270833333333333 0.2125 0.5291666666666667 0.2171875 0.5354166666666667 0.2171875 0.5375 0.221875 0.54375 0.221875 0.5458333333333333 0.2265625 0.5520833333333334 0.2265625 0.5541666666666667 0.234375 0.5645833333333333 0.2359375 0.5645833333333333 0.240625 0.5708333333333333 0.2421875 0.5708333333333333 0.24375 0.5729166666666666 0.2453125 0.5729166666666666 0.246875 0.575 0.2578125 0.575 0.2609375 0.5708333333333333 0.2625 0.5708333333333333 0.2703125 0.5604166666666667 0.271875 0.5604166666666667 0.2734375 0.5583333333333333 0.275 0.5583333333333333 0.2828125 0.5479166666666667 0.2828125 0.54375 0.284375 0.5416666666666666 0.284375 0.5375 0.2859375 0.5354166666666667 0.2859375 0.5270833333333333 0.2875 0.525 0.2875 0.5 0.2859375 0.4979166666666667 0.2859375 0.4895833333333333 0.284375 0.4875 0.284375 0.48333333333333334 0.2828125 0.48125 0.2828125 0.4791666666666667 0.28125 0.47708333333333336 0.28125 0.475 0.271875 0.4625 0.2703125 0.4625 0.26875 0.46041666666666664 0.259375 0.46041666666666664 0.2578125 0.4583333333333333
0 0.296875 0.31666666666666665 0.2953125 0.31875 0.29375 0.31875 0.290625 0.3229166666666667 0.2890625 0.3229166666666667 0.2859375 0.32708333333333334 0.2859375 0.32916666666666666 0.28125 0.33541666666666664 0.28125 0.3375 0.2796875 0.33958333333333335 0.2796875 0.3416666666666667 0.278125 0.34375 0.278125 0.35 0.2796875 0.35208333333333336 0.2796875 0.35833333333333334 0.28125 0.36041666666666666 0.28125 0.3625 0.2828125 0.3645833333333333 0.2828125 0.37083333333333335 0.284375 0.3729166666666667 0.284375 0.37916666666666665 0.2859375 0.38125 0.2859375 0.38333333333333336 0.2875 0.3854166666666667 0.2875 0.38958333333333334 0.2890625 0.39166666666666666 0.2890625 0.40208333333333335 0.290625 0.4041666666666667 0.290625 0.41041666666666665 0.2921875 0.4125 0.2921875 0.41458333333333336 0.29375 0.4166666666666667 0.29375 0.41875 0.2953125 0.42083333333333334 0.2953125 0.42291666666666666 0.2984375 0.4270833333333333 0.3 0.4270833333333333 0.3015625 0.42916666666666664 0.309375 0.42916666666666664 0.3109375 0.4270833333333333 0.3125 0.4270833333333333 0.3140625 0.425 0.315625 0.425 0.321875 0.4166666666666667 0.3234375 0.4166666666666667 0.3375 0.39791666666666664 0.3375 0.3958333333333333 0.340625 0.39166666666666666 0.3421875 0.39166666666666666 0.3453125 0.3875 0.3453125 0.3854166666666667 0.3484375 0.38125 0.3484375 0.37916666666666665 0.353125 0.3729166666666667 0.353125 0.36666666666666664 0.3546875 0.3645833333333333 0.353125 0.3625 0.353125 0.35833333333333334 0.3515625 0.35625 0.3515625 0.35208333333333336 0.35 0.35 0.35 0.34791666666666665 0.346875 0.34375 0.3453125 0.34375 0.34375 0.3416666666666667 0.3421875 0.3416666666666667 0.3390625 0.3375 0.3359375 0.3375 0.334375 0.33541666666666664 0.3296875 0.33541666666666664 0.328125 0.3375 0.321875 0.3375 0.3203125 0.33541666666666664 0.3203125 0.3333333333333333 0.31875 0.33125 0.31875 0.32708333333333334 0.3171875 0.325 0.3171875 0.3229166666666667 0.315625 0.3229166666666667 0.3140625 0.32083333333333336 0.3125 0.32083333333333336 0.3109375 0.31875 0.309375 0.31875 0.3078125 0.31666666666666665
0 0.3546875 0.3770833333333333 0.35 0.38333333333333336 0.35 0.3854166666666667 0.346875 0.38958333333333334 0.346875 0.39166666666666666 0.34375 0.3958333333333333 0.34375 0.39791666666666664 0.3421875 0.4 0.3421875 0.40208333333333335 0.340625 0.4041666666666667 0.340625 0.40625 0.3390625 0.4083333333333333 0.3390625 0.4166666666666667 0.3375 0.41875 0.3375 0.42291666666666666 0.3359375 0.425 0.3359375 0.4270833333333333 0.334375 0.42916666666666664 0.334375 0.43125 0.3328125 0.43333333333333335 0.3328125 0.4354166666666667 0.33125 0.4375 0.33125 0.44375 0.3296875 0.44583333333333336 0.3296875 0.45 0.328125 0.45208333333333334 0.328125 0.4625 0.3296875 0.46458333333333335 0.3296875 0.4666666666666667 0.334375 0.47291666666666665 0.3359375 0.47291666666666665 0.3375 0.475 0.3484375 0.475 0.35 0.47291666666666665 0.35625 0.47291666666666665 0.3578125 0.4708333333333333 0.38125 0.4708333333333333 0.3828125 0.46875 0.3875 0.46875 0.3890625 0.4666666666666667 0.390625 0.4666666666666667 0.3953125 0.46041666666666664 0.396875 0.46041666666666664 0.4 0.45625 0.4015625 0.45625 0.4046875 0.45208333333333334 0.4046875 0.45 0.40625 0.4479166666666667 0.40625 0.44583333333333336 0.4078125 0.44375 0.4078125 0.44166666666666665 0.409375 0.4395833333333333 0.409375 0.4375 0.4109375 0.4354166666666667 0.4109375 0.42291666666666666 0.403125 0.4125 0.403125 0.41041666666666665 0.4 0.40625 0.3984375 0.40625 0.3953125 0.40208333333333335 0.3953125 0.4 0.3921875 0.3958333333333333 0.390625 0.3958333333333333 0.3875 0.39166666666666666 0.3875 0.38958333333333334 0.384375 0.3854166666666667 0.3828125 0.3854166666666667 0.38125 0.38333333333333336 0.3796875 0.38333333333333336 0.378125 0.38125 0.3765625 0.38125 0.375 0.37916666666666665 0.371875 0.37916666666666665 0.3703125 0.3770833333333333
0 0.434375 0.38125 0.4296875 0.3875 0.428125 0.3875 0.421875 0.3958333333333333 0.421875 0.39791666666666664 0.4203125 0.4 0.4203125 0.4083333333333333 0.41875 0.41041666666666665 0.41875 0.42291666666666666 0.4203125 0.425 0.4203125 0.43125 0.421875 0.43333333333333335 0.421875 0.4375 0.4234375 0.4395833333333333 0.4234375 0.44166666666666665 0.425 0.44375 0.425 0.44583333333333336 0.434375 0.4583333333333333 0.4359375 0.4583333333333333 0.4390625 0.4625 0.440625 0.4625 0.44375 0.4666666666666667 0.4453125 0.4666666666666667 0.4578125 0.48333333333333334 0.459375 0.48333333333333334 0.4609375 0.48541666666666666 0.4640625 0.48541666666666666 0.465625 0.4875 0.4671875 0.4875 0.46875 0.48541666666666666 0.4703125 0.48541666666666666 0.4703125 0.48333333333333334 0.471875 0.48125 0.471875 0.4791666666666667 0.4734375 0.47708333333333336 0.4734375 0.47291666666666665 0.475 0.4708333333333333 0.475 0.46041666666666664 0.4765625 0.4583333333333333 0.4765625 0.45625 0.484375 0.44583333333333336 0.484375 0.44166666666666665 0.4859375 0.4395833333333333 0.4859375 0.4375 0.4875 0.4354166666666667 0.4875 0.43333333333333335 0.4859375 0.43125 0.4859375 0.4125 0.484375 0.41041666666666665 0.484375 0.4041666666666667 0.4828125 0.40208333333333335 0.4828125 0.4 0.475 0.38958333333333334 0.4734375 0.38958333333333334 0.471875 0.3875 0.4703125 0.3875 0.46875 0.3854166666666667 0.465625 0.3854166666666667 0.4640625 0.38333333333333336 0.4625 0.38333333333333336 0.4609375 0.38125 0.45625 0.38125 0.4546875 0.37916666666666665 0.4390625 0.37916666666666665 0.4375 0.38125
0 0.5015625 0.27291666666666664 0.5 0.275 0.496875 0.275 0.4953125 0.27708333333333335 0.49375 0.27708333333333335 0.4921875 0.2791666666666667 0.490625 0.2791666666666667 0.4890625 0.28125 0.4875 0.28125 0.475 0.29791666666666666 0.475 0.3 0.4734375 0.3020833333333333 0.4734375 0.30416666666666664 0.471875 0.30625 0.471875 0.3104166666666667 0.4703125 0.3125 0.4703125 0.3145833333333333 0.46875 0.31666666666666665 0.46875 0.32083333333333336 0.4671875 0.3229166666666667 0.4671875 0.3333333333333333 0.46875 0.33541666666666664 0.46875 0.33958333333333335 0.4703125 0.3416666666666667 0.4703125 0.3458333333333333 0.471875 0.34791666666666665 0.471875 0.35208333333333336 0.4734375 0.3541666666666667 0.4734375 0.35625 0.475 0.35833333333333334 0.475 0.36041666666666666 0.478125 0.3645833333333333 0.478125 0.36666666666666664 0.4828125 0.3729166666666667 0.4828125 0.375 0.484375 0.375 0.4875 0.37916666666666665 0.4921875 0.37916666666666665 0.49375 0.38125 0.5125 0.38125 0.5140625 0.37916666666666665 0.51875 0.37916666666666665 0.5203125 0.3770833333333333 0.521875 0.3770833333333333 0.5234375 0.375 0.525 0.375 0.5265625 0.3729166666666667 0.53125 0.3729166666666667 0.5328125 0.37083333333333335 0.5375 0.37083333333333335 0.540625 0.36666666666666664 0.5421875 0.36666666666666664 0.55 0.35625 0.55 0.35208333333333336 0.5515625 0.35 0.5515625 0.33958333333333335 0.55 0.3375 0.55 0.32916666666666666 0.5484375 0.32708333333333334 0.5484375 0.32083333333333336 0.546875 0.31875 0.546875 0.3145833333333333 0.5453125 0.3125 0.5453125 0.3104166666666667 0.54375 0.30833333333333335 0.54375 0.30625 0.540625 0.3020833333333333 0.540625 0.3 0.5375 0.29583333333333334 0.5375 0.29375 0.5296875 0.2833333333333333 0.528125 0.2833333333333333 0.5265625 0.28125 0.5234375 0.28125 0.521875 0.2791666666666667 0.5203125 0.2791666666666667 0.51875 0.27708333333333335 0.5171875 0.27708333333333335 0.515625 0.275 0.5125 0.275 0.5109375 0.27291666666666664
0 0.5171875 0.43333333333333335 0.5140625 0.4375 0.5125 0.4375 0.509375 0.44166666666666665 0.5078125 0.44166666666666665 0.50625 0.44375 0.5046875 0.44375 0.4984375 0.45208333333333334 0.496875 0.45208333333333334 0.49375 0.45625 0.49375 0.4583333333333333 0.490625 0.4625 0.490625 0.46458333333333335 0.4890625 0.4666666666666667 0.4890625 0.4708333333333333 0.4875 0.47291666666666665 0.4875 0.4791666666666667 0.4859375 0.48125 0.4859375 0.49375 0.484375 0.49583333333333335 0.484375 0.50625 0.4859375 0.5083333333333333 0.4859375 0.5104166666666666 0.4890625 0.5145833333333333 0.490625 0.5145833333333333 0.496875 0.5229166666666667 0.4984375 0.5229166666666667 0.5 0.525 0.5015625 0.525 0.503125 0.5270833333333333 0.50625 0.5270833333333333 0.5078125 0.5291666666666667 0.5140625 0.5291666666666667 0.515625 0.53125 0.521875 0.53125 0.5234375 0.5333333333333333 0.528125 0.5333333333333333 0.5296875 0.5354166666666667 0.53125 0.5354166666666667 0.5328125 0.5375 0.5375 0.5375 0.5390625 0.5395833333333333 0.553125 0.5395833333333333 0.5546875 0.5375 0.55625 0.5375 0.559375 0.5333333333333333 0.559375 0.50625 0.5578125 0.5041666666666667 0.5578125 0.4708333333333333 0.55625 0.46875 0.55625 0.46458333333333335 0.5546875 0.4625 0.5546875 0.46041666666666664 0.546875 0.45 0.546875 0.4479166666666667 0.54375 0.44375 0.5421875 0.44375 0.5390625 0.4395833333333333 0.5375 0.4395833333333333 0.534375 0.4354166666666667 0.5328125 0.4354166666666667 0.53125 0.43333333333333335 0.5296875 0.43333333333333335 0.528125 0.43125 0.5234375 0.43125 0.521875 0.43333333333333335
0 0.4609375 0.5604166666666667 0.459375 0.5625 0.459375 0.5645833333333333 0.45 0.5770833333333333 0.45 0.58125 0.4484375 0.5833333333333334 0.4484375 0.5916666666666667 0.45 0.59375 0.45 0.5979166666666667 0.4484375 0.6 0.4484375 0.60625 0.45 0.6083333333333333 0.45 0.6104166666666667 0.4609375 0.625 0.4625 0.625 0.471875 0.6375 0.4734375 0.6375 0.475 0.6395833333333333 0.4765625 0.6395833333333333 0.478125 0.6416666666666667 0.4796875 0.6416666666666667 0.48125 0.64375 0.4828125 0.64375 0.484375 0.6458333333333334 0.4859375 0.6458333333333334 0.4890625 0.65 0.490625 0.65 0.49375 0.6541666666666667 0.4953125 0.6541666666666667 0.496875 0.65625 0.4984375 0.65625 0.5 0.6583333333333333 0.5109375 0.6583333333333333 0.515625 0.6520833333333333 0.515625 0.65 0.5171875 0.6479166666666667 0.5171875 0.6458333333333334 0.51875 0.64375 0.51875 0.6354166666666666 0.5203125 0.6333333333333333 0.5203125 0.6229166666666667 0.521875 0.6208333333333333 0.521875 0.5729166666666666 0.5203125 0.5708333333333333 0.5203125 0.56875 0.51875 0.5666666666666667 0.51875 0.5625 0.515625 0.5583333333333333 0.5140625 0.5583333333333333 0.5125 0.55625 0.5109375 0.55625 0.509375 0.5541666666666667 0.5078125 0.5541666666666667 0.50625 0.5520833333333334 0.5015625 0.5520833333333334 0.5 0.55 0.4984375 0.55 0.496875 0.5479166666666667 0.4921875 0.5479166666666667 0.490625 0.55 0.4890625 0.55 0.4875 0.5520833333333334 0.4859375 0.5520833333333334 0.4828125 0.55625 0.48125 0.55625 0.4796875 0.5583333333333333 0.465625 0.5583333333333333 0.4640625 0.5604166666666667
0 0.6421875 0.39375 0.640625 0.39375 0.6390625 0.39166666666666666 0.63125 0.39166666666666666 0.6296875 0.38958333333333334 0.625 0.38958333333333334 0.6234375 0.3875 0.6203125 0.3875 0.61875 0.3854166666666667 0.6140625 0.3854166666666667 0.6125 0.38333333333333336 0.6109375 0.38333333333333336 0.609375 0.3854166666666667 0.6078125 0.3854166666666667 0.6015625 0.39375 0.6015625 0.3958333333333333 0.6 0.39791666666666664 0.6 0.4 0.5984375 0.40208333333333335 0.5984375 0.40625 0.596875 0.4083333333333333 0.596875 0.41041666666666665 0.5953125 0.4125 0.5953125 0.4479166666666667 0.59375 0.45 0.59375 0.4625 0.5953125 0.46458333333333335 0.5953125 0.4708333333333333 0.596875 0.47291666666666665 0.596875 0.475 0.5984375 0.475 0.6015625 0.4791666666666667 0.6203125 0.4791666666666667 0.628125 0.46875 0.6296875 0.46875 0.63125 0.4666666666666667 0.6328125 0.4666666666666667 0.6359375 0.4625 0.6375 0.4625 0.6390625 0.46041666666666664 0.640625 0.46041666666666664 0.64375 0.45625 0.6453125 0.45625 0.653125 0.44583333333333336 0.653125 0.4395833333333333 0.6546875 0.4375 0.6546875 0.43333333333333335 0.65625 0.43125 0.65625 0.4166666666666667 0.653125 0.4125 0.653125 0.41041666666666665 0.65 0.40625 0.65 0.4041666666666667
0 0.7171875 0.40208333333333335 0.7109375 0.40208333333333335 0.709375 0.4041666666666667 0.70625 0.4041666666666667 0.7046875 0.40625 0.703125 0.40625 0.7015625 0.4083333333333333 0.6984375 0.4083333333333333 0.696875 0.41041666666666665 0.6921875 0.41041666666666665 0.690625 0.4125 0.6875 0.4125 0.6828125 0.41875 0.68125 0.41875 0.6796875 0.42083333333333334 0.6765625 0.42083333333333334 0.675 0.42291666666666666 0.671875 0.42291666666666666 0.6671875 0.42916666666666664 0.6671875 0.43125 0.665625 0.43333333333333335 0.665625 0.4583333333333333 0.6671875 0.46041666666666664 0.6671875 0.4625 0.66875 0.46458333333333335 0.66875 0.4666666666666667 0.671875 0.4708333333333333 0.671875 0.47291666666666665 0.6796875 0.48333333333333334 0.6796875 0.48541666666666666 0.6859375 0.49375 0.6875 0.49375 0.69375 0.5020833333333333 0.6953125 0.5020833333333333 0.696875 0.5041666666666667 0.70625 0.5041666666666667 0.7078125 0.5020833333333333 0.709375 0.5020833333333333 0.7109375 0.5 0.7125 0.5 0.715625 0.5041666666666667 0.71875 0.5 0.721875 0.5 0.7234375 0.4979166666666667 0.7265625 0.4979166666666667 0.728125 0.49583333333333335 0.7296875 0.49583333333333335 0.734375 0.4895833333333333 0.734375 0.48541666666666666 0.7359375 0.48333333333333334 0.7359375 0.4708333333333333 0.7375 0.46875 0.7375 0.44166666666666665 0.7359375 0.4395833333333333 0.7359375 0.4270833333333333 0.734375 0.425 0.734375 0.42083333333333334 0.7328125 0.41875 0.7328125 0.4166666666666667 0.725 0.40625 0.7234375 0.40625 0.721875 0.4041666666666667 0.71875 0.4041666666666667
0 0.721875 0.5625 0.7203125 0.5625 0.71875 0.5604166666666667 0.7140625 0.5604166666666667 0.709375 0.5541666666666667 0.70625 0.5541666666666667 0.7046875 0.5520833333333334 0.7 0.5520833333333334 0.6984375 0.55 0.6953125 0.55 0.69375 0.5520833333333334 0.6921875 0.5520833333333334 0.690625 0.5541666666666667 0.6890625 0.5541666666666667 0.6875 0.55625 0.6828125 0.55625 0.68125 0.5583333333333333 0.6796875 0.5583333333333333 0.678125 0.5604166666666667 0.675 0.5604166666666667 0.6734375 0.5625 0.665625 0.5625 0.6640625 0.5604166666666667 0.659375 0.5604166666666667 0.65625 0.5645833333333333 0.65625 0.56875 0.6546875 0.5708333333333333 0.6546875 0.5916666666666667 0.65625 0.59375 0.65625 0.6083333333333333 0.6578125 0.6104166666666667 0.6578125 0.6145833333333334 0.659375 0.6166666666666667 0.659375 0.6270833333333333 0.6609375 0.6291666666666667 0.6609375 0.6395833333333333 0.6625 0.6416666666666667 0.6625 0.64375 0.6640625 0.6458333333333334 0.6640625 0.6479166666666667 0.665625 0.65 0.665625 0.6520833333333333 0.6703125 0.6583333333333333 0.671875 0.6583333333333333 0.6734375 0.6604166666666667 0.696875 0.6604166666666667 0.6984375 0.6583333333333333 0.7 0.6583333333333333 0.7046875 0.6520833333333333 0.70625 0.6520833333333333 0.709375 0.6479166666666667 0.709375 0.6458333333333334 0.7140625 0.6395833333333333 0.7140625 0.6375 0.7171875 0.6333333333333333 0.7171875 0.63125 0.71875 0.6291666666666667 0.71875 0.6270833333333333 0.7203125 0.625 0.7203125 0.6229166666666667 0.725 0.6166666666666667 0.725 0.6125 0.728125 0.6083333333333333 0.728125 0.60625 0.7296875 0.6041666666666666 0.7296875 0.6 0.73125 0.5979166666666667 0.73125 0.58125 0.7296875 0.5791666666666667 0.7296875 0.5770833333333333 0.728125 0.575 0.728125 0.5729166666666666 0.725 0.56875 0.725 0.5666666666666667
0 0.8828125 0.3375 0.88125 0.33541666666666664 0.88125 0.3333333333333333 0.8796875 0.33125 0.878125 0.33125 0.8765625 0.32916666666666666 0.86875 0.32916666666666666 0.8671875 0.33125 0.84375 0.33125 0.8421875 0.3333333333333333 0.8390625 0.3333333333333333 0.8375 0.33541666666666664 0.834375 0.33541666666666664 0.83125 0.33958333333333335 0.8296875 0.33958333333333335 0.8265625 0.34375 0.825 0.34375 0.8234375 0.3458333333333333 0.821875 0.3458333333333333 0.8203125 0.34791666666666665 0.81875 0.34791666666666665 0.8171875 0.35 0.8109375 0.35 0.809375 0.34791666666666665 0.8078125 0.34791666666666665 0.80625 0.35 0.8015625 0.35 0.8 0.35208333333333336 0.7984375 0.35208333333333336 0.796875 0.3541666666666667 0.796875 0.35625 0.7953125 0.35833333333333334 0.7953125 0.3625 0.79375 0.3645833333333333 0.79375 0.36666666666666664 0.7953125 0.36875 0.7953125 0.3770833333333333 0.796875 0.37916666666666665 0.796875 0.38125 0.8 0.3854166666666667 0.8 0.3875 0.803125 0.39166666666666666 0.803125 0.39375 0.8078125 0.4 0.809375 0.4 0.8125 0.4041666666666667 0.8140625 0.4041666666666667 0.8171875 0.4083333333333333 0.81875 0.4083333333333333 0.8203125 0.41041666666666665 0.821875 0.41041666666666665 0.825 0.41458333333333336 0.8265625 0.41458333333333336 0.828125 0.4166666666666667 0.8296875 0.4166666666666667 0.83125 0.41875 0.8328125 0.41875 0.8375 0.425 0.8390625 0.425 0.8421875 0.42916666666666664 0.84375 0.42916666666666664 0.8453125 0.43125 0.846875 0.43125 0.8484375 0.43333333333333335 0.85 0.43333333333333335 0.8515625 0.4354166666666667 0.8625 0.4354166666666667 0.8640625 0.43333333333333335 0.865625 0.43333333333333335 0.871875 0.425 0.871875 0.42291666666666666 0.8734375 0.42083333333333334 0.8734375 0.41875 0.875 0.4166666666666667 0.875 0.41458333333333336 0.8765625 0.4125 0.8765625 0.4041666666666667 0.878125 0.40208333333333335 0.878125 0.3958333333333333 0.8796875 0.39375 0.8796875 0.3770833333333333 0.88125 0.375 0.88125 0.37083333333333335 0.8828125 0.36875 0.8828125 0.36041666666666666 0.884375 0.35833333333333334 0.884375 0.34375 0.8828125 0.3416666666666667
0 0.940625 0.21875 0.9390625 0.22083333333333333 0.9359375 0.22083333333333333 0.934375 0.22291666666666668 0.9328125 0.22291666666666668 0.93125 0.225 0.9296875 0.225 0.9265625 0.22916666666666666 0.925 0.22916666666666666 0.9234375 0.23125 0.921875 0.23125 0.915625 0.23958333333333334 0.9140625 0.23958333333333334 0.9125 0.24166666666666667 0.909375 0.24166666666666667 0.9046875 0.24791666666666667 0.9046875 0.25 0.903125 0.2520833333333333 0.903125 0.25416666666666665 0.9046875 0.25625 0.9046875 0.26458333333333334 0.90625 0.26666666666666666 0.90625 0.2833333333333333 0.903125 0.2875 0.903125 0.28958333333333336 0.8837209302325583 0.2868217054263566 0.8808139534883722 0.3013565891472868 0.8953488372093025 0.3149224806201551 0.9047965116279071 0.3178294573643411 0.9055232558139537 0.32170542635658916 0.909156976744186 0.32170542635658916 0.9098837209302326 0.3255813953488372 0.9113372093023256 0.32655038759689925 0.9135174418604652 0.3246124031007752 0.915625 0.31666666666666665 0.9164244186046513 0.32170542635658916 0.9164244186046513 0.3236434108527132 0.91875 0.3229166666666667 0.921875 0.3229166666666667 0.9234375 0.325 0.928125 0.325 0.9296875 0.32708333333333334 0.93125 0.32708333333333334 0.9328125 0.32916666666666666 0.9375 0.32916666666666666 0.9390625 0.33125 0.9421875 0.33125 0.94375 0.3333333333333333 0.946875 0.3333333333333333 0.9484375 0.33541666666666664 0.9609375 0.33541666666666664 0.9625 0.3333333333333333 0.965625 0.3333333333333333 0.9703125 0.32708333333333334 0.9703125 0.325 0.971875 0.3229166666666667 0.971875 0.32083333333333336 0.9734375 0.31875 0.9734375 0.30625 0.971875 0.30416666666666664 0.971875 0.275 0.9734375 0.27291666666666664 0.9734375 0.24791666666666667 0.9703125 0.24375 0.9703125 0.24166666666666667 0.9625 0.23125 0.9609375 0.23125 0.959375 0.22916666666666666 0.959375 0.22708333333333333 0.9578125 0.225 0.9578125 0.22291666666666668 0.9484375 0.22291666666666668 0.9453125 0.21875
0 0.940625 0.38333333333333336 0.934375 0.39166666666666666 0.9328125 0.39166666666666666 0.9296875 0.3958333333333333 0.928125 0.3958333333333333 0.9234375 0.40208333333333335 0.921875 0.40208333333333335 0.9203125 0.4041666666666667 0.91875 0.4041666666666667 0.9125 0.4125 0.9125 0.41458333333333336 0.9078125 0.42083333333333334 0.9078125 0.42291666666666666 0.90625 0.425 0.90625 0.4270833333333333 0.9046875 0.42916666666666664 0.9046875 0.4375 0.90625 0.4395833333333333 0.90625 0.45 0.9078125 0.45208333333333334 0.9078125 0.45416666666666666 0.9125 0.46041666666666664 0.9140625 0.46041666666666664 0.9171875 0.46458333333333335 0.91875 0.46458333333333335 0.9203125 0.4666666666666667 0.921875 0.4666666666666667 0.925 0.4708333333333333 0.9265625 0.4708333333333333 0.9296875 0.475 0.93125 0.475 0.9328125 0.47708333333333336 0.934375 0.47708333333333336 0.9359375 0.4791666666666667 0.9375 0.4791666666666667 0.9390625 0.48125 0.940625 0.48125 0.9421875 0.48333333333333334 0.94375 0.48333333333333334 0.9453125 0.48541666666666666 0.946875 0.48541666666666666 0.95 0.4895833333333333 0.9515625 0.4895833333333333 0.953125 0.49166666666666664 0.9546875 0.49166666666666664 0.95625 0.49375 0.959375 0.49375 0.9625 0.4979166666666667 0.9640625 0.4979166666666667 0.965625 0.5 0.96875 0.5 0.9703125 0.5020833333333333 0.9734375 0.5020833333333333 0.975 0.5041666666666667 0.9875 0.5041666666666667 0.9890625 0.5020833333333333 0.990625 0.5020833333333333 0.9921875 0.5 0.99375 0.5 0.996875 0.49583333333333335 0.996875 0.4875 0.9984375 0.48541666666666666 0.9984375 0.38958333333333334 0.996875 0.3875 0.996875 0.38333333333333336 0.9953125 0.38125 0.99375 0.38125 0.9921875 0.37916666666666665 0.9890625 0.37916666666666665 0.9875 0.3770833333333333 0.95625 0.3770833333333333 0.9546875 0.37916666666666665 0.9515625 0.37916666666666665 0.95 0.38125 0.9453125 0.38125 0.94375 0.38333333333333336