0 0.1282192211055276 0.38316582914572866 0.09814698492462312 0.12772194304857626
0 0.1435301507537688 0.4967546063651591 0.10364321608040199 0.12458123953098822
0 0.2762248743718592 0.47895728643216084 0.09579145728643215 0.13295644891122277
0 0.39831972361809037 0.48262144053601347 0.09814698492462312 0.12981574539363486
0 0.4289415829145728 0.5747487437185929 0.09029522613065329 0.12144053601340031
0 0.4807631909547738 0.3915410385259631 0.0871545226130653 0.12562814070351755
0 0.5459327889447236 0.46011306532663315 0.0871545226130653 0.11620603015075374
0 0.6244503768844221 0.4648241206030151 0.07616206030150749 0.11306532663316578
0 0.6943310301507537 0.5234505862646567 0.08558417085427132 0.11934673366834173
0 0.6472204773869346 0.6208123953098827 0.08401381909547734 0.11097152428810718
0 0.6974717336683416 0.364321608040201 0.10599874371859297 0.12353433835845896
0 0.7708856783919598 0.4307998324958124 0.07694723618090453 0.10992462311557792
0 0.8439070351758794 0.4569723618090452 0.07851758793969843 0.10573701842546063
0 0.8376256281407034 0.6171482412060302 0.09108040201005015 0.12039363484087093
0 0.09332191780821913 0.3367579908675799 0.0854737442922374 0.3481735159817351 0.0811929223744292 0.3576864535768645 0.07619863013698626 0.37290715372907157 0.07691210045662097 0.3976407914764079 0.08333333333333329 0.411910197869102 0.09403538812785385 0.4356925418569254 0.10188356164383557 0.44710806697108063 0.11615296803652964 0.4528158295281583 0.13042237442922372 0.4347412480974125 0.13398972602739723 0.4261796042617961 0.1496860730593607 0.42332572298325727 0.15967465753424656 0.4128614916286149 0.16823630136986298 0.4062024353120243 0.17323059360730592 0.3947869101978691 0.17465753424657532 0.3862252663622527 0.16252853881278537 0.3852739726027397 0.1496860730593607 0.38717656012176566 0.1425513698630137 0.3852739726027397 0.13398972602739723 0.37766362252663627 0.12828196347031962 0.3767123287671233 0.11829337899543377 0.37290715372907157 0.11187214611872145 0.3605403348554034 0.1068778538812785 0.3519786910197869
0 0.13684360730593603 0.43759512937595135 0.1247146118721461 0.44615677321156777 0.11686643835616435 0.45662100456621 0.11329908675799083 0.4613774733637747 0.10830479452054793 0.47279299847793 0.10188356164383557 0.4946727549467276 0.09688926940639266 0.5108447488584474 0.09403538812785385 0.5241628614916286 0.09260844748858445 0.5355783866057838 0.10117009132420089 0.5469939117199392 0.1090182648401826 0.5555555555555556 0.11972031963470316 0.5574581430745815 0.13327625570776253 0.5507990867579908 0.15753424657534243 0.5507990867579908 0.17679794520547945 0.5431887366818874 0.1924942922374429 0.5241628614916286 0.19606164383561642 0.517503805175038 0.1903538812785388 0.503234398782344 0.1839326484018265 0.4889649923896499 0.17679794520547945 0.4832572298325723 0.1718036529680365 0.47374429223744297 0.16395547945205474 0.4594748858447489 0.15824771689497713 0.4480593607305936 0.15253995433789952 0.4433028919330289
0 0.25028538812785384 0.4214231354642314 0.2374429223744292 0.4337899543378995 0.2310216894977169 0.4433028919330289 0.2281678082191781 0.4613774733637747 0.2317351598173516 0.4804033485540335 0.24101027397260272 0.504185692541857 0.24814497716894976 0.517503805175038 0.2574200913242009 0.5308219178082192 0.2624143835616438 0.5365296803652968 0.2724029680365297 0.5412861491628614 0.2802511415525114 0.5422374429223744 0.3059360730593607 0.518455098934551 0.31449771689497713 0.4927701674277017 0.3159246575342466 0.4851598173515982 0.3202054794520548 0.4670852359208524 0.3187785388127854 0.4518645357686453 0.3116438356164383 0.43759512937595135 0.3030821917808219 0.42427701674277013 0.2895262557077626 0.41476407914764085 0.2745433789954338 0.411910197869102 0.2659817351598173 0.411910197869102
0 0.35801940639269403 0.44235159817351605 0.3537385844748858 0.4528158295281583 0.3515981735159817 0.46898782343987827 0.3565924657534246 0.4889649923896499 0.3680079908675799 0.504185692541857 0.3758561643835617 0.5165525114155252 0.39083904109589035 0.534627092846271 0.3994006849315068 0.5431887366818874 0.40796232876712324 0.5479452054794521 0.4115296803652967 0.5507990867579908 0.41866438356164376 0.5507990867579908 0.42865296803652964 0.5393835616438357 0.43293378995433784 0.5213089802130898 0.43935502283105016 0.502283105022831 0.4429223744292237 0.4870624048706241 0.4436358447488584 0.4623287671232877 0.4436358447488584 0.4433028919330289 0.4379280821917807 0.4290334855403348 0.41937785388127846 0.427130898021309 0.40296803652968033 0.4290334855403348 0.39155251141552505 0.4347412480974125 0.3794235159817351 0.4385464231354642 0.36444063926940634 0.4366438356164384
0 0.382277397260274 0.563165905631659 0.3886986301369863 0.578386605783866 0.3979737442922374 0.5964611872146118 0.41224315068493145 0.6135844748858447 0.42080479452054786 0.6230974124809741 0.4307933789954338 0.6269025875190259 0.44149543378995426 0.6288051750380518 0.44863013698630133 0.625951293759513 0.45433789954337894 0.6202435312024354 0.46004566210045655 0.610730593607306 0.4636130136986301 0.6031202435312025 0.46718036529680357 0.594558599695586 0.46932077625570773 0.5840943683409437 0.46789383561643827 0.5698249619482496 0.4628995433789954 0.5565068493150686 0.4586187214611871 0.5403348554033485 0.44648972602739717 0.5222602739726028 0.44149543378995426 0.5308219178082192 0.43293378995433784 0.533675799086758 0.42865296803652964 0.5488964992389651 0.415810502283105 0.5536529680365297 0.4058219178082191 0.563165905631659 0.3986872146118721 0.5726788432267884 0.3922659817351598 0.5698249619482496 0.389412100456621 0.5574581430745815
0 0.4586187214611871 0.33200152207001526 0.44577625570776247 0.3386605783866058 0.44006849315068486 0.35007610350076107 0.43935502283105016 0.3700532724505327 0.4436358447488584 0.396689497716895 0.44506278538812777 0.41476407914764085 0.44648972602739717 0.44235159817351605 0.4571917808219178 0.45566971080669716 0.4728881278538812 0.45376712328767127 0.48287671232876705 0.4394977168949772 0.49643264840182644 0.42332572298325727 0.5071347031963469 0.4090563165905632 0.5164098173515981 0.3909817351598174 0.5164098173515981 0.3786149162861492 0.5014269406392693 0.38242009132420096 0.4914383561643835 0.3643455098934551 0.4843036529680365 0.3557838660578387 0.4736015981735159 0.3443683409436834
0 0.5335331050228309 0.4062024353120243 0.5149828767123287 0.4185692541856926 0.5099885844748858 0.4337899543378995 0.5099885844748858 0.4547184170471842 0.5049942922374429 0.4870624048706241 0.5057077625570776 0.5070395738203958 0.5235445205479452 0.5156012176560122 0.545662100456621 0.5079908675799086 0.5577910958904109 0.5051369863013699 0.5749143835616437 0.4851598173515982 0.5834760273972602 0.46898782343987827 0.5820490867579908 0.4547184170471842 0.5713470319634703 0.4394977168949772 0.5642123287671232 0.427130898021309 0.5499429223744292 0.4128614916286149
0 0.6041666666666666 0.4214231354642314 0.5884703196347031 0.4318873668188737 0.5927511415525114 0.4480593607305936 0.5977454337899543 0.4623287671232877 0.5956050228310501 0.4708904109589041 0.5948915525114155 0.48135464231354647 0.605593607305936 0.4908675799086758 0.6205764840182648 0.503234398782344 0.6305650684931506 0.5136986301369864 0.639126712328767 0.5213089802130898 0.6519691780821917 0.5146499238964993 0.6519691780821917 0.502283105022831 0.6519691780821917 0.4870624048706241 0.6526826484018264 0.4746955859969558 0.6569634703196346 0.4613774733637747 0.6598173515981735 0.4480593607305936 0.6576769406392693 0.4347412480974125 0.6519691780821917 0.4252283105022831 0.6448344748858447 0.4185692541856926 0.6341324200913242 0.41000761035007616 0.6269977168949772 0.4176179604261796 0.612728310502283 0.4176179604261796
0 0.675513698630137 0.4984779299847793 0.6648116438356164 0.5098934550989346 0.6576769406392693 0.5203576864535768 0.6576769406392693 0.5431887366818874 0.6698059360730593 0.5546042617960426 0.6819349315068493 0.5574581430745815 0.6940639269406392 0.565068493150685 0.7054794520547945 0.5726788432267884 0.7190353881278538 0.579337899543379 0.7297374429223744 0.5717275494672756 0.7311643835616438 0.5507990867579908 0.7254566210045661 0.533675799086758 0.7254566210045661 0.4984779299847793 0.7190353881278538 0.4775494672754947 0.7076198630136986 0.4718417047184171 0.6990582191780821 0.46993911719939113 0.7026255707762556 0.47850076103500766 0.6933504566210045 0.4889649923896499
0 0.6198630136986301 0.5898021308980214 0.6148687214611871 0.5955098934550989 0.6105878995433789 0.6088280060882801 0.6141552511415524 0.625951293759513 0.6291381278538812 0.6459284627092846 0.6426940639269405 0.6535388127853882 0.6576769406392693 0.6668569254185693 0.6712328767123287 0.672564687975647 0.6819349315068493 0.65734398782344 0.6805079908675798 0.6383181126331812 0.682648401826484 0.609779299847793 0.6797945205479452 0.5917047184170472 0.6690924657534246 0.5821917808219178 0.6576769406392693 0.578386605783866 0.6562499999999999 0.5974124809741248 0.6476883561643836 0.5964611872146118 0.6355593607305935 0.5850456621004567
0 0.7704052511415524 0.3833713850837139 0.7532819634703196 0.3833713850837139 0.7447203196347031 0.3909817351598174 0.7447203196347031 0.4014459665144597 0.7368721461187213 0.4166666666666667 0.7333047945205479 0.4309360730593607 0.7311643835616438 0.4594748858447489 0.7411529680365296 0.4708904109589041 0.7504280821917808 0.47279299847793 0.7568493150684932 0.4775494672754947 0.7718321917808219 0.47850076103500766 0.7896689497716893 0.4594748858447489 0.8025114155251141 0.44615677321156777 0.8075057077625571 0.4299847792998478 0.7989440639269405 0.4185692541856926 0.7803938356164384 0.410958904109589 0.7818207762557077 0.3890791476407915
0 0.6790810502283104 0.3101217656012177 0.6648116438356164 0.3310502283105023 0.6569634703196346 0.3481735159817351 0.6541095890410958 0.38242009132420096 0.6662385844748858 0.40049467275494677 0.6897831050228309 0.4128614916286149 0.7076198630136986 0.4157153729071537 0.726170091324201 0.4185692541856926 0.740439497716895 0.410958904109589 0.7418664383561643 0.3938356164383562 0.7418664383561643 0.3700532724505327 0.7361586757990868 0.3415144596651446 0.7268835616438356 0.32058599695585993 0.7154680365296804 0.3110730593607306 0.6983447488584474 0.305365296803653
0 0.8125 0.4433028919330289 0.8103595890410957 0.46898782343987827 0.8189212328767124 0.4908675799086758 0.8296232876712327 0.5051369863013699 0.846033105022831 0.5060882800608828 0.8574486301369862 0.49181887366818877 0.8645833333333333 0.4756468797564688 0.8724315068493149 0.46042617960426185 0.8802796803652967 0.4499619482496195 0.8681506849315068 0.42332572298325727 0.8481735159817351 0.4290334855403348 0.8396118721461188 0.4452054794520548 0.8260559360730593 0.4452054794520548 0.8210616438356164 0.4366438356164384
0 0.8060787671232876 0.579337899543379 0.7975171232876711 0.5907534246575342 0.795376712328767 0.6116818873668189 0.7946632420091324 0.6345129375951294 0.8017979452054794 0.655441400304414 0.8153538812785388 0.6649543378995434 0.8232020547945205 0.6649543378995434 0.8324771689497716 0.669710806697108 0.8503139269406391 0.6649543378995434 0.8674372146118721 0.6468797564687976 0.8759988584474886 0.6192922374429224 0.8738584474885844 0.6069254185692542 0.8574486301369862 0.6002663622526636 0.8431792237442922 0.6059741248097412 0.8324771689497716 0.6069254185692542 0.8239155251141552 0.5907534246575342 0.8132134703196346 0.578386605783866