0 0.39369292237442916 0.41000761035007616 0.08704337899543373 0.10464231354642314
0 0.3590896118721461 0.5446156773211569 0.08775684931506848 0.13413242009132423
0 0.30771974885844744 0.678748097412481 0.08775684931506848 0.12081430745814312
0 0.5620719178082191 0.5022831050228311 0.08418949771689502 0.1274733637747337
0 0.578125 0.6083523592085236 0.08918378995433791 0.1227168949771689
0 0.6962043378995434 0.6007420091324202 0.08847031963470328 0.1322298325722984
0 0.8442494292237444 0.6069254185692542 0.10202625570776255 0.1407914764079147
0 0.8920519406392694 0.5084665144596652 0.09346461187214601 0.10939878234398784
0 0.9518443207762557 0.5900682091823986 0.09318635844748861 0.12610293282446225
0 0.8421090182648403 0.6958713850837139 0.10202625570776255 0.11700913242009131
0 0.38441780821917804 0.366248097412481 0.377283105022831 0.37290715372907157 0.3722888127853881 0.3786149162861492 0.3665810502283105 0.3900304414003044 0.3608732876712329 0.4023972602739726 0.3573059360730593 0.41476407914764085 0.35873287671232873 0.4290334855403348 0.3615867579908676 0.4404490106544901 0.36943493150684925 0.4480593607305936 0.377283105022831 0.45566971080669716 0.39083904109589035 0.4547184170471842 0.403681506849315 0.4528158295281583 0.4222317351598173 0.4480593607305936 0.43507420091324195 0.4480593607305936 0.43864155251141546 0.4433028919330289 0.4365011415525114 0.43283866057838666 0.427939497716895 0.410958904109589 0.4236586757990867 0.4033485540334855 0.41795091324200906 0.3900304414003044 0.4108162100456621 0.3767123287671233 0.4015410958904109 0.3691019786910198
0 0.35873287671232873 0.4946727549467276 0.35017123287671226 0.4927701674277017 0.33732876712328763 0.4937214611872146 0.32948059360730586 0.502283105022831 0.3259132420091324 0.5070395738203958 0.3209189497716895 0.517503805175038 0.3194920091324201 0.5251141552511416 0.3209189497716895 0.5441400304414004 0.32948059360730586 0.5574581430745815 0.33590182648401823 0.5660197869101979 0.34446347031963465 0.579337899543379 0.350884703196347 0.5888508371385084 0.3544520547945206 0.5964611872146118 0.35944634703196343 0.6021689497716896 0.3665810502283105 0.6059741248097412 0.375142694063927 0.5964611872146118 0.38013698630136983 0.5888508371385084 0.38584474885844744 0.578386605783866 0.3879851598173516 0.5698249619482496 0.39155251141552505 0.5593607305936072 0.39726027397260266 0.5479452054794521 0.3986872146118721 0.5393835616438357 0.4008276255707763 0.5279680365296804 0.4008276255707763 0.517503805175038 0.3979737442922374 0.5089421613394216 0.3922659817351598 0.502283105022831 0.3865582191780822 0.5089421613394216 0.3808504566210046 0.5156012176560122 0.375142694063927 0.519406392694064 0.3665810502283105 0.5156012176560122 0.36444063926940634 0.504185692541857
0 0.2802511415525114 0.6345129375951294 0.271689497716895 0.6487823439878235 0.2652682648401826 0.6582952815829528 0.27097602739726023 0.6887366818873668 0.271689497716895 0.701103500761035 0.27382990867579904 0.7144216133942162 0.27597031963470314 0.7286910197869102 0.2880993150684931 0.7334474885844748 0.29452054794520544 0.730593607305936 0.3023687214611872 0.7277397260273973 0.31378424657534243 0.7220319634703196 0.32163242009132414 0.715372907153729 0.32805365296803657 0.7106164383561644 0.33518835616438347 0.703006088280061 0.32948059360730586 0.6839802130898022 0.3187785388127854 0.6915905631659057 0.3102168949771689 0.6953957382039574 0.30308219178082185 0.6934931506849316 0.2988013698630137 0.6640030441400305 0.27953767123287665 0.6516362252663622
0 0.5399543378995434 0.4642313546423136 0.5271118721461188 0.4823059360730594 0.519263698630137 0.5013318112633182 0.519263698630137 0.519406392694064 0.5249714611872147 0.5317732115677322 0.531392694063927 0.5431887366818874 0.5356735159817351 0.5555555555555556 0.5442351598173516 0.565068493150685 0.5549372146118721 0.565068493150685 0.564925799086758 0.5612633181126332 0.5770547945205479 0.5536529680365297 0.5870433789954337 0.5441400304414004 0.5956050228310502 0.5308219178082192 0.5963184931506849 0.5222602739726028 0.5906107305936074 0.5136986301369864 0.5827625570776256 0.502283105022831 0.5777682648401827 0.49657534246575347 0.5727739726027398 0.4870624048706241 0.5677796803652967 0.4756468797564688 0.5620719178082192 0.4670852359208524
0 0.5906107305936074 0.5660197869101979 0.6013127853881277 0.577435312024353 0.6127283105022832 0.5926560121765602 0.6141552511415524 0.609779299847793 0.6170091324200913 0.6269025875190259 0.617722602739726 0.6411719939117199 0.6070205479452054 0.6516362252663622 0.5963184931506849 0.6592465753424658 0.5870433789954337 0.6611491628614916 0.569920091324201 0.6640030441400305 0.5556506849315068 0.6640030441400305 0.5428082191780822 0.6592465753424658 0.5378139269406393 0.6478310502283106 0.5378139269406393 0.6345129375951294 0.5392408675799085 0.6221461187214612 0.5428082191780822 0.609779299847793 0.5485159817351597 0.5926560121765602 0.552796803652968 0.5812404870624049 0.5577910958904109 0.5698249619482496 0.5663527397260275 0.5612633181126332 0.5749143835616438 0.5536529680365297 0.5834760273972602 0.5574581430745815
0 0.6740867579908676 0.5498477929984779 0.6640981735159818 0.5669710806697109 0.6598173515981735 0.578386605783866 0.65625 0.594558599695586 0.658390410958904 0.6126331811263318 0.6640981735159818 0.6211948249619483 0.677654109589041 0.6316590563165906 0.687642694063927 0.640220700152207 0.6983447488584474 0.6506849315068493 0.706906392694064 0.65734398782344 0.7147545662100457 0.6592465753424658 0.719035388127854 0.6544901065449011 0.7226027397260275 0.6468797564687976 0.726170091324201 0.6345129375951294 0.7290239726027398 0.6221461187214612 0.7318778538812787 0.609779299847793 0.7333047945205479 0.5926560121765602 0.7354452054794521 0.578386605783866 0.7354452054794521 0.5660197869101979 0.7318778538812787 0.5584094368340943 0.7254566210045663 0.5479452054794521 0.7126141552511415 0.5422374429223744 0.7019121004566211 0.5403348554033485 0.696917808219178 0.5403348554033485 0.6855022831050228 0.5441400304414004
0 0.8645833333333334 0.4680365296803653 0.851027397260274 0.47659817351598177 0.8431792237442922 0.4889649923896499 0.8431792237442922 0.5165525114155252 0.8446061643835616 0.5317732115677322 0.8474600456621004 0.5431887366818874 0.8610159817351599 0.5460426179604262 0.8695776255707763 0.5479452054794521 0.8788527397260275 0.5488964992389651 0.8888413242009132 0.5517503805175038 0.8981164383561644 0.5546042617960426 0.9031107305936074 0.5546042617960426 0.9195205479452054 0.5527016742770168 0.9273687214611872 0.5403348554033485 0.9330764840182649 0.5308219178082192 0.9337899543378996 0.5203576864535768 0.9252283105022832 0.5089421613394216 0.9173801369863014 0.49942922374429227 0.9138127853881279 0.4908675799086758 0.903824200913242 0.48135464231354647 0.8995433789954339 0.47850076103500766 0.8852739726027398 0.47374429223744297 0.8817066210045663 0.4718417047184171
0 0.8089326484018265 0.565068493150685 0.7989440639269407 0.5736301369863014 0.795376712328767 0.5840943683409437 0.7946632420091324 0.6031202435312025 0.7989440639269407 0.6173896499238966 0.8132134703196348 0.6345129375951294 0.8203481735159818 0.6421232876712328 0.829623287671233 0.6506849315068493 0.8374714611872147 0.655441400304414 0.8474600456621004 0.6649543378995434 0.8538812785388128 0.670662100456621 0.8624429223744292 0.672564687975647 0.8695776255707763 0.672564687975647 0.877425799086758 0.6611491628614916 0.8802796803652969 0.6478310502283106 0.882420091324201 0.6316590563165906 0.8859874429223744 0.6202435312024354 0.8881278538812787 0.6078767123287672 0.8895547945205481 0.5993150684931507 0.8931221461187215 0.5850456621004567 0.8902682648401827 0.5764840182648402 0.8859874429223744 0.5707762557077626 0.8809931506849316 0.5707762557077626 0.8745719178082192 0.5736301369863014 0.8638698630136986 0.5755327245053273 0.851027397260274 0.5688736681887366 0.846033105022831 0.565068493150685 0.8410388127853882 0.5669710806697109 0.826769406392694 0.5736301369863014 0.8224885844748858 0.5736301369863014
0 0.793236301369863 0.6820776255707763 0.7946632420091324 0.6915905631659057 0.8032248858447488 0.7096651445966515 0.8117865296803654 0.7277397260273973 0.8232020547945206 0.7401065449010654 0.831763698630137 0.748668188736682 0.8453196347031964 0.7515220700152206 0.8531678082191781 0.7505707762557078 0.8595890410958905 0.748668188736682 0.8738584474885845 0.7391552511415526 0.8809931506849316 0.7220319634703196 0.8874143835616438 0.7039573820395738 0.8867009132420092 0.6811263318112634 0.8817066210045663 0.6687595129375951 0.8759988584474886 0.6678082191780822 0.8702910958904109 0.6744672754946728 0.8595890410958905 0.6773211567732116 0.8517408675799087 0.6811263318112634 0.8481735159817353 0.6992009132420092 0.8353310502283104 0.6944444444444444 0.8239155251141552 0.6830289193302892 0.8082191780821917 0.6925418569254186 0.8039383561643836 0.6934931506849316 0.8025114155251142 0.6801750380517504
0 0.935216894977169 0.5393835616438357 0.9252283105022832 0.5469939117199392 0.9123858447488585 0.5555555555555556 0.9109589041095891 0.577435312024353 0.9081050228310502 0.5936073059360731 0.9059646118721462 0.6202435312024354 0.9066780821917808 0.6392694063926941 0.9138127853881279 0.6440258751902588 0.9252283105022832 0.6459284627092846 0.9387842465753424 0.640220700152207 0.9459189497716896 0.6373668188736682 0.9573344748858448 0.6354642313546424 0.9701769406392694 0.6307077625570776 0.9823059360730595 0.625951293759513 0.9894406392694064 0.6202435312024354 0.9958618721461188 0.6069254185692542 0.9937214611872147 0.5869482496194824 0.9915810502283107 0.5707762557077626 0.988013698630137 0.5612633181126332 0.9765981735159818 0.5507990867579908 0.9637557077625571 0.5441400304414004 0.9523401826484019 0.5403348554033485