0 0.5200520833333334 0.44288194444444445 0.1067708333333333 0.12534722222222225
0 0.6434188838986128 0.4191551543033965 0.10871276779722568 0.138310308606793
0 0.6653163846685082 0.5369117577211706 0.10634639732965008 0.13450981789099206
0 0.7166053730756443 0.37200250835266374 0.08060657948462194 0.13081057226088297
0 0.7944010416666666 0.42083333333333334 0.10911458333333321 0.13333333333333328
0 0.8656801332302209 0.42366630291339696 0.07771443312710868 0.14524927249346048
0 0.9407515228417646 0.30697032467883995 0.11691971235019594 0.1458850938021243
0 0.9354166666666668 0.4864583333333333 0.1291666666666666 0.12430555555555566
0 0.8999062635497772 0.6077119012817801 0.11908336043288781 0.13486824700800473
0 0.6416666666666667 0.3628472222222222 0.6302083333333333 0.36493055555555554 0.6209311694290975 0.37250613873542054 0.6144207527624308 0.382575583179865 0.6049479166666667 0.396875 0.6033854166666667 0.4159722222222222 0.60625 0.4315972222222222 0.6190104166666667 0.4524305555555556 0.6309142288558357 0.4606818592707673 0.6426329788558357 0.474223525937434 0.6507058955225024 0.48498741482632285 0.6620608675151602 0.4902697340936785 0.6737957527624309 0.4846589165131983 0.6800457527624308 0.4787561387354205 0.6862957527624308 0.470075583179865 0.6872395833333333 0.45381944444444444 0.690625 0.4378472222222223 0.6934895833333333 0.42326388888888894 0.6964520027624308 0.40549224984653165 0.6917645027624308 0.38813113873542054 0.6854166666666667 0.37083333333333335 0.6776041666666667 0.3621527777777778 0.6625 0.3576388888888889
0 0.6634615458275495 0.48888188258468346 0.6570754184439378 0.49471033289105837 0.6501802958275494 0.4982568825846834 0.6363782124942161 0.5104096603624613 0.6290865458275494 0.5201318825846835 0.6280448791608828 0.5326318825846834 0.6340344624942161 0.5499929936957947 0.6418469624942161 0.5677013270291277 0.6527844624942161 0.5808957714735723 0.6592948791608828 0.5913124381402389 0.6694511291608828 0.6020763270291277 0.6835136291608828 0.6052013270291278 0.6973157124942162 0.5927013270291279 0.7078845268819922 0.5809457636086365 0.7146440942696796 0.5663866953890028 0.7169839445192636 0.5400417148010938 0.716203994436069 0.520282979360162 0.7097044104094465 0.5019108218449095 0.6973157124942162 0.48679854925135013 0.6861177958275495 0.4833263270291279 0.6754407124942161 0.4833263270291279
0 0.7255208333333333 0.3350694444444445 0.7213541666666667 0.32743055555555556 0.7127604166666667 0.32083333333333336 0.7059895833333333 0.31666666666666665 0.6973958333333333 0.3145833333333333 0.6893229166666667 0.3184027777777778 0.6825520833333333 0.328125 0.675 0.3409722222222222 0.6731770833333333 0.3590277777777778 0.6864583333333333 0.3625 0.6877948800227063 0.37135172962190083 0.6942944640493286 0.39111046506283265 0.6964934157657743 0.4071358873179446 0.6985767490991076 0.41442755398461123 0.6927083333333333 0.4378472222222222 0.7052083333333333 0.434375 0.71953125 0.42256944444444444 0.7315104166666667 0.4107638888888889 0.7369791666666667 0.39861111111111114 0.7419270833333333 0.3902777777777778 0.7481770833333333 0.38229166666666664 0.7533854166666667 0.3715277777777778 0.7528645833333333 0.36423611111111115 0.7484375 0.35104166666666664 0.7427083333333333 0.34444444444444444 0.7341145833333333 0.3423611111111111 0.73125 0.3371527777777778
0 0.7796091123832898 0.3830145831992718 0.7668486957166232 0.38197291653260507 0.7605986957166231 0.3868340276437162 0.7546875 0.39166666666666666 0.74765625 0.3972222222222222 0.7416666666666667 0.41111111111111115 0.7416666666666667 0.4197916666666667 0.7424479166666667 0.4305555555555555 0.7449736957166232 0.4434312498659384 0.7426299457166232 0.45488958319927175 0.7415882790499565 0.4660006943103829 0.745626895532461 0.47976105342640507 0.7518768955324611 0.48427494231529394 0.7639841123832898 0.48405624986593854 0.7764841123832898 0.4802368054214941 0.7887236957166232 0.4795423609770496 0.7996102236565514 0.47621081385229647 0.8068897577663684 0.4713577911124185 0.8149492419593798 0.4595718787441434 0.8206688759028076 0.4495191887829676 0.8227487427913267 0.4321869647119748 0.8195852288657942 0.4231638312041828 0.8159328959484344 0.41515692142418664 0.8138020833333333 0.40520833333333334 0.8111979166666664 0.4 0.8026041666666665 0.3909722222222222 0.7927558126151011 0.38599025475751997
0 0.84140625 0.3902777777777778 0.8286458333333334 0.40138888888888885 0.8494791666666666 0.4190972222222222 0.8296875 0.4152777777777778 0.839190428092528 0.4364286546925576 0.8278645833333333 0.43819444444444444 0.8286458333333334 0.4534722222222222 0.8348958333333334 0.4597222222222222 0.8455729166666666 0.4670138888888889 0.8541666666666666 0.4753472222222222 0.8678362614258613 0.4787897658036687 0.8792923947158355 0.49479758451996825 0.8921874999999998 0.4961805555555555 0.8993444780491687 0.491325362297746 0.902209061382502 0.4847281400755238 0.9019486447158356 0.47257536229774594 0.900127928092528 0.4649008769147798 0.9033854166666666 0.45555555555555555 0.8981770833333333 0.4465277777777778 0.9049479166666666 0.43125 0.9052083333333334 0.41944444444444445 0.9014300114258612 0.4055258769147798 0.8972633447591944 0.3989286546925576 0.8901041666666666 0.3878472222222222 0.8760416666666666 0.3815972222222222 0.8630208333333333 0.3819444444444445 0.8515625 0.38333333333333336
0 0.903125 0.2881944444444445 0.89296875 0.3079861111111111 0.8846354166666666 0.3302083333333333 0.8830729166666667 0.3541666666666667 0.8955729166666666 0.375 0.9119791666666666 0.38125 0.9325520833333334 0.38055555555555554 0.9577021147994594 0.3768321916409013 0.9784117142469733 0.3723374863002015 0.9875262975803066 0.3633097085224238 0.9950752208948865 0.3552725678963544 0.9971550877834057 0.3400202107138808 0.9932553373674324 0.32511449801282694 0.9883156535071993 0.3084755629046739 0.9809330381492787 0.2975583716110554 0.9723392881492787 0.2836694827221665 0.9606205381492787 0.2722111493888332 0.9473392881492787 0.26422503827772204 0.9361979166666666 0.26284722222222223 0.925 0.26458333333333334 0.9114583333333334 0.2715277777777778
0 0.9203872105039792 0.4583658496071107 0.9141372105039792 0.4663519607182218 0.9107517938373124 0.476074182940444 0.9073663771706457 0.48996307182933296 0.9042413771706457 0.5028102940515552 0.9076267938373125 0.5166991829404441 0.9146580438373124 0.5274630718293329 0.9240330438373124 0.5340602940515552 0.9341892938373124 0.5389214051626664 0.9427830438373125 0.5378797384959998 0.9528645833333333 0.5371527777777778 0.9627604166666666 0.540625 0.9763020833333333 0.54375 0.9859375 0.5454861111111111 0.9984375 0.545138888888889 0.9984375 0.4753472222222222 0.99453125 0.4666666666666667 0.9908854166666666 0.459375 0.9854166666666666 0.45069444444444445 0.98125 0.4434027777777778 0.975 0.43854166666666666 0.9669270833333334 0.434375 0.9591145833333334 0.43506944444444445 0.9479913771706456 0.439963071829333 0.9386163771706458 0.4420464051626663 0.9276788771706457 0.4517686273848885
0 0.9032328500036769 0.5676779109709723 0.8958333333333334 0.5663194444444445 0.8880208333333334 0.5677083333333334 0.88046875 0.5729166666666666 0.87421875 0.578125 0.8661458333333334 0.584375 0.86171875 0.5975694444444445 0.859375 0.6125 0.8669270833333333 0.6256944444444446 0.87421875 0.6371527777777779 0.8838541666666668 0.6454861111111112 0.8952253576949711 0.6487332123205747 0.9074649410283044 0.6560248789872413 0.9190437500766064 0.663537762926328 0.9289062500000002 0.6659722222222223 0.9361398106248642 0.6737153023557013 0.9494791666666667 0.6715277777777778 0.9528645833333333 0.6687500000000001 0.9591145833333334 0.6538194444444445 0.95703125 0.6295138888888889 0.9552083333333334 0.6152777777777778 0.9541666666666666 0.5927083333333335 0.9502604166666666 0.5729166666666667 0.9388020833333334 0.5628472222222223 0.9256941076949714 0.5643582123205747 0.9121524410283044 0.5629693234316859 0.9066836910283044 0.566094323431686
0 0.49140625 0.46701388888888895 0.4911458333333333 0.4559027777777779 0.4903645833333333 0.44340277777777787 0.4903645833333333 0.42048611111111117 0.5049479166666667 0.40625000000000006 0.51328125 0.3982638888888889 0.5216145833333333 0.39965277777777786 0.5291666666666667 0.40312500000000007 0.5362498008230603 0.3989752506054469 0.5521352174897272 0.4083381180485973 0.5584496052657788 0.4257234719298407 0.5628693224038819 0.44721542977787176 0.5592295553489735 0.46385436488602483 0.5563697383772597 0.47286712140294107 0.5472703207399884 0.4863862561783155 0.5369791666666667 0.5020833333333334 0.5262116684937321 0.504411769212148 0.5150323839679418 0.49921210199085014 0.5051530162474759 0.49366579028813246 0.4986534322208535 0.48673290065973535 0.496875 0.4798611111111112
0 0.4075520833333333 0.3914930555555556 0.09427083333333335 0.1184027777777778
0 0.4080729166666667 0.4625 0.0921875 0.1381944444444444
0 0.3807291666666667 0.3486111111111111 0.3731770833333333 0.35624999999999996 0.36776158443723317 0.3635103729051948 0.365625 0.37986111111111115 0.36302083333333335 0.3965277777777778 0.3614583333333333 0.4159722222222222 0.36666666666666664 0.4277777777777778 0.38359375 0.4496527777777778 0.3927083333333333 0.4361111111111111 0.4026041666666667 0.428125 0.40104166666666663 0.4124999999999999 0.4140625 0.4159722222222222 0.4161458333333333 0.3934027777777778 0.4263020833333332 0.4177083333333333 0.4325520833333332 0.40972222222222215 0.4377604166666666 0.40034722222222213 0.43828125 0.3954861111111111 0.4322916666666667 0.3902777777777778 0.4286458333333333 0.38645833333333335 0.4252604166666667 0.3836805555555555 0.4208333333333333 0.3802083333333333 0.41619908443723297 0.37566315068297257 0.41046991777056635 0.3676770395718615 0.406042834437233 0.3617742617940837 0.39901158443723317 0.3603853729051948 0.39453125 0.35347222222222213 0.3875532511038998 0.34580203957186145
0 0.4046875 0.425 0.3953125 0.434375 0.38660018226605136 0.44660351927777425 0.38217309893271806 0.4563257414999965 0.37748559893271805 0.47472851927777426 0.3746210155993847 0.4872285192777743 0.3686314322660514 0.49590907483332985 0.36628768226605135 0.5063257414999965 0.3678501822660514 0.5229924081666631 0.37421875 0.526736111111111 0.38255208333333335 0.5288194444444442 0.3942708333333333 0.5263888888888889 0.40755208333333337 0.5260416666666667 0.4195312499999999 0.525 0.4312499999999999 0.5222222222222223 0.4375000000000001 0.5190972222222222 0.4427083333333333 0.5118055555555555 0.4432291666666667 0.5052083333333334 0.4479166666666667 0.5 0.4458333333333333 0.4934027777777778 0.4447916666666667 0.490625 0.4450520833333333 0.48680555555555555 0.44453125 0.4809027777777778 0.4440104166666667 0.47361111111111115 0.4421875 0.46631944444444445 0.4395833333333333 0.4565972222222222 0.43359375 0.4461805555555555 0.4291666666666667 0.4378472222222222 0.4151041666666667 0.42743055555555554
0 0.23658854166666665 0.30850694444444443 0.1138020833333333 0.11979166666666664
0 0.20442708333333331 0.4164930555555556 0.09010416666666665 0.13159722222222225
0 0.21063531363090368 0.2977966370250524 0.20491567968747604 0.31582215005888487 0.20621559649280052 0.3286479958714195 0.21089529699196857 0.34563357546099244 0.2251943818505376 0.358806065754947 0.2394934667091067 0.3688587557161228 0.25353256820661085 0.3695520446789625 0.2671875 0.3621527777777778 0.2786458333333333 0.35555555555555557 0.2907101888388904 0.35221982060796975 0.2903645833333333 0.34166666666666673 0.28776041666666663 0.32638888888888895 0.2796875 0.3121527777777778 0.2690104166666666 0.2961805555555556 0.25691235190045436 0.27803790158412056 0.24339321712508005 0.27387816780708235 0.23091401579396525 0.27387816780708235 0.22077466471243445 0.2811577019168993
0 0.18177083333333333 0.453125 0.17109375 0.4427083333333333 0.16484375 0.42430555555555555 0.16666666666666666 0.4034722222222222 0.17291666666666666 0.3868055555555555 0.18203125 0.3680555555555555 0.19817708333333334 0.36770833333333336 0.2012880451894173 0.3886459185580815 0.21922689710289486 0.3855261182253028 0.2285862981012309 0.3810197399668447 0.240285549349151 0.3917657188908602 0.24938496698642232 0.4111778098503721 0.24912498362535743 0.42851003392136494 0.24392531640405948 0.4413358797338996 0.23196608179507455 0.4558949479535335 0.21922689710289486 0.4711473051360072 0.20596774568858534 0.48189328406002274 0.19869791666666667 0.471875 0.19036458333333334 0.4635416666666667
0 0.09921875 0.5309027777777777 0.1140625 0.5128472222222222 0.12552083333333336 0.5201388888888888 0.11328125 0.5284722222222222 0.11171875 0.5451388888888888 0.1231770833333333 0.5468749999999999 0.14088541666666665 0.5447916666666666 0.15338541666666666 0.5524305555555554 0.16614583333333327 0.5614583333333332 0.17343749999999997 0.5524305555555554 0.18515624999999997 0.5565972222222222 0.18333333333333326 0.5718749999999999 0.17630208333333325 0.5829861111111111 0.15807291666666665 0.5975694444444444 0.14140625 0.6118055555555555 0.12838541666666664 0.6187499999999999 0.11666666666666667 0.6170138888888889 0.1109375 0.6086805555555554
0 0.1534257021178637 0.550642648864334 0.1109375 0.13611111111111107