0 0.13411902730375427 0.3174772468714448 0.10185580204778155 0.10594425483503983
0 0.09678967576791808 0.45755119453924914 0.09972269624573378 0.1258532423208191
0 0.051994453924914676 0.5933589306029579 0.10292235494880544 0.12443117178612055
0 0.3101002559726962 0.41382252559726956 0.08159129692832763 0.11518771331058021
0 0.3242320819112628 0.51443401592719 0.08425767918088738 0.1144766780432309
0 0.4404863481228669 0.4995022753128555 0.08319112627986347 0.12158703071672351
0 0.5604735494880545 0.49950227531285557 0.08852389078498293 0.13154152445961323
0 0.577005119453925 0.5876706484641637 0.08745733788395897 0.10878839590443684
0 0.6234001706484641 0.4166666666666667 0.07892491467576787 0.11803185437997724
0 0.6844603242320819 0.481726393629124 0.08799061433447104 0.11021046643913539
0 0.7572525597269625 0.48705915813424344 0.07359215017064846 0.10949943117178608
0 0.7700511945392492 0.6310437997724686 0.0778583617747441 0.09883390216154725
0 0.8308447098976111 0.38573663253697377 0.09918941979522185 0.11021046643913532
0 0.8212457337883958 0.5378981797497155 0.08212457337883965 0.1073663253697383
0 0.8927047781569964 0.4504408418657565 0.0863907849829351 0.10025597269624574
0 0.9612308020477816 0.4760381114903299 0.07092576791808866 0.10167804323094423
0 0.9588310580204776 0.6353100113765642 0.07892491467576779 0.1073663253697384
0 0.10452218430034128 0.27872582480091007 0.0997226962457338 0.28512514220705343 0.09012372013651877 0.3014789533560865 0.08745733788395904 0.3100113765642776 0.08425767918088736 0.3199658703071672 0.08319112627986348 0.33703071672354945 0.08745733788395904 0.34840728100113766 0.09545648464163822 0.35551763367463024 0.10345563139931739 0.3604948805460751 0.11678754266211604 0.3633390216154721 0.12585324232081913 0.3668941979522184 0.136518771331058 0.3676052332195677 0.15198378839590443 0.3633390216154721 0.1631825938566553 0.3612059158134243 0.17704778156996587 0.3583617747440273 0.18558020477815698 0.35125142207053467 0.1871800341296928 0.341296928327645 0.18398037542662116 0.32849829351535836 0.17598122866894197 0.31783276450511944 0.16638225255972697 0.3078782707622298 0.15944965870307165 0.2986348122866894 0.1493174061433447 0.2872582480091012 0.13918515358361774 0.2773037542662116 0.13011945392491467 0.27161547212741755 0.12158703071672354 0.270193401592719 0.11198805460750853 0.2709044368600682
0 0.06985921501706485 0.3996018202502844 0.06612627986348123 0.4031569965870307 0.05439419795221843 0.4173777019340159 0.04959470989761092 0.42662116040955633 0.04852815699658703 0.43870875995449377 0.04959470989761092 0.455773606370876 0.05492747440273037 0.4643060295790671 0.061860068259385656 0.47070534698521044 0.0762585324232082 0.4842150170648464 0.08212457337883958 0.49203640500568824 0.08852389078498293 0.49772468714448237 0.09598976109215016 0.5062571103526735 0.10185580204778158 0.5133674630261661 0.10772184300341296 0.5155005688282138 0.11945392491467577 0.5133674630261661 0.12958617747440274 0.4927474402730375 0.1327858361774744 0.4735494880546075 0.13918515358361774 0.45292946530147893 0.14345136518771331 0.4401308304891922 0.14345136518771331 0.42733219567690556 0.13065273037542663 0.41595563139931735 0.12318686006825938 0.4102673492605233 0.1199872013651877 0.4102673492605233 0.10612201365187712 0.42662116040955633 0.09865614334470989 0.4287542662116041 0.08852389078498293 0.42662116040955633 0.08159129692832764 0.41097838452787255 0.0799914675767918 0.4017349260523322
0 0.002133105802047781 0.5702502844141069 0.0026663822525597267 0.5887372013651877 0.0037329351535836178 0.5972696245733788 0.0074658703071672355 0.611490329920364 0.012798634812286689 0.6257110352673492 0.015465017064846414 0.6321103526734926 0.01866467576791809 0.6406427758816837 0.02293088737201365 0.6477531285551763 0.029330204778156992 0.6527303754266212 0.04106228668941979 0.649886234357224 0.052794368600682595 0.641353811149033 0.06879266211604095 0.6321103526734926 0.08425767918088736 0.6164675767918089 0.0810580204778157 0.6136234357224117 0.07039249146757678 0.6079351535836177 0.06026023890784983 0.6022468714448236 0.05439419795221843 0.5986916951080773 0.04266211604095563 0.602957906712173 0.03199658703071672 0.6058020477815699 0.024530716723549485 0.6079351535836177 0.02079778156996587 0.6050910125142207 0.019731228668941978 0.5930034129692833 0.024530716723549485 0.5823378839590443 0.024530716723549485 0.5773606370875995 0.015465017064846414 0.5688282138794084 0.009598976109215018 0.5688282138794084
0 0.2794368600682594 0.37329351535836175 0.27463737201365185 0.3917804323094425 0.27250426621160406 0.4017349260523322 0.2714377133105802 0.4152445961319681 0.27197098976109213 0.43302047781569963 0.2773037542662116 0.4479522184300341 0.282636518771331 0.458617747440273 0.2890358361774744 0.46643913538111487 0.2949018771331058 0.46928327645051193 0.302367747440273 0.46928327645051193 0.30823378839590443 0.46572810011376564 0.3114334470989761 0.46075085324232085 0.3188993174061433 0.455773606370876 0.32263225255972694 0.4536405005688282 0.33329778156996587 0.44724118316268485 0.33969709897610917 0.4408418657565415 0.3444965870307167 0.43230944254835035 0.34662969283276446 0.42662116040955633 0.3290315699658703 0.4187997724687144 0.3242320819112628 0.4145335608646189 0.3188993174061433 0.41097838452787255 0.31303327645051193 0.4052901023890785 0.3066339590443686 0.3946245733788396 0.30130119453924914 0.3853811149032992 0.2954351535836177 0.3775597269624573 0.2890358361774744 0.37329351535836175
0 0.31836604095563137 0.4643060295790671 0.30716723549488056 0.46857224118316265 0.302367747440273 0.4792377701934016 0.29756825938566556 0.48990329920364045 0.2949018771331058 0.5019908987485778 0.2906356655290102 0.5197667804323094 0.28690273037542663 0.5325654152445961 0.28423634812286686 0.5439419795221843 0.28476962457337884 0.5546075085324232 0.29223549488054607 0.5659840728100113 0.29756825938566556 0.5674061433447098 0.3066339590443686 0.5674061433447098 0.31623293515358364 0.5652730375426621 0.3268984641638225 0.5638509670079636 0.341296928327645 0.559584755403868 0.35089590443686003 0.5546075085324232 0.3599616040955631 0.546075085324232 0.3647610921501706 0.5339874857792946 0.3647610921501706 0.5233219567690557 0.3599616040955631 0.5119453924914675 0.35569539249146753 0.504835039817975 0.351429180887372 0.49488054607508525 0.34662969283276446 0.4877701934015927 0.3386305460750853 0.4763936291240045 0.3338310580204778 0.46928327645051193 0.32743174061433444 0.46359499431171786
0 0.41702218430034127 0.44937428896473264 0.4079564846416382 0.455773606370876 0.40262372013651876 0.47070534698521044 0.4010238907849829 0.49061433447098973 0.4042235494880546 0.5019908987485778 0.40688993174061433 0.5147895335608647 0.4106228668941979 0.5247440273037542 0.41755546075085326 0.5311433447098975 0.4218216723549488 0.5361205915813424 0.4276877133105802 0.5425199089874858 0.43355375426621157 0.5474971558589306 0.43888651877133106 0.551052332195677 0.44741894197952214 0.5524744027303754 0.45381825938566556 0.5482081911262798 0.4575511945392491 0.5361205915813424 0.46181740614334466 0.5233219567690557 0.46875 0.5133674630261661 0.4735494880546075 0.5034129692832764 0.4772824232081911 0.4891922639362912 0.4778156996587031 0.4778156996587031 0.47568259385665523 0.46501706484641636 0.467683447098976 0.455773606370876 0.4580844709897611 0.4479522184300341 0.4511518771331057 0.44653014789533557 0.4415529010238908 0.4443970420932878 0.43142064846416384 0.44368600682593856 0.42288822525597264 0.44510807736063707
0 0.5215443686006827 0.46572810011376564 0.5188779863481228 0.47426052332195673 0.5188779863481228 0.4842150170648464 0.5215443686006827 0.49701365187713303 0.5279436860068258 0.5112343572241183 0.5338097269624573 0.518344709897611 0.5455418088737202 0.5282992036405005 0.5508745733788396 0.5375426621160408 0.5572738907849829 0.5453640500568828 0.5674061433447098 0.5581626848691694 0.5722056313993173 0.559584755403868 0.5791382252559727 0.5610068259385665 0.5882039249146758 0.5546075085324232 0.5898037542662116 0.5432309442548351 0.5946032423208191 0.526877133105802 0.5967363481228668 0.5126564277588168 0.5988694539249146 0.504835039817975 0.6036689419795221 0.48705915813424344 0.6058020477815699 0.4714163822525597 0.604735494880546 0.46501706484641636 0.6015358361774743 0.46075085324232085 0.5898037542662116 0.4571956769055745 0.5786049488054608 0.4571956769055745 0.5722056313993173 0.4571956769055745 0.5626066552901023 0.4571956769055745 0.5519411262798635 0.45435153583617743 0.5450085324232081 0.45292946530147893 0.5332764505119454 0.4571956769055745
0 0.535942832764505 0.5830489192263937 0.5396757679180887 0.5958475540386803 0.5476749146757679 0.6065130830489192 0.5519411262798635 0.6136234357224117 0.5610068259385665 0.6242889647326507 0.5695392491467577 0.6328213879408419 0.5764718430034129 0.6370875995449374 0.5887372013651877 0.6392207053469853 0.596203071672355 0.6328213879408419 0.6010025597269625 0.6257110352673492 0.6090017064846416 0.6207337883959044 0.6143344709897611 0.611490329920364 0.6159343003412969 0.6001137656427759 0.6164675767918089 0.5873151308304893 0.6164675767918089 0.575938566552901 0.6159343003412969 0.5716723549488054 0.615401023890785 0.5631399317406144 0.6122013651877133 0.5496302616609783 0.6095349829351535 0.5446530147895335 0.6036689419795221 0.5382536973833901 0.6010025597269625 0.5439419795221843 0.5972696245733788 0.5489192263936291 0.5908703071672354 0.5524744027303754 0.585537542662116 0.559584755403868 0.5716723549488054 0.5688282138794084 0.5668728668941979 0.5695392491467576 0.5647397610921502 0.5766496018202503 0.5610068259385665 0.581626848691695 0.5535409556313993 0.581626848691695 0.5508745733788396 0.5766496018202503 0.5487414675767918 0.5723833902161547
0 0.6063353242320819 0.3604948805460751 0.5967363481228668 0.3668941979522184 0.5898037542662116 0.374004550625711 0.5871373720136519 0.3853811149032992 0.5866040955631399 0.40742320819112626 0.5866040955631399 0.425910125142207 0.5887372013651877 0.4337315130830489 0.5956697952218429 0.4401308304891922 0.6015358361774743 0.4415529010238908 0.6079351535836177 0.4458191126279863 0.6079351535836177 0.45435153583617743 0.6074018771331058 0.46715017064846415 0.6058020477815699 0.47283845278725817 0.6164675767918089 0.46857224118316265 0.6297994880546074 0.4593287827076223 0.6404650170648464 0.4458191126279863 0.6495307167235495 0.4408418657565415 0.6553967576791808 0.43017633674630257 0.6585964163822525 0.4173777019340159 0.6564633105802048 0.41097838452787255 0.6484641638225256 0.40671217292377704 0.64419795221843 0.4003128555176337 0.6377986348122866 0.38964732650739475 0.6335324232081911 0.3832480091012514 0.6276663822525597 0.3775597269624573 0.6234001706484642 0.37329351535836175 0.615401023890785 0.36831626848691695
0 0.6724616040955631 0.43017633674630257 0.6649957337883958 0.43230944254835035 0.6553967576791808 0.439419795221843 0.6500639931740614 0.4479522184300341 0.6468643344709897 0.4643060295790671 0.64419795221843 0.4799488054607508 0.64419795221843 0.4963026166097838 0.644731228668942 0.5119453924914675 0.6473976109215017 0.524032992036405 0.6500639931740614 0.5282992036405005 0.6548634812286689 0.5311433447098975 0.6649957337883958 0.5318543799772468 0.6788609215017065 0.5282992036405005 0.683660409556314 0.524032992036405 0.692726109215017 0.5204778156996587 0.702325085324232 0.5112343572241183 0.712990614334471 0.5012798634812287 0.7183233788395904 0.49203640500568824 0.7193899317406143 0.4756825938566553 0.7161902730375427 0.46146188850967007 0.7119240614334471 0.45435153583617743 0.7033916382252559 0.44653014789533557 0.6969923208191127 0.4443970420932878 0.6916595563139931 0.44226393629124 0.6857935153583617 0.43444254835039814 0.6788609215017065 0.43088737201365185
0 0.7289889078498293 0.44653014789533557 0.7263225255972696 0.45292946530147893 0.7241894197952219 0.46857224118316265 0.7241894197952219 0.4806598407281001 0.7295221843003412 0.491325369738339 0.7391211604095563 0.5062571103526735 0.7465870307167235 0.5133674630261661 0.7556527303754266 0.5233219567690557 0.7641851535836177 0.5311433447098975 0.771117747440273 0.5361205915813424 0.7796501706484642 0.5311433447098975 0.7828498293515358 0.5041240045506257 0.7833831058020477 0.49701365187713303 0.7871160409556314 0.4792377701934016 0.790848976109215 0.46359499431171786 0.7924488054607508 0.45008532423208186 0.7913822525597269 0.4458191126279863 0.7791168941979522 0.43799772468714443 0.7737841296928327 0.4351535836177474 0.7679180887372012 0.4415529010238908 0.7657849829351535 0.4479522184300341 0.7540529010238908 0.44724118316268485 0.7444539249146758 0.4408418657565415 0.7348549488054607 0.4408418657565415
0 0.7369880546075085 0.6100682593856654 0.7348549488054607 0.6221558589306029 0.7380546075085324 0.6356655290102389 0.7465870307167235 0.6434869169510807 0.7556527303754266 0.649886234357224 0.761518771331058 0.6555745164960182 0.7705844709897611 0.6633959044368601 0.78125 0.6726393629124005 0.7881825938566552 0.6761945392491467 0.7972482935153583 0.6761945392491467 0.8031143344709897 0.6619738339021615 0.8057807167235496 0.6399317406143344 0.8073805460750852 0.6221558589306029 0.8073805460750852 0.6022468714448236 0.8068472696245733 0.5901592718998862 0.800981228668942 0.5873151308304893 0.7951151877133105 0.5937144482366324 0.7924488054607508 0.6043799772468714 0.7855162116040956 0.611490329920364 0.7721843003412969 0.6058020477815699 0.761518771331058 0.5972696245733788 0.7561860068259385 0.5965585893060296 0.7460537542662116 0.6015358361774743 0.7412542662116041 0.6043799772468714
0 0.7807167235494881 0.5432309442548351 0.7833831058020477 0.5524744027303754 0.7919155290102389 0.5617178612059157 0.7972482935153583 0.5659840728100113 0.8052474402730375 0.5709613196814562 0.8143131399317406 0.5723833902161547 0.8212457337883958 0.5745164960182024 0.8303114334470989 0.5802047781569966 0.8388438566552902 0.5866040955631399 0.848442832764505 0.5880261660978384 0.8564419795221843 0.5802047781569966 0.859641638225256 0.5688282138794084 0.8601749146757678 0.5617178612059157 0.8580418088737201 0.5524744027303754 0.8569752559726963 0.5474971558589306 0.8569752559726963 0.5297212741751991 0.8564419795221843 0.5098122866894198 0.8521757679180887 0.49772468714448237 0.8431100682593856 0.4927474402730375 0.8340443686006825 0.4891922639362912 0.8361774744027303 0.4998577929465301 0.8319112627986348 0.504835039817975 0.8228455631399317 0.5091012514220705 0.8127133105802047 0.5119453924914675 0.8089803754266212 0.5155005688282138 0.8047141638225256 0.5261660978384527 0.799381399317406 0.5332764505119454 0.7865827645051194 0.5339874857792946 0.7839163822525597 0.5339874857792946
0 0.8180460750853242 0.33916382252559724 0.8068472696245733 0.35338452787258245 0.799381399317406 0.3668941979522184 0.790848976109215 0.3839590443686006 0.7871160409556314 0.3946245733788396 0.7876493174061433 0.4081342434584755 0.7919155290102389 0.4195108077360637 0.7988481228668942 0.42946530147895334 0.8121800341296928 0.43444254835039814 0.8244453924914674 0.436575654152446 0.8329778156996588 0.436575654152446 0.8436433447098975 0.436575654152446 0.8575085324232081 0.436575654152446 0.8660409556313994 0.4351535836177474 0.8692406143344709 0.43017633674630257 0.8703071672354948 0.4202218430034129 0.8713737201365188 0.41097838452787255 0.8713737201365188 0.4017349260523322 0.8713737201365188 0.39035836177474403 0.8703071672354948 0.37329351535836175 0.8665742320819112 0.36191695108077354 0.859641638225256 0.35125142207053467 0.8521757679180887 0.3405858930602958 0.8425767918088736 0.33560864618885095 0.8335110921501705 0.33418657565415244