0 0.39970930232558144 0.5062984496124031 0.06976744186046516 0.0939922480620155
0 0.3713662790697675 0.616279069767442 0.06395348837209305 0.10658914728682174
0 0.3328488372093023 0.7204457364341086 0.0581395348837209 0.10368217054263565
0 0.5446947674418604 0.6623062015503877 0.07049418604651167 0.09399224806201557
0 0.4767441860465117 0.5329457364341086 0 0
0 0.4774709302325581 0.5310077519379844 0 0
0 0.5287063953488372 0.5760658914728682 0.06468023255813948 0.10562015503875971
0 0.6337209302325582 0.6472868217054265 0.0654069767441861 0.10658914728682174
0 0.7845203488372092 0.5789728682170544 0.06613372093023254 0.09980620155038764
0 0.8357558139534884 0.6298449612403102 0.06686046511627915 0.0988372093023255
0 0.7398255813953488 0.6550387596899225 0.07558139534883726 0.10271317829457374
0 0.96171875 0.5489583333333333 0.0765625 0.10625
0 0.9007994186046513 0.6337209302325582 0.06468023255813957 0.09689922480620154
0 0.9609375 0.678125 0.078125 0.11041666666666666
0 0.9211482558139537 0.7553294573643411 0.07340116279069768 0.09980620155038764
0 0.7521802325581396 0.7238372093023256 0.0741279069767442 0.0949612403100776
0 0.3640625 0.525 0.3640625 0.5333333333333333 0.365625 0.5354166666666667 0.365625 0.5375 0.3671875 0.5375 0.375 0.5479166666666667 0.378125 0.5479166666666667 0.3796875 0.55 0.390625 0.55 0.3921875 0.5479166666666667 0.3984375 0.5479166666666667 0.4 0.5458333333333333 0.4015625 0.5458333333333333 0.403125 0.54375 0.4078125 0.54375 0.409375 0.5416666666666666 0.4203125 0.5416666666666666 0.421875 0.5395833333333333 0.425 0.5395833333333333 0.4265625 0.5375 0.428125 0.5375 0.4296875 0.5354166666666667 0.4296875 0.5333333333333333 0.43125 0.53125 0.43125 0.525 0.4296875 0.5229166666666667 0.4296875 0.5208333333333334 0.428125 0.51875 0.428125 0.5166666666666667 0.4171875 0.5020833333333333 0.4171875 0.5 0.403125 0.48125 0.4015625 0.48125 0.4 0.4791666666666667 0.3984375 0.4791666666666667 0.396875 0.47708333333333336 0.3875 0.47708333333333336 0.3859375 0.4791666666666667 0.3828125 0.4791666666666667 0.378125 0.48541666666666666 0.378125 0.4875 0.3765625 0.4895833333333333 0.3765625 0.49166666666666664 0.375 0.49375 0.375 0.49583333333333335 0.3734375 0.4979166666666667 0.3734375 0.5 0.371875 0.5020833333333333 0.371875 0.50625 0.3703125 0.5083333333333333 0.3703125 0.5104166666666666 0.3671875 0.5145833333333333 0.3671875 0.5166666666666667 0.365625 0.51875 0.365625 0.5229166666666667
0 0.3578125 0.58125 0.35625 0.5833333333333334 0.3546875 0.5833333333333334 0.353125 0.5854166666666667 0.3515625 0.5854166666666667 0.35 0.5875 0.3484375 0.5875 0.34375 0.59375 0.34375 0.5958333333333333 0.3421875 0.5979166666666667 0.3421875 0.6020833333333333 0.340625 0.6041666666666666 0.3421875 0.60625 0.3421875 0.6145833333333334 0.34375 0.6166666666666667 0.34375 0.6208333333333333 0.3453125 0.6229166666666667 0.3453125 0.625 0.3515625 0.6333333333333333 0.3515625 0.6354166666666666 0.353125 0.6354166666666666 0.375 0.6645833333333333 0.3765625 0.6645833333333333 0.378125 0.6666666666666666 0.3828125 0.6666666666666666 0.3890625 0.6583333333333333 0.3890625 0.65625 0.390625 0.6541666666666667 0.390625 0.6520833333333333 0.3921875 0.65 0.3921875 0.6458333333333334 0.39375 0.64375 0.39375 0.6395833333333333 0.3953125 0.6375 0.3953125 0.6333333333333333 0.396875 0.63125 0.396875 0.6270833333333333 0.3984375 0.625 0.3984375 0.6229166666666667 0.4 0.6208333333333333 0.4 0.61875 0.4015625 0.6166666666666667 0.4015625 0.6125 0.403125 0.6104166666666667 0.403125 0.5958333333333333 0.4015625 0.59375 0.4015625 0.5916666666666667 0.396875 0.5854166666666667 0.39375 0.5854166666666667 0.3921875 0.5875 0.3921875 0.5895833333333333 0.390625 0.5916666666666667 0.390625 0.59375 0.3859375 0.6 0.384375 0.6 0.3828125 0.6020833333333333 0.378125 0.6020833333333333 0.3765625 0.6 0.3765625 0.5979166666666667 0.375 0.5958333333333333 0.375 0.59375 0.3734375 0.5916666666666667 0.3734375 0.5875 0.36875 0.58125
0 0.3046875 0.7104166666666667 0.3046875 0.725 0.30625 0.7270833333333333 0.30625 0.7333333333333333 0.3078125 0.7354166666666667 0.3078125 0.7375 0.309375 0.7395833333333334 0.309375 0.7458333333333333 0.3109375 0.7479166666666667 0.3109375 0.7541666666666667 0.3125 0.75625 0.3125 0.7604166666666666 0.3140625 0.7625 0.3140625 0.7645833333333333 0.315625 0.7645833333333333 0.3171875 0.7666666666666667 0.31875 0.7666666666666667 0.3203125 0.76875 0.3265625 0.76875 0.328125 0.7666666666666667 0.33125 0.7666666666666667 0.334375 0.7625 0.3359375 0.7625 0.3390625 0.7583333333333333 0.340625 0.7583333333333333 0.3453125 0.7520833333333333 0.3484375 0.7520833333333333 0.35 0.75 0.3515625 0.75 0.353125 0.7479166666666667 0.3546875 0.7479166666666667 0.3578125 0.74375 0.3578125 0.7416666666666667 0.359375 0.7395833333333334 0.3578125 0.7375 0.35625 0.7375 0.353125 0.7333333333333333 0.3515625 0.7333333333333333 0.35 0.73125 0.346875 0.73125 0.34375 0.7354166666666667 0.3421875 0.7354166666666667 0.3390625 0.7395833333333334 0.33125 0.7395833333333334 0.3296875 0.7375 0.3296875 0.7354166666666667 0.328125 0.7333333333333333 0.328125 0.7125 0.3265625 0.7125 0.325 0.7104166666666667 0.321875 0.7104166666666667 0.3203125 0.7083333333333334 0.31875 0.7083333333333334 0.3125 0.7 0.3109375 0.7020833333333333 0.309375 0.7020833333333333 0.309375 0.7041666666666667
0 0.5109375 0.5458333333333333 0.509375 0.5479166666666667 0.5078125 0.5479166666666667 0.5078125 0.55 0.50625 0.5520833333333334 0.50625 0.5541666666666667 0.5046875 0.55625 0.5046875 0.5583333333333333 0.503125 0.5604166666666667 0.503125 0.5625 0.5015625 0.5645833333333333 0.5015625 0.5666666666666667 0.5 0.56875 0.5 0.5729166666666666 0.4984375 0.575 0.4984375 0.5770833333333333 0.496875 0.5791666666666667 0.496875 0.5979166666666667 0.5046875 0.6083333333333333 0.5046875 0.6125 0.50625 0.6145833333333334 0.50625 0.6166666666666667 0.5109375 0.6229166666666667 0.5125 0.6229166666666667 0.5140625 0.625 0.5234375 0.625 0.525 0.6229166666666667 0.5265625 0.6229166666666667 0.528125 0.6208333333333333 0.5296875 0.6208333333333333 0.53125 0.61875 0.5328125 0.61875 0.5359375 0.6145833333333334 0.5375 0.6145833333333334 0.5390625 0.6125 0.540625 0.6125 0.5421875 0.6104166666666667 0.5453125 0.6104166666666667 0.546875 0.6083333333333333 0.5484375 0.6083333333333333 0.55 0.60625 0.55 0.6041666666666666 0.553125 0.6 0.553125 0.5979166666666667 0.5546875 0.5958333333333333 0.5546875 0.59375 0.5515625 0.5895833333333333 0.55 0.5895833333333333 0.5453125 0.5833333333333334 0.54375 0.5833333333333334 0.5359375 0.5729166666666666 0.5359375 0.5708333333333333 0.534375 0.56875 0.534375 0.5666666666666667 0.5234375 0.5520833333333334 0.5203125 0.5520833333333334 0.51875 0.55 0.5171875 0.55 0.5140625 0.5458333333333333
0 0.5453125 0.61875 0.5375 0.61875 0.5359375 0.6208333333333333 0.534375 0.6208333333333333 0.5328125 0.6229166666666667 0.53125 0.6229166666666667 0.5234375 0.6333333333333333 0.5234375 0.6354166666666666 0.521875 0.6375 0.521875 0.6395833333333333 0.5203125 0.6416666666666667 0.5203125 0.64375 0.51875 0.6458333333333334 0.51875 0.65 0.5171875 0.6520833333333333 0.5171875 0.6583333333333333 0.515625 0.6604166666666667 0.515625 0.6645833333333333 0.5140625 0.6666666666666666 0.5140625 0.675 0.5125 0.6770833333333334 0.5125 0.68125 0.5109375 0.6833333333333333 0.5109375 0.6958333333333333 0.5125 0.6979166666666666 0.5125 0.7 0.5140625 0.7020833333333333 0.515625 0.7020833333333333 0.5171875 0.7041666666666667 0.5203125 0.7041666666666667 0.521875 0.70625 0.5265625 0.70625 0.528125 0.7041666666666667 0.5359375 0.7041666666666667 0.5375 0.7020833333333333 0.546875 0.7020833333333333 0.5484375 0.7 0.55625 0.7 0.5578125 0.6979166666666666 0.5625 0.6979166666666666 0.565625 0.69375 0.5671875 0.69375 0.56875 0.6916666666666667 0.5703125 0.6916666666666667 0.5734375 0.6875 0.5734375 0.6854166666666667 0.575 0.6833333333333333 0.575 0.6729166666666667 0.5734375 0.6708333333333333 0.5734375 0.66875 0.571875 0.6666666666666666 0.571875 0.6645833333333333 0.5703125 0.6625 0.5703125 0.6604166666666667 0.56875 0.6583333333333333 0.56875 0.65625 0.5703125 0.6541666666666667 0.5703125 0.6520833333333333 0.56875 0.65 0.56875 0.6479166666666667 0.5609375 0.6375 0.5609375 0.6354166666666666 0.559375 0.6333333333333333 0.5578125 0.6333333333333333 0.5484375 0.6208333333333333 0.546875 0.6208333333333333
0 0.628125 0.6 0.6265625 0.6020833333333333 0.625 0.6020833333333333 0.6234375 0.6041666666666666 0.621875 0.6041666666666666 0.61875 0.6083333333333333 0.6171875 0.6083333333333333 0.6125 0.6145833333333334 0.6125 0.6166666666666667 0.6109375 0.61875 0.6109375 0.6208333333333333 0.609375 0.6229166666666667 0.609375 0.625 0.60625 0.6291666666666667 0.60625 0.63125 0.6046875 0.6333333333333333 0.6046875 0.6395833333333333 0.603125 0.6416666666666667 0.603125 0.64375 0.6015625 0.6458333333333334 0.6015625 0.6479166666666667 0.603125 0.65 0.603125 0.6520833333333333 0.6046875 0.6541666666666667 0.6046875 0.65625 0.60625 0.6583333333333333 0.60625 0.6604166666666667 0.6109375 0.6666666666666666 0.6109375 0.66875 0.6125 0.6708333333333333 0.6140625 0.6708333333333333 0.6171875 0.675 0.61875 0.675 0.621875 0.6791666666666667 0.6234375 0.6791666666666667 0.6265625 0.6833333333333333 0.628125 0.6833333333333333 0.63125 0.6875 0.6328125 0.6875 0.6375 0.69375 0.640625 0.69375 0.6421875 0.6958333333333333 0.6484375 0.6958333333333333 0.6515625 0.6916666666666667 0.6515625 0.6895833333333333 0.6546875 0.6854166666666667 0.6546875 0.68125 0.65625 0.6791666666666667 0.65625 0.675 0.6578125 0.6729166666666667 0.6578125 0.66875 0.659375 0.6666666666666666 0.659375 0.6604166666666667 0.6609375 0.6583333333333333 0.6609375 0.65625 0.6625 0.6541666666666667 0.6625 0.6520833333333333 0.6640625 0.65 0.6640625 0.6291666666666667 0.6625 0.6270833333333333 0.6625 0.6208333333333333 0.659375 0.6166666666666667 0.6578125 0.6166666666666667 0.6546875 0.6125 0.6546875 0.60625 0.65 0.60625 0.6484375 0.6041666666666666 0.63125 0.6041666666666666 0.6296875 0.6020833333333333 0.6296875 0.6
0 0.7078125 0.6270833333333333 0.7046875 0.63125 0.7046875 0.65 0.70625 0.6520833333333333 0.70625 0.6541666666666667 0.7109375 0.6604166666666667 0.7109375 0.6625 0.7125 0.6645833333333333 0.7140625 0.6645833333333333 0.7203125 0.6729166666666667 0.721875 0.6729166666666667 0.728125 0.68125 0.7296875 0.68125 0.7328125 0.6854166666666667 0.734375 0.6854166666666667 0.7390625 0.6916666666666667 0.740625 0.6916666666666667 0.7484375 0.7020833333333333 0.75 0.7020833333333333 0.7515625 0.7041666666666667 0.759375 0.7041666666666667 0.7609375 0.7020833333333333 0.7625 0.7020833333333333 0.7640625 0.7 0.7640625 0.6979166666666666 0.7671875 0.69375 0.7671875 0.6916666666666667 0.76875 0.6895833333333333 0.76875 0.6729166666666667 0.7703125 0.6708333333333333 0.7703125 0.6583333333333333 0.771875 0.65625 0.771875 0.6541666666666667 0.7734375 0.6520833333333333 0.7734375 0.6458333333333334 0.775 0.64375 0.775 0.6291666666666667 0.7703125 0.6229166666666667 0.7609375 0.6229166666666667 0.759375 0.625 0.7578125 0.625 0.75625 0.6270833333333333 0.75 0.6270833333333333 0.7484375 0.625 0.74375 0.625 0.7421875 0.6229166666666667 0.7390625 0.6229166666666667 0.7375 0.6208333333333333 0.73125 0.6208333333333333 0.728125 0.625 0.7265625 0.625 0.725 0.6270833333333333
0 0.7515625 0.5520833333333334 0.7515625 0.5729166666666666 0.753125 0.575 0.753125 0.58125 0.7546875 0.5833333333333334 0.7546875 0.5875 0.75625 0.5895833333333333 0.75625 0.59375 0.7578125 0.5958333333333333 0.7578125 0.6 0.759375 0.6020833333333333 0.759375 0.6041666666666666 0.7625 0.6041666666666666 0.7640625 0.60625 0.7671875 0.60625 0.76875 0.6083333333333333 0.771875 0.6083333333333333 0.7734375 0.6104166666666667 0.7765625 0.6104166666666667 0.78125 0.6166666666666667 0.7859375 0.6166666666666667 0.7875 0.6145833333333334 0.7890625 0.6145833333333334 0.79375 0.6083333333333333 0.7953125 0.6083333333333333 0.796875 0.60625 0.7984375 0.60625 0.8 0.6041666666666666 0.8015625 0.6041666666666666 0.803125 0.6020833333333333 0.8046875 0.6020833333333333 0.80625 0.6 0.8078125 0.6 0.8140625 0.5916666666666667 0.8140625 0.5875 0.815625 0.5854166666666667 0.815625 0.58125 0.8109375 0.575 0.809375 0.575 0.803125 0.5666666666666667 0.803125 0.5645833333333333 0.8015625 0.5625 0.8015625 0.5604166666666667 0.8 0.5604166666666667 0.7953125 0.5541666666666667 0.79375 0.5541666666666667 0.7921875 0.5520833333333334 0.790625 0.5520833333333334 0.7890625 0.55 0.7875 0.55 0.7859375 0.5479166666666667 0.784375 0.5479166666666667 0.7828125 0.5458333333333333 0.78125 0.5458333333333333 0.7796875 0.54375 0.7765625 0.54375 0.775 0.5416666666666666 0.771875 0.5416666666666666 0.7703125 0.5395833333333333 0.7671875 0.5395833333333333 0.765625 0.5375 0.7609375 0.5375 0.759375 0.5395833333333333 0.7578125 0.5395833333333333 0.7578125 0.5416666666666666 0.7546875 0.5458333333333333 0.7546875 0.5479166666666667
0 0.8078125 0.6020833333333333 0.8078125 0.6041666666666666 0.80625 0.60625 0.80625 0.6166666666666667 0.8046875 0.61875 0.8046875 0.6520833333333333 0.803125 0.6541666666666667 0.803125 0.6604166666666667 0.8046875 0.6625 0.8046875 0.6666666666666666 0.80625 0.66875 0.80625 0.6708333333333333 0.809375 0.675 0.8125 0.675 0.8140625 0.6770833333333334 0.821875 0.6770833333333334 0.8234375 0.675 0.8265625 0.675 0.828125 0.6729166666666667 0.8296875 0.6729166666666667 0.83125 0.6708333333333333 0.8328125 0.6708333333333333 0.834375 0.66875 0.84375 0.66875 0.8453125 0.6666666666666666 0.85 0.6666666666666666 0.8515625 0.6645833333333333 0.853125 0.6645833333333333 0.8546875 0.6625 0.8578125 0.6625 0.8640625 0.6541666666666667 0.865625 0.6541666666666667 0.8671875 0.6520833333333333 0.8671875 0.65 0.86875 0.6479166666666667 0.86875 0.6416666666666667 0.8703125 0.6395833333333333 0.8703125 0.63125 0.86875 0.6291666666666667 0.86875 0.6270833333333333 0.8671875 0.625 0.8671875 0.6229166666666667 0.8640625 0.61875 0.8640625 0.6166666666666667 0.8609375 0.6125 0.8609375 0.6104166666666667 0.8578125 0.60625 0.8546875 0.60625 0.853125 0.6041666666666666 0.8515625 0.6041666666666666 0.8484375 0.6 0.846875 0.6 0.84375 0.5958333333333333 0.8359375 0.5958333333333333 0.8328125 0.5916666666666667 0.828125 0.5916666666666667 0.8265625 0.5895833333333333 0.8203125 0.5895833333333333 0.81875 0.5916666666666667 0.8171875 0.5916666666666667 0.8140625 0.5958333333333333 0.8125 0.5958333333333333 0.8125 0.5979166666666667 0.809375 0.6020833333333333
0 0.7734375 0.6854166666666667 0.771875 0.6875 0.771875 0.6895833333333333 0.76875 0.69375 0.76875 0.6958333333333333 0.7625 0.7041666666666667 0.7609375 0.7041666666666667 0.759375 0.70625 0.75625 0.70625 0.7546875 0.7083333333333334 0.7515625 0.7083333333333334 0.7515625 0.7104166666666667 0.75 0.7125 0.75 0.7145833333333333 0.7484375 0.7166666666666667 0.7484375 0.71875 0.74375 0.725 0.740625 0.725 0.7390625 0.7229166666666667 0.7375 0.7229166666666667 0.734375 0.71875 0.734375 0.7166666666666667 0.7265625 0.7166666666666667 0.725 0.71875 0.7234375 0.71875 0.7203125 0.7229166666666667 0.7203125 0.7291666666666666 0.721875 0.73125 0.721875 0.7333333333333333 0.7265625 0.7395833333333334 0.7265625 0.7416666666666667 0.734375 0.7520833333333333 0.7359375 0.7520833333333333 0.7421875 0.7604166666666666 0.74375 0.7604166666666666 0.7453125 0.7625 0.746875 0.7625 0.7484375 0.7645833333333333 0.753125 0.7645833333333333 0.7546875 0.7666666666666667 0.7578125 0.7666666666666667 0.759375 0.7645833333333333 0.7625 0.7645833333333333 0.765625 0.7604166666666666 0.7671875 0.7604166666666666 0.76875 0.7583333333333333 0.7703125 0.7583333333333333 0.771875 0.75625 0.7734375 0.75625 0.775 0.7541666666666667 0.7765625 0.7541666666666667 0.778125 0.7520833333333333 0.7796875 0.7520833333333333 0.78125 0.75 0.78125 0.7479166666666667 0.784375 0.74375 0.784375 0.7354166666666667 0.7859375 0.7333333333333333 0.7859375 0.71875 0.784375 0.7166666666666667 0.784375 0.7041666666666667 0.7828125 0.7020833333333333 0.7828125 0.6958333333333333 0.778125 0.6895833333333333 0.7765625 0.6895833333333333
0 0.875 0.6 0.8734375 0.6020833333333333 0.8734375 0.6041666666666666 0.871875 0.60625 0.871875 0.6083333333333333 0.8703125 0.6104166666666667 0.8703125 0.6166666666666667 0.871875 0.61875 0.871875 0.6208333333333333 0.8734375 0.6229166666666667 0.8734375 0.625 0.875 0.6270833333333333 0.875 0.6333333333333333 0.8765625 0.6354166666666666 0.8765625 0.6395833333333333 0.8828125 0.6479166666666667 0.884375 0.6479166666666667 0.8875 0.6520833333333333 0.8890625 0.6520833333333333 0.8921875 0.65625 0.89375 0.65625 0.9 0.6645833333333333 0.9015625 0.6645833333333333 0.9078125 0.6729166666666667 0.909375 0.6729166666666667 0.9140625 0.6791666666666667 0.921875 0.6791666666666667 0.9234375 0.6770833333333334 0.925 0.6770833333333334 0.9265625 0.675 0.9265625 0.6729166666666667 0.928125 0.6708333333333333 0.928125 0.66875 0.9296875 0.6666666666666666 0.9296875 0.6583333333333333 0.928125 0.65625 0.928125 0.6520833333333333 0.9296875 0.65 0.9296875 0.6416666666666667 0.93125 0.6395833333333333 0.93125 0.6333333333333333 0.9328125 0.63125 0.9328125 0.6104166666666667 0.93125 0.6083333333333333 0.93125 0.60625 0.925 0.5979166666666667 0.9234375 0.5979166666666667 0.921875 0.5958333333333333 0.91875 0.5958333333333333 0.9171875 0.59375 0.915625 0.5958333333333333 0.9140625 0.5958333333333333 0.9125 0.5979166666666667 0.90625 0.5979166666666667 0.9046875 0.5958333333333333 0.9 0.5958333333333333 0.8984375 0.59375 0.8953125 0.59375 0.89375 0.5958333333333333 0.884375 0.5958333333333333 0.8828125 0.5979166666666667 0.878125 0.5979166666666667 0.8765625 0.6
0 0.921875 0.5583333333333333 0.921875 0.5625 0.9203125 0.5645833333333333 0.9203125 0.56875 0.921875 0.5708333333333333 0.9234375 0.5708333333333333 0.9265625 0.575 0.9265625 0.5770833333333333 0.9296875 0.58125 0.93125 0.58125 0.934375 0.5854166666666667 0.9359375 0.5854166666666667 0.9375 0.5875 0.9390625 0.5875 0.940625 0.5895833333333333 0.94375 0.5895833333333333 0.9453125 0.5916666666666667 0.953125 0.5916666666666667 0.9546875 0.59375 0.9625 0.59375 0.9640625 0.5958333333333333 0.984375 0.5958333333333333 0.9859375 0.5979166666666667 0.996875 0.5979166666666667 0.9984375 0.5958333333333333 0.9984375 0.5375 0.996875 0.5354166666666667 0.996875 0.5291666666666667 0.99375 0.525 0.99375 0.5229166666666667 0.9921875 0.5229166666666667 0.9875 0.5166666666666667 0.9859375 0.5166666666666667 0.984375 0.5145833333333333 0.9828125 0.5145833333333333 0.978125 0.5083333333333333 0.959375 0.5083333333333333 0.9578125 0.5104166666666666 0.953125 0.5104166666666666 0.94375 0.5229166666666667 0.94375 0.525 0.9421875 0.5270833333333333 0.9421875 0.5291666666666667 0.928125 0.5479166666666667 0.928125 0.55
0 0.9296875 0.6791666666666667 0.9296875 0.6833333333333333 0.928125 0.6854166666666667 0.928125 0.6875 0.9296875 0.6895833333333333 0.9296875 0.6916666666666667 0.9328125 0.6958333333333333 0.934375 0.6958333333333333 0.9359375 0.6979166666666666 0.9359375 0.7 0.9375 0.7 0.9390625 0.7020833333333333 0.94375 0.7020833333333333 0.9484375 0.7083333333333334 0.953125 0.7083333333333334 0.9546875 0.7104166666666667 0.9625 0.7104166666666667 0.9640625 0.7125 0.965625 0.7125 0.9671875 0.7145833333333333 0.9703125 0.7145833333333333 0.971875 0.7166666666666667 0.9734375 0.7166666666666667 0.975 0.71875 0.978125 0.71875 0.9796875 0.7208333333333333 0.9828125 0.7208333333333333 0.984375 0.7229166666666667 0.996875 0.7229166666666667 0.996875 0.7208333333333333 0.9984375 0.71875 0.9984375 0.6729166666666667 0.996875 0.6708333333333333 0.996875 0.6604166666666667 0.9921875 0.6541666666666667 0.9921875 0.6520833333333333 0.9875 0.6458333333333334 0.9859375 0.6458333333333334 0.9828125 0.6416666666666667 0.978125 0.6416666666666667 0.9796875 0.64375 0.9796875 0.6458333333333334 0.978125 0.6479166666666667 0.978125 0.65 0.9765625 0.6520833333333333 0.975 0.6520833333333333 0.9734375 0.6541666666666667 0.971875 0.6541666666666667 0.9703125 0.65625 0.9671875 0.65625 0.965625 0.6583333333333333 0.9609375 0.6583333333333333 0.959375 0.6604166666666667 0.95625 0.6604166666666667 0.953125 0.6645833333333333 0.9515625 0.6645833333333333 0.9515625 0.6666666666666666 0.9484375 0.6708333333333333 0.9484375 0.6729166666666667 0.946875 0.675 0.9453125 0.675 0.94375 0.6770833333333334 0.934375 0.6770833333333334 0.9328125 0.6791666666666667
0 0.9578125 0.79375 0.9578125 0.7416666666666667 0.95625 0.7395833333333334 0.95625 0.7354166666666667 0.9546875 0.7333333333333333 0.9546875 0.73125 0.9515625 0.73125 0.95 0.7291666666666666 0.9453125 0.7291666666666666 0.94375 0.73125 0.9421875 0.73125 0.9421875 0.7395833333333334 0.9390625 0.74375 0.9375 0.74375 0.9359375 0.7458333333333333 0.934375 0.74375 0.9328125 0.74375 0.93125 0.7416666666666667 0.9296875 0.7416666666666667 0.928125 0.7395833333333334 0.9265625 0.7395833333333334 0.925 0.7375 0.9234375 0.7375 0.9203125 0.7333333333333333 0.91875 0.7333333333333333 0.9171875 0.73125 0.909375 0.73125 0.9078125 0.7333333333333333 0.90625 0.7333333333333333 0.903125 0.7375 0.9 0.7375 0.8984375 0.7395833333333334 0.8953125 0.7395833333333334 0.89375 0.7416666666666667 0.8890625 0.7416666666666667 0.8859375 0.7458333333333333 0.8859375 0.7479166666666667 0.8875 0.75 0.8875 0.75625 0.8890625 0.7583333333333333 0.8890625 0.7604166666666666 0.8921875 0.7645833333333333 0.89375 0.7645833333333333 0.9015625 0.775 0.903125 0.775 0.90625 0.7791666666666667 0.9078125 0.7791666666666667 0.909375 0.78125 0.9109375 0.78125 0.9125 0.7833333333333333 0.9140625 0.7833333333333333 0.915625 0.7854166666666667 0.9171875 0.7854166666666667 0.91875 0.7875 0.9203125 0.7875 0.9234375 0.7916666666666666 0.925 0.7916666666666666 0.9265625 0.79375 0.928125 0.79375 0.93125 0.7979166666666667 0.9328125 0.7979166666666667 0.934375 0.8 0.9359375 0.8 0.9375 0.8020833333333334 0.9390625 0.8020833333333334 0.940625 0.8041666666666667 0.94375 0.8041666666666667 0.9453125 0.80625 0.9484375 0.80625 0.95 0.8041666666666667 0.953125 0.8041666666666667 0.9546875 0.8020833333333334 0.9546875 0.8 0.95625 0.7979166666666667 0.95625 0.7958333333333333