0 0.342296511627907 0.2824612403100775 0.0879360465116279 0.11918604651162792
0 0.3037790697674419 0.376453488372093 0.0908430232558139 0.15213178294573643
0 0.23292151162790695 0.5300387596899225 0.0944767441860465 0.15310077519379844
0 0.5058139534883722 0.36288759689922484 0.08066860465116284 0.14050387596899228
0 0.5323401162790699 0.4626937984496124 0.08575581395348833 0.11918604651162792
0 0.6402616279069768 0.43604651162790703 0.0821220930232558 0.12596899224806204
0 0.7710755813953488 0.4132751937984496 0.08938953488372085 0.12693798449612406
0 0.8019622093023255 0.3682170542635659 0.06540697674418601 0.0872093023255814
0 0.8590116279069768 0.433624031007752 0.0792151162790697 0.1133720930232558
0 0.7819767441860466 0.5271317829457365 0.09229651162790686 0.12015503875968996
0 0.9255087209302324 0.44815891472868224 0.06686046511627897 0.10755813953488372
0 0.9648800872093023 0.3587209302325582 0.06711482558139537 0.09922480620155039
0 0.9739643895348837 0.4962693798449613 0.04894622093023262 0.09912790697674415
0 0.9539789244186047 0.601453488372093 0.08891715116279073 0.11375968992248058
0 0.3078125 0.2708333333333333 0.3078125 0.27291666666666664 0.30625 0.275 0.30625 0.2833333333333333 0.3140625 0.29375 0.3140625 0.29583333333333334 0.315625 0.29791666666666666 0.315625 0.3 0.3171875 0.3020833333333333 0.3171875 0.31666666666666665 0.321875 0.3229166666666667 0.321875 0.325 0.3296875 0.33541666666666664 0.33125 0.33541666666666664 0.3328125 0.3375 0.334375 0.3375 0.3359375 0.33958333333333335 0.3375 0.33958333333333335 0.3390625 0.3416666666666667 0.34375 0.3416666666666667 0.3453125 0.33958333333333335 0.3484375 0.33958333333333335 0.35 0.3375 0.3578125 0.3375 0.359375 0.33541666666666664 0.3609375 0.33541666666666664 0.3625 0.3333333333333333 0.371875 0.3333333333333333 0.3734375 0.33125 0.378125 0.33125 0.3828125 0.325 0.3828125 0.3229166666666667 0.384375 0.32083333333333336 0.384375 0.31666666666666665 0.3828125 0.3145833333333333 0.3828125 0.30833333333333335 0.38125 0.30625 0.38125 0.30416666666666664 0.375 0.29583333333333334 0.375 0.29375 0.365625 0.28125 0.365625 0.2791666666666667 0.3625 0.275 0.3625 0.2708333333333333 0.3609375 0.26875 0.3609375 0.26666666666666666 0.3578125 0.2625 0.3578125 0.2604166666666667 0.3515625 0.2520833333333333 0.35 0.2520833333333333 0.3484375 0.25 0.346875 0.25 0.3453125 0.24791666666666667 0.34375 0.24791666666666667 0.3421875 0.24583333333333332 0.3375 0.24583333333333332 0.3359375 0.24375 0.33125 0.24375 0.328125 0.24791666666666667 0.3265625 0.24791666666666667 0.325 0.25 0.3234375 0.25 0.3203125 0.25416666666666665 0.31875 0.25416666666666665 0.3125 0.2625 0.3125 0.26458333333333334
0 0.290625 0.32708333333333334 0.2890625 0.32916666666666666 0.2875 0.32916666666666666 0.284375 0.3333333333333333 0.2828125 0.3333333333333333 0.2796875 0.3375 0.278125 0.3375 0.275 0.3416666666666667 0.2734375 0.3416666666666667 0.2703125 0.3458333333333333 0.2703125 0.34791666666666665 0.2625 0.35833333333333334 0.2625 0.36666666666666664 0.2609375 0.36875 0.2609375 0.37916666666666665 0.2625 0.38125 0.2625 0.38958333333333334 0.2640625 0.39166666666666666 0.2640625 0.39375 0.265625 0.3958333333333333 0.265625 0.4 0.2671875 0.40208333333333335 0.2671875 0.4041666666666667 0.2765625 0.4166666666666667 0.278125 0.4166666666666667 0.284375 0.425 0.2859375 0.425 0.2921875 0.43333333333333335 0.29375 0.43333333333333335 0.3015625 0.44375 0.3015625 0.44583333333333336 0.3046875 0.44583333333333336 0.30625 0.4479166666666667 0.3109375 0.4479166666666667 0.3125 0.45 0.3140625 0.4479166666666667 0.3171875 0.4479166666666667 0.3203125 0.44375 0.321875 0.44375 0.3265625 0.4375 0.3265625 0.4354166666666667 0.328125 0.43333333333333335 0.328125 0.43125 0.33125 0.4270833333333333 0.33125 0.425 0.3328125 0.42291666666666666 0.3328125 0.42083333333333334 0.334375 0.41875 0.334375 0.4166666666666667 0.3359375 0.41458333333333336 0.3359375 0.4125 0.3390625 0.4083333333333333 0.3390625 0.40625 0.3421875 0.40208333333333335 0.3421875 0.4 0.34375 0.39791666666666664 0.34375 0.3958333333333333 0.3453125 0.39375 0.3453125 0.38958333333333334 0.346875 0.3875 0.346875 0.3645833333333333 0.3453125 0.3625 0.3453125 0.36041666666666666 0.34375 0.35833333333333334 0.34375 0.35625 0.3390625 0.35 0.3359375 0.35 0.334375 0.34791666666666665 0.3265625 0.34791666666666665 0.3234375 0.34375 0.321875 0.34375 0.3171875 0.3375 0.3171875 0.33541666666666664 0.3140625 0.33125 0.3125 0.33125 0.3109375 0.32916666666666666 0.3078125 0.32916666666666666 0.30625 0.32708333333333334
0 0.2203125 0.46875 0.2125 0.46875 0.209375 0.47291666666666665 0.20625 0.47291666666666665 0.2046875 0.475 0.203125 0.475 0.19375 0.4875 0.1921875 0.4875 0.1890625 0.49166666666666664 0.1890625 0.49583333333333335 0.1875 0.4979166666666667 0.1875 0.5291666666666667 0.1890625 0.53125 0.1890625 0.5729166666666666 0.190625 0.575 0.190625 0.5833333333333334 0.1921875 0.5854166666666667 0.1921875 0.5895833333333333 0.19375 0.5916666666666667 0.19375 0.59375 0.1953125 0.5958333333333333 0.196875 0.5958333333333333 0.1984375 0.5979166666666667 0.2 0.5979166666666667 0.2015625 0.6 0.209375 0.6 0.2109375 0.5979166666666667 0.2140625 0.5979166666666667 0.215625 0.5958333333333333 0.21875 0.5958333333333333 0.2203125 0.59375 0.221875 0.59375 0.2234375 0.5916666666666667 0.225 0.5916666666666667 0.2265625 0.5895833333333333 0.228125 0.5895833333333333 0.2296875 0.5875 0.23125 0.5875 0.2328125 0.5854166666666667 0.234375 0.5854166666666667 0.2359375 0.5833333333333334 0.2375 0.5833333333333334 0.24375 0.575 0.2453125 0.575 0.246875 0.5729166666666666 0.25 0.5729166666666666 0.25625 0.5645833333333333 0.2578125 0.5645833333333333 0.259375 0.5625 0.2609375 0.5625 0.2671875 0.5541666666666667 0.26875 0.5541666666666667 0.2703125 0.5520833333333334 0.2703125 0.55 0.271875 0.5479166666666667 0.2734375 0.5479166666666667 0.2734375 0.5458333333333333 0.275 0.54375 0.275 0.5395833333333333 0.2765625 0.5375 0.2765625 0.5208333333333334 0.2734375 0.5166666666666667 0.271875 0.5166666666666667 0.2703125 0.5145833333333333 0.26875 0.5145833333333333 0.2671875 0.5125 0.265625 0.5125 0.2640625 0.5104166666666666 0.2609375 0.5104166666666666 0.259375 0.5083333333333333 0.246875 0.5083333333333333 0.2453125 0.50625 0.24375 0.50625 0.2421875 0.5041666666666667 0.240625 0.5041666666666667 0.234375 0.49583333333333335 0.234375 0.49375 0.2328125 0.49166666666666664 0.2328125 0.4895833333333333 0.23125 0.4875 0.23125 0.47708333333333336 0.228125 0.47291666666666665 0.2265625 0.47291666666666665 0.225 0.4708333333333333 0.221875 0.4708333333333333
0 0.525 0.3333333333333333 0.5234375 0.3333333333333333 0.521875 0.33125 0.51875 0.33125 0.5171875 0.32916666666666666 0.515625 0.32916666666666666 0.5140625 0.32708333333333334 0.5109375 0.32708333333333334 0.509375 0.325 0.5 0.325 0.4984375 0.32708333333333334 0.496875 0.32708333333333334 0.4953125 0.32916666666666666 0.4921875 0.32916666666666666 0.490625 0.33125 0.4890625 0.33125 0.4828125 0.33958333333333335 0.4828125 0.3416666666666667 0.48125 0.34375 0.48125 0.3458333333333333 0.478125 0.35 0.478125 0.35208333333333336 0.475 0.35625 0.475 0.35833333333333334 0.4734375 0.36041666666666666 0.4734375 0.3625 0.471875 0.3645833333333333 0.471875 0.36666666666666664 0.4703125 0.36875 0.4703125 0.3729166666666667 0.46875 0.375 0.46875 0.37916666666666665 0.4671875 0.38125 0.4671875 0.4 0.4765625 0.4125 0.4765625 0.41458333333333336 0.4796875 0.41875 0.4796875 0.42083333333333334 0.4859375 0.42916666666666664 0.5 0.42916666666666664 0.50625 0.42083333333333334 0.5078125 0.42083333333333334 0.5125 0.41458333333333336 0.5140625 0.41458333333333336 0.51875 0.4083333333333333 0.51875 0.40625 0.5203125 0.4041666666666667 0.5203125 0.40208333333333335 0.521875 0.4 0.5234375 0.4 0.525 0.39791666666666664 0.528125 0.39791666666666664 0.5296875 0.3958333333333333 0.5359375 0.3958333333333333 0.5375 0.39375 0.5375 0.39166666666666666 0.540625 0.3875 0.540625 0.3854166666666667 0.5421875 0.38333333333333336 0.5421875 0.38125 0.54375 0.37916666666666665 0.54375 0.3770833333333333 0.5453125 0.375 0.5453125 0.37083333333333335 0.54375 0.36875 0.54375 0.36666666666666664 0.540625 0.3625 0.540625 0.36041666666666666 0.5375 0.35625 0.5375 0.3541666666666667 0.534375 0.35 0.534375 0.34791666666666665 0.5328125 0.3458333333333333 0.5328125 0.34375
0 0.5125 0.4166666666666667 0.503125 0.42916666666666664 0.503125 0.43125 0.5015625 0.43333333333333335 0.5015625 0.4354166666666667 0.5 0.4375 0.5 0.4395833333333333 0.4984375 0.44166666666666665 0.4984375 0.4479166666666667 0.496875 0.45 0.496875 0.45416666666666666 0.4953125 0.45625 0.4953125 0.4583333333333333 0.49375 0.46041666666666664 0.49375 0.46875 0.4921875 0.4708333333333333 0.4921875 0.47708333333333336 0.490625 0.4791666666666667 0.490625 0.48333333333333334 0.4890625 0.48541666666666666 0.4890625 0.49583333333333335 0.490625 0.4979166666666667 0.490625 0.5 0.4921875 0.5020833333333333 0.4921875 0.5041666666666667 0.49375 0.50625 0.4953125 0.50625 0.496875 0.5083333333333333 0.4984375 0.5083333333333333 0.5 0.5104166666666666 0.5078125 0.5104166666666666 0.509375 0.5125 0.5109375 0.5125 0.5125 0.5104166666666666 0.515625 0.5104166666666666 0.5171875 0.5125 0.53125 0.5125 0.5328125 0.5104166666666666 0.55 0.5104166666666666 0.5515625 0.5083333333333333 0.5546875 0.5083333333333333 0.55625 0.50625 0.5578125 0.50625 0.559375 0.5041666666666667 0.5609375 0.5041666666666667 0.56875 0.49375 0.5703125 0.49375 0.5703125 0.49166666666666664 0.571875 0.4895833333333333 0.571875 0.48333333333333334 0.5734375 0.48125 0.5734375 0.4625 0.571875 0.46041666666666664 0.571875 0.45208333333333334 0.5703125 0.45 0.5703125 0.44583333333333336 0.56875 0.44375 0.56875 0.44166666666666665 0.5671875 0.4395833333333333 0.5671875 0.4375 0.5640625 0.43333333333333335 0.5640625 0.43125 0.559375 0.425 0.559375 0.42291666666666666 0.5515625 0.4125 0.54375 0.4125 0.5421875 0.41041666666666665 0.5203125 0.41041666666666665 0.51875 0.4125 0.5171875 0.4125 0.5140625 0.4166666666666667
0 0.628125 0.39166666666666666 0.625 0.3958333333333333 0.6234375 0.3958333333333333 0.6203125 0.4 0.61875 0.4 0.6125 0.4083333333333333 0.6125 0.41041666666666665 0.6109375 0.4125 0.6109375 0.41458333333333336 0.6078125 0.41875 0.6078125 0.42083333333333334 0.60625 0.42291666666666666 0.60625 0.425 0.6046875 0.4270833333333333 0.6046875 0.43125 0.603125 0.43333333333333335 0.603125 0.4375 0.6015625 0.4395833333333333 0.6015625 0.45416666666666666 0.603125 0.45625 0.603125 0.46041666666666664 0.6046875 0.4625 0.6046875 0.46458333333333335 0.6078125 0.46875 0.609375 0.46875 0.6125 0.47291666666666665 0.6125 0.475 0.6203125 0.48541666666666666 0.621875 0.48541666666666666 0.625 0.4895833333333333 0.6296875 0.4895833333333333 0.63125 0.49166666666666664 0.6359375 0.49166666666666664 0.6375 0.49375 0.64375 0.49375 0.6453125 0.49166666666666664 0.6515625 0.49166666666666664 0.653125 0.4895833333333333 0.6546875 0.4895833333333333 0.65625 0.4875 0.6609375 0.4875 0.6625 0.48541666666666666 0.6640625 0.48541666666666666 0.675 0.4708333333333333 0.675 0.46458333333333335 0.6765625 0.4625 0.6765625 0.425 0.6734375 0.42083333333333334 0.6734375 0.41875 0.671875 0.4166666666666667 0.671875 0.41458333333333336 0.6671875 0.4083333333333333 0.6671875 0.40625 0.6625 0.4 0.6609375 0.4 0.659375 0.39791666666666664 0.6578125 0.39791666666666664 0.65625 0.3958333333333333 0.6515625 0.3958333333333333 0.65 0.39375 0.6484375 0.39375 0.646875 0.39166666666666666
0 0.7453125 0.3729166666666667 0.74375 0.375 0.74375 0.3770833333333333 0.734375 0.38958333333333334 0.734375 0.39166666666666666 0.7296875 0.39791666666666664 0.7296875 0.40208333333333335 0.728125 0.4041666666666667 0.728125 0.41041666666666665 0.7296875 0.4125 0.7296875 0.42083333333333334 0.73125 0.42291666666666666 0.73125 0.425 0.7390625 0.4354166666666667 0.7390625 0.4375 0.740625 0.4395833333333333 0.740625 0.44166666666666665 0.74375 0.44583333333333336 0.7453125 0.44583333333333336 0.746875 0.4479166666666667 0.7484375 0.4479166666666667 0.75 0.45 0.753125 0.45 0.7546875 0.45208333333333334 0.75625 0.45208333333333334 0.7578125 0.45416666666666666 0.7609375 0.45416666666666666 0.7625 0.45625 0.7640625 0.45625 0.765625 0.4583333333333333 0.7671875 0.4583333333333333 0.76875 0.46041666666666664 0.7734375 0.46041666666666664 0.775 0.4625 0.7765625 0.4625 0.7796875 0.4666666666666667 0.78125 0.4666666666666667 0.7828125 0.46875 0.7859375 0.46875 0.7875 0.4708333333333333 0.7921875 0.4708333333333333 0.79375 0.47291666666666665 0.8 0.47291666666666665 0.8015625 0.4708333333333333 0.803125 0.4708333333333333 0.809375 0.4625 0.809375 0.46041666666666664 0.8109375 0.4583333333333333 0.8109375 0.44375 0.8125 0.44166666666666665 0.8125 0.4354166666666667 0.8109375 0.43333333333333335 0.8109375 0.41875 0.8125 0.4166666666666667 0.8125 0.41458333333333336 0.8140625 0.4125 0.8140625 0.41041666666666665 0.815625 0.4083333333333333 0.815625 0.4041666666666667 0.8140625 0.40208333333333335 0.8140625 0.3854166666666667 0.8125 0.38333333333333336 0.8125 0.38125 0.8109375 0.37916666666666665 0.8109375 0.3770833333333333 0.8078125 0.3729166666666667 0.8078125 0.37083333333333335 0.80625 0.36875 0.80625 0.36666666666666664 0.8046875 0.3645833333333333 0.7984375 0.3645833333333333 0.796875 0.3625 0.790625 0.3625 0.7890625 0.36041666666666666 0.7703125 0.36041666666666666 0.76875 0.3625 0.7640625 0.3625 0.7625 0.3645833333333333 0.7578125 0.3645833333333333 0.75625 0.36666666666666664 0.753125 0.36666666666666664 0.7515625 0.36875 0.75 0.36875 0.746875 0.3729166666666667
0 0.7703125 0.3416666666666667 0.765625 0.34791666666666665 0.765625 0.35 0.7640625 0.35208333333333336 0.765625 0.3541666666666667 0.7796875 0.3541666666666667 0.78125 0.35208333333333336 0.7828125 0.35208333333333336 0.784375 0.3541666666666667 0.7890625 0.3541666666666667 0.790625 0.35625 0.796875 0.35625 0.7984375 0.3541666666666667 0.8078125 0.3541666666666667 0.809375 0.35208333333333336 0.8109375 0.3541666666666667 0.8109375 0.35625 0.809375 0.35833333333333334 0.809375 0.36041666666666666 0.80625 0.3645833333333333 0.8046875 0.3645833333333333 0.803125 0.36666666666666664 0.8046875 0.36875 0.8046875 0.37083333333333335 0.8140625 0.38333333333333336 0.8140625 0.3875 0.815625 0.38958333333333334 0.815625 0.41041666666666665 0.8171875 0.41041666666666665 0.821875 0.4041666666666667 0.8234375 0.4041666666666667 0.8265625 0.4 0.8265625 0.39791666666666664 0.828125 0.3958333333333333 0.828125 0.39375 0.83125 0.38958333333333334 0.83125 0.3875 0.8328125 0.3854166666666667 0.8328125 0.375 0.83125 0.3729166666666667 0.83125 0.3645833333333333 0.8296875 0.3625 0.8296875 0.36041666666666666 0.828125 0.36041666666666666 0.825 0.35625 0.8234375 0.35625 0.8203125 0.35208333333333336 0.8203125 0.3458333333333333 0.821875 0.34375 0.8234375 0.34375 0.821875 0.3416666666666667 0.81875 0.3458333333333333 0.8125 0.3458333333333333 0.8109375 0.34375 0.809375 0.34375 0.8078125 0.3416666666666667 0.80625 0.3416666666666667 0.8046875 0.33958333333333335 0.803125 0.33958333333333335 0.8015625 0.3375 0.790625 0.3375 0.7890625 0.33541666666666664 0.7859375 0.33541666666666664 0.784375 0.3333333333333333 0.7828125 0.3333333333333333 0.7796875 0.3375 0.778125 0.3375 0.7765625 0.33958333333333335 0.7734375 0.33958333333333335 0.771875 0.3416666666666667
0 0.81875 0.42291666666666666 0.81875 0.4270833333333333 0.8171875 0.42916666666666664 0.8171875 0.4479166666666667 0.81875 0.45 0.81875 0.45416666666666666 0.8203125 0.45625 0.8203125 0.4583333333333333 0.821875 0.46041666666666664 0.821875 0.46458333333333335 0.8234375 0.4666666666666667 0.8234375 0.4708333333333333 0.8265625 0.475 0.8265625 0.47708333333333336 0.828125 0.4791666666666667 0.828125 0.48125 0.83125 0.48541666666666666 0.834375 0.48541666666666666 0.8359375 0.4875 0.853125 0.4875 0.8546875 0.48541666666666666 0.859375 0.48541666666666666 0.8609375 0.48333333333333334 0.8640625 0.48333333333333334 0.865625 0.48125 0.86875 0.48125 0.8703125 0.4791666666666667 0.871875 0.4791666666666667 0.8734375 0.47708333333333336 0.8765625 0.47708333333333336 0.878125 0.475 0.8796875 0.475 0.8828125 0.4708333333333333 0.884375 0.4708333333333333 0.8875 0.4666666666666667 0.8890625 0.4666666666666667 0.890625 0.46458333333333335 0.890625 0.4625 0.89375 0.4583333333333333 0.89375 0.4354166666666667 0.8921875 0.43333333333333335 0.8921875 0.42916666666666664 0.890625 0.4270833333333333 0.890625 0.425 0.8890625 0.42291666666666666 0.8890625 0.42083333333333334 0.8875 0.41875 0.8875 0.4166666666666667 0.8859375 0.41458333333333336 0.8859375 0.4125 0.8796875 0.4041666666666667 0.878125 0.4041666666666667 0.8765625 0.40208333333333335 0.875 0.40208333333333335 0.8734375 0.4 0.871875 0.4 0.8703125 0.39791666666666664 0.859375 0.39791666666666664 0.8578125 0.3958333333333333 0.8421875 0.3958333333333333 0.840625 0.39791666666666664 0.8390625 0.39791666666666664 0.8375 0.4 0.8359375 0.4 0.8328125 0.4041666666666667 0.83125 0.4041666666666667 0.83125 0.40625 0.8296875 0.4083333333333333 0.828125 0.4083333333333333 0.8265625 0.41041666666666665 0.8265625 0.4125 0.825 0.41458333333333336 0.8234375 0.41458333333333336 0.821875 0.4166666666666667 0.821875 0.41875
0 0.8046875 0.47708333333333336 0.7984375 0.47708333333333336 0.7953125 0.48125 0.7953125 0.48333333333333334 0.79375 0.48541666666666666 0.79375 0.4875 0.7890625 0.49375 0.7859375 0.49375 0.784375 0.49583333333333335 0.7828125 0.49583333333333335 0.78125 0.4979166666666667 0.7703125 0.4979166666666667 0.76875 0.5 0.765625 0.5 0.7640625 0.5020833333333333 0.7625 0.5020833333333333 0.7609375 0.5041666666666667 0.759375 0.5041666666666667 0.75625 0.5083333333333333 0.7515625 0.5083333333333333 0.75 0.5104166666666666 0.7484375 0.5104166666666666 0.7453125 0.5145833333333333 0.7453125 0.5166666666666667 0.7421875 0.5208333333333334 0.7421875 0.5333333333333333 0.74375 0.5354166666666667 0.74375 0.5375 0.7453125 0.5395833333333333 0.7453125 0.5416666666666666 0.7546875 0.5541666666666667 0.7546875 0.55625 0.759375 0.5625 0.7609375 0.5625 0.76875 0.5729166666666666 0.7703125 0.5729166666666666 0.771875 0.575 0.7734375 0.575 0.775 0.5770833333333333 0.7765625 0.5770833333333333 0.7796875 0.58125 0.78125 0.58125 0.7828125 0.5833333333333334 0.784375 0.5833333333333334 0.7859375 0.5854166666666667 0.7984375 0.5854166666666667 0.8015625 0.58125 0.803125 0.58125 0.8125 0.56875 0.8140625 0.56875 0.815625 0.5666666666666667 0.8171875 0.5666666666666667 0.821875 0.5604166666666667 0.821875 0.5583333333333333 0.8234375 0.55625 0.8234375 0.5541666666666667 0.825 0.5520833333333334 0.825 0.5479166666666667 0.8265625 0.5458333333333333 0.8265625 0.5166666666666667 0.825 0.5145833333333333 0.825 0.5125 0.821875 0.5083333333333333 0.821875 0.50625 0.8203125 0.5041666666666667 0.8203125 0.5 0.8171875 0.49583333333333335 0.8171875 0.49375 0.8125 0.4875 0.8109375 0.4875 0.8078125 0.48333333333333334 0.8078125 0.48125
0 0.9078125 0.40625 0.9046875 0.41041666666666665 0.903125 0.41041666666666665 0.9015625 0.4125 0.9046875 0.4125 0.90625 0.41458333333333336 0.9078125 0.41458333333333336 0.909375 0.4166666666666667 0.9125 0.4166666666666667 0.9140625 0.41875 0.915625 0.41875 0.9234375 0.42916666666666664 0.9203125 0.43333333333333335 0.915625 0.43333333333333335 0.9140625 0.4354166666666667 0.90625 0.4354166666666667 0.9046875 0.43333333333333335 0.8984375 0.43333333333333335 0.8984375 0.45208333333333334 0.896875 0.45416666666666666 0.896875 0.45625 0.8953125 0.4583333333333333 0.8953125 0.46041666666666664 0.89375 0.4625 0.89375 0.46458333333333335 0.8921875 0.4666666666666667 0.8921875 0.47291666666666665 0.896875 0.4791666666666667 0.8984375 0.4791666666666667 0.9 0.48125 0.9015625 0.48125 0.903125 0.48333333333333334 0.9046875 0.48333333333333334 0.90625 0.48541666666666666 0.909375 0.48541666666666666 0.9109375 0.4875 0.9140625 0.4875 0.915625 0.4895833333333333 0.9171875 0.4895833333333333 0.91875 0.49166666666666664 0.9203125 0.49166666666666664 0.921875 0.49375 0.9234375 0.49375 0.925 0.49583333333333335 0.928125 0.49583333333333335 0.9296875 0.4979166666666667 0.9453125 0.4979166666666667 0.9484375 0.49375 0.95 0.49375 0.9515625 0.49166666666666664 0.9515625 0.4895833333333333 0.953125 0.4875 0.953125 0.48125 0.9546875 0.4791666666666667 0.9546875 0.47708333333333336 0.95625 0.475 0.95625 0.45416666666666666 0.9546875 0.45208333333333334 0.9546875 0.4479166666666667 0.953125 0.44583333333333336 0.953125 0.44166666666666665 0.9515625 0.4395833333333333 0.9515625 0.43333333333333335 0.95 0.43125 0.95 0.42916666666666664 0.9484375 0.4270833333333333 0.9484375 0.425 0.9359375 0.4083333333333333 0.93125 0.4083333333333333 0.9296875 0.40625 0.925 0.40625 0.9234375 0.4041666666666667 0.9109375 0.4041666666666667 0.909375 0.40625
0 0.9953125 0.325 0.99375 0.325 0.9875 0.31666666666666665 0.9859375 0.31666666666666665 0.984375 0.3145833333333333 0.98125 0.3145833333333333 0.9796875 0.3125 0.96875 0.3125 0.9671875 0.3104166666666667 0.965625 0.3104166666666667 0.9640625 0.3125 0.9609375 0.3125 0.959375 0.3145833333333333 0.9578125 0.3145833333333333 0.95625 0.31666666666666665 0.9546875 0.31666666666666665 0.953125 0.31875 0.9515625 0.31875 0.9484375 0.3229166666666667 0.946875 0.3229166666666667 0.9453125 0.325 0.9453125 0.32708333333333334 0.94375 0.32916666666666666 0.94375 0.33125 0.940625 0.33541666666666664 0.940625 0.33958333333333335 0.9390625 0.3416666666666667 0.9390625 0.34375 0.9375 0.3458333333333333 0.9375 0.34791666666666665 0.9359375 0.35 0.9359375 0.35208333333333336 0.9328125 0.35625 0.9328125 0.35833333333333334 0.93125 0.36041666666666666 0.93125 0.3625 0.9265625 0.36875 0.9265625 0.37083333333333335 0.925 0.3729166666666667 0.925 0.3770833333333333 0.9234375 0.37916666666666665 0.9234375 0.3854166666666667 0.925 0.3875 0.9265625 0.3875 0.928125 0.38958333333333334 0.9296875 0.38958333333333334 0.93125 0.39166666666666666 0.93125 0.39375 0.934375 0.39791666666666664 0.934375 0.4 0.9359375 0.40208333333333335 0.9375 0.40208333333333335 0.9390625 0.4041666666666667 0.9421875 0.4041666666666667 0.94375 0.40625 0.971875 0.40625 0.9734375 0.4041666666666667 0.978125 0.4041666666666667 0.9796875 0.40208333333333335 0.9953125 0.40208333333333335 0.9984375 0.39791666666666664 0.9984375 0.33541666666666664 0.996875 0.3333333333333333 0.996875 0.32708333333333334
0 0.996875 0.45625 0.99375 0.45625 0.990625 0.46041666666666664 0.9890625 0.46041666666666664 0.9859375 0.46458333333333335 0.984375 0.46458333333333335 0.98125 0.46875 0.9796875 0.46875 0.975 0.475 0.975 0.47708333333333336 0.971875 0.48125 0.9703125 0.48125 0.965625 0.4875 0.9625 0.4875 0.9609375 0.4895833333333333 0.959375 0.4895833333333333 0.9546875 0.49583333333333335 0.9546875 0.4979166666666667 0.953125 0.5 0.953125 0.5020833333333333 0.9515625 0.5041666666666667 0.9515625 0.50625 0.9484375 0.5104166666666666 0.9484375 0.5125 0.946875 0.5145833333333333 0.946875 0.5208333333333334 0.9484375 0.5229166666666667 0.9484375 0.525 0.953125 0.53125 0.9546875 0.53125 0.9578125 0.5354166666666667 0.9609375 0.5354166666666667 0.9625 0.5375 0.978125 0.5375 0.9796875 0.5395833333333333 0.9890625 0.5395833333333333 0.990625 0.5416666666666666 0.996875 0.5416666666666666 0.996875 0.5395833333333333 0.9984375 0.5375 0.9984375 0.4583333333333333
0 0.915625 0.5833333333333334 0.915625 0.5854166666666667 0.9140625 0.5875 0.9140625 0.5895833333333333 0.9125 0.5916666666666667 0.9125 0.59375 0.9109375 0.5958333333333333 0.9109375 0.6104166666666667 0.915625 0.6166666666666667 0.915625 0.61875 0.9203125 0.625 0.921875 0.625 0.9265625 0.63125 0.928125 0.63125 0.9296875 0.6333333333333333 0.93125 0.6333333333333333 0.9328125 0.6354166666666666 0.9359375 0.6354166666666666 0.9375 0.6375 0.940625 0.6375 0.9421875 0.6395833333333333 0.946875 0.6395833333333333 0.9484375 0.6416666666666667 0.953125 0.6416666666666667 0.9546875 0.64375 0.95625 0.64375 0.9578125 0.6458333333333334 0.965625 0.6458333333333334 0.9671875 0.6479166666666667 0.971875 0.6479166666666667 0.9734375 0.65 0.975 0.65 0.9765625 0.6520833333333333 0.9796875 0.6520833333333333 0.98125 0.6541666666666667 0.9921875 0.6541666666666667 0.99375 0.6520833333333333 0.9953125 0.6520833333333333 0.9984375 0.6479166666666667 0.9984375 0.63125 0.996875 0.6291666666666667 0.996875 0.6125 0.9953125 0.6104166666666667 0.9953125 0.6083333333333333 0.99375 0.60625 0.99375 0.59375 0.9921875 0.5916666666666667 0.9921875 0.5875 0.990625 0.5854166666666667 0.990625 0.5770833333333333 0.9859375 0.5708333333333333 0.9859375 0.56875 0.9828125 0.5645833333333333 0.98125 0.5645833333333333 0.978125 0.5604166666666667 0.975 0.5604166666666667 0.9734375 0.5583333333333333 0.9515625 0.5583333333333333 0.95 0.5604166666666667 0.9453125 0.5604166666666667 0.94375 0.5625 0.9421875 0.5625 0.9390625 0.5666666666666667 0.9375 0.5666666666666667 0.9359375 0.56875 0.934375 0.56875 0.93125 0.5729166666666666 0.9296875 0.5729166666666666 0.928125 0.575 0.9265625 0.575 0.925 0.5770833333333333 0.9234375 0.5770833333333333 0.921875 0.5791666666666667 0.9203125 0.5791666666666667 0.91875 0.58125 0.9171875 0.58125