0 0.15765625 0.3516666666666667 0.16390625 0.3433333333333334 0.17484375000000002 0.335 0.1878125 0.33458333333333334 0.1965625 0.34375 0.21812499999999999 0.3802083333333333 0.21875 0.3910416666666666 0.21140625000000002 0.39666666666666667 0.1978125 0.4014583333333333 0.18328125 0.4045833333333333 0.16921875 0.4045833333333333 0.16296875 0.39875 0.1565625 0.38708333333333333 0.15171874999999999 0.378125 0.15171874999999999 0.3672916666666667 0.15375 0.359375
0 0.14328125 0.40520833333333334 0.14390624999999999 0.41291666666666665 0.14953125 0.42083333333333334 0.16499999999999998 0.41833333333333333 0.16593750000000002 0.41354166666666664 0.1678125 0.4139583333333333 0.178125 0.42583333333333334 0.17906249999999999 0.43083333333333335 0.17984375 0.44020833333333337 0.1784375 0.45041666666666663 0.173125 0.4583333333333333 0.164375 0.4720833333333333 0.15984375 0.4814583333333333 0.1534375 0.489375 0.14609375 0.49125 0.139375 0.4839583333333334 0.12953125000000001 0.46937500000000004 0.12 0.4552083333333333 0.1171875 0.4483333333333333 0.11578124999999999 0.43833333333333335 0.11640625 0.43145833333333333 0.12203125 0.4166666666666667 0.13125 0.4064583333333333
0 0.08125 0.5125 0.078125 0.52 0.07703125 0.5327083333333333 0.0896875 0.5379166666666666 0.10171875 0.5352083333333333 0.11765624999999999 0.5477083333333332 0.12281249999999999 0.5464583333333334 0.1221875 0.5416666666666666 0.12671875 0.5416666666666666 0.12875 0.54625 0.12328125000000001 0.5589583333333333 0.0853125 0.5895833333333333 0.07718749999999999 0.5914583333333333 0.0721875 0.5895833333333333 0.06734375000000001 0.58375 0.065625 0.5768749999999999 0.0609375 0.5383333333333333 0.060625 0.5233333333333333 0.0696875 0.51125 0.075625 0.509375
0 0.2790625 0.49083333333333334 0.26734375 0.5164583333333334 0.2665625 0.5233333333333333 0.26875 0.5302083333333333 0.275 0.5341666666666666 0.28203125 0.5366666666666667 0.31703125 0.5347916666666667 0.3271875 0.52875 0.32875 0.5208333333333334 0.33140625 0.51 0.32359375 0.48041666666666666 0.31984375 0.4691666666666666 0.31421875 0.4608333333333333 0.30578125 0.45895833333333336 0.29828125 0.46166666666666667 0.291875 0.46458333333333335 0.28703124999999996 0.47145833333333337 0.2796875 0.48166666666666663
0 0.28500000000000003 0.39625 0.27265625 0.413125 0.27296875 0.42416666666666664 0.26875 0.43395833333333333 0.26875 0.45 0.27328125000000003 0.454375 0.27359374999999997 0.46125 0.27749999999999997 0.46791666666666665 0.2809375 0.4702083333333333 0.2875 0.46979166666666666 0.29203125 0.46416666666666667 0.301875 0.46 0.29796875 0.45770833333333333 0.29734375 0.4529166666666667 0.30171875 0.4514583333333333 0.30625 0.4527083333333334 0.31296875 0.4608333333333333 0.32125 0.45208333333333334 0.32640625 0.4358333333333333 0.31453125000000004 0.428125 0.3078125 0.41916666666666663 0.2990625 0.4139583333333333 0.2965625 0.40041666666666664 0.29234375 0.3958333333333333
0 0.3596875 0.46145833333333336 0.3578125 0.496875 0.36515624999999996 0.5114583333333333 0.38421875 0.5227083333333333 0.3896875 0.5235416666666667 0.40421874999999996 0.5077083333333333 0.40796875000000005 0.5077083333333333 0.41546874999999994 0.48895833333333333 0.41484375 0.47312499999999996 0.4103125 0.45958333333333334 0.4065625 0.4545833333333333 0.399375 0.4502083333333333 0.38109375 0.4454166666666667 0.3746875 0.44583333333333336 0.36984374999999997 0.44958333333333333 0.36203124999999997 0.45583333333333337
0 0.4375 0.44875000000000004 0.4375 0.47458333333333336 0.44546875 0.48708333333333337 0.45578124999999997 0.49729166666666663 0.46749999999999997 0.5133333333333333 0.475 0.5164583333333334 0.4828125 0.51625 0.488125 0.5008333333333334 0.4959375 0.46145833333333336 0.49609375 0.45083333333333336 0.49343750000000003 0.439375 0.49031250000000004 0.4345833333333333 0.48250000000000004 0.43 0.46953125 0.42770833333333336 0.46078125 0.43020833333333336 0.45015625000000004 0.43041666666666667 0.44421875 0.43395833333333333 0.44000000000000006 0.44104166666666667
0 0.5078125 0.3958333333333333 0.49984375 0.4060416666666667 0.49437499999999995 0.41833333333333333 0.50125 0.47312499999999996 0.5042187499999999 0.481875 0.51125 0.4839583333333334 0.52046875 0.478125 0.54609375 0.44729166666666664 0.54890625 0.4375 0.5493750000000001 0.42583333333333334 0.54375 0.41916666666666663 0.5384375 0.421875 0.5328125 0.41625 0.52796875 0.40520833333333334 0.5209374999999999 0.39895833333333336 0.515625 0.39520833333333333
0 0.4828125 0.5154166666666666 0.47765625 0.5177083333333333 0.46390624999999996 0.5322916666666667 0.45828125000000003 0.5304166666666666 0.45578124999999997 0.5358333333333333 0.45296875 0.551875 0.46656250000000005 0.5785416666666666 0.47406249999999994 0.5889583333333334 0.484375 0.5977083333333333 0.49375 0.5964583333333333 0.50046875 0.5877083333333334 0.50609375 0.5839583333333334 0.5115624999999999 0.5764583333333333 0.5134375 0.5683333333333334 0.51390625 0.558125 0.51390625 0.5427083333333333 0.51109375 0.5289583333333333 0.5075000000000001 0.5210416666666666 0.50296875 0.5127083333333333 0.49734375000000003 0.5095833333333333 0.49140625 0.5095833333333333 0.4884375 0.51125
0 0.54125 0.4658333333333333 0.5404687499999999 0.483125 0.53734375 0.48833333333333334 0.5365624999999999 0.5041666666666667 0.53703125 0.5114583333333333 0.54109375 0.5191666666666667 0.5475 0.52125 0.55375 0.5202083333333333 0.5590625 0.516875 0.57484375 0.5160416666666666 0.58109375 0.511875 0.5900000000000001 0.5033333333333333 0.59484375 0.493125 0.59640625 0.48083333333333333 0.5935937499999999 0.474375 0.58515625 0.45979166666666665 0.57421875 0.44854166666666667 0.5640625 0.444375 0.55421875 0.44479166666666664 0.5482812499999999 0.453125
0 0.6012500000000001 0.4920833333333333 0.6115625 0.5070833333333333 0.6215625 0.5175 0.63390625 0.5291666666666667 0.64171875 0.5277083333333333 0.6442187500000001 0.5227083333333333 0.6442187500000001 0.5127083333333333 0.64390625 0.5014583333333333 0.6465625 0.4945833333333333 0.65 0.48708333333333337 0.65078125 0.47250000000000003 0.6484375 0.4672916666666667 0.64453125 0.45895833333333336 0.63859375 0.4545833333333333 0.63078125 0.45041666666666663 0.61640625 0.45125 0.6115625 0.4527083333333334 0.60546875 0.45770833333333333 0.6009375 0.46291666666666664 0.59890625 0.4691666666666666 0.6046875 0.4741666666666667 0.6034375 0.483125 0.59890625 0.4822916666666667 0.605 0.4872916666666667 0.60453125 0.4925
0 0.62203125 0.59125 0.63578125 0.5777083333333334 0.6415625 0.5775 0.6560937499999999 0.58 0.6571875 0.5733333333333334 0.66203125 0.5733333333333334 0.67296875 0.581875 0.67578125 0.5895833333333333 0.6760937499999999 0.6460416666666667 0.67234375 0.6529166666666666 0.6682812499999999 0.6549999999999999 0.66359375 0.653125 0.6326562499999999 0.6333333333333333 0.6251562500000001 0.6254166666666666 0.62203125 0.6152083333333334
0 0.6503125 0.5314583333333334 0.6498437499999999 0.5464583333333334 0.6621875 0.5602083333333333 0.6771874999999999 0.5625 0.69484375 0.5708333333333333 0.7025 0.5704166666666667 0.7075 0.5652083333333333 0.70796875 0.5470833333333334 0.70484375 0.541875 0.705 0.5314583333333334 0.7015625 0.5114583333333333 0.6978125000000001 0.5033333333333333 0.6921875 0.49583333333333335 0.6839062499999999 0.489375 0.678125 0.49125 0.6682812499999999 0.5022916666666667 0.659375 0.5108333333333334 0.6548437500000001 0.5210416666666666
0 0.6709375 0.45395833333333335 0.6771874999999999 0.45083333333333336 0.6912499999999999 0.4502083333333333 0.6990624999999999 0.4454166666666667 0.7032812500000001 0.439375 0.7032812500000001 0.41958333333333336 0.6928124999999999 0.3958333333333333 0.68859375 0.3872916666666667 0.68046875 0.37895833333333334 0.6725 0.3745833333333334 0.66359375 0.37375 0.6565624999999999 0.37916666666666665 0.6487499999999999 0.3858333333333333 0.6421875 0.39520833333333333 0.64015625 0.40166666666666667 0.63875 0.41625 0.6392187500000001 0.42604166666666665 0.6407812500000001 0.4370833333333334 0.64921875 0.4483333333333333 0.65796875 0.45083333333333336
0 0.7162499999999999 0.46270833333333333 0.71375 0.47229166666666667 0.7115625 0.5008333333333334 0.71265625 0.5120833333333333 0.71765625 0.5179166666666667 0.72328125 0.5179166666666667 0.73125 0.5210416666666666 0.7375 0.5202083333333333 0.7434375 0.5127083333333333 0.7579687500000001 0.5014583333333333 0.7625 0.49270833333333336 0.76078125 0.48791666666666667 0.76625 0.4791666666666667 0.76390625 0.47145833333333337 0.7584375 0.46458333333333335 0.75453125 0.46125 0.7446875000000001 0.4579166666666667 0.7407812500000001 0.4560416666666667 0.7368750000000001 0.44958333333333333 0.7278125 0.44895833333333335 0.72109375 0.4516666666666667 0.71765625 0.45749999999999996
0 0.766875 0.48833333333333334 0.76859375 0.5039583333333334 0.7720312500000001 0.516875 0.77796875 0.5235416666666667 0.7821875 0.5322916666666667 0.79078125 0.5399999999999999 0.79734375 0.5414583333333333 0.80859375 0.5352083333333333 0.8175000000000001 0.5264583333333334 0.8201562499999999 0.5095833333333333 0.82125 0.496875 0.8201562499999999 0.48083333333333333 0.8153124999999999 0.47145833333333337 0.80859375 0.4670833333333333 0.78859375 0.47708333333333336 0.7875 0.48520833333333335 0.775625 0.481875
0 0.7798437500000001 0.5758333333333333 0.78609375 0.5866666666666667 0.8015625 0.5852083333333333 0.805 0.57875 0.8190625 0.5829166666666666 0.8260937500000001 0.5897916666666667 0.8290625 0.6039583333333333 0.8259375 0.6189583333333334 0.81609375 0.6422916666666667 0.8048437500000001 0.65375 0.78296875 0.6533333333333334 0.7765625 0.6458333333333334 0.7737499999999999 0.6366666666666667 0.7720312500000001 0.6222916666666667 0.76859375 0.5989583333333334 0.76953125 0.5885416666666666 0.776875 0.5768749999999999
0 0.8797297297297296 0.4342342342342342 0.8641891891891891 0.4403153153153153 0.8618243243243244 0.4452702702702703 0.8638513513513514 0.45585585585585586 0.8719594594594595 0.4686936936936937 0.8820945945945946 0.48243243243243245 0.8891891891891891 0.4837837837837838 0.8929054054054054 0.4882882882882883 0.9047297297297296 0.4968468468468468 0.9160472972972974 0.495945945945946 0.9221283783783785 0.4828828828828829 0.9241554054054054 0.4635135135135135 0.9309121621621621 0.4477477477477477 0.9302364864864865 0.43243243243243246 0.925 0.4286036036036036 0.9003378378378379 0.4295045045045045 0.8891891891891891 0.44211711711711715 0.8837837837837839 0.4407657657657658 0.88125 0.43783783783783786
0 0.924831081081081 0.3885135135135135 0.9222972972972974 0.39414414414414417 0.9226351351351351 0.3995495495495495 0.9302364864864865 0.41081081081081083 0.9388513513513514 0.4141891891891892 0.9555743243243244 0.42139639639639637 0.9685810810810811 0.4283783783783784 0.9834459459459459 0.43018018018018017 0.9888513513513514 0.415990990990991 0.9880067567567569 0.4006756756756757 0.987668918918919 0.38761261261261265 0.9869932432432431 0.3727477477477477 0.9859797297297297 0.36463963963963963 0.9804054054054054 0.35563063063063066 0.9721283783783784 0.34797297297297297 0.9675675675675676 0.3484234234234235 0.9621621621621621 0.3545045045045045 0.9591216216216216 0.359009009009009 0.943918918918919 0.3698198198198198 0.9444256756756756 0.40112612612612614
0 0.9429054054054055 0.4932432432432432 0.9402027027027027 0.5038288288288288 0.9444256756756756 0.5164414414414414 0.9858108108108109 0.5513513513513514 0.9984375 0.5520159139402561 0.9984375 0.46644144144144145 0.9831081081081081 0.465990990990991 0.9682432432432432 0.47297297297297297 0.9641891891891892 0.47815315315315315 0.9614864864864865 0.4815315315315315
0 0.185234375 0.3589583333333334 0.06765624999999997 0.09083333333333332
0 0.147890625 0.4341666666666667 0.06359375 0.11208333333333335
0 0.094921875 0.5388541666666666 0.06796875 0.10645833333333332
0 0.29734375 0.4276041666666667 0.057499999999999975 0.08520833333333329
0 0.299453125 0.494375 0.06453125000000001 0.08499999999999996
0 0.386484375 0.47760416666666666 0.057343749999999985 0.09104166666666665
0 0.467109375 0.470625 0.059218749999999966 0.09166666666666666
0 0.48367187500000003 0.5491666666666667 0.06109375000000004 0.09750000000000002
0 0.521953125 0.4373958333333333 0.05546875 0.09187499999999998
0 0.566328125 0.47541666666666665 0.06015625 0.09208333333333336
0 0.625078125 0.48333333333333334 0.051718750000000036 0.09166666666666666
0 0.671171875 0.4036458333333333 0.06484375 0.09895833333333333
0 0.67875 0.5267708333333333 0.05812499999999998 0.08812500000000002
0 0.64921875 0.6083333333333333 0.05437499999999993 0.09375
0 0.739140625 0.46697916666666667 0.05453124999999996 0.10770833333333331
0 0.794140625 0.4955208333333333 0.05484374999999995 0.09187499999999993
0 0.798828125 0.6016666666666666 0.06078125000000005 0.10583333333333336
0 0.8964062500000001 0.4505208333333333 0.06875 0.09229166666666669
0 0.955859375 0.38218749999999996 0.06609374999999992 0.0964583333333333
0 0.9692187499999999 0.5063214760638297 0.05843749999999996 0.09014295212765942