0 0.141875 0.41729166666666667 0.16171875 0.41583333333333333 0.165625 0.4125 0.18953124999999998 0.40687500000000004 0.196875 0.40187500000000004 0.1965625 0.3854166666666667 0.18656250000000002 0.36854166666666666 0.1715625 0.35125 0.159375 0.33999999999999997 0.14328125 0.3385416666666667 0.136875 0.34437500000000004 0.12984374999999998 0.354375 0.12359374999999999 0.369375 0.12 0.38333333333333336 0.123125 0.39979166666666666 0.12875 0.408125
0 0.15515625 0.52375 0.16999999999999998 0.4764583333333333 0.16921875 0.461875 0.14859375 0.45125 0.145 0.46625 0.1340625 0.47583333333333333 0.12609375 0.475625 0.121875 0.46437500000000004 0.11968749999999999 0.45208333333333334 0.12140625000000001 0.44875000000000004 0.11125 0.45 0.10453125 0.45749999999999996 0.10109375000000001 0.463125 0.103125 0.48333333333333334 0.11296874999999999 0.50125 0.123125 0.5091666666666667 0.13859375000000002 0.5316666666666666 0.14390624999999999 0.5354166666666667 0.1509375 0.5327083333333333
0 0.07453125000000001 0.5729166666666666 0.09140625 0.57625 0.0921875 0.58125 0.08734375 0.5872916666666667 0.08875 0.6066666666666667 0.10765625000000001 0.6018749999999999 0.1125 0.59625 0.12921875 0.60625 0.12562500000000001 0.60875 0.11374999999999999 0.620625 0.10406249999999999 0.6225 0.0975 0.620625 0.07718749999999999 0.5920833333333333
0 0.26546875000000003 0.430625 0.26234375 0.4483333333333333 0.26359374999999996 0.4685416666666667 0.27078125000000003 0.48500000000000004 0.2725 0.491875 0.28140624999999997 0.4985416666666667 0.2915625 0.49729166666666663 0.29453125 0.49395833333333333 0.30125 0.49395833333333333 0.30578125 0.48874999999999996 0.31640625 0.47791666666666666 0.3175 0.47250000000000003 0.3053125 0.47312499999999996 0.30281250000000004 0.46499999999999997 0.29921875 0.4639583333333333 0.2959375 0.46625 0.28625 0.466875 0.28234375 0.45687500000000003 0.28328125000000004 0.4516666666666667 0.28546875 0.448125 0.2834375 0.445625 0.278125 0.4479166666666667 0.26687500000000003 0.43687499999999996
0 0.294375 0.49333333333333335 0.28765625 0.5016666666666667 0.28140624999999997 0.5170833333333333 0.2778125 0.5395833333333333 0.27749999999999997 0.5466666666666666 0.27531249999999996 0.5508333333333333 0.27390625 0.5677083333333334 0.27875 0.5770833333333333 0.3025 0.5772916666666668 0.3253125 0.573125 0.33171875 0.564375 0.3309375 0.5472916666666666 0.3278125 0.5416666666666666 0.3196875 0.5387500000000001 0.315625 0.5154166666666666 0.3040625 0.5008333333333334 0.30515625 0.49375
0 0.3609375 0.5125 0.36296875 0.5302083333333333 0.37046875 0.5510416666666667 0.37703125000000004 0.559375 0.38296874999999997 0.575625 0.38687499999999997 0.58125 0.395625 0.5825 0.39953125 0.5768749999999999 0.4215625 0.5308333333333334 0.4234375 0.5210416666666666 0.42171875 0.5087499999999999 0.41265625000000006 0.4975 0.405625 0.49145833333333333 0.39578125000000003 0.48874999999999996 0.38375 0.48625 0.37421875 0.4875 0.36625 0.494375 0.36234375 0.5039583333333334
0 0.44390625000000006 0.53 0.4446875 0.5572916666666666 0.46125 0.5777083333333334 0.47515625000000006 0.595625 0.48187499999999994 0.6029166666666667 0.48859375 0.603125 0.49671875 0.5960416666666667 0.50203125 0.5833333333333334 0.5040625000000001 0.55625 0.50875 0.5375 0.50484375 0.528125 0.5028125 0.533125 0.4953125 0.53125 0.47953124999999996 0.525625 0.47531249999999997 0.5345833333333334 0.46749999999999997 0.5345833333333334 0.46203125 0.53 0.45984375 0.5229166666666667 0.45390625 0.5245833333333334
0 0.471875 0.6181249999999999 0.47843749999999996 0.6164583333333333 0.485 0.6029166666666667 0.48859375 0.603125 0.49749999999999994 0.5954166666666667 0.49921875 0.5916666666666667 0.5040625000000001 0.59125 0.5079687500000001 0.5879166666666666 0.50890625 0.5827083333333333 0.50890625 0.57375 0.50703125 0.5695833333333333 0.5121875 0.56875 0.5181250000000001 0.5695833333333333 0.52625 0.5825 0.53046875 0.6141666666666666 0.5309375000000001 0.6270833333333333 0.5248437499999999 0.64 0.5146875 0.6464583333333334 0.50484375 0.6497916666666667 0.49468750000000006 0.646875 0.489375 0.64 0.48234374999999996 0.6329166666666667 0.475 0.626875
0 0.5192307692307693 0.43337912087912095 0.5135645604395604 0.44024725274725274 0.5135645604395604 0.45169413919413925 0.5097870879120879 0.459478021978022 0.5108173076923077 0.4727564102564103 0.5169986263736264 0.4908424908424909 0.5188873626373627 0.5089285714285715 0.5262706043956044 0.5183150183150184 0.5334821428571429 0.5183150183150184 0.5396634615384616 0.5146520146520147 0.5470467032967032 0.5059523809523809 0.5645604395604396 0.4935897435897436 0.5690247252747253 0.4848901098901099 0.5729739010989011 0.4745879120879121 0.5726304945054945 0.4697802197802198 0.5669642857142858 0.47069597069597074 0.565418956043956 0.47893772893772896 0.5564903846153847 0.47870879120879123 0.5494505494505495 0.4663461538461539 0.549793956043956 0.4532967032967033 0.5406936813186813 0.45032051282051283 0.5351991758241759 0.4384157509157509
0 0.568853021978022 0.4945054945054945 0.5657623626373627 0.5027472527472527 0.5652472527472527 0.5178571428571429 0.5614697802197802 0.5357142857142858 0.5587225274725275 0.5439560439560439 0.5587225274725275 0.5631868131868133 0.5628434065934067 0.5702838827838829 0.5757211538461539 0.571886446886447 0.5825892857142858 0.5673076923076923 0.6004464285714286 0.5647893772893774 0.6122939560439561 0.5586080586080586 0.6198489010989011 0.549908424908425 0.6205357142857143 0.5416666666666666 0.6243131868131868 0.5384615384615384 0.6122939560439561 0.521978021978022 0.6059409340659341 0.5091575091575092 0.5843063186813187 0.49061355311355315 0.5815590659340659 0.48603479853479853 0.5777815934065934 0.48443223443223443 0.5762362637362638 0.48946886446886445
0 0.6323832417582418 0.5151098901098902 0.631868131868132 0.5265567765567766 0.6375343406593407 0.5405219780219781 0.664320054945055 0.575091575091575 0.6692994505494505 0.5771520146520147 0.6789148351648352 0.5762362637362638 0.6804601648351649 0.5693681318681318 0.6778846153846154 0.5606684981684982 0.6828640109890111 0.5453296703296703 0.6890453296703296 0.5290750915750916 0.6909340659340659 0.5215201465201466 0.6890453296703296 0.5082417582417583 0.6844093406593407 0.5 0.679429945054945 0.4926739926739927 0.6698145604395604 0.4910714285714286 0.6679258241758241 0.494047619047619 0.6624313186813187 0.507554945054945 0.6571085164835165 0.5070970695970697 0.6493818681318682 0.49679487179487186 0.637706043956044 0.5 0.6334134615384616 0.5059523809523809
0 0.6504120879120879 0.6277472527472528 0.6500686813186813 0.6556776556776557 0.6682692307692308 0.6739926739926739 0.6739354395604396 0.6751373626373627 0.6859546703296704 0.688415750915751 0.6931662087912088 0.6900183150183151 0.6993475274725275 0.6881868131868133 0.7041552197802198 0.6813186813186813 0.7087912087912088 0.6298076923076923 0.6880151098901099 0.6243131868131868 0.6844093406593407 0.6373626373626373 0.6802884615384616 0.6396520146520147 0.6732486263736264 0.6380494505494506 0.6674107142857143 0.6231684981684982 0.6617445054945056 0.6236263736263736
0 0.6868131868131868 0.5817307692307693 0.6852678571428572 0.5860805860805861 0.6859546703296704 0.5918040293040293 0.6893887362637363 0.6009615384615384 0.6947115384615385 0.6085164835164836 0.7036401098901099 0.6092032967032968 0.7065590659340659 0.6133241758241758 0.7144574175824177 0.614010989010989 0.7240728021978022 0.6213369963369964 0.7276785714285714 0.6208791208791209 0.7302541208791209 0.6243131868131868 0.7422733516483516 0.6252289377289377 0.747081043956044 0.6201923076923077 0.7455357142857143 0.5595238095238095 0.739010989010989 0.5471611721611721 0.7316277472527473 0.5368589743589743 0.7245879120879122 0.5343406593406593 0.7206387362637363 0.5613553113553115 0.7103365384615385 0.5650183150183151 0.7029532967032968 0.5625
0 0.701407967032967 0.5004578754578755 0.740728021978022 0.5125915750915752 0.7524038461538461 0.5112179487179487 0.7589285714285714 0.5020604395604396 0.7578983516483516 0.46955128205128205 0.7532623626373627 0.44162087912087916 0.7486263736263736 0.43131868131868134 0.7393543956043956 0.4184981684981685 0.7354052197802198 0.4141483516483516 0.7235576923076923 0.4127747252747253 0.7144574175824177 0.41483516483516486 0.7072458791208791 0.4223901098901099 0.6859546703296704 0.44734432234432236 0.6828640109890111 0.45718864468864473 0.6825206043956044 0.46886446886446886 0.6864697802197803 0.48145604395604397
0 0.7774725274725275 0.46703296703296704 0.7671703296703297 0.5061813186813187 0.7682005494505495 0.5171703296703297 0.7700892857142858 0.5254120879120879 0.778331043956044 0.5281593406593407 0.7790178571428572 0.5343406593406593 0.7855425824175825 0.5405219780219781 0.7960164835164836 0.5418956043956044 0.8040865384615385 0.538003663003663 0.8203983516483516 0.5265567765567766 0.8303571428571429 0.5157967032967034 0.8346497252747254 0.5157967032967034 0.8305288461538461 0.5013736263736264 0.8241758241758242 0.4901556776556777 0.8179945054945055 0.5006868131868132 0.8046016483516484 0.5004578754578755 0.8006524725274726 0.4926739926739927 0.8047733516483516 0.47206959706959706 0.8114697802197803 0.4709249084249085 0.8104395604395604 0.45718864468864473 0.8016826923076923 0.4539835164835165 0.7922390109890111 0.4539835164835165 0.7848557692307693 0.45902014652014655
0 0.835679945054945 0.5267857142857143 0.835679945054945 0.5364010989010989 0.8461538461538461 0.5620421245421245 0.8538804945054945 0.5702838827838829 0.8643543956043956 0.571886446886447 0.8693337912087913 0.5673076923076923 0.8798076923076923 0.5643315018315018 0.8851304945054945 0.5583791208791209 0.889423076923077 0.5487637362637362 0.8933722527472527 0.5364010989010989 0.8998969780219781 0.5288461538461539 0.8988667582417582 0.5091575091575092 0.8949175824175825 0.49885531135531136 0.8911401098901098 0.5041208791208791 0.8701923076923077 0.5125915750915752 0.8691620879120879 0.5178571428571429 0.8598901098901098 0.5224358974358975 0.8501030219780221 0.5199175824175825 0.8485576923076923 0.516941391941392 0.8507898351648352 0.5112179487179487 0.8428914835164836 0.5096153846153846 0.8358516483516484 0.5187728937728938
0 0.8169642857142858 0.6359890109890111 0.8130151098901098 0.6385073260073261 0.8111263736263737 0.6643772893772895 0.8104395604395604 0.6778846153846154 0.8130151098901098 0.6900183150183151 0.8217719780219781 0.7012362637362638 0.8331043956043956 0.7122252747252747 0.8458104395604396 0.7142857142857143 0.8562843406593407 0.7097069597069597 0.8743131868131868 0.6870421245421245 0.8751717032967032 0.6701007326007326 0.8701923076923077 0.6717032967032968 0.8588598901098902 0.6586538461538463 0.8531936813186813 0.6586538461538463 0.8485576923076923 0.6636904761904763 0.8339629120879121 0.6698717948717949 0.8279532967032968 0.6659798534798536 0.8265796703296704 0.6462912087912087 0.8294986263736265 0.6437728937728938 0.8293269230769231 0.6417124542124543
0 0.158203125 0.36635416666666665 0.07703125000000002 0.10270833333333336
0 0.13570312499999998 0.48125 0.06890625000000002 0.10708333333333328
0 0.1075 0.5753125 0.0665625 0.09312499999999997
0 0.303046875 0.5340625 0.05734375000000003 0.08729166666666668
0 0.290234375 0.4454166666666667 0.055781249999999984 0.10541666666666666
0 0.392109375 0.5302083333333333 0.06328125 0.10458333333333338
0 0.4759375 0.5513541666666666 0.06468750000000005 0.10312499999999994
0 0.5015625 0.6019791666666667 0.059375 0.09520833333333331
0 0.541484375 0.46447916666666667 0.06328125 0.10812500000000001
0 0.591484375 0.5210416666666667 0.06609375000000002 0.10083333333333334
0 0.661640625 0.5265625 0.05859375 0.10104166666666667
0 0.720625 0.4514583333333333 0.07593750000000003 0.12083333333333333
0 0.716484375 0.5713541666666667 0.061406250000000016 0.10812499999999996
0 0.679609375 0.6427083333333333 0.05859375 0.09500000000000004
0 0.84296875 0.6542708333333334 0.0640625 0.11854166666666661
0 0.8676562499999999 0.5236458333333334 0.0640625 0.09645833333333335
0 0.8008593749999999 0.4796875 0.06765625000000011 0.12354166666666663