0 0.3753869969040248 0.6162925696594428 0.10932662538699689 0.14899380804953555
0 0.42182662538699695 0.46213880288957687 0.08610681114551082 0.1644736842105263
0 0.4491582817337461 0.36151960784313725 0.10787538699690406 0.1206140350877193
0 0.6349167956656346 0.4353715170278638 0.10981037151702785 0.13028895768833848
0 0.6532991486068112 0.5234133126934984 0.10303792569659445 0.14899380804953555
0 0.7631095201238389 0.4982585139318886 0.11271284829721359 0.13738390092879255
0 0.9384602360681115 0.6063036542078631 0.11995452786377711 0.14059186599087853
0 0.9331390286377708 0.47789937080872347 0.1305969427244582 0.14714243485314113
0 0.9590194465944272 0.37824694311536416 0.07883610681114543 0.05860946930606374
0 0.34183412806539515 0.5709582198001816 0.3294873978201635 0.5806085376930064 0.32182391008174394 0.5936648501362397 0.3235269073569483 0.6299954586739328 0.3273586512261581 0.6470254314259765 0.32863589918256136 0.676544050862852 0.3392796321525886 0.6884650317892825 0.3520521117166213 0.6890326975476839 0.36354734332425076 0.6799500454132607 0.38015156675749323 0.6629200726612171 0.39292404632152594 0.6538374205267938 0.40314202997275206 0.6271571298819255 0.38398331062670304 0.6078564940962762 0.37206232970027253 0.6146684831970936 0.3584383514986377 0.6123978201634876 0.35375510899182566 0.5953678474114441 0.3592898501362398 0.5817438692098093
0 0.4022905313351499 0.4245004541326067 0.38015156675749323 0.4517484105358765 0.38015156675749323 0.47956403269754766 0.3852605585831063 0.4988646684831971 0.4099540190735695 0.5244096276112625 0.4193205040871935 0.5403042688465032 0.43379598092643057 0.5448455949137149 0.44614271117166215 0.5283832879200727 0.46402418256130795 0.47445504087193463 0.46232118528610355 0.4426657584014532 0.45082595367847417 0.4318801089918256 0.4329444822888284 0.4443687556766576 0.42017200272479566 0.41939146230699365
0 0.4363504768392371 0.329700272479564 0.41719175749318804 0.3580835603996367 0.41421151226158043 0.3779518619436876 0.42570674386920987 0.3938465031789283 0.4269839918256131 0.41030881017257037 0.4418852179836513 0.4227974568574024 0.47041042234332425 0.41541780199818346 0.4959553814713897 0.40463215258855584 0.4997871253405995 0.3881698455949137 0.4887176430517711 0.3626248864668483 0.4665786784741145 0.3302679382379655 0.45125170299727524 0.32118528610354224
0 0.6147394414168937 0.39157584014532243 0.596857970027248 0.40009082652134426 0.5887687329700273 0.42904178019981837 0.5836597411444142 0.4596957311534968 0.5921747275204361 0.47956403269754766 0.5934519754768393 0.4909173478655768 0.6121849455040873 0.49943233424159855 0.6364526566757494 0.48240236148955495 0.6317694141689374 0.475022706630336 0.6373041553133516 0.4727520435967303 0.6368784059945505 0.4670753860127157 0.6551856267029973 0.47161671207992734 0.6560371253405994 0.4562897366030881 0.6645521117166213 0.4500454132606721 0.6641263623978202 0.43471843778383285 0.6487993869209809 0.4267711171662125 0.6492251362397821 0.4142824704813806 0.6270861716621254 0.391008174386921
0 0.6321951634877385 0.4846730245231608 0.6164424386920981 0.5005676657584014 0.6126106948228883 0.5164623069936422 0.6100561989100818 0.5351952770208901 0.6057987057220708 0.5459809264305178 0.6036699591280654 0.572661217075386 0.6053729564032698 0.5874205267938238 0.6219771798365124 0.5970708446866485 0.6487993869209809 0.5925295186194368 0.6739185967302453 0.5885558583106267 0.6909485694822889 0.5709582198001816 0.6947803133514987 0.5465485921889192 0.6888198228882835 0.5164623069936422 0.6768988419618529 0.4926203451407811 0.6645521117166213 0.4829700272479564 0.6483736376021799 0.47842870118074476
0 0.7450187329700273 0.46139872842870117 0.7348007493188011 0.47445504087193463 0.729266008174387 0.49659400544959126 0.7250085149863761 0.5193006357856494 0.7343750000000001 0.5403042688465032 0.7484247275204361 0.5561989100817438 0.7667319482288829 0.5635785649409628 0.7841876702997276 0.5652815622161671 0.8046236376021799 0.5630108991825613 0.8127128746594006 0.5448455949137149 0.8186733651226159 0.4920526793823797 0.8097326294277929 0.46764305177111715 0.7939799046321527 0.4551544050862852 0.7735439373297004 0.4528837420526794 0.7569397138964578 0.4528837420526794
0 0.8936052452316077 0.5930971843778383 0.9033974795640327 0.6226158038147139 0.9208532016348775 0.6487284287011807 0.9404376702997276 0.6646230699364215 0.9591706403269755 0.6737057220708447 0.980032356948229 0.6742733878292461 0.9962108310626704 0.6555404178019981 0.9983395776566757 0.5544959128065394 0.9830126021798365 0.5459809264305178 0.9698143732970028 0.5516575840145322 0.9642796321525886 0.5613079019073569 0.9621508855585832 0.572661217075386 0.9297939373297004 0.5766348773841962 0.9306454359673024 0.5698228882833788 0.9131897138964579 0.5896911898274296 0.9051004768392371 0.5823115349682108
0 0.9029717302452317 0.421094459582198 0.8825357629427794 0.4489100817438692 0.8778525204359674 0.4789963669391462 0.8884962534059946 0.5045413260672116 0.9114867166212534 0.5210036330608537 0.9336256811989102 0.5312216167120799 0.9612993869209809 0.5488192552225251 0.9817353542234333 0.5493869209809265 0.9885473433242508 0.5386012715712988 0.9928048365122617 0.5261126248864668 0.9915275885558584 0.4818346957311535 0.9966365803814714 0.45231607629427795 0.9872700953678475 0.4227974568574024 0.9685371253405994 0.4137148047229791 0.9442694141689374 0.4142824704813806 0.9340514305177112 0.41541780199818346 0.928516689373297 0.4097411444141689 0.9246849455040872 0.4097411444141689 0.9268136920980927 0.41655313351498635
0 0.9612993869209809 0.3597865576748411 0.928516689373297 0.3756811989100817 0.9212789509536785 0.4017938237965486 0.9540616485013624 0.40463215258855584 0.9830126021798365 0.4171207992733878 0.9928048365122617 0.4409627611262489 0.9979138283378747 0.45061307901907355 0.9979138283378747 0.37227520435967304