0 0.05322265624999998 0.688259548611111 0.10416666666666666 0.13129340277777785
0 0.110595703125 0.7528211805555555 0.09521484375000001 0.1258680555555556
0 0.16064453124999997 0.575954861111111 0.09114583333333334 0.13237847222222215
0 0.23185221354166669 0.6361762152777778 0.08382161458333334 0.13563368055555547
0 0.3160807291666667 0.6459418402777778 0.0699869791666667 0.12044270833333333
0 0.366943359375 0.5428602430555555 0.09033203125 0.14214409722222227
0 0.3897298177083333 0.6898871527777778 0.07731119791666656 0.13020833333333334
0 0.36165364583333337 0.7891710069444444 0.068359375 0.10308159722222214
0 0.491455078125 0.5802951388888888 0.0577799479166667 0.14105902777777773
0 0.5618489583333333 0.6226128472222221 0.0748697916666666 0.1171875
0 0.5459798177083333 0.7804904513888888 0.0626627604166666 0.146484375
0 0.6932779947916666 0.5743272569444444 0.0789388020833333 0.14214409722222215
0 0.784423828125 0.48589409722222215 0.07893880208333322 0.14973958333333334
0 0.781982421875 0.6850043402777778 0.08870442708333322 0.1291232638888888
0 0.1 0.64375 0.0984375 0.6416666666666667 0.0984375 0.6395833333333333 0.096875 0.6375 0.096875 0.6354166666666666 0.09375 0.63125 0.08125 0.63125 0.0796875 0.6333333333333333 0.078125 0.6333333333333333 0.0765625 0.6354166666666666 0.0765625 0.6375 0.075 0.6395833333333333 0.075 0.6416666666666667 0.071875 0.6458333333333334 0.071875 0.6479166666666667 0.0671875 0.6541666666666667 0.065625 0.6541666666666667 0.0640625 0.65625 0.046875 0.65625 0.0453125 0.6541666666666667 0.0421875 0.6541666666666667 0.040625 0.6520833333333333 0.0375 0.6520833333333333 0.0359375 0.65 0.034375 0.65 0.0328125 0.6520833333333333 0.03125 0.6520833333333333 0.0296875 0.6541666666666667 0.028125 0.6541666666666667 0.0265625 0.65625 0.025 0.65625 0.0234375 0.6583333333333333 0.021875 0.6583333333333333 0.0203125 0.6604166666666667 0.0109375 0.6604166666666667 0.00625 0.6541666666666667 0 0.6541666666666667 0 0.7020833333333333 0.0015625 0.7020833333333333 0.0046875 0.70625 0.00625 0.70625 0.009375 0.7104166666666667 0.0109375 0.7104166666666667 0.0125 0.7125 0.0140625 0.7125 0.0171875 0.7166666666666667 0.0171875 0.71875 0.01875 0.7208333333333333 0.021875 0.7208333333333333 0.0234375 0.7229166666666667 0.028125 0.7229166666666667 0.0296875 0.725 0.03125 0.725 0.034375 0.7291666666666666 0.0359375 0.7291666666666666 0.0453125 0.7416666666666667 0.046875 0.7416666666666667 0.0484375 0.74375 0.05 0.74375 0.0515625 0.7458333333333333 0.053125 0.7458333333333333 0.0546875 0.7479166666666667 0.05625 0.7479166666666667 0.0578125 0.75 0.0734375 0.75 0.075 0.7479166666666667 0.0765625 0.7479166666666667 0.0875 0.7333333333333333 0.0875 0.7291666666666666 0.0890625 0.7270833333333333 0.0890625 0.725 0.090625 0.7229166666666667 0.090625 0.71875 0.0921875 0.7166666666666667 0.0921875 0.7125 0.09375 0.7104166666666667 0.09375 0.6979166666666666 0.0953125 0.6958333333333333 0.0953125 0.6916666666666667 0.096875 0.6895833333333333 0.096875 0.6854166666666667 0.0984375 0.6833333333333333 0.0984375 0.66875 0.1 0.6666666666666666 0.1 0.6604166666666667 0.1015625 0.6583333333333333 0.1015625 0.6541666666666667 0.1 0.6520833333333333
0 0.1328125 0.5395833333333333 0.13125 0.5416666666666666 0.1296875 0.5416666666666666 0.1265625 0.5458333333333333 0.125 0.5458333333333333 0.11875 0.5541666666666667 0.11875 0.5583333333333333 0.115625 0.5625 0.115625 0.5666666666666667 0.1140625 0.56875 0.1140625 0.5729166666666666 0.115625 0.575 0.115625 0.5770833333333333 0.1171875 0.5791666666666667 0.1171875 0.58125 0.11875 0.5833333333333334 0.11875 0.5854166666666667 0.1203125 0.5875 0.1203125 0.5895833333333333 0.1234375 0.59375 0.1234375 0.5958333333333333 0.1265625 0.6 0.1265625 0.6020833333333333 0.1328125 0.6104166666666667 0.1328125 0.6125 0.1359375 0.6166666666666667 0.1359375 0.61875 0.1390625 0.6229166666666667 0.1390625 0.625 0.1484375 0.6375 0.15 0.6375 0.1515625 0.6395833333333333 0.1609375 0.6395833333333333 0.1625 0.6375 0.165625 0.6375 0.171875 0.6291666666666667 0.1734375 0.6291666666666667 0.1984375 0.5958333333333333 0.1984375 0.5875 0.196875 0.5854166666666667 0.196875 0.5833333333333334 0.190625 0.575 0.184375 0.575 0.1828125 0.5729166666666666 0.175 0.5729166666666666 0.175 0.5770833333333333 0.1734375 0.5791666666666667 0.1734375 0.5833333333333334 0.171875 0.5854166666666667 0.1703125 0.5854166666666667 0.1671875 0.5895833333333333 0.165625 0.5895833333333333 0.159375 0.58125 0.159375 0.5791666666666667 0.1578125 0.5770833333333333 0.1578125 0.5645833333333333 0.1546875 0.5604166666666667 0.15 0.5604166666666667 0.1484375 0.5583333333333333 0.146875 0.5583333333333333 0.1453125 0.55625 0.14375 0.55625 0.1359375 0.5458333333333333 0.1359375 0.54375
0 0.196875 0.61875 0.196875 0.6208333333333333 0.1953125 0.6229166666666667 0.1953125 0.6291666666666667 0.19375 0.63125 0.19375 0.6541666666666667 0.1921875 0.65625 0.1921875 0.6604166666666667 0.190625 0.6625 0.190625 0.6708333333333333 0.1890625 0.6729166666666667 0.1890625 0.6916666666666667 0.190625 0.69375 0.190625 0.6958333333333333 0.1921875 0.6979166666666666 0.19375 0.6979166666666666 0.1953125 0.7 0.196875 0.7 0.1984375 0.7020833333333333 0.2109375 0.7020833333333333 0.2125 0.7 0.2140625 0.7 0.215625 0.6979166666666666 0.2171875 0.6979166666666666 0.21875 0.6958333333333333 0.2203125 0.6958333333333333 0.221875 0.69375 0.228125 0.69375 0.2296875 0.6916666666666667 0.2375 0.6916666666666667 0.2390625 0.6895833333333333 0.240625 0.6895833333333333 0.2421875 0.6875 0.24375 0.6875 0.2453125 0.6854166666666667 0.246875 0.6854166666666667 0.2484375 0.6833333333333333 0.25 0.6833333333333333 0.2515625 0.68125 0.253125 0.68125 0.2546875 0.6791666666666667 0.25625 0.6791666666666667 0.2625 0.6708333333333333 0.2625 0.6666666666666666 0.259375 0.6666666666666666 0.2578125 0.6645833333333333 0.25625 0.6645833333333333 0.246875 0.6520833333333333 0.246875 0.65 0.2453125 0.6479166666666667 0.24375 0.6479166666666667 0.2390625 0.6416666666666667 0.234375 0.6416666666666667 0.2296875 0.6354166666666666 0.2296875 0.6291666666666667 0.228125 0.6270833333333333 0.228125 0.625 0.2265625 0.6229166666666667 0.2265625 0.6208333333333333 0.225 0.6208333333333333 0.221875 0.6166666666666667 0.2203125 0.6166666666666667 0.21875 0.6145833333333334 0.215625 0.6145833333333334 0.2140625 0.6125 0.2125 0.6125 0.209375 0.6083333333333333 0.203125 0.6083333333333333 0.2015625 0.6104166666666667 0.2015625 0.6125
0 0.1328125 0.70625 0.11875 0.70625 0.1171875 0.7083333333333334 0.115625 0.7083333333333334 0.1140625 0.7104166666666667 0.1125 0.7104166666666667 0.1078125 0.7166666666666667 0.1078125 0.71875 0.0984375 0.73125 0.09375 0.73125 0.090625 0.7354166666666667 0.0890625 0.7354166666666667 0.0859375 0.7395833333333334 0.0859375 0.7416666666666667 0.0828125 0.7458333333333333 0.08125 0.7458333333333333 0.078125 0.75 0.0765625 0.75 0.075 0.7520833333333333 0.0734375 0.7520833333333333 0.071875 0.7541666666666667 0.0703125 0.7541666666666667 0.0671875 0.7583333333333333 0.065625 0.7583333333333333 0.065625 0.7666666666666667 0.0671875 0.76875 0.0671875 0.7708333333333334 0.0734375 0.7791666666666667 0.075 0.7791666666666667 0.0765625 0.78125 0.078125 0.78125 0.08125 0.7854166666666667 0.0828125 0.7854166666666667 0.0875 0.7916666666666666 0.0890625 0.7916666666666666 0.090625 0.79375 0.0921875 0.79375 0.09375 0.7958333333333333 0.0953125 0.7958333333333333 0.0984375 0.8 0.1 0.8 0.103125 0.8041666666666667 0.1046875 0.8041666666666667 0.10625 0.80625 0.109375 0.80625 0.1109375 0.8083333333333333 0.1125 0.8083333333333333 0.1140625 0.8104166666666667 0.121875 0.8104166666666667 0.1234375 0.8125 0.125 0.8125 0.1265625 0.8104166666666667 0.13125 0.8104166666666667 0.1328125 0.8083333333333333 0.134375 0.8083333333333333 0.1390625 0.8020833333333334 0.140625 0.8020833333333334 0.1421875 0.8 0.14375 0.8 0.1453125 0.7979166666666667 0.146875 0.7979166666666667 0.1515625 0.7916666666666666 0.1515625 0.7895833333333333 0.153125 0.7875 0.153125 0.7854166666666667 0.1546875 0.7833333333333333 0.1546875 0.75 0.153125 0.7479166666666667 0.153125 0.74375 0.1515625 0.7416666666666667 0.1515625 0.7354166666666667 0.15 0.7333333333333333 0.15 0.73125 0.1484375 0.7291666666666666 0.1484375 0.7270833333333333 0.146875 0.725 0.146875 0.7229166666666667 0.1453125 0.7208333333333333 0.1453125 0.71875 0.1390625 0.7104166666666667 0.1375 0.7104166666666667 0.1359375 0.7083333333333334 0.134375 0.7083333333333334
0 0.2921875 0.6041666666666666 0.2890625 0.6083333333333333 0.2875 0.6083333333333333 0.2828125 0.6145833333333334 0.2828125 0.6166666666666667 0.28125 0.61875 0.28125 0.6270833333333333 0.2796875 0.6291666666666667 0.2796875 0.6354166666666666 0.28125 0.6375 0.28125 0.6479166666666667 0.2828125 0.65 0.2828125 0.6520833333333333 0.284375 0.6541666666666667 0.284375 0.65625 0.2875 0.6604166666666667 0.2875 0.6625 0.2984375 0.6770833333333334 0.2984375 0.6791666666666667 0.309375 0.69375 0.3109375 0.69375 0.3140625 0.6979166666666666 0.321875 0.6979166666666666 0.3234375 0.7 0.334375 0.7 0.3390625 0.69375 0.3390625 0.6875 0.340625 0.6854166666666667 0.340625 0.68125 0.3421875 0.6791666666666667 0.3421875 0.6666666666666666 0.34375 0.6645833333333333 0.34375 0.6583333333333333 0.3453125 0.65625 0.3453125 0.6520833333333333 0.346875 0.65 0.346875 0.6479166666666667 0.3484375 0.6458333333333334 0.3484375 0.6395833333333333 0.35 0.6375 0.35 0.6270833333333333 0.3484375 0.625 0.3484375 0.61875 0.346875 0.6166666666666667 0.346875 0.6125 0.3453125 0.6104166666666667 0.3453125 0.6083333333333333 0.3421875 0.6083333333333333 0.340625 0.60625 0.3390625 0.60625 0.3375 0.6041666666666666 0.3359375 0.6041666666666666 0.3328125 0.6 0.33125 0.6 0.3296875 0.5979166666666667 0.3140625 0.5979166666666667 0.3125 0.6 0.3109375 0.6 0.309375 0.6020833333333333 0.296875 0.6020833333333333 0.2953125 0.6041666666666666
0 0.334375 0.51875 0.3328125 0.5208333333333334 0.3328125 0.5229166666666667 0.328125 0.5291666666666667 0.328125 0.53125 0.3265625 0.5333333333333333 0.3265625 0.5375 0.325 0.5395833333333333 0.325 0.5416666666666666 0.3234375 0.54375 0.3234375 0.5458333333333333 0.321875 0.5479166666666667 0.321875 0.5583333333333333 0.3203125 0.5604166666666667 0.3203125 0.5645833333333333 0.321875 0.5666666666666667 0.321875 0.56875 0.3234375 0.5708333333333333 0.3234375 0.575 0.325 0.5770833333333333 0.325 0.58125 0.3296875 0.5875 0.33125 0.5875 0.3390625 0.5979166666666667 0.340625 0.5979166666666667 0.34375 0.6020833333333333 0.3484375 0.6020833333333333 0.35 0.6041666666666666 0.3609375 0.6041666666666666 0.3625 0.60625 0.36875 0.60625 0.3703125 0.6083333333333333 0.38125 0.6083333333333333 0.3828125 0.6104166666666667 0.3984375 0.6104166666666667 0.4 0.6083333333333333 0.4015625 0.6083333333333333 0.4046875 0.6041666666666666 0.4046875 0.6020833333333333 0.40625 0.6 0.40625 0.5979166666666667 0.4078125 0.5958333333333333 0.4078125 0.5916666666666667 0.409375 0.5895833333333333 0.409375 0.5791666666666667 0.4078125 0.5770833333333333 0.4078125 0.5645833333333333 0.40625 0.5625 0.40625 0.5541666666666667 0.4046875 0.5520833333333334 0.4046875 0.5416666666666666 0.403125 0.5395833333333333 0.403125 0.5354166666666667 0.4015625 0.5333333333333333 0.4015625 0.5291666666666667 0.4 0.5270833333333333 0.4 0.525 0.396875 0.5208333333333334 0.396875 0.51875 0.3859375 0.5041666666666667 0.384375 0.5041666666666667 0.3828125 0.5020833333333333 0.3796875 0.5020833333333333 0.378125 0.5 0.3640625 0.5 0.3625 0.5020833333333333 0.35625 0.5020833333333333 0.3546875 0.5041666666666667 0.353125 0.5041666666666667 0.3515625 0.50625 0.35 0.50625 0.3484375 0.5083333333333333 0.346875 0.5083333333333333 0.3453125 0.5104166666666666 0.34375 0.5104166666666666 0.340625 0.5145833333333333 0.3390625 0.5145833333333333 0.3359375 0.51875
0 0.3921875 0.64375 0.390625 0.6458333333333334 0.3890625 0.6458333333333334 0.3875 0.6479166666666667 0.3859375 0.6479166666666667 0.38125 0.6541666666666667 0.38125 0.65625 0.3796875 0.6583333333333333 0.3796875 0.6604166666666667 0.378125 0.6625 0.378125 0.6645833333333333 0.3765625 0.6666666666666666 0.3765625 0.66875 0.3703125 0.6770833333333334 0.3671875 0.6770833333333334 0.365625 0.675 0.3640625 0.6770833333333334 0.3625 0.6770833333333334 0.3578125 0.6833333333333333 0.35625 0.6833333333333333 0.35625 0.6854166666666667 0.353125 0.6895833333333333 0.353125 0.7208333333333333 0.3546875 0.7229166666666667 0.3546875 0.725 0.359375 0.73125 0.3609375 0.73125 0.3640625 0.7354166666666667 0.3671875 0.7354166666666667 0.36875 0.7375 0.3734375 0.7375 0.375 0.7395833333333334 0.3796875 0.7395833333333334 0.38125 0.7416666666666667 0.3828125 0.7416666666666667 0.384375 0.74375 0.3875 0.74375 0.3890625 0.7458333333333333 0.390625 0.7458333333333333 0.3921875 0.7479166666666667 0.396875 0.7479166666666667 0.3984375 0.75 0.4015625 0.75 0.403125 0.7520833333333333 0.4078125 0.7520833333333333 0.409375 0.7541666666666667 0.4140625 0.7541666666666667 0.415625 0.7520833333333333 0.4203125 0.7520833333333333 0.4234375 0.7479166666666667 0.4234375 0.7458333333333333 0.425 0.74375 0.425 0.725 0.4234375 0.7229166666666667 0.4234375 0.7020833333333333 0.421875 0.7 0.421875 0.6770833333333334 0.4203125 0.675 0.4203125 0.66875 0.4171875 0.6645833333333333 0.4171875 0.6625 0.4140625 0.6583333333333333 0.4140625 0.65625 0.409375 0.65 0.4078125 0.65 0.4046875 0.6458333333333334 0.403125 0.6458333333333334 0.4015625 0.64375
0 0.39375 0.7541666666666667 0.390625 0.75 0.3859375 0.75 0.384375 0.7520833333333333 0.384375 0.7583333333333333 0.3828125 0.7604166666666666 0.359375 0.7604166666666666 0.3546875 0.7666666666666667 0.3546875 0.7708333333333334 0.353125 0.7729166666666667 0.353125 0.775 0.3515625 0.7770833333333333 0.35 0.7770833333333333 0.3484375 0.7791666666666667 0.346875 0.7791666666666667 0.3453125 0.78125 0.34375 0.78125 0.3328125 0.7666666666666667 0.3328125 0.7645833333333333 0.328125 0.7645833333333333 0.328125 0.7666666666666667 0.3265625 0.76875 0.3265625 0.7729166666666667 0.325 0.775 0.325 0.7958333333333333 0.3265625 0.7979166666666667 0.3265625 0.8020833333333334 0.33125 0.8083333333333333 0.3328125 0.8083333333333333 0.334375 0.8104166666666667 0.3359375 0.8104166666666667 0.3375 0.8125 0.3390625 0.8125 0.34375 0.81875 0.346875 0.81875 0.3484375 0.8208333333333333 0.35 0.8208333333333333 0.3515625 0.8229166666666666 0.353125 0.8229166666666666 0.3546875 0.825 0.35625 0.825 0.359375 0.8291666666666667 0.3609375 0.8291666666666667 0.3640625 0.8333333333333334 0.365625 0.8333333333333334 0.3671875 0.8354166666666667 0.36875 0.8354166666666667 0.3703125 0.8375 0.371875 0.8375 0.3734375 0.8395833333333333 0.3765625 0.8395833333333333 0.378125 0.8416666666666667 0.3796875 0.8416666666666667 0.38125 0.8395833333333333 0.384375 0.8395833333333333 0.3859375 0.8375 0.3875 0.8375 0.3890625 0.8354166666666667 0.3890625 0.8333333333333334 0.3921875 0.8291666666666667 0.3921875 0.825 0.39375 0.8229166666666666 0.39375 0.8041666666666667 0.3953125 0.8020833333333334 0.3953125 0.7708333333333334 0.39375 0.76875
0 0.475 0.5520833333333334 0.4734375 0.5541666666666667 0.471875 0.5541666666666667 0.46875 0.5583333333333333 0.46875 0.5604166666666667 0.465625 0.5645833333333333 0.465625 0.56875 0.4640625 0.5708333333333333 0.4640625 0.5791666666666667 0.4625 0.58125 0.4625 0.6083333333333333 0.4640625 0.6104166666666667 0.4640625 0.6208333333333333 0.465625 0.6229166666666667 0.465625 0.6270833333333333 0.4703125 0.6333333333333333 0.4703125 0.6354166666666666 0.4734375 0.6395833333333333 0.4734375 0.6416666666666667 0.4765625 0.6458333333333334 0.478125 0.6458333333333334 0.4796875 0.6479166666666667 0.4875 0.6479166666666667 0.4890625 0.6458333333333334 0.4921875 0.6458333333333334 0.4953125 0.6416666666666667 0.496875 0.6416666666666667 0.5015625 0.6354166666666666 0.503125 0.6354166666666666 0.515625 0.61875 0.515625 0.6145833333333334 0.5140625 0.6125 0.5140625 0.6104166666666667 0.509375 0.6041666666666666 0.509375 0.6020833333333333 0.5078125 0.6 0.5078125 0.5979166666666667 0.5015625 0.5895833333333333 0.5 0.5916666666666667 0.4984375 0.5916666666666667 0.4953125 0.5958333333333333 0.478125 0.5958333333333333 0.471875 0.5875 0.471875 0.5833333333333334 0.4734375 0.58125 0.4734375 0.575 0.4765625 0.5708333333333333 0.4765625 0.56875 0.4796875 0.5645833333333333 0.4796875 0.55625 0.4765625 0.5520833333333334
0 0.5875 0.5875 0.5828125 0.5875 0.5765625 0.5958333333333333 0.5734375 0.5958333333333333 0.571875 0.5979166666666667 0.56875 0.5979166666666667 0.5671875 0.6 0.565625 0.6 0.5640625 0.6020833333333333 0.5625 0.6020833333333333 0.5609375 0.6041666666666666 0.559375 0.6041666666666666 0.5578125 0.60625 0.5546875 0.60625 0.553125 0.6083333333333333 0.5515625 0.6083333333333333 0.5453125 0.6166666666666667 0.54375 0.6166666666666667 0.5421875 0.6145833333333334 0.54375 0.6125 0.54375 0.6104166666666667 0.546875 0.60625 0.5453125 0.6041666666666666 0.5390625 0.6041666666666666 0.5375 0.60625 0.5359375 0.60625 0.534375 0.6041666666666666 0.5296875 0.6041666666666666 0.528125 0.60625 0.528125 0.6145833333333334 0.5265625 0.6166666666666667 0.528125 0.61875 0.528125 0.6291666666666667 0.5296875 0.63125 0.5296875 0.6416666666666667 0.53125 0.64375 0.53125 0.6458333333333334 0.5359375 0.6520833333333333 0.5359375 0.6541666666666667 0.5453125 0.6666666666666666 0.546875 0.6666666666666666 0.55 0.6708333333333333 0.5515625 0.6708333333333333 0.553125 0.6729166666666667 0.5546875 0.6729166666666667 0.55625 0.675 0.5671875 0.675 0.56875 0.6729166666666667 0.5703125 0.6729166666666667 0.571875 0.6708333333333333 0.5734375 0.6708333333333333 0.575 0.66875 0.578125 0.66875 0.5796875 0.6666666666666666 0.5828125 0.6666666666666666 0.584375 0.6645833333333333 0.5859375 0.6645833333333333 0.5890625 0.6604166666666667 0.5890625 0.6583333333333333 0.590625 0.65625 0.590625 0.6541666666666667 0.5921875 0.6520833333333333 0.5921875 0.6479166666666667 0.59375 0.6458333333333334 0.59375 0.63125 0.5953125 0.6291666666666667 0.5953125 0.6104166666666667 0.59375 0.6083333333333333 0.59375 0.5979166666666667 0.5921875 0.5958333333333333 0.5921875 0.59375
0 0.5765625 0.7833333333333333 0.571875 0.7833333333333333 0.571875 0.7854166666666667 0.5703125 0.7875 0.5703125 0.7895833333333333 0.565625 0.7958333333333333 0.5609375 0.7958333333333333 0.559375 0.79375 0.5578125 0.79375 0.55 0.7833333333333333 0.5484375 0.7833333333333333 0.546875 0.78125 0.54375 0.78125 0.540625 0.7854166666666667 0.5390625 0.7854166666666667 0.534375 0.7916666666666666 0.53125 0.7916666666666666 0.5296875 0.79375 0.5265625 0.79375 0.525 0.7958333333333333 0.515625 0.7958333333333333 0.515625 0.8 0.5171875 0.8020833333333334 0.5171875 0.8083333333333333 0.51875 0.8104166666666667 0.51875 0.8145833333333333 0.5203125 0.8166666666666667 0.5203125 0.8208333333333333 0.521875 0.8229166666666666 0.521875 0.825 0.5234375 0.8270833333333333 0.5234375 0.8291666666666667 0.5328125 0.8416666666666667 0.534375 0.8416666666666667 0.540625 0.85 0.5515625 0.85 0.553125 0.8479166666666667 0.5546875 0.8479166666666667 0.559375 0.8416666666666667 0.559375 0.8395833333333333 0.5640625 0.8333333333333334 0.5640625 0.83125 0.56875 0.825 0.56875 0.8229166666666666 0.5703125 0.8208333333333333 0.5703125 0.81875 0.571875 0.8166666666666667 0.571875 0.8145833333333333 0.575 0.8104166666666667 0.575 0.80625 0.5765625 0.8041666666666667 0.5765625 0.7958333333333333 0.578125 0.79375 0.578125 0.7875 0.5765625 0.7854166666666667
0 0.7296875 0.58125 0.728125 0.5791666666666667 0.728125 0.5770833333333333 0.7203125 0.5770833333333333 0.71875 0.5791666666666667 0.71875 0.5916666666666667 0.7140625 0.5979166666666667 0.7109375 0.5979166666666667 0.709375 0.5958333333333333 0.7078125 0.5958333333333333 0.70625 0.59375 0.7046875 0.59375 0.703125 0.5916666666666667 0.7015625 0.5916666666666667 0.6984375 0.5875 0.696875 0.5875 0.6953125 0.5854166666666667 0.6921875 0.5854166666666667 0.690625 0.5833333333333334 0.6890625 0.5833333333333334 0.6875 0.5854166666666667 0.6859375 0.5854166666666667 0.684375 0.5875 0.6828125 0.5875 0.6734375 0.6 0.671875 0.6 0.6703125 0.6020833333333333 0.6671875 0.6020833333333333 0.665625 0.6 0.665625 0.5979166666666667 0.6640625 0.5958333333333333 0.6640625 0.5916666666666667 0.6625 0.5895833333333333 0.6625 0.5875 0.659375 0.5833333333333334 0.6578125 0.5833333333333334 0.65625 0.5854166666666667 0.6546875 0.5854166666666667 0.653125 0.5875 0.653125 0.6 0.6546875 0.6020833333333333 0.6546875 0.6104166666666667 0.65625 0.6125 0.65625 0.6145833333333334 0.6578125 0.6145833333333334 0.6609375 0.61875 0.6625 0.61875 0.6640625 0.6208333333333333 0.665625 0.6208333333333333 0.6671875 0.6229166666666667 0.66875 0.6229166666666667 0.6703125 0.625 0.671875 0.625 0.6734375 0.6270833333333333 0.675 0.6270833333333333 0.6765625 0.6291666666666667 0.6796875 0.6291666666666667 0.68125 0.63125 0.684375 0.63125 0.6859375 0.6333333333333333 0.6875 0.6333333333333333 0.690625 0.6375 0.69375 0.6375 0.6953125 0.6395833333333333 0.6984375 0.6395833333333333 0.7 0.6416666666666667 0.7046875 0.6416666666666667 0.70625 0.6395833333333333 0.7109375 0.6395833333333333 0.7171875 0.63125 0.7171875 0.6291666666666667 0.71875 0.6270833333333333 0.71875 0.625 0.7203125 0.6229166666666667 0.7203125 0.61875 0.721875 0.6166666666666667 0.721875 0.6125 0.7234375 0.6104166666666667 0.7234375 0.6083333333333333 0.725 0.60625 0.725 0.6041666666666666 0.7265625 0.6020833333333333 0.7265625 0.6 0.728125 0.5979166666666667 0.728125 0.5958333333333333 0.7296875 0.59375
0 0.815625 0.45625 0.8140625 0.45625 0.8125 0.45416666666666666 0.8109375 0.45625 0.80625 0.45625 0.8046875 0.4583333333333333 0.803125 0.4583333333333333 0.8015625 0.46041666666666664 0.8 0.46041666666666664 0.7984375 0.4625 0.796875 0.4625 0.7953125 0.46458333333333335 0.7921875 0.46458333333333335 0.790625 0.4666666666666667 0.7890625 0.4666666666666667 0.7859375 0.4708333333333333 0.7859375 0.475 0.784375 0.47708333333333336 0.784375 0.4791666666666667 0.7796875 0.48541666666666666 0.778125 0.48541666666666666 0.775 0.4895833333333333 0.771875 0.4895833333333333 0.7703125 0.49166666666666664 0.7671875 0.49166666666666664 0.765625 0.49375 0.7625 0.49375 0.759375 0.4979166666666667 0.759375 0.5020833333333333 0.7578125 0.5041666666666667 0.7578125 0.5083333333333333 0.759375 0.5104166666666666 0.759375 0.5166666666666667 0.7578125 0.51875 0.7578125 0.5208333333333334 0.75625 0.5229166666666667 0.75625 0.5291666666666667 0.759375 0.5333333333333333 0.7609375 0.5333333333333333 0.7625 0.5354166666666667 0.7640625 0.5354166666666667 0.765625 0.5375 0.7671875 0.5375 0.76875 0.5395833333333333 0.7703125 0.5395833333333333 0.771875 0.5416666666666666 0.7734375 0.5416666666666666 0.775 0.54375 0.7765625 0.54375 0.7796875 0.5479166666666667 0.78125 0.5479166666666667 0.7828125 0.55 0.784375 0.55 0.7859375 0.5520833333333334 0.7890625 0.5520833333333334 0.7921875 0.55625 0.7953125 0.55625 0.796875 0.5583333333333333 0.8078125 0.5583333333333333 0.8125 0.5520833333333334 0.8125 0.55 0.8140625 0.5479166666666667 0.8140625 0.5333333333333333 0.815625 0.53125 0.815625 0.5208333333333334 0.8171875 0.51875 0.8171875 0.5104166666666666 0.81875 0.5083333333333333 0.81875 0.5041666666666667 0.8203125 0.5020833333333333 0.8203125 0.49583333333333335 0.821875 0.49375 0.821875 0.47708333333333336 0.8203125 0.475 0.8203125 0.47291666666666665 0.81875 0.4708333333333333 0.81875 0.4666666666666667 0.8171875 0.46458333333333335 0.8171875 0.46041666666666664 0.815625 0.4583333333333333
0 0.8140625 0.6416666666666667 0.8046875 0.6416666666666667 0.803125 0.64375 0.7984375 0.64375 0.796875 0.6458333333333334 0.7953125 0.6458333333333334 0.79375 0.6479166666666667 0.7921875 0.6479166666666667 0.7796875 0.6645833333333333 0.759375 0.6645833333333333 0.7578125 0.6666666666666666 0.75625 0.6666666666666666 0.753125 0.6708333333333333 0.7515625 0.6708333333333333 0.7484375 0.675 0.746875 0.675 0.7453125 0.6770833333333334 0.74375 0.6770833333333334 0.7421875 0.6791666666666667 0.7421875 0.6854166666666667 0.74375 0.6875 0.74375 0.6916666666666667 0.759375 0.7125 0.7609375 0.7125 0.76875 0.7229166666666667 0.76875 0.725 0.7703125 0.7270833333333333 0.7703125 0.7291666666666666 0.78125 0.74375 0.7828125 0.74375 0.7859375 0.7479166666666667 0.796875 0.7479166666666667 0.7984375 0.7458333333333333 0.8 0.7458333333333333 0.803125 0.7416666666666667 0.8046875 0.7416666666666667 0.8046875 0.7395833333333334 0.80625 0.7375 0.80625 0.73125 0.8078125 0.7291666666666666 0.8078125 0.7229166666666667 0.809375 0.7208333333333333 0.809375 0.7166666666666667 0.8125 0.7125 0.8125 0.7104166666666667 0.815625 0.70625 0.815625 0.7041666666666667 0.81875 0.7 0.81875 0.6958333333333333 0.8203125 0.69375 0.8203125 0.6895833333333333 0.821875 0.6875 0.821875 0.6833333333333333 0.8234375 0.68125 0.8234375 0.6583333333333333 0.821875 0.65625 0.821875 0.6541666666666667 0.81875 0.65 0.81875 0.6479166666666667