0 0.0784505208333333 0.546657986111111 0.08300781249999999 0.13020833333333334
0 0.15087890625 0.5569661458333334 0.09765625 0.12478298611111108
0 0.213134765625 0.6280381944444444 0.0887044270833333 0.12152777777777786
0 0.2530110677083333 0.4582248263888888 0.07893880208333334 0.126953125
0 0.3221842447916667 0.5119357638888888 0.0724283854166667 0.13671875
0 0.403564453125 0.5179036458333334 0.06917317708333326 0.12044270833333333
0 0.4560546875 0.4039713541666667 0.0862630208333333 0.13997395833333334
0 0.48046875 0.5623914930555555 0.0732421875 0.126953125
0 0.4519856770833333 0.6676432291666666 0.0651041666666666 0.107421875
0 0.579345703125 0.45279947916666663 0.0594075520833333 0.14431423611111108
0 0.650146484375 0.4875217013888889 0.0691731770833333 0.12478298611111108
0 0.6411946614583333 0.6475694444444444 0.0675455729166666 0.14756944444444453
0 0.7921549479166667 0.4278428819444444 0.0813802083333334 0.14214409722222215
0 0.8898111979166667 0.32313368055555547 0.0944010416666666 0.15624999999999997
0 0.89306640625 0.5287543402777778 0.10091145833333322 0.14214409722222215
0 0.053125 0.5041666666666667 0.0484375 0.5104166666666666 0.046875 0.5104166666666666 0.0453125 0.5125 0.0453125 0.51875 0.04375 0.5208333333333334 0.04375 0.5229166666666667 0.040625 0.5270833333333333 0.040625 0.5291666666666667 0.0390625 0.53125 0.0390625 0.5375 0.040625 0.5395833333333333 0.040625 0.5479166666666667 0.04375 0.5520833333333334 0.04375 0.5541666666666667 0.0453125 0.55625 0.0453125 0.5604166666666667 0.046875 0.5625 0.046875 0.5645833333333333 0.0484375 0.5666666666666667 0.0484375 0.56875 0.0546875 0.5770833333333333 0.0546875 0.5791666666666667 0.05625 0.58125 0.05625 0.5875 0.0578125 0.5895833333333333 0.0578125 0.59375 0.059375 0.5958333333333333 0.059375 0.5979166666666667 0.065625 0.60625 0.0671875 0.60625 0.06875 0.6083333333333333 0.0765625 0.6083333333333333 0.078125 0.60625 0.0796875 0.60625 0.08125 0.6041666666666666 0.0828125 0.6041666666666666 0.0859375 0.6 0.0875 0.6 0.0921875 0.59375 0.09375 0.59375 0.109375 0.5729166666666666 0.109375 0.5708333333333333 0.1109375 0.56875 0.1109375 0.5625 0.109375 0.5604166666666667 0.109375 0.5583333333333333 0.1078125 0.55625 0.1078125 0.5541666666666667 0.10625 0.5520833333333334 0.10625 0.55 0.1046875 0.5479166666666667 0.1046875 0.5458333333333333 0.103125 0.54375 0.103125 0.5375 0.1015625 0.5354166666666667 0.1015625 0.5333333333333333 0.0984375 0.5333333333333333 0.096875 0.53125 0.0953125 0.53125 0.0890625 0.5229166666666667 0.0890625 0.5208333333333334 0.090625 0.51875 0.090625 0.5166666666666667 0.0875 0.5125 0.0890625 0.5104166666666666 0.0921875 0.5104166666666666 0.09375 0.5083333333333333 0.09375 0.50625 0.0921875 0.50625 0.090625 0.5041666666666667 0.0859375 0.5041666666666667 0.084375 0.5020833333333333 0.078125 0.5020833333333333 0.0765625 0.5 0.071875 0.5 0.0703125 0.5020833333333333 0.0609375 0.5020833333333333 0.059375 0.5041666666666667
0 0.115625 0.5166666666666667 0.10625 0.5291666666666667 0.10625 0.53125 0.1046875 0.5333333333333333 0.1046875 0.5375 0.10625 0.5395833333333333 0.10625 0.5479166666666667 0.109375 0.5520833333333334 0.109375 0.5541666666666667 0.1109375 0.55625 0.1109375 0.5583333333333333 0.1125 0.5604166666666667 0.1125 0.5625 0.115625 0.5666666666666667 0.1171875 0.5666666666666667 0.11875 0.56875 0.121875 0.56875 0.1234375 0.5708333333333333 0.125 0.5708333333333333 0.1265625 0.5729166666666666 0.128125 0.5729166666666666 0.1359375 0.5833333333333334 0.1375 0.5833333333333334 0.1390625 0.5854166666666667 0.140625 0.5854166666666667 0.1421875 0.5875 0.1453125 0.5875 0.15 0.59375 0.1515625 0.59375 0.15625 0.6 0.15625 0.6020833333333333 0.1578125 0.6020833333333333 0.1625 0.6083333333333333 0.1640625 0.6083333333333333 0.165625 0.6104166666666667 0.1671875 0.6104166666666667 0.16875 0.6125 0.1703125 0.6125 0.171875 0.6145833333333334 0.1796875 0.6145833333333334 0.18125 0.6125 0.1828125 0.6125 0.196875 0.59375 0.196875 0.58125 0.1953125 0.5791666666666667 0.1953125 0.5625 0.196875 0.5604166666666667 0.196875 0.5520833333333334 0.1984375 0.55 0.1984375 0.5395833333333333 0.2 0.5375 0.2 0.5166666666666667 0.1984375 0.5145833333333333 0.1984375 0.5125 0.196875 0.5104166666666666 0.196875 0.50625 0.19375 0.5020833333333333 0.1921875 0.5020833333333333 0.1890625 0.4979166666666667 0.18125 0.4979166666666667 0.178125 0.5020833333333333 0.178125 0.5041666666666667 0.171875 0.5125 0.1546875 0.5125 0.153125 0.5104166666666666 0.1375 0.5104166666666666 0.1359375 0.5125 0.1328125 0.5125 0.13125 0.5145833333333333 0.1234375 0.5145833333333333 0.121875 0.5166666666666667
0 0.2265625 0.4166666666666667 0.2171875 0.42916666666666664 0.2171875 0.43125 0.215625 0.43333333333333335 0.215625 0.4395833333333333 0.2140625 0.44166666666666665 0.2140625 0.45208333333333334 0.215625 0.45416666666666666 0.215625 0.45625 0.2171875 0.4583333333333333 0.2171875 0.46041666666666664 0.21875 0.4625 0.21875 0.46458333333333335 0.221875 0.46875 0.221875 0.4708333333333333 0.2234375 0.47291666666666665 0.2234375 0.475 0.2265625 0.4791666666666667 0.2265625 0.48125 0.2328125 0.4895833333333333 0.2328125 0.49166666666666664 0.234375 0.49375 0.234375 0.49583333333333335 0.2359375 0.4979166666666667 0.2359375 0.5 0.2375 0.5020833333333333 0.2375 0.5041666666666667 0.240625 0.5083333333333333 0.240625 0.5104166666666666 0.24375 0.5145833333333333 0.2453125 0.5145833333333333 0.246875 0.5166666666666667 0.25 0.5166666666666667 0.2515625 0.51875 0.253125 0.51875 0.2546875 0.5166666666666667 0.2578125 0.5166666666666667 0.2734375 0.49583333333333335 0.2734375 0.49375 0.2796875 0.48541666666666666 0.2796875 0.48333333333333334 0.284375 0.47708333333333336 0.284375 0.475 0.290625 0.4666666666666667 0.290625 0.45625 0.2890625 0.45416666666666666 0.2890625 0.45208333333333334 0.2859375 0.4479166666666667 0.284375 0.4479166666666667 0.2828125 0.44583333333333336 0.2796875 0.44583333333333336 0.278125 0.44375 0.271875 0.44375 0.2703125 0.44583333333333336 0.26875 0.44583333333333336 0.2640625 0.45208333333333334 0.2609375 0.45208333333333334 0.259375 0.45 0.2578125 0.45 0.2546875 0.44583333333333336 0.2546875 0.44375 0.253125 0.44166666666666665 0.253125 0.4354166666666667 0.25 0.43125 0.2484375 0.43125 0.2453125 0.4270833333333333 0.24375 0.4270833333333333 0.2421875 0.425 0.240625 0.425 0.2359375 0.41875 0.2328125 0.41875 0.23125 0.4166666666666667
0 0.309375 0.4791666666666667 0.3015625 0.4791666666666667 0.2984375 0.48333333333333334 0.2984375 0.48541666666666666 0.29375 0.49166666666666664 0.29375 0.49375 0.2921875 0.49583333333333335 0.2921875 0.4979166666666667 0.290625 0.5 0.290625 0.5104166666666666 0.2890625 0.5125 0.2890625 0.5354166666666667 0.2875 0.5375 0.2875 0.5458333333333333 0.2859375 0.5479166666666667 0.2859375 0.5645833333333333 0.2875 0.5666666666666667 0.2875 0.56875 0.2921875 0.575 0.3046875 0.575 0.3078125 0.5708333333333333 0.309375 0.5708333333333333 0.3125 0.5666666666666667 0.3203125 0.5666666666666667 0.321875 0.5645833333333333 0.328125 0.5645833333333333 0.3296875 0.5625 0.33125 0.5625 0.3328125 0.5604166666666667 0.3359375 0.5604166666666667 0.3375 0.5583333333333333 0.3390625 0.5583333333333333 0.3421875 0.5541666666666667 0.34375 0.5541666666666667 0.3453125 0.5520833333333334 0.346875 0.5520833333333334 0.3546875 0.5416666666666666 0.3546875 0.5395833333333333 0.35625 0.5375 0.35625 0.5291666666666667 0.3546875 0.5291666666666667 0.353125 0.5270833333333333 0.35 0.5270833333333333 0.346875 0.5229166666666667 0.3453125 0.5229166666666667 0.3375 0.5125 0.3375 0.5104166666666666 0.3359375 0.5104166666666666 0.3328125 0.50625 0.33125 0.50625 0.328125 0.5020833333333333 0.3265625 0.5020833333333333 0.321875 0.49583333333333335 0.321875 0.49375 0.3203125 0.49166666666666664 0.3203125 0.4895833333333333 0.3171875 0.48541666666666666 0.315625 0.48541666666666666 0.3125 0.48125 0.3109375 0.48125
0 0.2171875 0.5791666666666667 0.215625 0.58125 0.2109375 0.58125 0.209375 0.5833333333333334 0.20625 0.5833333333333334 0.2046875 0.5854166666666667 0.2046875 0.5875 0.2015625 0.5916666666666667 0.2015625 0.59375 0.1953125 0.6020833333333333 0.19375 0.6020833333333333 0.1828125 0.6166666666666667 0.18125 0.6166666666666667 0.1796875 0.61875 0.1765625 0.61875 0.175 0.6208333333333333 0.175 0.6229166666666667 0.1734375 0.625 0.1734375 0.6354166666666666 0.175 0.6375 0.175 0.6395833333333333 0.1765625 0.6416666666666667 0.1765625 0.64375 0.1828125 0.6520833333333333 0.184375 0.6520833333333333 0.190625 0.6604166666666667 0.1921875 0.6604166666666667 0.196875 0.6666666666666666 0.1984375 0.6666666666666666 0.2015625 0.6708333333333333 0.203125 0.6708333333333333 0.2078125 0.6770833333333334 0.209375 0.6770833333333334 0.2109375 0.6791666666666667 0.2125 0.6791666666666667 0.2140625 0.68125 0.215625 0.68125 0.2171875 0.6833333333333333 0.21875 0.6833333333333333 0.2203125 0.6854166666666667 0.23125 0.6854166666666667 0.2328125 0.6833333333333333 0.234375 0.6833333333333333 0.2359375 0.68125 0.2375 0.68125 0.2390625 0.6791666666666667 0.2390625 0.6770833333333334 0.2421875 0.6729166666666667 0.24375 0.6729166666666667 0.2453125 0.6708333333333333 0.246875 0.6708333333333333 0.25 0.6666666666666666 0.25 0.6645833333333333 0.2515625 0.6625 0.2515625 0.6604166666666667 0.253125 0.6583333333333333 0.253125 0.6354166666666666 0.2515625 0.6333333333333333 0.2515625 0.6270833333333333 0.25 0.625 0.25 0.6166666666666667 0.2484375 0.6145833333333334 0.2484375 0.6104166666666667 0.246875 0.6083333333333333 0.246875 0.60625 0.2453125 0.6041666666666666 0.2453125 0.6020833333333333 0.24375 0.6 0.24375 0.5979166666666667 0.2421875 0.5958333333333333 0.2421875 0.59375 0.2375 0.5875 0.2359375 0.5875 0.2328125 0.5833333333333334 0.23125 0.5833333333333334 0.2296875 0.58125 0.2265625 0.58125 0.225 0.5791666666666667
0 0.38125 0.4791666666666667 0.375 0.4875 0.375 0.49166666666666664 0.3734375 0.49375 0.3734375 0.5125 0.375 0.5145833333333333 0.375 0.5208333333333334 0.3765625 0.5229166666666667 0.3765625 0.525 0.3796875 0.5291666666666667 0.3796875 0.53125 0.390625 0.5458333333333333 0.390625 0.5479166666666667 0.3921875 0.5479166666666667 0.396875 0.5541666666666667 0.3984375 0.5541666666666667 0.40625 0.5645833333333333 0.4078125 0.5645833333333333 0.409375 0.5666666666666667 0.4109375 0.5666666666666667 0.4125 0.56875 0.4140625 0.56875 0.415625 0.5708333333333333 0.41875 0.5708333333333333 0.4203125 0.5729166666666666 0.4234375 0.5729166666666666 0.428125 0.5666666666666667 0.428125 0.55 0.4296875 0.5479166666666667 0.4296875 0.5375 0.43125 0.5354166666666667 0.43125 0.5291666666666667 0.4328125 0.5270833333333333 0.4328125 0.5229166666666667 0.434375 0.5208333333333334 0.434375 0.5166666666666667 0.4375 0.5125 0.4375 0.4979166666666667 0.4359375 0.49583333333333335 0.4359375 0.4895833333333333 0.434375 0.4875 0.434375 0.48333333333333334 0.4328125 0.48125 0.4328125 0.4791666666666667 0.43125 0.47708333333333336 0.43125 0.475 0.4265625 0.46875 0.4 0.46875 0.3984375 0.4708333333333333 0.3953125 0.4708333333333333 0.39375 0.47291666666666665 0.390625 0.47291666666666665 0.3875 0.47708333333333336 0.3859375 0.47708333333333336 0.384375 0.4791666666666667
0 0.4359375 0.3645833333333333 0.4328125 0.36875 0.43125 0.36875 0.4265625 0.375 0.425 0.375 0.4203125 0.38125 0.4203125 0.38333333333333336 0.4171875 0.3875 0.4171875 0.38958333333333334 0.415625 0.39166666666666666 0.415625 0.39375 0.4125 0.39791666666666664 0.4125 0.4 0.4109375 0.40208333333333335 0.4109375 0.42083333333333334 0.409375 0.42291666666666666 0.409375 0.4270833333333333 0.4109375 0.42916666666666664 0.4109375 0.4354166666666667 0.4125 0.4375 0.4125 0.4395833333333333 0.4140625 0.44166666666666665 0.415625 0.44166666666666665 0.41875 0.44583333333333336 0.41875 0.4479166666666667 0.4203125 0.45 0.421875 0.45 0.4328125 0.46458333333333335 0.4390625 0.46458333333333335 0.440625 0.4666666666666667 0.4484375 0.4666666666666667 0.45 0.46875 0.46875 0.46875 0.4703125 0.4708333333333333 0.484375 0.4708333333333333 0.4859375 0.46875 0.4875 0.46875 0.4890625 0.4666666666666667 0.490625 0.4666666666666667 0.496875 0.4583333333333333 0.496875 0.45625 0.4984375 0.45416666666666666 0.4984375 0.4354166666666667 0.496875 0.43333333333333335 0.496875 0.425 0.4953125 0.42291666666666666 0.4953125 0.41875 0.49375 0.4166666666666667 0.49375 0.41041666666666665 0.4921875 0.4083333333333333 0.4921875 0.40208333333333335 0.490625 0.4 0.490625 0.3958333333333333 0.4890625 0.39375 0.4890625 0.39166666666666666 0.4875 0.38958333333333334 0.4875 0.3875 0.4859375 0.3854166666666667 0.4859375 0.38333333333333336 0.48125 0.3770833333333333 0.48125 0.375 0.4796875 0.375 0.471875 0.3645833333333333 0.46875 0.3645833333333333 0.4671875 0.3625 0.4546875 0.3625 0.453125 0.36041666666666666 0.446875 0.36041666666666666 0.4453125 0.3625 0.440625 0.3625 0.4390625 0.3645833333333333
0 0.4796875 0.5145833333333333 0.4765625 0.51875 0.475 0.51875 0.4734375 0.5208333333333334 0.4734375 0.5229166666666667 0.45625 0.5458333333333333 0.4546875 0.5458333333333333 0.4515625 0.55 0.45 0.55 0.44375 0.5583333333333333 0.44375 0.5604166666666667 0.4421875 0.5625 0.4421875 0.5645833333333333 0.440625 0.5666666666666667 0.440625 0.5729166666666666 0.4421875 0.575 0.4421875 0.5770833333333333 0.44375 0.5791666666666667 0.44375 0.58125 0.4453125 0.5833333333333334 0.4453125 0.5854166666666667 0.446875 0.5875 0.446875 0.5916666666666667 0.4484375 0.59375 0.4484375 0.5958333333333333 0.453125 0.6020833333333333 0.4546875 0.6020833333333333 0.45625 0.6041666666666666 0.4578125 0.6041666666666666 0.459375 0.60625 0.4609375 0.60625 0.4625 0.6083333333333333 0.46875 0.6083333333333333 0.4703125 0.6104166666666667 0.475 0.6104166666666667 0.4765625 0.6125 0.48125 0.6125 0.4828125 0.6145833333333334 0.484375 0.6145833333333334 0.4859375 0.6166666666666667 0.4890625 0.6166666666666667 0.490625 0.61875 0.4921875 0.61875 0.49375 0.6208333333333333 0.496875 0.6208333333333333 0.4984375 0.6229166666666667 0.5078125 0.6229166666666667 0.509375 0.6208333333333333 0.5109375 0.6208333333333333 0.5125 0.61875 0.5140625 0.61875 0.5140625 0.6166666666666667 0.515625 0.6145833333333334 0.515625 0.5958333333333333 0.5140625 0.59375 0.5140625 0.5854166666666667 0.5125 0.5833333333333334 0.5125 0.5708333333333333 0.5109375 0.56875 0.5109375 0.55 0.509375 0.5479166666666667 0.509375 0.54375 0.5078125 0.5416666666666666 0.5078125 0.5395833333333333 0.5046875 0.5354166666666667 0.5046875 0.5333333333333333 0.503125 0.53125 0.503125 0.5291666666666667 0.496875 0.5208333333333334 0.4953125 0.5208333333333334 0.49375 0.51875 0.4921875 0.51875 0.490625 0.5166666666666667 0.4859375 0.5166666666666667 0.484375 0.5145833333333333
0 0.48125 0.6354166666666666 0.4765625 0.6291666666666667 0.475 0.6291666666666667 0.4734375 0.63125 0.45 0.63125 0.4453125 0.6375 0.4453125 0.6395833333333333 0.4421875 0.64375 0.4421875 0.6458333333333334 0.440625 0.6479166666666667 0.43125 0.6479166666666667 0.428125 0.64375 0.425 0.64375 0.4234375 0.6416666666666667 0.4203125 0.6416666666666667 0.4171875 0.6458333333333334 0.4171875 0.6645833333333333 0.41875 0.6666666666666666 0.41875 0.6770833333333334 0.4265625 0.6875 0.428125 0.6875 0.4296875 0.6895833333333333 0.43125 0.6895833333333333 0.4328125 0.6916666666666667 0.434375 0.6916666666666667 0.4375 0.6958333333333333 0.4390625 0.6958333333333333 0.440625 0.6979166666666666 0.4421875 0.6979166666666666 0.44375 0.7 0.4453125 0.7 0.446875 0.7020833333333333 0.4484375 0.7020833333333333 0.45 0.7041666666666667 0.4515625 0.7041666666666667 0.4546875 0.7083333333333334 0.45625 0.7083333333333334 0.4578125 0.7104166666666667 0.459375 0.7104166666666667 0.4625 0.7145833333333333 0.465625 0.7145833333333333 0.4671875 0.7166666666666667 0.4765625 0.7166666666666667 0.4765625 0.7145833333333333 0.48125 0.7083333333333334 0.48125 0.70625 0.4828125 0.7041666666666667 0.4828125 0.6416666666666667 0.48125 0.6395833333333333
0 0.5578125 0.42916666666666664 0.55625 0.43125 0.55625 0.43333333333333335 0.5546875 0.4354166666666667 0.5546875 0.4395833333333333 0.553125 0.44166666666666665 0.553125 0.44375 0.5515625 0.44583333333333336 0.5515625 0.4583333333333333 0.55 0.46041666666666664 0.55 0.48333333333333334 0.5515625 0.48541666666666666 0.5515625 0.5020833333333333 0.553125 0.5041666666666667 0.553125 0.50625 0.5625 0.51875 0.5625 0.5208333333333334 0.5734375 0.5208333333333334 0.575 0.51875 0.5765625 0.51875 0.578125 0.5166666666666667 0.5796875 0.5166666666666667 0.5875 0.50625 0.5890625 0.50625 0.6 0.49166666666666664 0.6015625 0.49166666666666664 0.603125 0.4895833333333333 0.603125 0.4875 0.6046875 0.48541666666666666 0.6046875 0.48333333333333334 0.60625 0.48125 0.6046875 0.4791666666666667 0.6046875 0.47708333333333336 0.603125 0.475 0.603125 0.47291666666666665 0.6015625 0.47291666666666665 0.5953125 0.46458333333333335 0.5953125 0.4625 0.5921875 0.4583333333333333 0.5671875 0.4583333333333333 0.565625 0.45625 0.5640625 0.45625 0.5609375 0.45208333333333334 0.5609375 0.45 0.559375 0.4479166666666667 0.559375 0.44583333333333336 0.55625 0.44166666666666665 0.559375 0.4375 0.559375 0.43333333333333335 0.5609375 0.43125 0.559375 0.42916666666666664
0 0.671875 0.4479166666666667 0.6703125 0.45 0.6671875 0.45 0.665625 0.45208333333333334 0.6625 0.45208333333333334 0.6609375 0.45416666666666666 0.659375 0.45416666666666666 0.6546875 0.46041666666666664 0.6515625 0.46041666666666664 0.65 0.4625 0.6484375 0.4625 0.6484375 0.46458333333333335 0.646875 0.4666666666666667 0.6453125 0.4666666666666667 0.64375 0.46875 0.6421875 0.46875 0.6359375 0.47708333333333336 0.634375 0.47708333333333336 0.63125 0.48125 0.6265625 0.48125 0.625 0.4791666666666667 0.6203125 0.4791666666666667 0.6203125 0.48125 0.61875 0.48333333333333334 0.61875 0.5041666666666667 0.6203125 0.50625 0.6203125 0.5125 0.621875 0.5145833333333333 0.621875 0.5166666666666667 0.63125 0.5291666666666667 0.63125 0.53125 0.6375 0.5395833333333333 0.6390625 0.5395833333333333 0.6421875 0.54375 0.6453125 0.54375 0.646875 0.5458333333333333 0.659375 0.5458333333333333 0.665625 0.5375 0.6703125 0.5375 0.671875 0.5354166666666667 0.6734375 0.5354166666666667 0.6796875 0.5270833333333333 0.6796875 0.5229166666666667 0.68125 0.5208333333333334 0.68125 0.51875 0.6828125 0.5166666666666667 0.6828125 0.5104166666666666 0.684375 0.5083333333333333 0.684375 0.49166666666666664 0.6859375 0.4895833333333333 0.6859375 0.47708333333333336 0.684375 0.475 0.684375 0.4708333333333333 0.6828125 0.46875 0.6828125 0.4666666666666667 0.68125 0.46458333333333335 0.68125 0.46041666666666664 0.6796875 0.4583333333333333 0.6796875 0.45625 0.675 0.45 0.6734375 0.45
0 0.6125 0.6583333333333333 0.6109375 0.6604166666666667 0.6109375 0.6729166666666667 0.6125 0.675 0.6125 0.68125 0.6140625 0.6833333333333333 0.6140625 0.6875 0.615625 0.6895833333333333 0.615625 0.6916666666666667 0.6171875 0.69375 0.6171875 0.6979166666666666 0.61875 0.7 0.61875 0.7020833333333333 0.6203125 0.7041666666666667 0.6203125 0.70625 0.621875 0.7083333333333334 0.6234375 0.7083333333333334 0.625 0.7104166666666667 0.6265625 0.7104166666666667 0.628125 0.7125 0.6296875 0.7125 0.63125 0.7145833333333333 0.6328125 0.7145833333333333 0.634375 0.7166666666666667 0.6375 0.7166666666666667 0.6390625 0.71875 0.646875 0.71875 0.6484375 0.7166666666666667 0.65 0.7166666666666667 0.653125 0.7125 0.6546875 0.7125 0.65625 0.7104166666666667 0.65625 0.7083333333333334 0.659375 0.7041666666666667 0.659375 0.7 0.6609375 0.6979166666666666 0.6609375 0.6958333333333333 0.6625 0.69375 0.6625 0.6916666666666667 0.665625 0.6875 0.665625 0.6854166666666667 0.6671875 0.6833333333333333 0.6671875 0.6791666666666667 0.66875 0.6770833333333334 0.66875 0.6729166666666667 0.6703125 0.6708333333333333 0.6703125 0.66875 0.671875 0.6666666666666666 0.671875 0.65625 0.6703125 0.65625 0.66875 0.6541666666666667 0.6578125 0.6541666666666667 0.65625 0.6520833333333333 0.653125 0.6520833333333333 0.6515625 0.65 0.6484375 0.65 0.646875 0.6479166666666667 0.6390625 0.6479166666666667 0.6375 0.65 0.6328125 0.65 0.63125 0.6520833333333333 0.6296875 0.6520833333333333 0.628125 0.6541666666666667 0.6234375 0.6541666666666667 0.621875 0.65625 0.6171875 0.65625 0.615625 0.6583333333333333
0 0.8296875 0.4166666666666667 0.828125 0.41458333333333336 0.825 0.41458333333333336 0.821875 0.41875 0.821875 0.42291666666666666 0.8203125 0.425 0.8203125 0.43125 0.81875 0.43333333333333335 0.8109375 0.43333333333333335 0.809375 0.43125 0.80625 0.43125 0.8046875 0.42916666666666664 0.8015625 0.42916666666666664 0.8 0.4270833333333333 0.796875 0.4270833333333333 0.7953125 0.425 0.790625 0.425 0.7890625 0.4270833333333333 0.7859375 0.4270833333333333 0.78125 0.43333333333333335 0.7796875 0.43333333333333335 0.7734375 0.44166666666666665 0.771875 0.44166666666666665 0.7703125 0.44375 0.765625 0.44375 0.7609375 0.4375 0.7609375 0.43333333333333335 0.759375 0.43125 0.753125 0.43125 0.7515625 0.43333333333333335 0.75 0.43333333333333335 0.75 0.4354166666666667 0.7484375 0.4375 0.7484375 0.44375 0.75 0.44583333333333336 0.75 0.4479166666666667 0.7515625 0.45 0.7515625 0.4625 0.753125 0.46458333333333335 0.753125 0.4666666666666667 0.7546875 0.4666666666666667 0.759375 0.47291666666666665 0.7609375 0.47291666666666665 0.7625 0.475 0.7640625 0.475 0.765625 0.47708333333333336 0.7671875 0.47708333333333336 0.76875 0.4791666666666667 0.7703125 0.4791666666666667 0.771875 0.48125 0.775 0.48125 0.7765625 0.48333333333333334 0.7796875 0.48333333333333334 0.78125 0.48541666666666666 0.7828125 0.48541666666666666 0.7859375 0.4895833333333333 0.7875 0.4895833333333333 0.7890625 0.49166666666666664 0.7921875 0.49166666666666664 0.79375 0.49375 0.7953125 0.49375 0.796875 0.49583333333333335 0.80625 0.49583333333333335 0.8078125 0.49375 0.809375 0.49375 0.8171875 0.48333333333333334 0.8171875 0.48125 0.81875 0.4791666666666667 0.81875 0.475 0.8203125 0.47291666666666665 0.8203125 0.46875 0.821875 0.4666666666666667 0.821875 0.4625 0.8234375 0.46041666666666664 0.8234375 0.4583333333333333 0.825 0.45625 0.825 0.45416666666666666 0.8265625 0.45208333333333334 0.8265625 0.45 0.828125 0.4479166666666667 0.828125 0.44375 0.8296875 0.44166666666666665 0.8296875 0.4395833333333333 0.83125 0.4375 0.83125 0.42291666666666666 0.8296875 0.42083333333333334
0 0.9203125 0.28125 0.9140625 0.28125 0.9125 0.2833333333333333 0.9109375 0.2833333333333333 0.9078125 0.2875 0.90625 0.2875 0.9046875 0.28958333333333336 0.903125 0.28958333333333336 0.9015625 0.2916666666666667 0.8984375 0.2916666666666667 0.8953125 0.29583333333333334 0.89375 0.29583333333333334 0.89375 0.29791666666666666 0.890625 0.3020833333333333 0.890625 0.30416666666666664 0.884375 0.3125 0.8828125 0.3125 0.88125 0.3145833333333333 0.8796875 0.3145833333333333 0.878125 0.31666666666666665 0.8765625 0.31666666666666665 0.875 0.31875 0.871875 0.31875 0.8703125 0.32083333333333336 0.86875 0.32083333333333336 0.8671875 0.3229166666666667 0.865625 0.3229166666666667 0.8640625 0.325 0.8640625 0.32708333333333334 0.8625 0.32916666666666666 0.8625 0.34375 0.8640625 0.3458333333333333 0.8640625 0.35 0.8625 0.35208333333333336 0.8625 0.36875 0.8640625 0.37083333333333335 0.8640625 0.3729166666666667 0.8671875 0.3770833333333333 0.86875 0.3770833333333333 0.8703125 0.37916666666666665 0.871875 0.37916666666666665 0.8734375 0.38125 0.875 0.38125 0.8765625 0.38333333333333336 0.878125 0.38333333333333336 0.8796875 0.3854166666666667 0.88125 0.3854166666666667 0.8828125 0.3875 0.884375 0.3875 0.8859375 0.38958333333333334 0.8875 0.38958333333333334 0.8890625 0.39166666666666666 0.89375 0.39166666666666666 0.8953125 0.39375 0.8984375 0.39375 0.9 0.3958333333333333 0.9015625 0.3958333333333333 0.903125 0.39791666666666664 0.9140625 0.39791666666666664 0.91875 0.39166666666666666 0.91875 0.38958333333333334 0.9203125 0.3875 0.9203125 0.3854166666666667 0.921875 0.38333333333333336 0.921875 0.375 0.9234375 0.3729166666666667 0.9234375 0.3625 0.925 0.36041666666666666 0.925 0.35625 0.9265625 0.3541666666666667 0.9265625 0.34791666666666665 0.928125 0.3458333333333333 0.928125 0.3416666666666667 0.9296875 0.33958333333333335 0.9296875 0.3333333333333333 0.93125 0.33125 0.93125 0.32708333333333334 0.9328125 0.325 0.9328125 0.3229166666666667 0.934375 0.32083333333333336 0.934375 0.3125 0.9328125 0.3104166666666667 0.9328125 0.30833333333333335 0.93125 0.30625 0.93125 0.30416666666666664 0.9296875 0.3020833333333333 0.9296875 0.29791666666666666 0.928125 0.29583333333333334 0.928125 0.2916666666666667 0.9265625 0.28958333333333336 0.9265625 0.2875 0.9234375 0.2833333333333333 0.921875 0.2833333333333333
0 0.921875 0.475 0.915625 0.475 0.9140625 0.47708333333333336 0.9109375 0.47708333333333336 0.909375 0.4791666666666667 0.9078125 0.4791666666666667 0.9046875 0.48333333333333334 0.903125 0.48333333333333334 0.89375 0.49583333333333335 0.890625 0.49583333333333335 0.8890625 0.4979166666666667 0.884375 0.4979166666666667 0.8828125 0.5 0.875 0.5 0.8734375 0.5020833333333333 0.8703125 0.5020833333333333 0.8671875 0.50625 0.865625 0.50625 0.8625 0.5104166666666666 0.8609375 0.5104166666666666 0.859375 0.5125 0.8578125 0.5125 0.8546875 0.5166666666666667 0.853125 0.5166666666666667 0.8515625 0.51875 0.85 0.51875 0.8484375 0.5208333333333334 0.846875 0.5208333333333334 0.8453125 0.5229166666666667 0.8453125 0.53125 0.846875 0.5333333333333333 0.846875 0.5354166666666667 0.85625 0.5479166666666667 0.8578125 0.5479166666666667 0.8703125 0.5645833333333333 0.871875 0.5645833333333333 0.8890625 0.5875 0.890625 0.5875 0.89375 0.5916666666666667 0.8953125 0.5916666666666667 0.896875 0.59375 0.9 0.59375 0.9015625 0.5958333333333333 0.9078125 0.5958333333333333 0.9125 0.5895833333333333 0.9140625 0.5895833333333333 0.9171875 0.5854166666666667 0.9171875 0.5833333333333334 0.91875 0.58125 0.91875 0.5791666666666667 0.9203125 0.5770833333333333 0.9203125 0.5708333333333333 0.921875 0.56875 0.921875 0.5625 0.925 0.5583333333333333 0.925 0.55625 0.928125 0.5520833333333334 0.928125 0.55 0.9328125 0.54375 0.9328125 0.5395833333333333 0.934375 0.5375 0.934375 0.5354166666666667 0.9359375 0.5333333333333333 0.9359375 0.53125 0.9375 0.5291666666666667 0.9375 0.49375 0.934375 0.4895833333333333 0.9328125 0.4895833333333333 0.9296875 0.48541666666666666 0.9296875 0.48333333333333334 0.925 0.47708333333333336 0.9234375 0.47708333333333336