0 0.12543402777777776 0.3686342592592593 0.10590277777777776 0.14004629629629625
0 0.20529513888888884 0.4363425925925926 0.10069444444444442 0.12268518518518517
0 0.07508680555555554 0.5584490740740741 0.10590277777777776 0.13541666666666666
0 0.2990451388888889 0.4357638888888889 0.0833333333333333 0.12615740740740738
0 0.3511284722222222 0.31712962962962965 0.10590277777777776 0.13425925925925922
0 0.3841145833333333 0.49247685185185186 0.09722222222222214 0.12847222222222227
0 0.3528645833333333 0.6001157407407407 0.09201388888888892 0.11226851851851857
0 0.49001736111111105 0.3969907407407407 0.07986111111111108 0.11574074074074071
0 0.5690104166666666 0.41782407407407407 0.08159722222222224 0.10879629629629631
0 0.5512152777777778 0.6024305555555555 0.08072916666666678 0.11689814814814821
0 0.704861111111111 0.3501157407407407 0.09809027777777768 0.15625
0 0.8038194444444443 0.2465277777777778 0.09809027777777776 0.15277777777777776
0 0.8077256944444443 0.453125 0.10590277777777776 0.15625
0 0.10199652777777776 0.3055555555555555 0.09244791666666666 0.3090277777777778 0.08029513888888888 0.31712962962962965 0.07595486111111112 0.3298611111111111 0.07508680555555554 0.3414351851851852 0.07769097222222218 0.3564814814814815 0.08116319444444442 0.37384259259259256 0.09071180555555554 0.3888888888888889 0.10112847222222218 0.41203703703703703 0.11154513888888888 0.42361111111111105 0.12196180555555554 0.4305555555555555 0.13758680555555552 0.42245370370370366 0.15321180555555552 0.41087962962962965 0.16102430555555552 0.3993055555555555 0.16883680555555552 0.38310185185185186 0.16883680555555552 0.37384259259259256 0.16276041666666666 0.3541666666666667 0.1740451388888889 0.3541666666666667 0.17230902777777776 0.3460648148148148 0.16189236111111108 0.33912037037037035 0.1584201388888889 0.3460648148148148 0.14887152777777776 0.3449074074074074 0.14192708333333331 0.33912037037037035 0.13324652777777776 0.3449074074074074 0.1271701388888889 0.34837962962962965 0.12022569444444442 0.3449074074074074 0.1184895833333333 0.3298611111111111 0.11588541666666666 0.32175925925925924 0.10807291666666666 0.3159722222222222
0 0.18967013888888884 0.38425925925925924 0.17578125 0.38425925925925924 0.16883680555555552 0.40046296296296297 0.16276041666666666 0.41435185185185186 0.16276041666666666 0.43171296296296297 0.16276041666666666 0.4409722222222222 0.16276041666666666 0.4513888888888889 0.16102430555555552 0.4618055555555555 0.15755208333333331 0.4756944444444444 0.16102430555555552 0.4826388888888889 0.1662326388888889 0.4907407407407407 0.17925347222222218 0.49421296296296297 0.19921875 0.4872685185185185 0.2174479166666666 0.4791666666666667 0.2330729166666666 0.4722222222222222 0.24001736111111108 0.46296296296296297 0.24435763888888884 0.45486111111111105 0.2530381944444445 0.4375 0.24175347222222224 0.4386574074074074 0.22265625 0.4305555555555555 0.21223958333333331 0.41782407407407407 0.20095486111111108 0.4085648148148148 0.19661458333333331 0.39120370370370366
0 0.08289930555555554 0.49421296296296297 0.10112847222222218 0.4976851851851852 0.11154513888888888 0.5150462962962963 0.12282986111111108 0.5393518518518517 0.12803819444444442 0.5671296296296297 0.12803819444444442 0.5810185185185185 0.12022569444444442 0.5972222222222222 0.11328125 0.6030092592592593 0.1028645833333333 0.6145833333333334 0.08810763888888888 0.6145833333333334 0.07421875 0.6064814814814814 0.05425347222222219 0.5925925925925927 0.03428819444444442 0.5787037037037037 0.021267361111111115 0.5625 0.021267361111111115 0.5381944444444444 0.02994791666666665 0.5335648148148148 0.04296875 0.5208333333333334 0.05164930555555554 0.5092592592592592 0.06640625 0.5
0 0.27560763888888884 0.38657407407407407 0.2582465277777778 0.3935185185185185 0.25564236111111105 0.4085648148148148 0.25564236111111105 0.4305555555555555 0.26345486111111105 0.44675925925925924 0.2738715277777778 0.46296296296296297 0.28515625 0.47685185185185186 0.3016493055555555 0.48611111111111105 0.31640625 0.49189814814814814 0.32421875 0.4872685185185185 0.3285590277777778 0.4710648148148148 0.3311631944444445 0.45254629629629634 0.3355034722222222 0.4351851851851852 0.3372395833333333 0.42361111111111105 0.3355034722222222 0.41087962962962965 0.3311631944444445 0.40046296296296297 0.3250868055555555 0.3958333333333333 0.3094618055555555 0.3773148148148148 0.2964409722222222 0.375 0.2842881944444445 0.37962962962962965
0 0.32248263888888884 0.2638888888888889 0.3129340277777778 0.27662037037037035 0.30251736111111105 0.2939814814814815 0.2981770833333333 0.31134259259259256 0.29904513888888884 0.32870370370370366 0.30859375 0.34375 0.3172743055555555 0.3622685185185185 0.3250868055555555 0.3715277777777778 0.3355034722222222 0.375 0.35026041666666663 0.37962962962962965 0.36935763888888884 0.38078703703703703 0.3823784722222222 0.3819444444444445 0.38932291666666663 0.3726851851851852 0.40060763888888884 0.3564814814814815 0.3997395833333333 0.3368055555555555 0.39626736111111105 0.3136574074074074 0.3910590277777778 0.2916666666666667 0.38498263888888884 0.28587962962962965 0.37109375 0.2673611111111111 0.35807291666666663 0.2569444444444444 0.3467881944444445 0.25578703703703703 0.3328993055555555 0.2569444444444444
0 0.3684895833333333 0.44560185185185186 0.3546006944444445 0.4618055555555555 0.3441840277777778 0.47685185185185186 0.33984375 0.49884259259259256 0.3407118055555555 0.5138888888888888 0.35373263888888884 0.53125 0.3754340277777778 0.537037037037037 0.3910590277777778 0.5405092592592593 0.4058159722222222 0.5462962962962963 0.42057291666666663 0.5428240740740741 0.42057291666666663 0.5127314814814815 0.41796875 0.4872685185185185 0.41276041666666663 0.45486111111111105 0.40060763888888884 0.44560185185185186 0.38151041666666663 0.4351851851851852
0 0.3172743055555555 0.5775462962962963 0.3129340277777778 0.59375 0.3155381944444445 0.6087962962962963 0.3355034722222222 0.6296296296296297 0.3528645833333333 0.6435185185185185 0.37282986111111105 0.6550925925925927 0.38498263888888884 0.6458333333333334 0.3875868055555555 0.625 0.38845486111111105 0.5972222222222222 0.38585069444444436 0.5752314814814814 0.3832465277777778 0.5601851851851851 0.3745659722222222 0.5497685185185185 0.3676215277777778 0.5601851851851851 0.3485243055555555 0.5613425925925927 0.3407118055555555 0.5659722222222222 0.3355034722222222 0.576388888888889
0 0.47265625 0.34375 0.4544270833333333 0.35532407407407407 0.4578993055555555 0.39120370370370366 0.45876736111111105 0.41782407407407407 0.46744791666666663 0.43634259259259256 0.48307291666666663 0.45254629629629634 0.5065104166666666 0.4270833333333333 0.5221354166666666 0.4097222222222222 0.5169270833333333 0.3935185185185185 0.5082465277777778 0.3784722222222222 0.4995659722222222 0.36689814814814814 0.4856770833333333 0.3784722222222222 0.47178819444444436 0.36689814814814814
0 0.5559895833333333 0.38657407407407407 0.5394965277777778 0.38657407407407407 0.5299479166666666 0.40162037037037035 0.529079861111111 0.4259259259259259 0.5412326388888888 0.45486111111111105 0.55859375 0.47453703703703703 0.5785590277777778 0.4722222222222222 0.5881076388888888 0.46875 0.6028645833333333 0.4409722222222222 0.6028645833333333 0.4074074074074074 0.6002604166666667 0.3819444444444445 0.5889756944444444 0.37037037037037035 0.5716145833333333 0.3819444444444445
0 0.5186631944444444 0.5821759259259259 0.5177951388888888 0.6018518518518517 0.5221354166666666 0.6215277777777778 0.5264756944444444 0.6400462962962963 0.5438368055555556 0.6493055555555556 0.5542534722222222 0.6550925925925927 0.5690104166666666 0.6412037037037037 0.5802951388888888 0.6145833333333334 0.5889756944444444 0.5833333333333334 0.5820312499999999 0.576388888888889 0.57421875 0.5844907407407407 0.5542534722222222 0.5729166666666666 0.5316840277777778 0.5810185185185185
0 0.6662326388888888 0.3449074074074074 0.6636284722222222 0.3634259259259259 0.6653645833333333 0.38310185185185186 0.6888020833333333 0.4074074074074074 0.7105034722222222 0.41435185185185186 0.7209201388888888 0.42361111111111105 0.7330729166666667 0.4074074074074074 0.7469618055555555 0.3761574074074074 0.7486979166666667 0.34953703703703703 0.7469618055555555 0.32870370370370366 0.7365451388888888 0.3263888888888889 0.7365451388888888 0.34259259259259256 0.7278645833333333 0.3449074074074074 0.7131076388888888 0.33796296296296297 0.7035590277777778 0.33564814814814814 0.6801215277777778 0.35532407407407407
0 0.7582465277777778 0.2685185185185185 0.7599826388888888 0.28009259259259256 0.7738715277777778 0.29050925925925924 0.7921006944444444 0.2986111111111111 0.818142361111111 0.3125 0.8355034722222221 0.3194444444444445 0.8433159722222221 0.2789351851851852 0.8485243055555554 0.24537037037037035 0.849392361111111 0.21875 0.8407118055555554 0.20023148148148148 0.83203125 0.19444444444444445 0.8216145833333333 0.20023148148148148 0.8042534722222221 0.2175925925925926 0.7851562499999999 0.22916666666666666 0.7790798611111112 0.2546296296296296 0.7773437499999999 0.27314814814814814 0.7686631944444444 0.28125
0 0.7903645833333333 0.4189814814814815 0.7634548611111112 0.42939814814814814 0.7608506944444444 0.4409722222222222 0.7608506944444444 0.46296296296296297 0.7738715277777778 0.47685185185185186 0.7894965277777778 0.4930555555555555 0.8077256944444443 0.517361111111111 0.82421875 0.525462962962963 0.8363715277777779 0.4976851851851852 0.841579861111111 0.4826388888888889 0.85546875 0.45254629629629634 0.85546875 0.42361111111111105 0.8441840277777779 0.4074074074074074 0.83203125 0.3946759259259259 0.8207465277777779 0.3946759259259259 0.810329861111111 0.40625