0 0.04984374999999999 0.34645833333333337 0.09093749999999999 0.11708333333333337
0 0.052031249999999994 0.4354166666666667 0.10406249999999999 0.11499999999999998
0 0.153125 0.41125 0.096875 0.11833333333333336
0 0.21359374999999997 0.38687499999999997 0.1103125 0.12874999999999998
0 0.246875 0.49104166666666665 0.103125 0.1404166666666667
0 0.32734375 0.34812499999999996 0.09718749999999998 0.12875000000000003
0 0.37312500000000004 0.40395833333333336 0.08374999999999999 0.10625
0 0.44765625 0.39875 0.08093749999999993 0.12749999999999997
0 0.506875 0.291875 0.08937499999999998 0.13541666666666663
0 0.51421875 0.4508333333333334 0.09781250000000004 0.13083333333333352
0 0.4771875 0.5685416666666666 0.09999999999999991 0.12708333333333338
0 0.63796875 0.3835416666666667 0.09093749999999998 0.14124999999999996
0 0.69875 0.40270833333333333 0.07125000000000004 0.14125000000000001
0 0.7034375 0.5554166666666666 0.10437500000000002 0.14500000000000005
0 0.91234375 0.23687499999999975 0.1078125 0.13541666666666616
0 0.828125 0.33958333333333335 0.11312499999999996 0.12833333333333333
0 0.9425000000000001 0.3909526699029127 0.11500000000000003 0.16190533980582533
0 0.01953125 0.3190972222222222 0.012760416666666666 0.32361111111111107 0.007812499999999997 0.33888888888888885 0.007031249999999998 0.35451388888888885 0.009114583333333332 0.36701388888888886 0.011979166666666666 0.38333333333333336 0.015625 0.3986111111111111 0.017447916666666664 0.4034722222222222 0.026041666666666664 0.40138888888888885 0.03229166666666666 0.39652777777777776 0.03984375 0.39305555555555555 0.04401041666666667 0.3878472222222222 0.04479166666666667 0.3815972222222222 0.05598958333333333 0.39375 0.06276041666666668 0.3954861111111111 0.06796875 0.3885416666666667 0.0796875 0.3829861111111111 0.084375 0.3729166666666667 0.08385416666666667 0.3638888888888889 0.08020833333333333 0.35208333333333336 0.06510416666666667 0.3458333333333333 0.051302083333333325 0.34791666666666665 0.04531249999999999 0.3416666666666667 0.04140624999999999 0.33715277777777775 0.03177083333333333 0.3368055555555555 0.024479166666666663 0.3253472222222222
0 0.04401041666666667 0.40729166666666666 0.03723958333333333 0.39895833333333336 0.03020833333333333 0.39826388888888886 0.0203125 0.4027777777777778 0.011197916666666667 0.4083333333333333 0.005989583333333334 0.4197916666666667 0.005208333333333334 0.4309027777777778 0 0.44479166666666664 0 0.45625 1.908195823574488e-18 0.4690972222222222 0.0026041666666666687 0.4871527777777778 0.011458333333333333 0.4902777777777778 0.021875 0.490625 0.028645833333333332 0.4909722222222222 0.04192708333333333 0.48993055555555554 0.05416666666666666 0.4871527777777778 0.0625 0.48506944444444444 0.06927083333333334 0.4822916666666667 0.07552083333333334 0.4791666666666667 0.07890625 0.4753472222222222 0.07942708333333334 0.46944444444444444 0.07786458333333335 0.4652777777777778 0.07395833333333335 0.4590277777777778 0.06875 0.46111111111111114 0.062239583333333334 0.46041666666666664 0.06145833333333334 0.4361111111111111 0.05182291666666666 0.42118055555555556
0 0.15390625000000002 0.3732638888888889 0.13541666666666669 0.3697916666666667 0.12213541666666668 0.37256944444444445 0.11041666666666668 0.38298611111111114 0.10364583333333335 0.3934027777777778 0.10364583333333335 0.4128472222222222 0.10651041666666668 0.43020833333333336 0.11015625000000002 0.44756944444444446 0.11848958333333334 0.46145833333333336 0.12812500000000002 0.4673611111111111 0.14296875000000003 0.4701388888888889 0.15572916666666667 0.4701388888888889 0.16666666666666669 0.4590277777777778 0.17604166666666668 0.44548611111111114 0.18541666666666667 0.4340277777777778 0.18671875 0.4131944444444445 0.18151041666666667 0.4034722222222222 0.17473958333333334 0.3885416666666667 0.16744791666666667 0.37986111111111115
0 0.2140625 0.3305555555555556 0.19765625 0.3305555555555556 0.18854166666666666 0.3364583333333334 0.17890625 0.35173611111111114 0.17447916666666669 0.36006944444444444 0.1734375 0.3760416666666667 0.17994791666666668 0.3909722222222223 0.190625 0.4072916666666667 0.20104166666666665 0.42534722222222227 0.21276041666666665 0.43888888888888894 0.22083333333333335 0.4496527777777778 0.23229166666666665 0.4524305555555556 0.23880208333333336 0.45069444444444445 0.2453125 0.4361111111111111 0.25078125 0.42013888888888895 0.25755208333333335 0.40312500000000007 0.26223958333333336 0.38541666666666674 0.2625 0.3708333333333334 0.25807291666666665 0.35347222222222224 0.25130208333333337 0.3434027777777778 0.24322916666666666 0.3364583333333334 0.23020833333333335 0.33125000000000004
0 0.24921875 0.4496527777777778 0.2359375 0.4590277777777778 0.22213541666666664 0.4711805555555556 0.21484375 0.4809027777777778 0.21380208333333334 0.4934027777777778 0.21979166666666666 0.5107638888888889 0.22760416666666666 0.5284722222222222 0.23854166666666665 0.5416666666666667 0.24505208333333334 0.5520833333333335 0.25442708333333336 0.5600694444444444 0.2674479166666667 0.5621527777777777 0.27734375 0.5520833333333335 0.28671875 0.5409722222222223 0.29609375 0.528125 0.2947916666666667 0.4993055555555556 0.29375 0.48020833333333335 0.29010416666666666 0.4642361111111111 0.28255208333333337 0.45138888888888895 0.271875 0.44409722222222225 0.26119791666666664 0.44409722222222225
0 0.32421875 0.3253472222222222 0.31770833333333337 0.31319444444444444 0.31276041666666665 0.3079861111111111 0.30364583333333334 0.3003472222222222 0.296875 0.3 0.29010416666666666 0.30277777777777776 0.2830729166666667 0.31354166666666666 0.27890625 0.32465277777777773 0.28046875 0.3440972222222222 0.28541666666666665 0.35798611111111106 0.290625 0.3753472222222222 0.29348958333333336 0.3954861111111111 0.2984375 0.40520833333333334 0.30859375 0.41180555555555554 0.31744791666666666 0.40798611111111105 0.3265625 0.3972222222222222 0.334375 0.3850694444444444 0.34296875 0.37152777777777773 0.35286458333333337 0.3524305555555555 0.35208333333333336 0.3420138888888889 0.34817708333333336 0.3284722222222222 0.34036458333333336 0.3194444444444445 0.33125 0.3194444444444445
0 0.371875 0.3583333333333333 0.3591145833333333 0.3572916666666666 0.3528645833333333 0.3621527777777777 0.3481770833333333 0.36979166666666663 0.34401041666666665 0.3784722222222222 0.34375 0.39062499999999994 0.3427083333333333 0.40173611111111107 0.3416666666666667 0.4097222222222222 0.3372395833333333 0.41874999999999996 0.3348958333333333 0.43020833333333325 0.3338541666666667 0.44131944444444443 0.33541666666666664 0.4513888888888889 0.34401041666666665 0.4552083333333333 0.35416666666666663 0.4552083333333333 0.3614583333333333 0.4510416666666667 0.384375 0.44895833333333335 0.39505208333333336 0.44479166666666664 0.40078125 0.43506944444444445 0.40546875 0.42743055555555554 0.4080729166666667 0.4215277777777778 0.4114583333333333 0.4121527777777778 0.4104166666666667 0.3993055555555555 0.4052083333333333 0.3940972222222222 0.39921875 0.3847222222222222 0.39166666666666666 0.3767361111111111 0.38359375 0.3663194444444445
0 0.4309895833333333 0.3663194444444445 0.4221354166666666 0.3743055555555556 0.4182291666666666 0.3902777777777778 0.4192708333333333 0.4059027777777778 0.4223958333333333 0.4215277777777778 0.4281249999999999 0.42916666666666664 0.43671874999999993 0.43645833333333334 0.44791666666666663 0.4482638888888889 0.4593749999999999 0.45798611111111115 0.4721354166666666 0.4635416666666667 0.47578124999999993 0.4569444444444445 0.4776041666666666 0.43506944444444445 0.4846354166666667 0.42604166666666665 0.4875 0.4128472222222222 0.4867187499999999 0.40069444444444446 0.4848958333333333 0.3875 0.4815104166666667 0.375 0.47734375 0.3684027777777778 0.4692708333333333 0.36180555555555555 0.45624999999999993 0.35694444444444445 0.4486979166666666 0.35763888888888895 0.4380208333333333 0.359375
0 0.4789062499999999 0.27118055555555554 0.46744791666666663 0.2930555555555555 0.4664062499999999 0.30763888888888885 0.4692708333333333 0.33124999999999993 0.4825520833333333 0.34756944444444443 0.4968749999999999 0.3576388888888889 0.5151041666666667 0.3572916666666667 0.5307291666666667 0.3506944444444445 0.5427083333333333 0.3416666666666667 0.5494791666666667 0.33229166666666665 0.546875 0.3027777777777778 0.5416666666666667 0.2833333333333333 0.5369791666666666 0.26944444444444443 0.5252604166666666 0.2579861111111111 0.5119791666666667 0.24999999999999997 0.5013020833333333 0.2520833333333333 0.4921875 0.2552083333333333 0.4861979166666667 0.2642361111111111
0 0.5015625 0.4263888888888889 0.4953125 0.434375 0.4919270833333333 0.4440972222222222 0.4885416666666666 0.45798611111111115 0.4854166666666666 0.4708333333333333 0.4888020833333333 0.4847222222222223 0.4958333333333333 0.4954861111111111 0.5052083333333333 0.5020833333333333 0.5153645833333333 0.5069444444444444 0.5239583333333333 0.5059027777777778 0.5325520833333333 0.5090277777777777 0.54296875 0.513888888888889 0.5526041666666666 0.5152777777777778 0.56015625 0.5097222222222222 0.5625 0.5003472222222222 0.5614583333333333 0.4864583333333333 0.5575520833333333 0.4659722222222222 0.5580729166666667 0.45208333333333334 0.5567708333333333 0.4434027777777778 0.5515625 0.4315972222222222 0.5432291666666667 0.4222222222222222 0.5346354166666667 0.4128472222222222 0.5278645833333333 0.41041666666666665 0.5197916666666667 0.4100694444444445 0.5088541666666666 0.4197916666666667
0 0.48697916666666663 0.5322916666666667 0.48020833333333324 0.5350694444444444 0.4742187499999999 0.5329861111111112 0.4690104166666666 0.5336805555555556 0.4593749999999999 0.5399305555555556 0.45625 0.5489583333333333 0.4565104166666667 0.5586805555555556 0.4541666666666667 0.5711805555555556 0.4567708333333333 0.5822916666666667 0.4609374999999999 0.5916666666666667 0.4684895833333333 0.5982638888888889 0.4765625 0.6072916666666667 0.4888020833333332 0.6145833333333334 0.4966145833333332 0.6239583333333333 0.5065104166666666 0.6295138888888889 0.5148437499999999 0.6319444444444445 0.521875 0.621875 0.5239583333333333 0.6090277777777777 0.5252604166666667 0.5885416666666666 0.5257812499999999 0.5621527777777778 0.5234374999999999 0.5402777777777779 0.5184895833333332 0.5312500000000001 0.5059895833333333 0.5270833333333333 0.4934895833333332 0.5215277777777778 0.48802083333333324 0.5246527777777777
0 0.6338541666666666 0.3618055555555556 0.6247395833333333 0.3631944444444445 0.6187499999999999 0.3590277777777778 0.6111979166666666 0.3548611111111111 0.6057291666666667 0.3548611111111111 0.5966145833333333 0.3652777777777778 0.5947916666666666 0.3770833333333333 0.5921874999999999 0.3958333333333333 0.5914062499999999 0.41354166666666664 0.5916666666666666 0.4236111111111111 0.5932291666666666 0.4378472222222223 0.5940104166666667 0.44895833333333335 0.5994791666666666 0.44930555555555557 0.6052083333333333 0.4479166666666667 0.6151041666666666 0.4524305555555556 0.6208333333333333 0.4496527777777778 0.6312499999999999 0.44097222222222227 0.6419270833333333 0.42638888888888893 0.6471354166666666 0.4152777777777778 0.6499999999999999 0.40451388888888895 0.6526041666666667 0.3944444444444445 0.6528645833333333 0.38472222222222224 0.6471354166666666 0.3836805555555556 0.6429687499999999 0.37326388888888895
0 0.6674479166666667 0.3944444444444445 0.6645833333333333 0.4 0.6625 0.41458333333333336 0.6653645833333333 0.4284722222222222 0.6713541666666667 0.4440972222222222 0.6799479166666667 0.4569444444444445 0.6861979166666667 0.46631944444444445 0.69453125 0.4725694444444445 0.7119791666666667 0.46979166666666666 0.725 0.4666666666666667 0.7291666666666667 0.4583333333333333 0.7322916666666667 0.4440972222222222 0.7328125 0.4277777777777778 0.7325520833333333 0.40520833333333334 0.7309895833333333 0.39305555555555555 0.7239583333333333 0.3788194444444445 0.7169270833333333 0.3722222222222223 0.7114583333333333 0.3701388888888889 0.6981770833333333 0.37256944444444445 0.690625 0.3805555555555556 0.6838541666666667 0.3861111111111111 0.6752604166666667 0.3902777777777778
0 0.6960016689686925 0.5222030386740331 0.6871475023020259 0.5253280386740331 0.6756891689686925 0.5274113720073664 0.6668350023020259 0.5301891497851442 0.6624079189686924 0.5281058164518109 0.6587620856353592 0.5274113720073664 0.6551162523020259 0.532966927562922 0.6538141689686925 0.5413002608962553 0.6527725023020259 0.5527585942295886 0.6564183356353592 0.5624808164518108 0.6569391689686925 0.5749808164518109 0.6587620856353592 0.5843558164518109 0.6596354166666667 0.596875 0.6618870856353591 0.6072724831184775 0.6660537523020259 0.6190780386740331 0.6715225023020259 0.6263697053406998 0.6824600023020259 0.626716927562922 0.6858454189686924 0.6232447053406998 0.6910537523020259 0.6274113720073664 0.7004287523020258 0.6263697053406998 0.7130208333333333 0.6027777777777777 0.7233454189686925 0.5847030386740332 0.7278645833333333 0.5604166666666667 0.7285537523020259 0.5468558164518108 0.7254287523020259 0.5357447053406997 0.7173558356353592 0.5260224831184775 0.7105850023020259 0.5235919275629219
0 0.8328367651136993 0.30311344518395267 0.8203367651136994 0.3142245562950638 0.811222181780366 0.320821778517286 0.8021075984470325 0.3180440007395083 0.7945555151136994 0.32047455629506383 0.7903494176372712 0.3310108153078203 0.7906094009983361 0.34279672767609537 0.7929930151136994 0.3558912229617305 0.8008055151136994 0.3704745562950638 0.8153888484470325 0.3798495562950638 0.8244072379367721 0.38508735440931774 0.8332466722129783 0.3944467554076539 0.8458575984470326 0.40241900073950826 0.8593992651136994 0.3996412229617305 0.8669513484470326 0.38853011185061936 0.8683444259567388 0.3618621741541874 0.8734617651136993 0.3371412229617305 0.8771838602329451 0.3202648363838047 0.8751039933444259 0.30743899057127005 0.8699043261231282 0.29703965612867445 0.8595049916805324 0.29807958957293396 0.8484617651136993 0.30346066740617494
0 0.8979383319467555 0.2131828896283971 0.8961154152800889 0.21908566740617488 0.8987195819467555 0.24373844518395268 0.8974174986134221 0.255196778517286 0.8893445819467555 0.258321778517286 0.8765841652800889 0.25241900073950824 0.8716362486134221 0.26422455629506375 0.8826435108153078 0.2783208541320022 0.894082778702163 0.2869869661674986 0.9117404152800889 0.28957177851728605 0.9221570819467555 0.2926967785172861 0.9395798668885191 0.3015460343871325 0.9505424986134221 0.30241900073950834 0.9601185524126457 0.2939198557958957 0.9622612486134221 0.28123844518395275 0.9624584026622296 0.25960205213533 0.9625216652800889 0.24373844518395268 0.9625216652800889 0.22776622296173044 0.9621984193011647 0.21557820299500827 0.9546589018302829 0.19963255684969491 0.9466362486134221 0.18748844518395266 0.9370008319467555 0.18540511185061934 0.9278862486134221 0.18679400073950822 0.9203341652800889 0.19616900073950821 0.9039279152800889 0.20346066740617488
0 0.9830984816971714 0.35207177851728594 0.975546398363838 0.3465162229617304 0.9627183860232945 0.34522323904603436 0.9469005650305048 0.3444328896283971 0.9315359816971714 0.35207177851728594 0.9263276483638381 0.3621412229617304 0.911483898363838 0.3718634451839526 0.9026297316971714 0.37984955629506373 0.8971609816971714 0.39061344518395263 0.8961626455906823 0.4027662229617304 0.899282445923461 0.4214850249584027 0.9078380650305048 0.43228011185061926 0.923983898363838 0.4447801118506193 0.9375255650305048 0.45346066740617486 0.952108898363838 0.4645717785172859 0.9656505650305048 0.4694328896283971 0.9784109816971714 0.46769677851728597 0.9830984816971714 0.4584705880410955 0.9900166389351082 0.4436702717692734 0.9889767054908486 0.4311910704381586 0.9918365224625625 0.4207917359955629 0.9957362728785357 0.4107390460343871 0.9984375 0.39929977814753187 0.9984375 0.37884775374376034 0.9952163061564061 0.36255546311702713 0.9830984816971714 0.3524190007395082 0.9830984816971714 0.3510301118506193