0 0.32151691002641397 0.4029970655235953 0.10103855931489258 0.12502361715025798
0 0.4078081310346783 0.37496516957107495 0.11007930114940426 0.13108714731637156
0 0.4422812998899931 0.48458589773643074 0.10233423882234334 0.1490339726913095
0 0.5016065140339304 0.3326314532690043 0.08084485926234057 0.13478288500647076
0 0.5714423120382544 0.3790983272712044 0.09567610803663618 0.13330362277317628
0 0.6447430004627034 0.38386543261231293 0.08196784230855263 0.13706709658243027
0 0.7092346089850249 0.28109400998336104 0.10971297836938439 0.12132556849694952
0 0.7232364040671928 0.4421455020739938 0.10926762447792707 0.12090866307331034
0 0.6814164025178263 0.558761019528022 0.1042157068061825 0.13186838375063453
0 0.81955551870463 0.35433931062052293 0.07937897922967548 0.15439680859811092
0 0.9047443145038351 0.3826526828495377 0.08371020626687234 0.13867411294762455
0 0.9325174784946361 0.5429205011419478 0.13184004301072783 0.15438362334006447
0 0.40806230666430715 0.3124237254463351 0.399641747237569 0.31313689379987725 0.3850584139042357 0.319039671577655 0.37854799723756904 0.32910911602209947 0.3741209139042357 0.3423035604665439 0.3736000805709024 0.3589702271332106 0.37394772333097387 0.3728403921130018 0.38462480666430715 0.3891598365574463 0.39504147333097384 0.4072153921130018 0.40676022333097384 0.42075705877966846 0.4148331399976405 0.43152094766855736 0.42618811199029843 0.436803266935913 0.437922997237569 0.4311924493554328 0.444172997237569 0.425289671577655 0.45042299723756896 0.4166091160220995 0.45537091390423556 0.40202578268876615 0.45823549723756896 0.38501189379987727 0.459797997237569 0.3697341160220995 0.460579247237569 0.35202578268876616 0.455891747237569 0.334664671577655 0.4453018899976405 0.32527094766855735 0.43722897333097366 0.31832650322411293 0.42420813999764045 0.3131181698907796
0 0.43921114297303754 0.440733094984929 0.4328250155894259 0.44656154529130393 0.42592989297303757 0.45010809498492904 0.41212780963970425 0.46226087276270683 0.40483614297303755 0.471983094984929 0.40379447630637094 0.48448309498492903 0.40978405963970427 0.5018442060960402 0.41759655963970427 0.5195525394293734 0.42853405963970426 0.5327469838738179 0.43504447630637094 0.5431636505404845 0.445200726306371 0.5539275394293733 0.45926322630637095 0.5570525394293733 0.47306530963970433 0.5445525394293735 0.48363412402748035 0.5327969760088822 0.4903936914151677 0.5182379077892484 0.49273354166475175 0.4918929272013393 0.49195359158155705 0.4721341917604075 0.4854540075549346 0.45376203424515515 0.47306530963970433 0.4386497616515957 0.46186739297303764 0.4351775394293735 0.45119030963970425 0.4351775394293735
0 0.5091236492356204 0.30465572904377697 0.50699928593152 0.29427523661199 0.5017909525981867 0.28490023661199 0.48855073256895365 0.279655729043777 0.48177989923562026 0.2793085068215548 0.4750090659022869 0.2820862845993325 0.46797781590228693 0.29285017348822145 0.4638111492356202 0.3039612845993325 0.46236931646687685 0.3234430108811894 0.46600908352178544 0.3362688566937241 0.4725086675484077 0.35602759213465585 0.47470761926485333 0.3720530143897678 0.4767909525981867 0.37934468105643443 0.48252011926485333 0.39427523661199 0.49297781590228695 0.398405729043777 0.5033277870216306 0.3899403771491957 0.5100873544093179 0.37954104270660005 0.519186772046589 0.3684484193011647 0.5254018490514583 0.3569577548264658 0.5313914323847916 0.3486244214931325 0.5376455906821963 0.3382903494176372 0.5394654742096506 0.32581114808652245 0.5330819825689537 0.30778072904377696 0.5252694825689537 0.29875295126599927 0.5161548992356204 0.29875295126599927
0 0.562621600873161 0.3404213511550729 0.5498611842064943 0.3393796844884062 0.5436111842064943 0.3442407955995173 0.5389236842064944 0.3518796844884062 0.5347570175398277 0.3605602400439618 0.5341081340223323 0.3722372658266506 0.5334549342064945 0.38382412893285067 0.5324132675398278 0.3918102400439618 0.5279861842064945 0.40083801782173956 0.5256424342064945 0.41229635115507285 0.5246007675398278 0.423407462266184 0.5286393840223322 0.43716782138220617 0.5348893840223322 0.44168171027109504 0.546996600873161 0.44146301782173963 0.559496600873161 0.4376435733772952 0.5717361842064943 0.4369491289328507 0.5826227121464227 0.43361758180809756 0.5899022462562395 0.4287645590682196 0.5979617304492513 0.4169786466999445 0.6036813643926788 0.4069259567387687 0.6057612312811981 0.3895937326677759 0.6025977173556656 0.380570599159984 0.5989453844383057 0.3725636893799878 0.5926953844383057 0.3628414671577655 0.583841217771639 0.3531192449355433 0.5757683011049723 0.3433970227133211
0 0.6284241412601157 0.34842029066554725 0.6195699745934491 0.35640640177665833 0.615663724593449 0.37237862399888055 0.6167053912601157 0.38800362399888055 0.6198303912601156 0.40362862399888055 0.6255595579267823 0.4112675128877694 0.6320195507487522 0.4225249584026622 0.6453512245934491 0.4303647351099917 0.6568073578834233 0.44637255382629115 0.6703490245500899 0.4519281093818467 0.6768594412167566 0.4429003316040689 0.67972402455009 0.4363031093818467 0.6794636078834233 0.4241503316040689 0.6776428912601158 0.4164758462211028 0.6842762063227954 0.4072726012201885 0.6847961730449251 0.3975665557404326 0.6866160565723793 0.38508735440931774 0.6858361064891847 0.3698349972268441 0.678944974593449 0.3571008462211028 0.6747783079267824 0.3505036239988806 0.6667053912601156 0.3439064017766583 0.6536845579267823 0.3390452906655472 0.646132474593449 0.33973973510999167 0.6354553912601156 0.3414758462211028
0 0.682242315313183 0.2413851058038117 0.6707839819798498 0.2632601058038117 0.6672209914108777 0.27866422049295786 0.669304324744211 0.3047058871596245 0.6765959914108777 0.32102533160406893 0.684929324744211 0.3324836649374022 0.7013355747442109 0.3408169982707356 0.7256780586300307 0.33281170361143536 0.7463876580775443 0.32831699827073557 0.7555022414108776 0.3192892204929578 0.7630511647254575 0.3112520798668885 0.7651310316139768 0.2959997226844148 0.7612312811980033 0.28109400998336104 0.7562915973377704 0.264455074875208 0.7489089819798498 0.2535378835815895 0.7403152319798497 0.23964899469270057 0.7285964819798497 0.22819066135936725 0.7153152319798497 0.22020455024825614 0.7046381486465165 0.2222878835815895 0.6955235653131833 0.2254128835815895 0.6895339819798498 0.23444066135936728
0 0.7055650419956918 0.40974131001226716 0.6993150419956918 0.4177274211233783 0.6959296253290251 0.4274496433456005 0.6925442086623584 0.44133853223448943 0.6894192086623584 0.4541857544567117 0.6928046253290251 0.4680746433456006 0.6998358753290251 0.4788385322344895 0.7092108753290252 0.48543575445671167 0.7193671253290251 0.4902968655678228 0.7279608753290251 0.48925519890115615 0.7365546253290252 0.49238019890115614 0.7469712919956918 0.49724131001226735 0.7579087919956918 0.5010607544567117 0.7750103993344426 0.4953202995008319 0.7773502495840267 0.48249445368829724 0.7763103161397671 0.4707085413200221 0.7713706322795341 0.46100249584026615 0.7675442086623584 0.450019087790045 0.7665025419956918 0.4357829766789339 0.7633775419956919 0.4239774211233784 0.7591514143094842 0.4096991125901275 0.752651830282862 0.3972199112590127 0.7440723793677205 0.39098031059345534 0.7331692086623585 0.39133853223448944 0.7237942086623584 0.39342186556782277 0.7128567086623584 0.40314408779004496
0 0.6832843578305647 0.5187061491539066 0.6783446739703318 0.5214793050052654 0.6729331155218589 0.5254558949479535 0.6677247821885255 0.526150339392398 0.6580893655218588 0.532400339392398 0.6549643655218589 0.5414281171701758 0.654118136439268 0.5525166389351082 0.6528810321885257 0.5636503393923977 0.6554851988551922 0.5747614505035089 0.6596518655218588 0.5841364505035089 0.6672039488551922 0.5907336727257311 0.675276865521859 0.5997614505035089 0.6875164488551921 0.6070531171701756 0.6990952579034941 0.6145660011092623 0.7052247821885256 0.6219836727257311 0.7161913184517517 0.6247435405386356 0.7282251582307572 0.6187889671807475 0.7326331114808652 0.6058998890737659 0.7336730449251248 0.5837146422628952 0.7334130615640599 0.5653424847476427 0.7308293248974238 0.5524695227363029 0.7282251582307572 0.5299000782918585 0.7177247821885256 0.5195531171701757 0.705745615521859 0.5153864505035091 0.6922039488551921 0.5139975616146202 0.6867351988551922 0.5171225616146202
0 0.8210430245171491 0.3345689198174926 0.8126568757794711 0.3326765824863207 0.8066672924461378 0.32850991581965405 0.7998964591128045 0.32746824915298733 0.7931256257794711 0.32920436026409844 0.7876568757794711 0.3354543602640984 0.7840110424461378 0.3462182491529873 0.7824485424461378 0.3618432491529873 0.7803651755974541 0.375090740417291 0.7798443422641207 0.3879379626395132 0.7798443422641207 0.40529907375062435 0.7803651755974541 0.4146740737506243 0.7842714255974541 0.421965740417291 0.7918235089307875 0.428215740417291 0.8004172589307874 0.431340740417291 0.8168677204658902 0.4294578480310593 0.8293469217970051 0.41871186910704383 0.8402662229617304 0.40865917914586797 0.8493656405990017 0.3951400443704936 0.8563851913477538 0.37780782029950083 0.8563851913477538 0.36567526344980583 0.8519654742096506 0.3525027731558513 0.8446859400998337 0.3424500831946755 0.8314068422641206 0.3365490737506243
0 0.8691045421343496 0.3680548820566091 0.8662399588010163 0.3736104376121646 0.864156625467683 0.38819377094549795 0.8670212088010164 0.40208265983438685 0.8730107921343496 0.41770765983438685 0.8822643301104975 0.4324144413750767 0.8878545421343496 0.4399298820566091 0.8972025790349418 0.45164309484193005 0.912705743554328 0.4503280386740331 0.9245732921343496 0.44479099316772014 0.932125375467683 0.4392354376121646 0.9357712088010164 0.4343743265010535 0.9395286602209947 0.42393914978514424 0.9418724102209947 0.4124808164518109 0.9421328268876612 0.401716927562922 0.9429596505823629 0.3930601774819744 0.9468594009983361 0.37572795341098164 0.9452995008319467 0.3663685524126456 0.936143243554328 0.357966927562922 0.9309349102209946 0.3513697053406998 0.9231224102209946 0.3437308164518109 0.911924493554328 0.34581414978514424 0.9011357921343498 0.35034654872327575 0.892281625467683 0.35416599316772024 0.8855107921343496 0.3597215487232758 0.8769170421343496 0.3638882153899424
0 0.9333402662229618 0.5032931225734886 0.9229409317803661 0.5088394342762063 0.91358153078203 0.5116125901275651 0.9003223793677204 0.5164656128674431 0.8956662640994291 0.5117670927010332 0.8907029950083196 0.504679700499168 0.8823835274542431 0.5032931225734886 0.8735440931780367 0.5175055463117026 0.8745840266222962 0.5331045479755961 0.8701643094841931 0.5369176372712146 0.8745840266222962 0.5556364392678869 0.8764039101497504 0.5760884636716583 0.8805636439267888 0.5923807542983915 0.8855033277870217 0.607979755962285 0.8953826955074875 0.6183790904048807 0.9045601105470317 0.6189134527679979 0.9131538605470318 0.6199551194346645 0.9227892772136983 0.6164828972124422 0.9306017772136984 0.6189134527679979 0.9402371938803651 0.6157884527679979 0.9485705272136984 0.6071078972124422 0.9571642772136985 0.5953023416568867 0.9657580272136984 0.5727328972124421 0.9720080272136984 0.5498162305457756 0.9696642772136984 0.5307190083235532 0.9626330272136985 0.5157884527679977 0.9505416367901255 0.5062273723505636 0.9438433474327624 0.5072532038121442
0 0.2860641999943311 0.42776913400930927 0.2798141999943311 0.40207468956486486 0.2821579499943311 0.3833246895648649 0.2977829499943311 0.36249135623153156 0.3095016999943311 0.3572830228981982 0.3209600333276644 0.35694793323282564 0.3318975333276644 0.3597257110106034 0.34778294999433107 0.3690885784537538 0.3540973377703827 0.3864739323349972 0.35851705490848584 0.40796589018302826 0.3548772878535774 0.4246048252911813 0.3520174708818636 0.43361758180809756 0.34291805324459235 0.447136716583472 0.3338186356073211 0.45510953965612866 0.3218594009983361 0.46516222961730447 0.3106801164725458 0.4599625623960066 0.3008007487520799 0.4544162506932889 0.2943011647254576 0.44748336106489184 0.28832154742096505 0.44228369384359395
0 0.21278942779337995 0.3478800088531596 0.0798009853704537 0.1148531957429249
0 0.2148336487127807 0.42511555933225675 0.10277862603533702 0.1334765907087532
0 0.18720363093815398 0.31232674798192905 0.17496404760482062 0.32100730353748463 0.17235988093815396 0.3317711924263735 0.17262029760482062 0.35225730353748463 0.17652654760482062 0.3630211924263735 0.17756821427148728 0.37656285909304016 0.17808904760482064 0.3946184146485957 0.18354825291181362 0.40796589018302826 0.19524750415973374 0.40241957848031057 0.20491196427148722 0.3897573035374846 0.21110648918469216 0.37988768718801985 0.2241827976048206 0.39184063687081794 0.2314744642714872 0.3897573035374846 0.2437140476048206 0.38003508131526237 0.2494432142714873 0.3720489702041513 0.2482841098169717 0.3635953965612867 0.24334442595673872 0.35978230726566823 0.23866472545757073 0.3535427066001109 0.2287853577371048 0.3538893510815307 0.2207973809381539 0.3439239702041513 0.2150682142714872 0.33593785909304014 0.2106411309381539 0.3300350813152624 0.2036098809381539 0.3286461924263735 0.19475571427148727 0.3223961924263735 0.19215154760482062 0.31406285909304016
0 0.20564683860232943 0.3895937326677759 0.19706738768718804 0.3999930671103716 0.18442764543363882 0.4052706463495975 0.18000056210030552 0.4149928685718197 0.17531306210030553 0.4333956463495975 0.17244847876697217 0.44589564634959744 0.16645889543363884 0.4545762019051531 0.16411514543363884 0.4649928685718197 0.16567764543363883 0.48165953523848637 0.17088597876697217 0.48825675746070857 0.17843806210030552 0.4910345352384864 0.19015681210030552 0.4910345352384864 0.20239639543363883 0.4913817574607086 0.21671931210030548 0.48686786857181974 0.2326047287669722 0.48686786857181974 0.23989639543363883 0.4854789796829308 0.24875056210030552 0.47992342412737526 0.25265681210030555 0.46707620190515303 0.25317764543363885 0.4597845352384864 0.24796931210030554 0.4542289796829308 0.23833389543363884 0.4573539796829308 0.23755264543363883 0.44659009079404194 0.23833389543363884 0.4351317574607086 0.23546931210030553 0.4254095352384864 0.23026097876697219 0.41534009079404194 0.22557347876697217 0.4070067574607086 0.2208859787669722 0.3986734241273753 0.21724014543363887 0.3903400907940419
0 0.05966618136439269 0.2778008874098724 0.11621256239600666 0.12444536882972826
0 0.03288789517470882 0.38612728785357736 0.0636959234608985 0.12132556849694952
0 0.02937811980033278 0.2675748752079867 0.023658485856905158 0.2856003882418191 0.024958402662229616 0.2984262340543538 0.029638103161397672 0.31541181364392673 0.043937188019966725 0.3285843039378813 0.05823627287853578 0.3386369938990571 0.07227537437603994 0.3393302828618968 0.09073419301164726 0.33343732667775927 0.1019134775374376 0.324424570160843 0.10945299500831947 0.32199805879090404 0.1151726289517471 0.3112520798668885 0.11231281198003329 0.2977329450915141 0.10399334442595673 0.2807473655019412 0.09099417637271215 0.26341514143094835 0.07565515806988353 0.24781613976705488 0.06213602329450916 0.24365640599001662 0.04965682196339434 0.24365640599001662 0.03951747088186357 0.25093594009983355
0 0.0028598169717138104 0.3486896838602329 0.0127391846921797 0.3528494176372712 0.03067803660565724 0.3497296173044925 0.04003743760399335 0.34522323904603436 0.05173668885191348 0.3559692179700499 0.060836106489184694 0.3753813089295618 0.06057612312811981 0.3927135330005546 0.05537645590682196 0.40553937881308927 0.04341722129783694 0.4200984470327232 0.03067803660565724 0.4353508042151969 0.017418885191347756 0.44609678313921236 0.010659317803660567 0.44540349417637265 0.0012999168053244594 0.4370840266222961