0 0.05425347222222223 0.4664351851851851 0.10243055555555554 0.13425925925925922
0 0.08420138888888888 0.5896990740740741 0.10503472222222224 0.1307870370370371
0 0.19053819444444442 0.5717592592592593 0.0989583333333333 0.1458333333333334
0 0.2894965277777778 0.5827546296296297 0.09548611111111108 0.14930555555555552
0 0.33984375 0.6533564814814814 0.09201388888888892 0.13541666666666666
0 0.3810763888888889 0.46238425925925924 0.0963541666666667 0.15393518518518512
0 0.4526909722222222 0.5376157407407407 0.08680555555555554 0.14004629629629636
0 0.5386284722222221 0.537037037037037 0.07465277777777776 0.13657407407407404
0 0.6059027777777778 0.43981481481481477 0.1015625 0.14351851851851852
0 0.6145833333333333 0.5862268518518517 0.09114583333333322 0.13310185185185183
0 0.578125 0.6626157407407407 0.08767361111111116 0.13078703703703703
0 0.7105034722222221 0.47627314814814814 0.08506944444444446 0.13078703703703703
0 0.7877604166666666 0.4988425925925926 0.07986111111111098 0.13888888888888887
0 0.7708333333333333 0.6631944444444444 0.08940972222222206 0.15740740740740738
0 0.9473524305555555 0.4478330761316872 0.10217013888888893 0.16649948559670785
0 0.09349066390041495 0.4935165975103735 0.09089730290456434 0.5030255878284925 0.08571058091286309 0.5116701244813279 0.08052385892116184 0.5211791147994468 0.07209543568464732 0.5298236514522823 0.06301867219917015 0.5324170124481328 0.052645228215767656 0.5332814661134163 0.04356846473029048 0.5280947441217152 0.02735995850622409 0.5177213001383126 0.016986514522821607 0.5090767634854773 0.01309647302904567 0.5064834024896266 0.00985477178423239 0.4995677731673583 0.004668049792531148 0.4909232365145229 0.004668049792531148 0.4805497925311204 0.006613070539419114 0.4762275242047027 0.01504149377593364 0.47709197786998625 0.018283195020746917 0.48746542185338876 0.022173236514522854 0.4969744121715077 0.026063278008298784 0.5004322268326419 0.037733402489626575 0.4978388658367912 0.04162344398340252 0.4969744121715077 0.05329356846473031 0.5047544951590596 0.0695020746887967 0.5082123098201937 0.07728215767634858 0.502161134163209 0.07793049792531123 0.49178769017980645
0 0.06690871369294608 0.5548928077455049 0.05459024896265563 0.5436549100968189 0.04875518672199173 0.5419260027662517 0.04292012448132783 0.5479771784232366 0.03838174273858924 0.5626728907330567 0.035788381742738615 0.579097510373444 0.03384336099585065 0.6015733056708161 0.03514004149377596 0.6179979253112032 0.03643672199170127 0.6283713692946058 0.03643672199170127 0.633558091286307 0.03708506224066392 0.6387448132780082 0.050700207468879696 0.6439315352697096 0.06042531120331953 0.6447959889349931 0.07339211618257263 0.6447959889349931 0.09219398340248965 0.643067081604426 0.1019190871369295 0.6370159059474413 0.11294087136929462 0.6283713692946058 0.1135892116182573 0.6231846473029046 0.1077541493775934 0.6128112033195021 0.10451244813278011 0.6033022130013831 0.1006224066390042 0.598115491009682 0.08700726141078839 0.5963865836791148 0.07793049792531123 0.5911998616874136 0.07404045643153528 0.5765041493775933 0.07144709543568467 0.5626728907330567
0 0.16804979253112035 0.5177213001383126 0.15184128630705396 0.5246369294605809 0.14081950207468882 0.5350103734439834 0.14146784232365145 0.558350622406639 0.15054460580912865 0.577368603042877 0.15573132780082988 0.5920643153526971 0.16091804979253116 0.6058955739972338 0.1674014522821577 0.6188623789764869 0.17388485477178425 0.6292358229598894 0.1784232365145228 0.6344225449515906 0.1875 0.6352869986168741 0.1965767634854772 0.633558091286307 0.208246887966805 0.6179979253112032 0.21473029045643152 0.6024377593360997 0.22186203319502074 0.5860131396957123 0.2257520746887967 0.5739107883817428 0.2140819502074689 0.5721818810511756 0.21602697095435683 0.5644017980636238 0.2244553941908714 0.547112724757953 0.22834543568464732 0.5427904564315352 0.23093879668049794 0.537603734439834 0.2166753112033195 0.5220435684647303 0.20241182572614108 0.5142634854771785 0.18685165975103737 0.513399031811895
0 0.2555757261410788 0.5635373443983404 0.2659491701244813 0.5713174273858922 0.27113589211618255 0.5730463347164592 0.2821576763485477 0.5626728907330567 0.29188278008298757 0.5609439834024896 0.3113329875518672 0.5609439834024896 0.3184647302904564 0.5531639004149377 0.32040975103734437 0.5367392807745506 0.3333765560165975 0.5505705394190872 0.3327282157676349 0.5687240663900415 0.3307831950207469 0.588606500691563 0.32818983402489627 0.6145401106500691 0.3275414937759336 0.633558091286307 0.3217064315352697 0.6517116182572614 0.31392634854771784 0.6577627939142462 0.2983661825726141 0.6534405255878285 0.28475103734439833 0.6396092669432919 0.26983921161825725 0.6283713692946058 0.26076244813278004 0.6214557399723375 0.24909232365145226 0.6067600276625172 0.2387188796680498 0.5929287690179806 0.2387188796680498 0.579097510373444 0.24260892116182572 0.5652662517289073
0 0.304201244813278 0.6785096818810512 0.3132780082987552 0.6897475795297372 0.3217064315352697 0.6966632088520055 0.32948651452282157 0.7018499308437068 0.34310165975103735 0.707036652835408 0.3515300829875519 0.707036652835408 0.3651452282157676 0.7009854771784233 0.37487033195020747 0.6854253112033195 0.3761670124481328 0.6690006915629322 0.3761670124481328 0.6482538035961273 0.37292531120331945 0.6309647302904564 0.3664419087136929 0.6154045643153527 0.3560684647302904 0.6050311203319503 0.34375 0.6076244813278008 0.34310165975103735 0.6301002766251729 0.3398599585062241 0.6404737206085754 0.3327282157676349 0.6404737206085754 0.3210580912863071 0.6568983402489627 0.31522302904564314 0.6612206085753803 0.30679460580912865 0.6629495159059474
0 0.3463433609958506 0.42868257261410797 0.3379149377593361 0.449429460580913 0.3346732365145228 0.4589384508990319 0.3398599585062241 0.4788208852005533 0.3489367219917012 0.4978388658367912 0.3508817427385892 0.5108056708160443 0.3554201244813278 0.5220435684647303 0.36060684647302904 0.5298236514522823 0.37033195020746884 0.5341459197786999 0.3781120331950208 0.5341459197786999 0.3865404564315353 0.5255013831258645 0.39367219917012447 0.513399031811895 0.40274896265560167 0.5056189488243431 0.40988070539419097 0.49610995850622414 0.4170124481327801 0.48660096818810517 0.4176607883817428 0.48141424619640394 0.40923236514522826 0.47104080221300143 0.40404564315352703 0.4684474412171509 0.40145228215767637 0.483143153526971 0.3982105809128631 0.48660096818810517 0.3891338174273859 0.4753630705394192 0.38459543568464727 0.4632607192254496 0.3774636929460581 0.4546161825726142 0.3657935684647303 0.43992047026279396 0.3567168049792531 0.43041147994467505
0 0.42544087136929465 0.4952455048409406 0.4176607883817428 0.5073478561549102 0.4144190871369295 0.5229080221300139 0.4124740663900416 0.5401970954356847 0.4111773858921162 0.5609439834024896 0.4085840248962656 0.5765041493775933 0.41377074688796683 0.5937932226832642 0.4209024896265561 0.6033022130013831 0.43646265560165975 0.5998443983402489 0.44748443983402497 0.59033540802213 0.4753630705394191 0.5834197786998616 0.4883298755186722 0.569588520055325 0.4935165975103735 0.5609439834024896 0.485088174273859 0.5505705394190872 0.4734180497925312 0.537603734439834 0.4662863070539419 0.5237724757952974 0.4610995850622407 0.5185857538035962 0.44942946058091293 0.515127939142462 0.43386929460580914 0.5004322268326419
0 0.5149118257261411 0.4935165975103735 0.5045383817427387 0.5082123098201937 0.5006483402489627 0.5194502074688797 0.5019450207468881 0.5324170124481328 0.5084284232365145 0.5522994467496543 0.5168568464730291 0.5669951590594745 0.5272302904564315 0.5808264177040111 0.5427904564315353 0.5920643153526971 0.5544605809128631 0.5955221300138313 0.5589989626556017 0.5851486860304288 0.5596473029045643 0.5704529737206087 0.5596473029045643 0.5531639004149377 0.5661307053941909 0.5315525587828493 0.5693724066390041 0.5203146611341632 0.5687240663900416 0.5047544951590596 0.5615923236514523 0.4935165975103735 0.5564056016597511 0.48919432918395583 0.5434387966804979 0.4909232365145229 0.5278786307053942 0.5099412171507608
0 0.5505705394190872 0.6560338865836791 0.5654823651452283 0.6698651452282157 0.5803941908713693 0.6517116182572614 0.5972510373443984 0.6577627939142462 0.6069761410788381 0.6603561549100968 0.6043827800829875 0.6914764868603043 0.6024377593360997 0.7087655601659751 0.6011410788381742 0.718274550484094 0.5972510373443984 0.7234612724757953 0.5849325726141079 0.7251901798063625 0.5739107883817428 0.7208679114799447 0.5570539419087137 0.7113589211618258 0.5440871369294606 0.6992565698478561 0.5363070539419088 0.6836964038727523 0.5330653526970954 0.6698651452282157 0.5350103734439834 0.6586272475795297 0.5440871369294606 0.6534405255878285
0 0.6192946058091287 0.5324170124481328 0.6270746887966805 0.5384681881051175 0.637448132780083 0.54884163208852 0.6426348547717843 0.5661307053941909 0.6471732365145229 0.5963865836791148 0.6484699170124482 0.6154045643153527 0.6491182572614108 0.6326936376210236 0.6465248962655602 0.6447959889349931 0.6277230290456431 0.6465248962655602 0.6147562240663901 0.643067081604426 0.5966026970954357 0.6344225449515906 0.5849325726141079 0.6283713692946058 0.5803941908713693 0.6171334716459198 0.579097510373444 0.6084889349930844 0.5784491701244814 0.5946576763485478 0.5855809128630706 0.5851486860304288 0.5901192946058091 0.5782330567081605 0.6017894190871369 0.5739107883817428 0.6082728215767635 0.5669951590594745 0.6095695020746887 0.5540283540802213 0.6089211618257262 0.5358748271092669
0 0.6095695020746887 0.38200207468879677 0.6231846473029046 0.38632434301521446 0.6316130705394192 0.3941044260027663 0.639393153526971 0.4105290456431536 0.6452282157676349 0.43559820193637633 0.6504149377593361 0.4546161825726142 0.6530082987551867 0.47449861687413564 0.6484699170124482 0.49438105117565706 0.6419865145228216 0.5047544951590596 0.6290197095435686 0.5082123098201937 0.6134595435684648 0.5082123098201937 0.597899377593361 0.5056189488243431 0.5816908713692946 0.49438105117565706 0.5732624481327802 0.4848720608575381 0.5648340248962656 0.4675829875518673 0.5622406639004149 0.4546161825726142 0.560295643153527 0.4416493775933611 0.5680757261410789 0.4243603042876903 0.5739107883817428 0.40966459197787003 0.5778008298755186 0.3992911479944676 0.5946576763485478 0.3854598893499309
0 0.7081172199170125 0.42781811894882443 0.6880186721991701 0.42608921161825736 0.6750518672199171 0.43992047026279396 0.6737551867219918 0.4589384508990319 0.6711618257261411 0.4848720608575381 0.6711618257261411 0.5012966804979254 0.678941908713693 0.5142634854771785 0.6821836099585062 0.5220435684647303 0.6880186721991701 0.5289591977869986 0.6951504149377594 0.5324170124481328 0.7139522821576764 0.5229080221300139 0.7236773858921162 0.513399031811895 0.7340508298755186 0.5064834024896266 0.7398858921161826 0.4995677731673583 0.7288641078838174 0.4753630705394192 0.7217323651452283 0.483143153526971 0.7061721991701245 0.4762275242047027 0.7055238589211619 0.46239626556016605 0.7107105809128631 0.43992047026279396
0 0.8157417012448134 0.47968533886583686 0.8170383817427386 0.4978388658367912 0.8163900414937759 0.5090767634854773 0.8125 0.5237724757952974 0.8014782157676349 0.5514349930843707 0.7852697095435686 0.5661307053941909 0.7671161825726142 0.5652662517289073 0.7599844398340249 0.5505705394190872 0.7476659751037344 0.5255013831258645 0.7431275933609959 0.5064834024896266 0.7437759336099585 0.4952455048409406 0.7645228215767635 0.5082123098201937 0.77100622406639 0.5047544951590596 0.7865663900414939 0.4969744121715077 0.7982365145228216 0.48746542185338876
0 0.7470176348547718 0.6534405255878285 0.7457209543568465 0.6664073305670816 0.7463692946058091 0.6811030428769018 0.752204356846473 0.6906120331950208 0.7774896265560166 0.6750518672199171 0.7820280082987552 0.6759163208852005 0.7936981327800829 0.6871542185338867 0.7988848547717842 0.6983921161825727 0.7872147302904564 0.7208679114799447 0.7794346473029046 0.7295124481327802 0.7671161825726142 0.7355636237897649 0.754149377593361 0.7295124481327802 0.7470176348547718 0.7234612724757953 0.73923755186722 0.7148167358229599 0.7321058091286308 0.6888831258644537 0.7295124481327802 0.6707295988934994 0.7295124481327802 0.6517116182572614 0.731457468879668 0.643067081604426
0 0.9013226141078838 0.4727697095435685 0.9013226141078838 0.4978388658367912 0.9097510373443983 0.5064834024896266 0.9227178423236515 0.5159923928077456 0.93698132780083 0.5211791147994468 0.9441130705394191 0.5220435684647303 0.9629149377593361 0.5203146611341632 0.9791234439834025 0.5056189488243431 0.9907935684647302 0.4840076071922546 0.9635632780082988 0.46412517289073313 0.9512448132780082 0.4788208852005533 0.9402230290456431 0.48832987551867224 0.9343879668049793 0.49265214384509 0.9227178423236515 0.4667185338865838