0 0.23394097222222224 0.4872685185185185 0.08680555555555554 0.13888888888888892
0 0.2569444444444445 0.6035879629629629 0.09288194444444446 0.11921296296296298
0 0.05121527777777777 0.39525462962962965 0.1015625 0.14930555555555552
0 0.037109375 0.5539641203703703 0.07421875 0.1374421296296296
0 0.3702256944444444 0.5810185185185186 0.0885416666666667 0.15740740740740744
0 0.4874131944444445 0.5931712962962963 0.09201388888888884 0.14004629629629625
0 0.51171875 0.6655092592592593 0.09201388888888892 0.11574074074074071
0 0.5611979166666666 0.4809027777777778 0.08159722222222224 0.1400462962962963
0 0.625 0.5462962962962963 0.08767361111111124 0.13888888888888887
0 0.7078993055555556 0.5434027777777778 0.08159722222222232 0.13310185185185183
0 0.7278645833333333 0.6765046296296295 0.08333333333333322 0.12152777777777773
0 0.77734375 0.5896990740740741 0.09027777777777776 0.12847222222222215
0 0.7842881944444443 0.4479166666666667 0.10937499999999992 0.1412037037037037
0 0.8645833333333333 0.4768518518518518 0.08940972222222214 0.13425925925925922
0 0.9379340277777779 0.5040509259259259 0.08506944444444428 0.1354166666666667
0 0.9296875 0.6649305555555556 0.09809027777777786 0.15625
0 0.012922932330827067 0.36254699248120303 0.022908834586466163 0.35784774436090233 0.03406954887218045 0.3609805764411028 0.05110432330827067 0.37116228070175444 0.05521616541353384 0.3735119047619048 0.0687265037593985 0.38526002506265666 0.07695018796992481 0.3946585213032582 0.08399906015037593 0.4040570175438597 0.09515977443609022 0.42128759398496246 0.09633458646616541 0.43381892230576447 0.09281015037593984 0.4424342105263158 0.08282424812030074 0.44948308270676696 0.06696428571428571 0.45026629072681706 0.05462875939849624 0.455748746867168 0.04346804511278195 0.4588815789473685 0.032307330827067667 0.46201441102756896 0.020559210526315787 0.4627976190476191 0.012922932330827067 0.46123120300751885 0.00881109022556391 0.4040570175438597
0 0.029370300751879696 0.5113565162907269 0.048167293233082706 0.5176221804511278 0.05286654135338346 0.5207550125313284 0.060502819548872176 0.5293703007518797 0.0581531954887218 0.5677474937343359 0.05462875939849624 0.5779291979949874 0.04992951127819549 0.5982926065162908 0.04640507518796992 0.6076911027568922 0.03583176691729323 0.6139567669172933 0.027020676691729324 0.6155231829573935 0.0193843984962406 0.6155231829573935 0.009398496240601503 0.6006422305764411 0.008223684210526315 0.581062030075188 0.009398496240601503 0.5622650375939849 0.009398496240601503 0.5458176691729323 0.011160714285714284 0.5395520050125314 0.018796992481203006 0.5301535087719299 0.023496240601503758 0.5160557644110276
0 0.1950187969924812 0.4729793233082707 0.20852913533834588 0.4862938596491228 0.21440319548872178 0.49490914786967427 0.22027725563909772 0.5043076441102757 0.22497650375939848 0.5137061403508772 0.23496240601503757 0.5137061403508772 0.24259868421052627 0.5105733082706767 0.25375939849624063 0.5160557644110276 0.2619830827067669 0.5168389724310777 0.2631578947368421 0.5270206766917294 0.253171992481203 0.5364191729323309 0.24612312030075184 0.5458176691729323 0.23378759398496238 0.5513001253132832 0.21792763157894735 0.5528665413533835 0.20794172932330826 0.5442512531328322 0.196781015037594 0.5231046365914788 0.19031954887218044 0.5105733082706767 0.18973214285714285 0.4847274436090226
0 0.2631578947368421 0.581062030075188 0.2707941729323308 0.6045582706766918 0.27960526315789475 0.6100407268170426 0.28665413533834583 0.6139567669172933 0.2925281954887218 0.6343201754385965 0.28606672932330823 0.6437186716791979 0.2754934210526315 0.6507675438596492 0.25552161654135336 0.65546679197995 0.23907424812030076 0.65625 0.23202537593984962 0.6570332080200502 0.22027725563909772 0.6546835839598998 0.2132283834586466 0.6437186716791979 0.2108787593984962 0.6194392230576441 0.21557800751879697 0.6029918546365916 0.21734022556390978 0.5841948621553885 0.22086466165413535 0.5669642857142858 0.22908834586466162 0.549733709273183 0.24259868421052627 0.549733709273183 0.24847274436090222 0.5536497493734337 0.25728383458646614 0.5724467418546367
0 0.34833176691729323 0.5348527568922307 0.33540883458646614 0.549733709273183 0.331296992481203 0.5544329573934837 0.32953477443609025 0.5622650375939849 0.3289473684210526 0.5763627819548873 0.3377584586466165 0.6014254385964913 0.34480733082706766 0.6163063909774437 0.35009398496240596 0.6257048872180452 0.35655545112781956 0.6343201754385965 0.36360432330827064 0.6429354636591479 0.37300281954887216 0.649984335839599 0.3794642857142857 0.6468515037593985 0.38533834586466165 0.6405858395989976 0.3953242481203007 0.6210056390977444 0.39826127819548873 0.6100407268170426 0.40119830827067665 0.599075814536341 0.40531015037593987 0.587327694235589 0.40707236842105254 0.574796365914787 0.40707236842105254 0.5646146616541353 0.4058975563909774 0.5528665413533835 0.4000234962406015 0.5458176691729323 0.3894501879699248 0.537202380952381 0.3794642857142857 0.5332863408521304 0.3706531954887218 0.5301535087719299 0.36242951127819545 0.5293703007518797 0.3547932330827067 0.5293703007518797
0 0.46816259398496235 0.5693139097744362 0.4804981203007519 0.5771459899749374 0.48519736842105254 0.5794956140350878 0.49165883458646614 0.5724467418546367 0.4957706766917293 0.5669642857142858 0.503406954887218 0.5685307017543859 0.5175046992481203 0.5700971177944862 0.525140977443609 0.5700971177944862 0.5298402255639098 0.5802788220551379 0.5263157894736842 0.6045582706766918 0.5245535714285714 0.618656015037594 0.5210291353383458 0.6358865914786967 0.5198543233082706 0.6445018796992482 0.5151550751879699 0.6585996240601504 0.5086936090225563 0.6672149122807018 0.4987077067669173 0.6632988721804511 0.4810855263157895 0.65546679197995 0.47638627819548873 0.6523339598997494 0.4693374060150376 0.6405858395989976 0.4587640977443609 0.618656015037594 0.45289003759398494 0.6100407268170426 0.44290413533834583 0.5959429824561404 0.44290413533834583 0.5888941102756893 0.44114191729323304 0.5818452380952382 0.4511278195488722 0.5779291979949874 0.4552396616541353 0.574796365914787
0 0.5292528195488722 0.617872807017544 0.5380639097744361 0.6257048872180452 0.5445253759398496 0.6382362155388471 0.549812030075188 0.6492011278195489 0.550986842105263 0.6648652882205515 0.5503994360902256 0.681312656641604 0.549812030075188 0.6961936090225564 0.5421757518796992 0.7095081453634086 0.528078007518797 0.7165570175438597 0.5169172932330827 0.7157738095238096 0.5045817669172932 0.7118577694235589 0.4922462406015037 0.7016760651629073 0.48343515037593987 0.6938439849624061 0.4746240601503759 0.6852286967418546 0.47344924812030076 0.6711309523809524 0.47344924812030076 0.6648652882205515 0.4822603383458646 0.6719141604010025 0.48578477443609025 0.6820958646616542 0.48872180451127817 0.6844454887218046 0.4934210526315789 0.6758302005012531 0.4998825187969924 0.6664317042606516 0.5098684210526316 0.6640820802005013 0.5198543233082706 0.6546835839598998 0.5233787593984962 0.6468515037593985 0.5292528195488722 0.6398026315789473
0 0.5286654135338346 0.44008458646616544 0.5210291353383458 0.4659304511278196 0.5216165413533834 0.4831610275689223 0.5257283834586466 0.5011748120300753 0.5269031954887218 0.5191885964912282 0.5327772556390977 0.5395520050125314 0.5398261278195489 0.5473840852130326 0.549812030075188 0.5481672932330828 0.562734962406015 0.5387687969924813 0.5703712406015037 0.53093671679198 0.5791823308270676 0.5270206766917294 0.5874060150375939 0.5191885964912282 0.5932800751879699 0.5105733082706767 0.5950422932330827 0.49960839598997503 0.5979793233082706 0.48864348370927324 0.5874060150375939 0.5019580200501254 0.5803571428571428 0.49255952380952384 0.5744830827067668 0.480811403508772 0.5703712406015037 0.4729793233082707 0.5650845864661653 0.46436403508771934 0.5556860902255638 0.4549655388471178 0.5427631578947368 0.45026629072681706 0.5368890977443609 0.44635025062656647
0 0.6114896616541353 0.49960839598997503 0.6044407894736842 0.5011748120300753 0.5932800751879699 0.5113565162907269 0.5891682330827067 0.5348527568922307 0.5874060150375939 0.5567825814536341 0.5885808270676691 0.5669642857142858 0.5850563909774436 0.5802788220551379 0.5850563909774436 0.5881109022556391 0.5856437969924813 0.6022086466165414 0.5944548872180451 0.6123903508771931 0.6044407894736842 0.6123903508771931 0.6150140977443609 0.6069078947368421 0.6232377819548872 0.6037750626566416 0.640859962406015 0.5959429824561404 0.6502584586466165 0.5865444862155389 0.6590695488721805 0.5724467418546367 0.659656954887218 0.5599154135338347 0.659656954887218 0.5505169172932332 0.6514332706766917 0.5348527568922307 0.6443843984962406 0.524671052631579 0.6373355263157895 0.518405388471178 0.6226503759398496 0.5074404761904762
0 0.7219219924812029 0.49960839598997503 0.7324953007518797 0.5011748120300753 0.7383693609022556 0.5105733082706767 0.740718984962406 0.5254542606516291 0.7413063909774436 0.5387687969924813 0.7413063909774436 0.5513001253132832 0.7354323308270676 0.5544329573934837 0.7336701127819548 0.5693139097744362 0.7307330827067668 0.5802788220551379 0.7307330827067668 0.5912437343358395 0.7260338345864661 0.6022086466165414 0.7125234962406014 0.6014254385964913 0.7025375939849623 0.5896773182957394 0.6919642857142857 0.5787124060150377 0.6855028195488722 0.5693139097744362 0.681390977443609 0.5622650375939849 0.675516917293233 0.5481672932330828 0.6714050751879699 0.5356359649122807 0.6749295112781954 0.5160557644110276 0.6790413533834586 0.5113565162907269 0.6855028195488722 0.5090068922305765 0.6943139097744361 0.5090068922305765 0.707236842105263 0.5160557644110276 0.7125234962406014 0.5207550125313284 0.7178101503759399 0.5168389724310777 0.718984962406015 0.5066572681704261
0 0.7113486842105263 0.6609492481203009 0.7283834586466165 0.6726973684210527 0.7360197368421052 0.675046992481203 0.7401315789473684 0.6648652882205515 0.740718984962406 0.6601660401002507 0.756578947368421 0.6656484962406015 0.7618656015037594 0.6664317042606516 0.7618656015037594 0.693060776942356 0.756578947368421 0.7212562656641605 0.7542293233082706 0.7298715538847118 0.7442434210526315 0.7345708020050126 0.7160479323308271 0.7212562656641605 0.7042998120300752 0.7102913533834587 0.6931390977443608 0.6938439849624061 0.6913768796992481 0.6860119047619048 0.6907894736842105 0.6789630325814536 0.6960761278195489 0.6719141604010025 0.7048872180451127 0.6648652882205515
0 0.7894736842105263 0.5513001253132832 0.7935855263157895 0.5567825814536341 0.8012218045112782 0.5716635338345865 0.8065084586466165 0.5841948621553885 0.8112077067669172 0.599075814536341 0.8117951127819548 0.6233552631578948 0.81296992481203 0.6358865914786967 0.8153195488721805 0.6413690476190477 0.8112077067669172 0.6468515037593985 0.8023966165413533 0.649984335839599 0.7912359022556391 0.6476347117794486 0.7747885338345865 0.6445018796992482 0.7601033834586466 0.6405858395989976 0.7507048872180451 0.6366697994987469 0.740718984962406 0.6264880952380952 0.7371945488721805 0.6170895989974937 0.7348449248120301 0.6076911027568922 0.7424812030075187 0.6076911027568922 0.7477678571428571 0.6045582706766918 0.7548167293233082 0.5904605263157895 0.7571663533834586 0.5865444862155389 0.7618656015037594 0.5841948621553885 0.788298872180451 0.5732299498746868 0.7859492481203006 0.5583489974937343
0 0.7765507518796992 0.40327380952380953 0.7847744360902256 0.4001409774436091 0.7935855263157895 0.39779135338345867 0.8141447368421051 0.41972117794486224 0.8229558270676691 0.43381892230576447 0.828829887218045 0.4455670426065163 0.8329417293233081 0.4635808270676692 0.8352913533834586 0.48159461152882216 0.8329417293233081 0.5027412280701754 0.8258928571428571 0.5105733082706767 0.8100328947368421 0.5144893483709274 0.7953477443609022 0.5152725563909775 0.78125 0.5144893483709274 0.7689144736842104 0.5121397243107769 0.7542293233082706 0.5003916040100251 0.7442434210526315 0.48942669172932335 0.7371945488721805 0.47767857142857145 0.7383693609022556 0.45183270676691734 0.7436560150375939 0.4393013784461154 0.7530545112781954 0.42363721804511284 0.7677396616541353 0.4071898496240602
0 0.8623120300751879 0.44635025062656647 0.8493890977443609 0.4416510025062657 0.8352913533834586 0.4455670426065163 0.831766917293233 0.45731516290726826 0.8370535714285714 0.47376253132832086 0.8376409774436089 0.4847274436090226 0.8341165413533835 0.5019580200501254 0.8235432330827066 0.5097901002506267 0.8188439849624058 0.5191885964912282 0.8258928571428571 0.5278038847117795 0.8329417293233081 0.5325031328320803 0.8370535714285714 0.5411184210526316 0.8529135338345863 0.5426848370927319 0.865249060150376 0.5332863408521304 0.8811090225563909 0.5223214285714286 0.8957941729323308 0.5097901002506267 0.8975563909774437 0.5019580200501254 0.8922697368421051 0.49177631578947373 0.8881578947368421 0.4941259398496241 0.8811090225563909 0.4956923558897243 0.8740601503759399 0.4862938596491228 0.8728853383458647 0.47062969924812037 0.8717105263157894 0.4565319548872181
0 0.9046052631578947 0.5035244360902256 0.9081296992481203 0.5035244360902256 0.9134163533834586 0.5050908521303259 0.9216400375939848 0.5137061403508772 0.925751879699248 0.518405388471178 0.9386748120300752 0.5144893483709274 0.9463110902255639 0.5011748120300753 0.9510103383458646 0.4956923558897243 0.9598214285714285 0.49255952380952384 0.9668703007518797 0.5043076441102757 0.9656954887218043 0.5137061403508772 0.9656954887218043 0.5293703007518797 0.9609962406015038 0.5450344611528822 0.9427866541353384 0.5653978696741855 0.9292763157894737 0.574796365914787 0.9163533834586465 0.5653978696741855 0.9057800751879699 0.543468045112782 0.9016682330827066 0.53093671679198 0.8999060150375939 0.5160557644110276 0.8999060150375939 0.5097901002506267
0 0.89109492481203 0.6531171679197995 0.8981437969924813 0.65625 0.9075422932330828 0.6578164160401003 0.909891917293233 0.6672149122807018 0.9122415413533835 0.6828790726817042 0.9175281954887218 0.6922775689223057 0.931625939849624 0.6922775689223057 0.9421992481203008 0.681312656641604 0.9498355263157894 0.6789630325814536 0.9568843984962406 0.6860119047619048 0.9645206766917293 0.6938439849624061 0.9527725563909775 0.7283051378446115 0.9369125939849624 0.737703634085213 0.9263392857142856 0.7439692982456141 0.9140037593984962 0.7455357142857143 0.8957941729323308 0.7322211779448622 0.89109492481203 0.7228226817042607 0.8869830827067668 0.7134241854636592 0.8846334586466165 0.6914943609022557 0.8822838345864661 0.6758302005012531 0.8828712406015038 0.6609492481203009