0 0.055959302325581405 0.4287790697674419 0.10828488372093023 0.15213178294573643
0 0.12645348837209303 0.4975775193798449 0.11119186046511627 0.1560077519379845
0 0.2274709302325581 0.5256782945736435 0.09084302325581395 0.13275193798449614
0 0.2914244186046512 0.40261627906976744 0.10247093023255816 0.15019379844961242
0 0.3059593023255814 0.5876937984496123 0.0864825581395349 0.14631782945736435
0 0.2648982558139535 0.7112403100775194 0.09011627906976742 0.12984496124031017
0 0.4342296511627907 0.49660852713178294 0.06540697674418601 0.1443798449612403
0 0.5076308139534884 0.5377906976744187 0.07994186046511631 0.13565891472868216
0 0.4811046511627907 0.7088178294573644 0.07776162790697674 0.1676356589147287
0 0.6468023255813954 0.4869186046511628 0.08502906976744189 0.14825581395348836
0 0.7438226744186046 0.3987403100775194 0.08575581395348833 0.14825581395348836
0 0.7434593023255814 0.5964147286821705 0.09229651162790704 0.14244186046511628
0 0.0234375 0.36666666666666664 0.021875 0.36875 0.01875 0.36875 0.015625 0.3729166666666667 0.0140625 0.3729166666666667 0.0125 0.375 0.0109375 0.375 0.0078125 0.37916666666666665 0.00625 0.37916666666666665 0.00625 0.38125 0.0046875 0.38333333333333336 0.0046875 0.3854166666666667 0.003125 0.3875 0.003125 0.38958333333333334 0 0.39375 0 0.4166666666666667 0.003125 0.42083333333333334 0.003125 0.42916666666666664 0.0046875 0.43125 0.0046875 0.43333333333333335 0.00625 0.4354166666666667 0.00625 0.4395833333333333 0.009375 0.44375 0.009375 0.44583333333333336 0.0109375 0.4479166666666667 0.0109375 0.45 0.0125 0.45208333333333334 0.0125 0.45416666666666666 0.0140625 0.45625 0.0140625 0.4583333333333333 0.015625 0.46041666666666664 0.015625 0.4625 0.0171875 0.46458333333333335 0.0171875 0.4666666666666667 0.01875 0.46875 0.01875 0.47291666666666665 0.0203125 0.475 0.0203125 0.47708333333333336 0.021875 0.4791666666666667 0.021875 0.48125 0.0234375 0.48333333333333334 0.0234375 0.48541666666666666 0.03125 0.49583333333333335 0.0328125 0.49583333333333335 0.034375 0.4979166666666667 0.0359375 0.4979166666666667 0.0375 0.5 0.05 0.5 0.0515625 0.4979166666666667 0.0546875 0.4979166666666667 0.0578125 0.49375 0.059375 0.49375 0.0625 0.4895833333333333 0.0640625 0.4895833333333333 0.06875 0.48333333333333334 0.0703125 0.48333333333333334 0.0734375 0.4791666666666667 0.075 0.4791666666666667 0.096875 0.45 0.096875 0.4479166666666667 0.0984375 0.44583333333333336 0.0984375 0.4375 0.096875 0.4354166666666667 0.096875 0.43333333333333335 0.0953125 0.43125 0.0953125 0.42916666666666664 0.09375 0.4270833333333333 0.09375 0.42291666666666666 0.0921875 0.42083333333333334 0.0921875 0.4166666666666667 0.090625 0.41458333333333336 0.0890625 0.41458333333333336 0.0875 0.4125 0.0859375 0.4125 0.084375 0.41041666666666665 0.08125 0.41041666666666665 0.0796875 0.4083333333333333 0.0765625 0.4083333333333333 0.075 0.40625 0.071875 0.40625 0.0703125 0.4041666666666667 0.0671875 0.4041666666666667 0.059375 0.41458333333333336 0.0578125 0.41458333333333336 0.05625 0.4166666666666667 0.0546875 0.4166666666666667 0.053125 0.41458333333333336 0.0515625 0.41458333333333336 0.05 0.4125 0.05 0.41041666666666665 0.0484375 0.4083333333333333 0.0484375 0.39166666666666666 0.0453125 0.3875 0.04375 0.3875 0.0375 0.37916666666666665 0.0375 0.3770833333333333 0.0359375 0.375 0.034375 0.375 0.0296875 0.36875 0.0265625 0.36875 0.025 0.36666666666666664
0 0 0.56875 0 0.6770833333333334 0.0015625 0.6770833333333334 0.003125 0.675 0.0046875 0.675 0.0078125 0.6708333333333333 0.0078125 0.66875 0.0109375 0.6645833333333333 0.0109375 0.6604166666666667 0.0125 0.6583333333333333 0.0125 0.6541666666666667 0.0140625 0.6520833333333333 0.0140625 0.6458333333333334 0.015625 0.64375 0.015625 0.5979166666666667 0.0140625 0.5958333333333333 0.0140625 0.5916666666666667 0.0125 0.5895833333333333 0.0125 0.5854166666666667 0.009375 0.58125 0.009375 0.5791666666666667 0.0015625 0.56875
0 0.1765625 0.5145833333333333 0.171875 0.5145833333333333 0.1703125 0.5166666666666667 0.16875 0.5166666666666667 0.1671875 0.51875 0.165625 0.51875 0.1640625 0.5208333333333334 0.1625 0.5208333333333334 0.1609375 0.51875 0.159375 0.51875 0.1578125 0.5166666666666667 0.1546875 0.5166666666666667 0.1484375 0.5083333333333333 0.1484375 0.50625 0.1421875 0.4979166666666667 0.1421875 0.49583333333333335 0.134375 0.48541666666666666 0.1328125 0.48541666666666666 0.1234375 0.47291666666666665 0.1234375 0.46875 0.121875 0.4666666666666667 0.121875 0.46458333333333335 0.1171875 0.4583333333333333 0.115625 0.4583333333333333 0.1125 0.45416666666666666 0.109375 0.45416666666666666 0.1078125 0.45208333333333334 0.10625 0.45208333333333334 0.1046875 0.45416666666666666 0.1015625 0.45416666666666666 0.0890625 0.4708333333333333 0.0890625 0.47291666666666665 0.0875 0.475 0.0875 0.47708333333333336 0.0859375 0.4791666666666667 0.0859375 0.48125 0.084375 0.48333333333333334 0.084375 0.48541666666666666 0.0828125 0.4875 0.0828125 0.5 0.08125 0.5020833333333333 0.08125 0.5083333333333333 0.0796875 0.5104166666666666 0.0796875 0.5145833333333333 0.078125 0.5166666666666667 0.078125 0.51875 0.0765625 0.5208333333333334 0.0765625 0.5229166666666667 0.075 0.525 0.075 0.5291666666666667 0.0734375 0.53125 0.0734375 0.5354166666666667 0.071875 0.5375 0.071875 0.5395833333333333 0.0703125 0.5416666666666666 0.0703125 0.5583333333333333 0.071875 0.5604166666666667 0.071875 0.5645833333333333 0.0734375 0.5645833333333333 0.078125 0.5708333333333333 0.0859375 0.5708333333333333 0.0875 0.5729166666666666 0.09375 0.5729166666666666 0.0953125 0.5708333333333333 0.1 0.5708333333333333 0.1015625 0.56875 0.103125 0.56875 0.1046875 0.5666666666666667 0.1078125 0.5666666666666667 0.109375 0.5645833333333333 0.121875 0.5645833333333333 0.1234375 0.5625 0.13125 0.5625 0.1328125 0.5604166666666667 0.140625 0.5604166666666667 0.1421875 0.5583333333333333 0.15 0.5583333333333333 0.1515625 0.55625 0.153125 0.55625 0.1578125 0.55 0.159375 0.55 0.1671875 0.5395833333333333 0.16875 0.5395833333333333 0.171875 0.5354166666666667 0.171875 0.5333333333333333 0.175 0.5291666666666667 0.175 0.5270833333333333 0.1765625 0.525
0 0.2578125 0.3645833333333333 0.25625 0.36666666666666664 0.25625 0.36875 0.2515625 0.375 0.2515625 0.3770833333333333 0.25 0.37916666666666665 0.25 0.38125 0.246875 0.3854166666666667 0.246875 0.3875 0.24375 0.39166666666666666 0.24375 0.39791666666666664 0.2421875 0.4 0.2421875 0.40625 0.240625 0.4083333333333333 0.240625 0.41041666666666665 0.2390625 0.4125 0.2390625 0.4166666666666667 0.240625 0.41875 0.240625 0.42291666666666666 0.2421875 0.425 0.2421875 0.42916666666666664 0.24375 0.43125 0.24375 0.43333333333333335 0.2546875 0.4479166666666667 0.2546875 0.45 0.2625 0.46041666666666664 0.2640625 0.46041666666666664 0.26875 0.4666666666666667 0.271875 0.4666666666666667 0.2734375 0.46875 0.2796875 0.46875 0.28125 0.4708333333333333 0.284375 0.4708333333333333 0.2859375 0.47291666666666665 0.29375 0.47291666666666665 0.2953125 0.475 0.296875 0.47291666666666665 0.30625 0.47291666666666665 0.3078125 0.475 0.321875 0.475 0.3234375 0.47291666666666665 0.325 0.47291666666666665 0.3265625 0.4708333333333333 0.328125 0.4708333333333333 0.3359375 0.46041666666666664 0.3359375 0.45625 0.3375 0.45416666666666666 0.3375 0.44166666666666665 0.3390625 0.4395833333333333 0.3390625 0.425 0.3375 0.42291666666666666 0.3375 0.4041666666666667 0.3359375 0.40208333333333335 0.3359375 0.3958333333333333 0.334375 0.39375 0.334375 0.38958333333333334 0.33125 0.3854166666666667 0.33125 0.38333333333333336 0.3296875 0.38125 0.3296875 0.37916666666666665 0.328125 0.3770833333333333 0.3265625 0.3770833333333333 0.321875 0.37083333333333335 0.321875 0.36875 0.31875 0.3645833333333333 0.3171875 0.3645833333333333 0.3140625 0.36041666666666666 0.3125 0.36041666666666666 0.3109375 0.35833333333333334 0.309375 0.35833333333333334 0.3078125 0.35625 0.30625 0.35625 0.3046875 0.3541666666666667 0.296875 0.3541666666666667 0.2953125 0.35208333333333336 0.290625 0.35208333333333336 0.2890625 0.35 0.28125 0.35 0.2796875 0.35208333333333336 0.2765625 0.35208333333333336 0.275 0.3541666666666667 0.2734375 0.3541666666666667 0.271875 0.35625 0.2703125 0.35625 0.26875 0.35833333333333334 0.2671875 0.35833333333333334 0.265625 0.36041666666666666 0.2640625 0.36041666666666666 0.2625 0.3625 0.2609375 0.3625 0.259375 0.3645833333333333
0 0.1984375 0.47291666666666665 0.19375 0.4791666666666667 0.1921875 0.4791666666666667 0.1921875 0.48125 0.1890625 0.48541666666666666 0.1890625 0.4875 0.1875 0.4895833333333333 0.1875 0.49583333333333335 0.1859375 0.4979166666666667 0.1859375 0.5208333333333334 0.1875 0.5229166666666667 0.1875 0.525 0.1890625 0.5270833333333333 0.1890625 0.5291666666666667 0.190625 0.53125 0.190625 0.5333333333333333 0.1921875 0.5354166666666667 0.1921875 0.5375 0.1984375 0.5458333333333333 0.1984375 0.5479166666666667 0.2 0.55 0.2015625 0.55 0.2125 0.5645833333333333 0.2125 0.5666666666666667 0.2171875 0.5729166666666666 0.21875 0.5729166666666666 0.2203125 0.575 0.221875 0.575 0.2265625 0.58125 0.228125 0.58125 0.2328125 0.5875 0.24375 0.5875 0.2453125 0.5854166666666667 0.2453125 0.58125 0.246875 0.5791666666666667 0.246875 0.5770833333333333 0.2546875 0.5666666666666667 0.2546875 0.5645833333333333 0.2578125 0.5604166666666667 0.2578125 0.55625 0.259375 0.5541666666666667 0.259375 0.5520833333333334 0.2609375 0.55 0.2609375 0.5458333333333333 0.2625 0.54375 0.2625 0.5416666666666666 0.2640625 0.5395833333333333 0.2640625 0.5375 0.265625 0.5354166666666667 0.265625 0.5333333333333333 0.2671875 0.53125 0.2671875 0.5291666666666667 0.26875 0.5270833333333333 0.26875 0.5 0.2671875 0.4979166666666667 0.2671875 0.49375 0.265625 0.49166666666666664 0.265625 0.4895833333333333 0.2640625 0.4875 0.2640625 0.48541666666666666 0.2625 0.48333333333333334 0.2625 0.48125 0.2609375 0.4791666666666667 0.259375 0.4791666666666667 0.253125 0.4708333333333333 0.25 0.4708333333333333 0.2484375 0.46875 0.2421875 0.46875 0.240625 0.4666666666666667 0.2203125 0.4666666666666667 0.21875 0.46875 0.2125 0.46875 0.2109375 0.4708333333333333 0.203125 0.4708333333333333 0.2015625 0.47291666666666665
0 0.296875 0.5395833333333333 0.2953125 0.5416666666666666 0.29375 0.5416666666666666 0.284375 0.5541666666666667 0.2828125 0.5541666666666667 0.28125 0.55625 0.2796875 0.55625 0.275 0.5625 0.2734375 0.5625 0.2703125 0.5666666666666667 0.2703125 0.56875 0.2671875 0.5729166666666666 0.2671875 0.575 0.265625 0.5770833333333333 0.265625 0.58125 0.2640625 0.5833333333333334 0.2640625 0.5916666666666667 0.2625 0.59375 0.2625 0.6083333333333333 0.2640625 0.6104166666666667 0.2640625 0.6166666666666667 0.265625 0.61875 0.265625 0.6208333333333333 0.2734375 0.63125 0.2765625 0.63125 0.278125 0.6333333333333333 0.28125 0.6333333333333333 0.2828125 0.6354166666666666 0.2859375 0.6354166666666666 0.2875 0.6375 0.2890625 0.6375 0.290625 0.6395833333333333 0.2953125 0.6395833333333333 0.296875 0.6416666666666667 0.3 0.6416666666666667 0.3015625 0.64375 0.303125 0.64375 0.3046875 0.6458333333333334 0.30625 0.6458333333333334 0.309375 0.65 0.3125 0.65 0.3140625 0.6520833333333333 0.3171875 0.6520833333333333 0.3203125 0.65625 0.321875 0.65625 0.3234375 0.6583333333333333 0.3359375 0.6583333333333333 0.3375 0.65625 0.3390625 0.65625 0.340625 0.6541666666666667 0.3421875 0.6541666666666667 0.34375 0.6520833333333333 0.34375 0.65 0.3453125 0.6479166666666667 0.3453125 0.6208333333333333 0.34375 0.61875 0.3453125 0.6166666666666667 0.3453125 0.5979166666666667 0.346875 0.5958333333333333 0.346875 0.56875 0.3453125 0.5666666666666667 0.3453125 0.5645833333333333 0.3421875 0.5604166666666667 0.3421875 0.5583333333333333 0.340625 0.55625 0.340625 0.5541666666666667 0.3390625 0.5520833333333334 0.3390625 0.55 0.3375 0.5479166666666667 0.3375 0.5458333333333333 0.3359375 0.5458333333333333 0.334375 0.54375 0.3328125 0.54375 0.33125 0.5416666666666666 0.3296875 0.5416666666666666 0.328125 0.5395833333333333 0.3265625 0.5395833333333333 0.325 0.5375 0.321875 0.5375 0.3203125 0.5354166666666667 0.3171875 0.5354166666666667 0.315625 0.5333333333333333 0.3125 0.5333333333333333 0.3109375 0.5354166666666667 0.30625 0.5354166666666667 0.3046875 0.5375 0.3015625 0.5375 0.3 0.5395833333333333
0 0.23125 0.6729166666666667 0.2265625 0.6791666666666667 0.2265625 0.68125 0.225 0.6833333333333333 0.225 0.6895833333333333 0.2234375 0.6916666666666667 0.2234375 0.71875 0.225 0.7208333333333333 0.225 0.7229166666666667 0.2296875 0.7291666666666666 0.23125 0.7291666666666666 0.2359375 0.7354166666666667 0.2375 0.7354166666666667 0.2421875 0.7416666666666667 0.24375 0.7416666666666667 0.2453125 0.74375 0.246875 0.74375 0.2484375 0.7458333333333333 0.25 0.7458333333333333 0.2515625 0.7479166666666667 0.253125 0.7479166666666667 0.2578125 0.7541666666666667 0.259375 0.7541666666666667 0.2671875 0.7645833333333333 0.26875 0.7645833333333333 0.2703125 0.7666666666666667 0.271875 0.7666666666666667 0.2734375 0.76875 0.275 0.76875 0.278125 0.7729166666666667 0.290625 0.7729166666666667 0.29375 0.76875 0.2953125 0.76875 0.2953125 0.7666666666666667 0.2984375 0.7625 0.2984375 0.7604166666666666 0.3 0.7583333333333333 0.3 0.7541666666666667 0.3015625 0.7520833333333333 0.3015625 0.7479166666666667 0.303125 0.7458333333333333 0.303125 0.7395833333333334 0.3046875 0.7375 0.3046875 0.73125 0.30625 0.7291666666666666 0.30625 0.7145833333333333 0.3078125 0.7125 0.3078125 0.6916666666666667 0.309375 0.6895833333333333 0.309375 0.675 0.3078125 0.6729166666666667 0.3078125 0.66875 0.30625 0.6666666666666666 0.30625 0.6645833333333333 0.303125 0.6604166666666667 0.296875 0.6604166666666667 0.29375 0.6645833333333333 0.2859375 0.6645833333333333 0.284375 0.6625 0.26875 0.6625 0.2671875 0.6645833333333333 0.265625 0.6645833333333333 0.2578125 0.675 0.25625 0.675 0.2515625 0.68125 0.24375 0.68125 0.2375 0.6729166666666667 0.2359375 0.6729166666666667 0.234375 0.6708333333333333 0.2328125 0.6729166666666667
0 0.409375 0.46875 0.4078125 0.4708333333333333 0.40625 0.4708333333333333 0.403125 0.475 0.403125 0.48333333333333334 0.4015625 0.48541666666666666 0.4015625 0.4895833333333333 0.4 0.49166666666666664 0.4 0.54375 0.4015625 0.5458333333333333 0.4015625 0.5479166666666667 0.4078125 0.55625 0.4078125 0.5583333333333333 0.409375 0.5604166666666667 0.4109375 0.5604166666666667 0.4125 0.5625 0.4140625 0.5625 0.415625 0.5645833333333333 0.4203125 0.5645833333333333 0.421875 0.5625 0.425 0.5625 0.4265625 0.5604166666666667 0.428125 0.5604166666666667 0.4296875 0.5583333333333333 0.43125 0.5583333333333333 0.4328125 0.55625 0.434375 0.55625 0.440625 0.5479166666666667 0.4421875 0.5479166666666667 0.446875 0.5416666666666666 0.4484375 0.5416666666666666 0.45 0.5395833333333333 0.4515625 0.5395833333333333 0.4546875 0.5354166666666667 0.4578125 0.5354166666666667 0.4609375 0.53125 0.4609375 0.51875 0.459375 0.5166666666666667 0.459375 0.5145833333333333 0.4578125 0.5125 0.4578125 0.5104166666666666 0.45 0.5 0.45 0.4979166666666667 0.446875 0.49375 0.446875 0.49166666666666664 0.4453125 0.4895833333333333 0.4453125 0.4875 0.44375 0.48541666666666666 0.4421875 0.48541666666666666 0.440625 0.48333333333333334 0.4390625 0.48333333333333334 0.4375 0.48541666666666666 0.434375 0.48541666666666666 0.4328125 0.4875 0.4265625 0.4875 0.425 0.48541666666666666 0.41875 0.48541666666666666 0.4171875 0.48333333333333334 0.415625 0.48333333333333334 0.409375 0.475
0 0.5328125 0.49375 0.53125 0.49375 0.5296875 0.49583333333333335 0.521875 0.49583333333333335 0.5203125 0.4979166666666667 0.51875 0.4979166666666667 0.515625 0.5020833333333333 0.5140625 0.5020833333333333 0.5125 0.5041666666666667 0.5109375 0.5041666666666667 0.509375 0.50625 0.50625 0.50625 0.5046875 0.5083333333333333 0.503125 0.5083333333333333 0.5015625 0.5104166666666666 0.5 0.5083333333333333 0.4984375 0.5083333333333333 0.496875 0.50625 0.496875 0.5041666666666667 0.490625 0.5041666666666667 0.4890625 0.50625 0.4875 0.50625 0.4859375 0.5083333333333333 0.4828125 0.5083333333333333 0.48125 0.5104166666666666 0.478125 0.5104166666666666 0.4765625 0.5125 0.471875 0.5125 0.4703125 0.5145833333333333 0.4703125 0.51875 0.46875 0.5208333333333334 0.46875 0.5291666666666667 0.4703125 0.53125 0.4703125 0.5583333333333333 0.471875 0.5604166666666667 0.471875 0.5625 0.475 0.5666666666666667 0.475 0.56875 0.48125 0.5770833333333333 0.48125 0.5791666666666667 0.484375 0.5833333333333334 0.484375 0.5854166666666667 0.4921875 0.5958333333333333 0.49375 0.5958333333333333 0.496875 0.6 0.5 0.6 0.5015625 0.6020833333333333 0.5078125 0.6020833333333333 0.509375 0.6 0.509375 0.5979166666666667 0.5109375 0.5958333333333333 0.5140625 0.6 0.515625 0.5979166666666667 0.5171875 0.5979166666666667 0.51875 0.5958333333333333 0.525 0.5958333333333333 0.5265625 0.59375 0.53125 0.59375 0.5328125 0.5916666666666667 0.534375 0.5916666666666667 0.5359375 0.5895833333333333 0.5359375 0.5875 0.5390625 0.5833333333333334 0.5390625 0.58125 0.540625 0.5791666666666667 0.540625 0.5770833333333333 0.5421875 0.575 0.5421875 0.5645833333333333 0.54375 0.5625 0.54375 0.5208333333333334 0.5421875 0.51875 0.5421875 0.5145833333333333 0.540625 0.5125 0.540625 0.5104166666666666 0.5390625 0.5083333333333333 0.5390625 0.50625 0.5375 0.5041666666666667 0.5375 0.5020833333333333 0.5359375 0.5 0.5359375 0.4979166666666667
0 0.515625 0.7020833333333333 0.5109375 0.7020833333333333 0.509375 0.7041666666666667 0.50625 0.7041666666666667 0.5046875 0.70625 0.5 0.70625 0.4984375 0.7041666666666667 0.4953125 0.7041666666666667 0.4890625 0.6958333333333333 0.4875 0.6958333333333333 0.4859375 0.69375 0.484375 0.69375 0.4828125 0.6916666666666667 0.4796875 0.6916666666666667 0.478125 0.69375 0.4765625 0.69375 0.475 0.6958333333333333 0.4734375 0.6958333333333333 0.4703125 0.7 0.465625 0.7 0.4640625 0.7020833333333333 0.459375 0.7020833333333333 0.4578125 0.7041666666666667 0.4484375 0.7041666666666667 0.446875 0.70625 0.4453125 0.70625 0.4453125 0.7333333333333333 0.446875 0.7354166666666667 0.446875 0.7395833333333334 0.4484375 0.7416666666666667 0.4484375 0.75 0.45 0.7520833333333333 0.45 0.7583333333333333 0.4515625 0.7604166666666666 0.4515625 0.76875 0.4546875 0.7729166666666667 0.4546875 0.775 0.4578125 0.7791666666666667 0.459375 0.7791666666666667 0.4609375 0.78125 0.4640625 0.78125 0.4671875 0.7854166666666667 0.46875 0.7854166666666667 0.4703125 0.7875 0.471875 0.7875 0.4734375 0.7895833333333333 0.48125 0.7895833333333333 0.4828125 0.7875 0.484375 0.7875 0.4859375 0.7854166666666667 0.4875 0.7854166666666667 0.49375 0.7770833333333333 0.49375 0.775 0.5 0.7666666666666667 0.5 0.7645833333333333 0.503125 0.7604166666666666 0.503125 0.7583333333333333 0.5046875 0.75625 0.5046875 0.7541666666666667 0.509375 0.7479166666666667 0.509375 0.7458333333333333 0.5109375 0.74375 0.5109375 0.7416666666666667 0.5125 0.7395833333333334 0.5125 0.7375 0.5140625 0.7354166666666667 0.5140625 0.7333333333333333 0.515625 0.73125 0.515625 0.7291666666666666 0.5171875 0.7270833333333333 0.5171875 0.7083333333333334 0.515625 0.70625
0 0.6875 0.4708333333333333 0.6859375 0.46875 0.6859375 0.4666666666666667 0.684375 0.46458333333333335 0.678125 0.46458333333333335 0.6765625 0.4666666666666667 0.6765625 0.47291666666666665 0.675 0.475 0.675 0.47708333333333336 0.6734375 0.4791666666666667 0.6640625 0.4791666666666667 0.6625 0.47708333333333336 0.659375 0.47708333333333336 0.6578125 0.475 0.65625 0.475 0.6546875 0.47291666666666665 0.65 0.47291666666666665 0.6484375 0.4708333333333333 0.6421875 0.4708333333333333 0.6375 0.47708333333333336 0.6359375 0.47708333333333336 0.6328125 0.48125 0.63125 0.48125 0.6265625 0.4875 0.6203125 0.4875 0.6140625 0.4791666666666667 0.6140625 0.47708333333333336 0.6125 0.475 0.609375 0.475 0.60625 0.4791666666666667 0.60625 0.48541666666666666 0.6046875 0.4875 0.6046875 0.49583333333333335 0.60625 0.4979166666666667 0.60625 0.5125 0.6078125 0.5145833333333333 0.6078125 0.5166666666666667 0.6140625 0.525 0.615625 0.525 0.61875 0.5291666666666667 0.6203125 0.5291666666666667 0.6234375 0.5333333333333333 0.625 0.5333333333333333 0.6265625 0.5354166666666667 0.628125 0.5354166666666667 0.6296875 0.5375 0.63125 0.5375 0.6328125 0.5395833333333333 0.634375 0.5395833333333333 0.640625 0.5479166666666667 0.6421875 0.5479166666666667 0.64375 0.55 0.6453125 0.55 0.6484375 0.5541666666666667 0.65 0.5541666666666667 0.6515625 0.55625 0.6546875 0.55625 0.65625 0.5583333333333333 0.6640625 0.5583333333333333 0.665625 0.55625 0.6671875 0.55625 0.66875 0.5541666666666667 0.6703125 0.5541666666666667 0.6703125 0.5520833333333334 0.675 0.5458333333333333 0.675 0.54375 0.6765625 0.5416666666666666 0.6765625 0.5375 0.678125 0.5354166666666667 0.678125 0.53125 0.6796875 0.5291666666666667 0.6796875 0.5229166666666667 0.68125 0.5208333333333334 0.68125 0.5125 0.6828125 0.5104166666666666 0.6828125 0.5083333333333333 0.684375 0.50625 0.684375 0.5041666666666667 0.6859375 0.5020833333333333 0.6859375 0.4979166666666667 0.6875 0.49583333333333335
0 0.759375 0.35 0.7578125 0.35208333333333336 0.75625 0.35208333333333336 0.7546875 0.3541666666666667 0.753125 0.3541666666666667 0.7515625 0.35625 0.75 0.35625 0.7484375 0.35833333333333334 0.746875 0.35833333333333334 0.74375 0.3625 0.7421875 0.3625 0.7390625 0.36666666666666664 0.7375 0.36666666666666664 0.7359375 0.36875 0.734375 0.36875 0.73125 0.3729166666666667 0.7296875 0.3729166666666667 0.7265625 0.3770833333333333 0.725 0.3770833333333333 0.7234375 0.37916666666666665 0.721875 0.37916666666666665 0.71875 0.38333333333333336 0.71875 0.4125 0.7171875 0.41458333333333336 0.6984011627906976 0.40794573643410853 0.7005813953488372 0.4195736434108527 0.7085755813953488 0.43023255813953487 0.7136627906976745 0.437984496124031 0.7151162790697675 0.438953488372093 0.7180232558139534 0.44476744186046513 0.7165697674418605 0.4428294573643411 0.7234375 0.44375 0.7265625 0.44375 0.728125 0.44583333333333336 0.7296875 0.44583333333333336 0.7359375 0.45416666666666666 0.7375 0.45416666666666666 0.7390625 0.45625 0.740625 0.45625 0.74375 0.46041666666666664 0.7453125 0.46041666666666664 0.7484375 0.46458333333333335 0.75 0.46458333333333335 0.7515625 0.4666666666666667 0.7546875 0.4666666666666667 0.75625 0.46875 0.76875 0.46875 0.7703125 0.4666666666666667 0.7703125 0.46458333333333335 0.7734375 0.46041666666666664 0.7734375 0.4583333333333333 0.7765625 0.45416666666666666 0.7765625 0.44166666666666665 0.778125 0.4395833333333333 0.778125 0.42083333333333334 0.7796875 0.41875 0.7796875 0.4125 0.78125 0.41041666666666665 0.78125 0.4083333333333333 0.7828125 0.40625 0.7828125 0.40208333333333335 0.784375 0.4 0.784375 0.39166666666666666 0.7859375 0.38958333333333334 0.784375 0.3875 0.784375 0.38333333333333336 0.7828125 0.38125 0.7828125 0.37916666666666665 0.78125 0.3770833333333333 0.78125 0.375 0.7796875 0.3729166666666667 0.7796875 0.36666666666666664 0.778125 0.3645833333333333 0.778125 0.3625 0.771875 0.3541666666666667 0.76875 0.3541666666666667 0.7671875 0.35208333333333336 0.765625 0.35208333333333336 0.7640625 0.35
0 0.76875 0.5375 0.7546875 0.5375 0.753125 0.5395833333333333 0.7515625 0.5395833333333333 0.75 0.5416666666666666 0.7484375 0.5416666666666666 0.746875 0.54375 0.7453125 0.54375 0.74375 0.5458333333333333 0.7421875 0.5458333333333333 0.740625 0.5479166666666667 0.7390625 0.5479166666666667 0.7375 0.55 0.734375 0.55 0.7328125 0.5520833333333334 0.7296875 0.5520833333333334 0.7265625 0.55625 0.725 0.55625 0.7234375 0.5583333333333333 0.721875 0.5583333333333333 0.7203125 0.5604166666666667 0.71875 0.5604166666666667 0.715625 0.5645833333333333 0.7140625 0.5645833333333333 0.7125 0.5666666666666667 0.7109375 0.5666666666666667 0.7078125 0.5708333333333333 0.70625 0.5708333333333333 0.7046875 0.5729166666666666 0.703125 0.5729166666666666 0.7 0.5770833333333333 0.7 0.5979166666666667 0.7015625 0.6 0.7015625 0.6020833333333333 0.703125 0.6041666666666666 0.703125 0.60625 0.7046875 0.6083333333333333 0.70625 0.6083333333333333 0.721875 0.6291666666666667 0.721875 0.63125 0.7359375 0.65 0.7359375 0.6520833333333333 0.7375 0.6541666666666667 0.7390625 0.6541666666666667 0.7453125 0.6625 0.746875 0.6625 0.7484375 0.6645833333333333 0.7515625 0.6645833333333333 0.753125 0.6666666666666666 0.7609375 0.6666666666666666 0.7703125 0.6541666666666667 0.7703125 0.65 0.771875 0.6479166666666667 0.771875 0.64375 0.7734375 0.6416666666666667 0.7734375 0.6333333333333333 0.775 0.63125 0.775 0.6291666666666667 0.7765625 0.6270833333333333 0.7765625 0.625 0.778125 0.6229166666666667 0.778125 0.6208333333333333 0.7796875 0.61875 0.7796875 0.6166666666666667 0.784375 0.6104166666666667 0.784375 0.6041666666666666 0.7859375 0.6020833333333333 0.7859375 0.5958333333333333 0.7875 0.59375 0.7875 0.5645833333333333 0.7859375 0.5625 0.7859375 0.5604166666666667 0.784375 0.5583333333333333 0.784375 0.55625 0.7828125 0.5541666666666667 0.7828125 0.5520833333333334 0.78125 0.55 0.78125 0.5479166666666667 0.7765625 0.5416666666666666 0.775 0.5416666666666666 0.7734375 0.5395833333333333 0.7703125 0.5395833333333333