0 0.3746366279069767 0.4835271317829457 0.07340116279069768 0.09883720930232567
0 0.340843023255814 0.5964147286821705 0.07267441860465121 0.126937984496124
0 0.29396802325581395 0.7170542635658915 0.06613372093023254 0.11046511627906976
0 0.5316133720930234 0.6560077519379846 0.07776162790697674 0.10465116279069768
0 0.4767441860465117 0.5329457364341086 0 0
0 0.4774709302325581 0.5310077519379844 0 0
0 0.5025436046511629 0.564437984496124 0.0675872093023255 0.10755813953488372
0 0.6311773255813954 0.6419573643410852 0.07485465116279073 0.11918604651162792
0 0.7957848837209301 0.5668604651162792 0.06540697674418601 0.112403100775194
0 0.8597383720930234 0.6308139534883722 0.08284883720930232 0.1085271317829458
0 0.7510901162790699 0.6540697674418605 0.08212209302325588 0.11240310077519382
0 0.97578125 0.5489583333333333 0.0484375 0.10625
0 0.9316860465116281 0.6366279069767443 0.06686046511627879 0.10658914728682163
0 0.9770530523255815 0.6790213178294574 0.04276889534883708 0.10029069767441853
0 0.9502180232558141 0.7785852713178295 0.08648255813953476 0.11143410852713179
0 0.7634447674418605 0.7291666666666666 0.08066860465116274 0.11337209302325585
0 0.3765625 0.45 0.371875 0.45 0.3703125 0.4479166666666667 0.36875 0.45 0.359375 0.45 0.3578125 0.45208333333333334 0.35625 0.45208333333333334 0.3515625 0.4583333333333333 0.3515625 0.46041666666666664 0.3484375 0.46458333333333335 0.3484375 0.4666666666666667 0.346875 0.46875 0.346875 0.4708333333333333 0.34375 0.475 0.34375 0.47708333333333336 0.3421875 0.4791666666666667 0.3421875 0.48125 0.340625 0.48333333333333334 0.340625 0.48541666666666666 0.3390625 0.4875 0.3390625 0.4895833333333333 0.3375 0.49166666666666664 0.3375 0.49583333333333335 0.3359375 0.4979166666666667 0.3359375 0.5104166666666666 0.3484375 0.5270833333333333 0.353125 0.5270833333333333 0.3546875 0.5291666666666667 0.3640625 0.5291666666666667 0.365625 0.5270833333333333 0.3734375 0.5270833333333333 0.375 0.525 0.378125 0.525 0.3796875 0.5229166666666667 0.384375 0.5229166666666667 0.3859375 0.5208333333333334 0.4 0.5208333333333334 0.4015625 0.51875 0.4046875 0.51875 0.409375 0.5125 0.409375 0.5020833333333333 0.4078125 0.5 0.4078125 0.4979166666666667 0.40625 0.49583333333333335 0.40625 0.49375 0.4015625 0.4875 0.4015625 0.48541666666666666 0.3921875 0.47291666666666665 0.3921875 0.4708333333333333 0.3875 0.46458333333333335 0.3875 0.4625 0.38125 0.45416666666666666 0.3796875 0.45416666666666666
0 0.3265625 0.5583333333333333 0.325 0.5604166666666667 0.3234375 0.5604166666666667 0.3203125 0.5645833333333333 0.31875 0.5645833333333333 0.315625 0.56875 0.3140625 0.56875 0.3109375 0.5729166666666666 0.3109375 0.575 0.309375 0.5770833333333333 0.309375 0.5791666666666667 0.3078125 0.58125 0.3078125 0.6 0.309375 0.6020833333333333 0.309375 0.6041666666666666 0.3109375 0.60625 0.3109375 0.6104166666666667 0.315625 0.6166666666666667 0.315625 0.61875 0.3203125 0.625 0.321875 0.625 0.328125 0.6333333333333333 0.328125 0.6354166666666666 0.3296875 0.6375 0.33125 0.6375 0.3359375 0.64375 0.3359375 0.6458333333333334 0.3421875 0.6541666666666667 0.34375 0.6541666666666667 0.3453125 0.65625 0.346875 0.65625 0.3484375 0.6583333333333333 0.35 0.6583333333333333 0.3515625 0.65625 0.353125 0.65625 0.3609375 0.6458333333333334 0.3609375 0.6416666666666667 0.3625 0.6395833333333333 0.3625 0.6375 0.3640625 0.6354166666666666 0.3640625 0.63125 0.365625 0.6291666666666667 0.365625 0.6229166666666667 0.3671875 0.6208333333333333 0.3671875 0.61875 0.36875 0.6166666666666667 0.36875 0.6145833333333334 0.3703125 0.6125 0.3703125 0.6104166666666667 0.371875 0.6083333333333333 0.371875 0.60625 0.3734375 0.6041666666666666 0.3734375 0.6020833333333333 0.375 0.6 0.375 0.5958333333333333 0.3765625 0.59375 0.3765625 0.5791666666666667 0.375 0.5770833333333333 0.375 0.5729166666666666 0.3703125 0.5666666666666667 0.3671875 0.5666666666666667 0.365625 0.5645833333333333 0.3640625 0.5645833333333333 0.3625 0.5666666666666667 0.3625 0.5708333333333333 0.359375 0.575 0.359375 0.5770833333333333 0.35625 0.58125 0.3546875 0.58125 0.353125 0.5833333333333334 0.35 0.5833333333333334 0.34375 0.575 0.34375 0.5708333333333333 0.3421875 0.56875 0.3421875 0.5645833333333333 0.340625 0.5625 0.340625 0.5604166666666667 0.3359375 0.5604166666666667 0.334375 0.5583333333333333
0 0.2625 0.7041666666666667 0.2625 0.7083333333333334 0.2609375 0.7104166666666667 0.2625 0.7125 0.2625 0.7208333333333333 0.2640625 0.7229166666666667 0.2640625 0.7291666666666666 0.265625 0.73125 0.265625 0.7375 0.2671875 0.7395833333333334 0.2671875 0.7416666666666667 0.26875 0.74375 0.26875 0.75 0.2703125 0.7520833333333333 0.2703125 0.7583333333333333 0.271875 0.7604166666666666 0.271875 0.7645833333333333 0.2765625 0.7708333333333334 0.2875 0.7708333333333334 0.2890625 0.76875 0.290625 0.76875 0.29375 0.7645833333333333 0.296875 0.7645833333333333 0.3 0.7604166666666666 0.3015625 0.7604166666666666 0.3046875 0.75625 0.30625 0.75625 0.309375 0.7520833333333333 0.3125 0.7520833333333333 0.3140625 0.75 0.315625 0.75 0.3171875 0.7479166666666667 0.31875 0.7479166666666667 0.321875 0.74375 0.321875 0.7416666666666667 0.3234375 0.7395833333333334 0.31875 0.7333333333333333 0.3171875 0.7333333333333333 0.3140625 0.7291666666666666 0.3109375 0.7291666666666666 0.309375 0.7270833333333333 0.3046875 0.7333333333333333 0.303125 0.7333333333333333 0.3015625 0.7354166666666667 0.3 0.7354166666666667 0.2984375 0.7375 0.290625 0.7375 0.2875 0.7333333333333333 0.2875 0.725 0.2859375 0.7229166666666667 0.2859375 0.7208333333333333 0.2875 0.71875 0.2875 0.7083333333333334 0.284375 0.7041666666666667 0.2828125 0.7041666666666667 0.28125 0.7020833333333333 0.278125 0.7020833333333333 0.2765625 0.7 0.275 0.7 0.2734375 0.6979166666666666 0.271875 0.6979166666666666 0.2703125 0.6958333333333333 0.26875 0.6958333333333333
0 0.4890625 0.54375 0.4890625 0.55 0.4875 0.5520833333333334 0.4875 0.5541666666666667 0.484375 0.5583333333333333 0.484375 0.5625 0.4828125 0.5645833333333333 0.4828125 0.5729166666666666 0.48125 0.575 0.48125 0.5833333333333334 0.4828125 0.5854166666666667 0.4828125 0.5875 0.4890625 0.5958333333333333 0.4890625 0.6 0.490625 0.6020833333333333 0.490625 0.6041666666666666 0.4921875 0.60625 0.4921875 0.6083333333333333 0.496875 0.6145833333333334 0.4984375 0.6145833333333334 0.5 0.6166666666666667 0.50625 0.6166666666666667 0.5078125 0.6145833333333334 0.5109375 0.6145833333333334 0.5125 0.6125 0.5171875 0.6125 0.51875 0.6104166666666667 0.5203125 0.6104166666666667 0.5203125 0.6083333333333333 0.5234375 0.6041666666666666 0.525 0.6041666666666666 0.5265625 0.6020833333333333 0.5328125 0.6020833333333333 0.534375 0.6 0.5359375 0.6 0.5453125 0.5875 0.5453125 0.5854166666666667 0.546875 0.5833333333333334 0.546875 0.5791666666666667 0.5453125 0.5791666666666667 0.54375 0.5770833333333333 0.540625 0.5770833333333333 0.5359375 0.5708333333333333 0.534375 0.5708333333333333 0.53125 0.5666666666666667 0.5296875 0.5666666666666667 0.528125 0.5645833333333333 0.5265625 0.5645833333333333 0.525 0.5625 0.525 0.5583333333333333 0.5234375 0.55625 0.51875 0.55625 0.5171875 0.5541666666666667 0.5171875 0.55 0.515625 0.5479166666666667 0.515625 0.5458333333333333 0.5140625 0.54375 0.5140625 0.5395833333333333 0.5109375 0.5354166666666667 0.5078125 0.5354166666666667 0.50625 0.5375 0.5046875 0.5354166666666667 0.4953125 0.5354166666666667
0 0.5359375 0.6083333333333333 0.525 0.6083333333333333 0.521875 0.6125 0.5203125 0.6125 0.5078125 0.6291666666666667 0.5078125 0.63125 0.50625 0.6333333333333333 0.50625 0.6354166666666666 0.5046875 0.6375 0.5046875 0.6416666666666667 0.503125 0.64375 0.503125 0.6479166666666667 0.5015625 0.65 0.5015625 0.65625 0.5 0.6583333333333333 0.5 0.6645833333333333 0.4984375 0.6666666666666666 0.4984375 0.6729166666666667 0.496875 0.675 0.496875 0.6791666666666667 0.4953125 0.68125 0.4953125 0.6979166666666666 0.4984375 0.7020833333333333 0.5 0.7020833333333333 0.5015625 0.7041666666666667 0.503125 0.7041666666666667 0.5046875 0.70625 0.5140625 0.70625 0.515625 0.7041666666666667 0.5265625 0.7041666666666667 0.528125 0.7020833333333333 0.5390625 0.7020833333333333 0.540625 0.7 0.55 0.7 0.5515625 0.6979166666666666 0.553125 0.6979166666666666 0.5546875 0.6958333333333333 0.55625 0.6958333333333333 0.559375 0.6916666666666667 0.5609375 0.6916666666666667 0.565625 0.6854166666666667 0.565625 0.6833333333333333 0.5671875 0.68125 0.5671875 0.6708333333333333 0.565625 0.66875 0.565625 0.6645833333333333 0.5640625 0.6625 0.5640625 0.6583333333333333 0.5625 0.65625 0.5625 0.6479166666666667 0.55625 0.6395833333333333 0.55625 0.6375 0.553125 0.6333333333333333 0.553125 0.63125 0.5515625 0.6291666666666667 0.5515625 0.6270833333333333 0.5484375 0.6229166666666667 0.546875 0.6229166666666667 0.5421875 0.6166666666666667 0.5421875 0.6145833333333334 0.540625 0.6145833333333334
0 0.61875 0.5979166666666667 0.615625 0.6020833333333333 0.6125 0.6020833333333333 0.60625 0.6104166666666667 0.60625 0.6125 0.6046875 0.6145833333333334 0.6046875 0.6166666666666667 0.603125 0.61875 0.603125 0.6208333333333333 0.6015625 0.6229166666666667 0.6015625 0.6270833333333333 0.6 0.6291666666666667 0.6 0.6375 0.5984375 0.6395833333333333 0.5984375 0.64375 0.596875 0.6458333333333334 0.5984375 0.6479166666666667 0.5984375 0.65 0.6 0.6520833333333333 0.6 0.6541666666666667 0.6015625 0.65625 0.6015625 0.6583333333333333 0.6046875 0.6625 0.6046875 0.6645833333333333 0.609375 0.6708333333333333 0.6109375 0.6708333333333333 0.6140625 0.675 0.615625 0.675 0.61875 0.6791666666666667 0.6203125 0.6791666666666667 0.625 0.6854166666666667 0.628125 0.6854166666666667 0.634375 0.69375 0.6359375 0.69375 0.6375 0.6958333333333333 0.6390625 0.6958333333333333 0.640625 0.6979166666666666 0.646875 0.6979166666666666 0.6484375 0.6958333333333333 0.65 0.6958333333333333 0.6515625 0.69375 0.6515625 0.6916666666666667 0.6546875 0.6875 0.6546875 0.6854166666666667 0.65625 0.6833333333333333 0.65625 0.6791666666666667 0.6578125 0.6770833333333334 0.6578125 0.6729166666666667 0.659375 0.6708333333333333 0.659375 0.6666666666666666 0.6609375 0.6645833333333333 0.6609375 0.6604166666666667 0.6625 0.6583333333333333 0.6625 0.65625 0.6640625 0.6541666666666667 0.6640625 0.65 0.665625 0.6479166666666667 0.665625 0.6375 0.6671875 0.6354166666666666 0.6671875 0.6291666666666667 0.665625 0.6270833333333333 0.665625 0.61875 0.6546875 0.6041666666666666 0.653125 0.6041666666666666 0.6515625 0.6020833333333333 0.65 0.6020833333333333 0.6484375 0.6 0.6453125 0.6 0.64375 0.5979166666666667 0.6359375 0.5979166666666667 0.634375 0.5958333333333333 0.6234375 0.5958333333333333 0.621875 0.5979166666666667
0 0.7140625 0.61875 0.7125 0.6208333333333333 0.7125 0.6270833333333333 0.7109375 0.6291666666666667 0.7109375 0.6375 0.7125 0.6395833333333333 0.7125 0.6479166666666667 0.7140625 0.65 0.7140625 0.6520833333333333 0.71875 0.6583333333333333 0.71875 0.6604166666666667 0.721875 0.6645833333333333 0.7234375 0.6645833333333333 0.7296875 0.6729166666666667 0.73125 0.6729166666666667 0.7390625 0.6833333333333333 0.740625 0.6833333333333333 0.7421875 0.6854166666666667 0.74375 0.6854166666666667 0.7453125 0.6875 0.7453125 0.6895833333333333 0.746875 0.6916666666666667 0.7484375 0.6916666666666667 0.7578125 0.7041666666666667 0.759375 0.7041666666666667 0.7640625 0.7104166666666667 0.76875 0.7104166666666667 0.7703125 0.7083333333333334 0.7734375 0.7083333333333334 0.7765625 0.7041666666666667 0.778125 0.7041666666666667 0.7828125 0.6979166666666666 0.7828125 0.6958333333333333 0.784375 0.69375 0.784375 0.675 0.7859375 0.6729166666666667 0.7859375 0.6604166666666667 0.7875 0.6583333333333333 0.7875 0.6520833333333333 0.7890625 0.65 0.7890625 0.6479166666666667 0.790625 0.6458333333333334 0.790625 0.6395833333333333 0.7921875 0.6375 0.7921875 0.625 0.79375 0.6229166666666667 0.79375 0.6208333333333333 0.790625 0.6166666666666667 0.7875 0.6166666666666667 0.7859375 0.6145833333333334 0.7796875 0.6145833333333334 0.778125 0.6166666666666667 0.7703125 0.6166666666666667 0.76875 0.61875 0.7640625 0.61875 0.7625 0.6166666666666667 0.75625 0.6166666666666667 0.7546875 0.6145833333333334 0.7515625 0.6145833333333334 0.75 0.6125 0.7453125 0.6125 0.74375 0.6145833333333334 0.740625 0.6145833333333334 0.7390625 0.6166666666666667 0.7359375 0.6166666666666667 0.734375 0.61875 0.7234375 0.61875 0.721875 0.6166666666666667 0.7171875 0.6166666666666667 0.715625 0.61875
0 0.765625 0.5395833333333333 0.765625 0.5416666666666666 0.7640625 0.54375 0.7640625 0.5541666666666667 0.7625 0.55625 0.7625 0.5583333333333333 0.7640625 0.5604166666666667 0.7640625 0.56875 0.765625 0.5708333333333333 0.765625 0.575 0.7671875 0.5770833333333333 0.7671875 0.58125 0.76875 0.5833333333333334 0.76875 0.5875 0.7703125 0.5895833333333333 0.7703125 0.59375 0.771875 0.5958333333333333 0.7734375 0.5958333333333333 0.775 0.5979166666666667 0.78125 0.5979166666666667 0.7828125 0.6 0.7875 0.6 0.7890625 0.6020833333333333 0.7921875 0.6020833333333333 0.79375 0.6041666666666666 0.7953125 0.6041666666666666 0.8 0.6104166666666667 0.80625 0.6104166666666667 0.8078125 0.6083333333333333 0.809375 0.6083333333333333 0.8125 0.6041666666666666 0.8140625 0.6041666666666666 0.815625 0.6020833333333333 0.81875 0.6020833333333333 0.821875 0.5979166666666667 0.825 0.5979166666666667 0.8265625 0.5958333333333333 0.828125 0.5958333333333333 0.8328125 0.5895833333333333 0.8328125 0.5875 0.8359375 0.5833333333333334 0.8359375 0.5791666666666667 0.8375 0.5770833333333333 0.8375 0.575 0.834375 0.5708333333333333 0.8328125 0.5708333333333333 0.8203125 0.5541666666666667 0.8203125 0.5520833333333334 0.8140625 0.54375 0.8125 0.54375 0.8109375 0.5416666666666666 0.809375 0.5416666666666666 0.8078125 0.5395833333333333 0.80625 0.5395833333333333 0.8046875 0.5375 0.803125 0.5375 0.8015625 0.5354166666666667 0.7984375 0.5354166666666667 0.796875 0.5333333333333333 0.7953125 0.5333333333333333 0.79375 0.53125 0.790625 0.53125 0.7890625 0.5291666666666667 0.7859375 0.5291666666666667 0.784375 0.5270833333333333 0.7734375 0.5270833333333333 0.76875 0.5333333333333333 0.76875 0.5354166666666667
0 0.8265625 0.6 0.8265625 0.6020833333333333 0.825 0.6041666666666666 0.825 0.6083333333333333 0.8234375 0.6104166666666667 0.8234375 0.6208333333333333 0.821875 0.6229166666666667 0.821875 0.6708333333333333 0.8234375 0.6729166666666667 0.8234375 0.675 0.825 0.6770833333333334 0.8265625 0.6770833333333334 0.8296875 0.68125 0.846875 0.68125 0.85 0.6770833333333334 0.8515625 0.6770833333333334 0.853125 0.675 0.859375 0.675 0.8609375 0.6729166666666667 0.8703125 0.6729166666666667 0.871875 0.6708333333333333 0.875 0.6708333333333333 0.8765625 0.66875 0.8796875 0.66875 0.88125 0.6666666666666666 0.8828125 0.6666666666666666 0.8859375 0.6625 0.8875 0.6625 0.89375 0.6541666666666667 0.89375 0.6479166666666667 0.8953125 0.6458333333333334 0.8953125 0.6333333333333333 0.89375 0.63125 0.89375 0.625 0.8921875 0.6229166666666667 0.8921875 0.61875 0.890625 0.6166666666666667 0.890625 0.6145833333333334 0.8890625 0.6125 0.8875 0.6125 0.884375 0.6083333333333333 0.8828125 0.6083333333333333 0.8796875 0.6041666666666666 0.878125 0.6041666666666666 0.8734375 0.5979166666666667 0.871875 0.5979166666666667 0.8703125 0.5958333333333333 0.86875 0.5958333333333333 0.8671875 0.59375 0.865625 0.59375 0.8640625 0.5916666666666667 0.8625 0.5916666666666667 0.8609375 0.5895833333333333 0.8578125 0.5895833333333333 0.85625 0.5875 0.853125 0.5875 0.8515625 0.5854166666666667 0.8421875 0.5854166666666667 0.8390625 0.5895833333333333 0.8375 0.5895833333333333 0.8359375 0.5916666666666667 0.834375 0.5916666666666667 0.83125 0.5958333333333333 0.8296875 0.5958333333333333
0 0.790625 0.69375 0.7890625 0.69375 0.7859375 0.6979166666666666 0.784375 0.6979166666666666 0.775 0.7104166666666667 0.7734375 0.7104166666666667 0.771875 0.7125 0.7640625 0.7125 0.7625 0.7145833333333333 0.7625 0.7166666666666667 0.7609375 0.71875 0.7609375 0.7229166666666667 0.759375 0.725 0.759375 0.7270833333333333 0.75625 0.73125 0.75 0.73125 0.740625 0.71875 0.7390625 0.71875 0.7375 0.7208333333333333 0.7359375 0.7208333333333333 0.734375 0.7229166666666667 0.7328125 0.7229166666666667 0.73125 0.725 0.725 0.725 0.725 0.7333333333333333 0.7265625 0.7354166666666667 0.7265625 0.7375 0.728125 0.7395833333333334 0.728125 0.7416666666666667 0.734375 0.75 0.734375 0.7520833333333333 0.746875 0.76875 0.7484375 0.76875 0.753125 0.775 0.7546875 0.775 0.75625 0.7770833333333333 0.7578125 0.7770833333333333 0.759375 0.7791666666666667 0.7609375 0.7791666666666667 0.7625 0.78125 0.771875 0.78125 0.7734375 0.7791666666666667 0.775 0.7791666666666667 0.7765625 0.7770833333333333 0.778125 0.7770833333333333 0.78125 0.7729166666666667 0.7828125 0.7729166666666667 0.784375 0.7708333333333334 0.7875 0.7708333333333334 0.7890625 0.76875 0.790625 0.76875 0.7984375 0.7583333333333333 0.7984375 0.75625 0.8 0.7541666666666667 0.8 0.7458333333333333 0.8015625 0.74375 0.8015625 0.73125 0.8 0.7291666666666666 0.8 0.7145833333333333 0.7984375 0.7125 0.7984375 0.70625 0.796875 0.7041666666666667 0.796875 0.7020833333333333 0.7953125 0.7 0.7953125 0.6979166666666666 0.79375 0.6958333333333333 0.7921875 0.6958333333333333
0 0.9078125 0.5979166666666667 0.9 0.6083333333333333 0.9 0.6145833333333334 0.9015625 0.6166666666666667 0.9 0.61875 0.9 0.6333333333333333 0.9015625 0.6354166666666666 0.9015625 0.6416666666666667 0.903125 0.64375 0.903125 0.6458333333333334 0.9078125 0.6520833333333333 0.909375 0.6520833333333333 0.9125 0.65625 0.9140625 0.65625 0.915625 0.6583333333333333 0.9171875 0.6583333333333333 0.9203125 0.6625 0.9203125 0.6645833333333333 0.921875 0.6645833333333333 0.9234375 0.6666666666666666 0.925 0.6666666666666666 0.93125 0.675 0.9328125 0.675 0.9359375 0.6791666666666667 0.9375 0.6791666666666667 0.940625 0.6833333333333333 0.9421875 0.6833333333333333 0.94375 0.6854166666666667 0.9453125 0.6854166666666667 0.946875 0.6875 0.9484375 0.6875 0.95 0.6895833333333333 0.9515625 0.6875 0.9546875 0.6875 0.95625 0.6854166666666667 0.9578125 0.6854166666666667 0.9625 0.6791666666666667 0.9625 0.6729166666666667 0.9640625 0.6708333333333333 0.9640625 0.6645833333333333 0.9625 0.6625 0.9625 0.6479166666666667 0.9640625 0.6458333333333334 0.9640625 0.6375 0.965625 0.6354166666666666 0.965625 0.63125 0.9671875 0.6291666666666667 0.9671875 0.6208333333333333 0.965625 0.61875 0.965625 0.6145833333333334 0.9640625 0.6125 0.9640625 0.6104166666666667 0.9578125 0.6020833333333333 0.9578125 0.6 0.95625 0.5979166666666667 0.9546875 0.5979166666666667 0.953125 0.5958333333333333 0.9453125 0.5958333333333333 0.94375 0.5979166666666667 0.9390625 0.5979166666666667 0.9375 0.5958333333333333 0.9265625 0.5958333333333333 0.925 0.59375 0.9140625 0.59375 0.9125 0.5958333333333333 0.9109375 0.5958333333333333 0.909375 0.5979166666666667
0 0.909375 0.7645833333333333 0.909375 0.7708333333333334 0.9125 0.775 0.9125 0.7770833333333333 0.9140625 0.7791666666666667 0.9140625 0.78125 0.91875 0.7875 0.9203125 0.7875 0.928125 0.7979166666666667 0.9296875 0.7979166666666667 0.93125 0.8 0.9328125 0.8 0.934375 0.8020833333333334 0.9359375 0.8020833333333334 0.9390625 0.80625 0.9421875 0.80625 0.9453125 0.8104166666666667 0.946875 0.8104166666666667 0.9484375 0.8125 0.95 0.8125 0.9515625 0.8145833333333333 0.953125 0.8145833333333333 0.95625 0.81875 0.9578125 0.81875 0.9609375 0.8229166666666666 0.9625 0.8229166666666666 0.9640625 0.825 0.965625 0.825 0.9671875 0.8270833333333333 0.96875 0.8270833333333333 0.9703125 0.8291666666666667 0.971875 0.8291666666666667 0.9734375 0.83125 0.975 0.83125 0.9765625 0.8333333333333334 0.98125 0.8333333333333334 0.9828125 0.83125 0.984375 0.83125 0.9859375 0.8291666666666667 0.9875 0.8291666666666667 0.9890625 0.8270833333333333 0.9890625 0.8229166666666666 0.990625 0.8208333333333333 0.990625 0.8145833333333333 0.9921875 0.8125 0.9921875 0.8041666666666667 0.990625 0.8020833333333334 0.990625 0.7833333333333333 0.9921875 0.78125 0.9921875 0.7625 0.990625 0.7604166666666666 0.990625 0.75625 0.9890625 0.7541666666666667 0.9890625 0.7520833333333333 0.9859375 0.7479166666666667 0.98125 0.7479166666666667 0.9796875 0.7458333333333333 0.975 0.7458333333333333 0.9734375 0.7479166666666667 0.9734375 0.7583333333333333 0.971875 0.7604166666666666 0.9640625 0.7604166666666666 0.9625 0.7583333333333333 0.959375 0.7583333333333333 0.9578125 0.75625 0.95625 0.75625 0.953125 0.7520833333333333 0.95 0.7520833333333333 0.946875 0.7479166666666667 0.94375 0.7479166666666667 0.9421875 0.7458333333333333 0.940625 0.7458333333333333 0.9390625 0.7479166666666667 0.9359375 0.7479166666666667 0.934375 0.75 0.9328125 0.75 0.93125 0.7520833333333333 0.9296875 0.7520833333333333 0.928125 0.7541666666666667 0.925 0.7541666666666667 0.9234375 0.75625 0.9203125 0.75625 0.91875 0.7583333333333333 0.9140625 0.7583333333333333
0 0.959375 0.6895833333333333 0.959375 0.6916666666666667 0.9578125 0.69375 0.959375 0.6958333333333333 0.959375 0.7 0.9609375 0.7020833333333333 0.9609375 0.7041666666666667 0.9625 0.70625 0.9640625 0.70625 0.9703125 0.7145833333333333 0.971875 0.7145833333333333 0.9765625 0.7208333333333333 0.9796875 0.7208333333333333 0.98125 0.7229166666666667 0.9859375 0.7229166666666667 0.9875 0.725 0.9953125 0.725 0.996875 0.7270833333333333 0.996875 0.725 0.9984375 0.7229166666666667 0.9984375 0.66875 0.996875 0.6666666666666666 0.9921875 0.6666666666666666 0.990625 0.66875 0.9890625 0.66875 0.9828125 0.6770833333333334 0.9828125 0.6791666666666667 0.9796875 0.6833333333333333 0.978125 0.6833333333333333 0.9765625 0.6854166666666667 0.9625 0.6854166666666667
0 0.9921875 0.5 0.9890625 0.5041666666666667 0.9875 0.5041666666666667 0.984375 0.5083333333333333 0.984375 0.5104166666666666 0.978125 0.51875 0.978125 0.5208333333333334 0.96875 0.5333333333333333 0.96875 0.5354166666666667 0.9671875 0.5375 0.965625 0.5375 0.9609375 0.54375 0.9609375 0.5458333333333333 0.959375 0.5479166666666667 0.959375 0.55 0.9578125 0.5520833333333334 0.9578125 0.5583333333333333 0.95625 0.5604166666666667 0.95625 0.5666666666666667 0.9578125 0.56875 0.9578125 0.5708333333333333 0.959375 0.5708333333333333 0.9609375 0.5729166666666666 0.9609375 0.575 0.9640625 0.5791666666666667 0.9640625 0.58125 0.965625 0.58125 0.9671875 0.5833333333333334 0.96875 0.5833333333333334 0.9703125 0.5854166666666667 0.971875 0.5854166666666667 0.9734375 0.5875 0.9765625 0.5875 0.978125 0.5895833333333333 0.98125 0.5895833333333333 0.9828125 0.5916666666666667 0.990625 0.5916666666666667 0.9921875 0.59375 0.996875 0.59375 0.9984375 0.5916666666666667 0.9984375 0.5041666666666667 0.996875 0.5020833333333333 0.996875 0.5