0 0.4018895348837209 0.39244186046511637 0.09156976744186043 0.12209302325581396
0 0.37172965116279066 0.5319767441860466 0.0879360465116279 0.15310077519379853
0 0.31504360465116277 0.6807170542635659 0.08066860465116284 0.14050387596899228
0 0.5784883720930233 0.4869186046511628 0.08575581395348841 0.12887596899224807
0 0.6028343023255814 0.5954457364341085 0.08648255813953484 0.12499999999999994
0 0.7198401162790697 0.5721899224806202 0.08648255813953484 0.1385658914728682
0 0.8717296511627908 0.5809108527131783 0.1053779069767442 0.1346899224806202
0 0.9087936046511629 0.4728682170542636 0.09520348837209305 0.10852713178294575
0 0.9628815406976745 0.5509205426356589 0.07111191860465098 0.12315891472868218
0 0.8695494186046513 0.6729651162790697 0.0966569767441861 0.11337209302325585
0 0.3578125 0.41458333333333336 0.3578125 0.42291666666666666 0.359375 0.425 0.359375 0.42916666666666664 0.3640625 0.4354166666666667 0.3640625 0.4375 0.3671875 0.44166666666666665 0.36875 0.44166666666666665 0.371875 0.44583333333333336 0.3734375 0.44583333333333336 0.375 0.4479166666666667 0.378125 0.4479166666666667 0.3796875 0.45 0.3921875 0.45 0.39375 0.4479166666666667 0.4 0.4479166666666667 0.4015625 0.44583333333333336 0.40625 0.44583333333333336 0.4078125 0.44375 0.4125 0.44375 0.4140625 0.44166666666666665 0.41875 0.44166666666666665 0.4203125 0.4395833333333333 0.434375 0.4395833333333333 0.4359375 0.4375 0.4390625 0.4375 0.440625 0.4354166666666667 0.4421875 0.4354166666666667 0.4453125 0.43125 0.4453125 0.42916666666666664 0.446875 0.4270833333333333 0.446875 0.4166666666666667 0.4453125 0.41458333333333336 0.4453125 0.41041666666666665 0.4421875 0.40625 0.4421875 0.4041666666666667 0.4375 0.39791666666666664 0.4375 0.3958333333333333 0.4234375 0.3770833333333333 0.4234375 0.375 0.4171875 0.36666666666666664 0.4171875 0.3645833333333333 0.409375 0.3541666666666667 0.4078125 0.3541666666666667 0.40625 0.35208333333333336 0.4046875 0.35208333333333336 0.403125 0.35 0.3953125 0.35 0.39375 0.35208333333333336 0.384375 0.35208333333333336 0.3828125 0.3541666666666667 0.3828125 0.35625 0.3796875 0.36041666666666666 0.3796875 0.3625 0.375 0.36875 0.375 0.37083333333333335 0.3734375 0.3729166666666667 0.3734375 0.375 0.371875 0.3770833333333333 0.371875 0.37916666666666665 0.3703125 0.38125 0.3703125 0.38333333333333336 0.365625 0.38958333333333334 0.365625 0.39166666666666666 0.3640625 0.39375 0.3640625 0.3958333333333333 0.3625 0.39791666666666664 0.3625 0.40208333333333335 0.3609375 0.4041666666666667 0.3609375 0.40625 0.359375 0.4083333333333333 0.359375 0.4125
0 0.353125 0.48541666666666666 0.3515625 0.4875 0.35 0.4875 0.3453125 0.49375 0.34375 0.49375 0.3421875 0.49583333333333335 0.340625 0.49583333333333335 0.3390625 0.4979166666666667 0.3375 0.4979166666666667 0.3359375 0.5 0.334375 0.5 0.334375 0.5020833333333333 0.3328125 0.5041666666666667 0.3328125 0.50625 0.33125 0.5083333333333333 0.33125 0.5104166666666666 0.3296875 0.5125 0.3296875 0.5145833333333333 0.328125 0.5166666666666667 0.328125 0.53125 0.3296875 0.5333333333333333 0.3296875 0.5375 0.33125 0.5395833333333333 0.33125 0.5416666666666666 0.3328125 0.54375 0.3328125 0.5458333333333333 0.334375 0.5479166666666667 0.334375 0.5520833333333334 0.3484375 0.5708333333333333 0.35 0.5708333333333333 0.353125 0.575 0.353125 0.5770833333333333 0.3578125 0.5833333333333334 0.359375 0.5833333333333334 0.3734375 0.6020833333333333 0.375 0.6020833333333333 0.3765625 0.6041666666666666 0.3796875 0.6041666666666666 0.38125 0.60625 0.3828125 0.60625 0.384375 0.6041666666666666 0.3859375 0.6041666666666666 0.3875 0.6020833333333333 0.3890625 0.6020833333333333 0.390625 0.6 0.390625 0.5979166666666667 0.39375 0.59375 0.39375 0.5916666666666667 0.3953125 0.5895833333333333 0.3953125 0.5875 0.396875 0.5854166666666667 0.396875 0.58125 0.3984375 0.5791666666666667 0.3984375 0.575 0.4 0.5729166666666666 0.4 0.5666666666666667 0.4015625 0.5645833333333333 0.4015625 0.5583333333333333 0.403125 0.55625 0.403125 0.5541666666666667 0.4046875 0.5520833333333334 0.4046875 0.55 0.40625 0.5479166666666667 0.40625 0.5458333333333333 0.4078125 0.54375 0.4078125 0.5416666666666666 0.409375 0.5395833333333333 0.409375 0.5354166666666667 0.4109375 0.5333333333333333 0.4109375 0.53125 0.4125 0.5291666666666667 0.4125 0.51875 0.4109375 0.5166666666666667 0.4109375 0.50625 0.409375 0.5041666666666667 0.409375 0.5 0.40625 0.49583333333333335 0.403125 0.49583333333333335 0.4015625 0.49375 0.4 0.49583333333333335 0.4 0.4979166666666667 0.3984375 0.5 0.3984375 0.5020833333333333 0.3953125 0.50625 0.3953125 0.5083333333333333 0.390625 0.5145833333333333 0.3890625 0.5145833333333333 0.3875 0.5166666666666667 0.3859375 0.5145833333333333 0.384375 0.5145833333333333 0.3828125 0.5125 0.38125 0.5125 0.378125 0.5083333333333333 0.378125 0.5041666666666667 0.3765625 0.5020833333333333 0.3765625 0.5 0.375 0.4979166666666667 0.375 0.49375 0.3734375 0.49166666666666664 0.371875 0.49166666666666664 0.365625 0.48333333333333334 0.3640625 0.48333333333333334 0.3625 0.48541666666666666
0 0.2734375 0.6708333333333333 0.2734375 0.6770833333333334 0.275 0.6791666666666667 0.275 0.6854166666666667 0.2765625 0.6875 0.2765625 0.69375 0.278125 0.6958333333333333 0.278125 0.7 0.2796875 0.7020833333333333 0.2796875 0.7041666666666667 0.28125 0.70625 0.28125 0.7104166666666667 0.2828125 0.7125 0.2828125 0.7229166666666667 0.284375 0.725 0.284375 0.7291666666666666 0.2859375 0.73125 0.2859375 0.7354166666666667 0.2875 0.7375 0.2875 0.7395833333333334 0.290625 0.74375 0.2921875 0.74375 0.29375 0.7458333333333333 0.296875 0.7458333333333333 0.2984375 0.7479166666666667 0.3015625 0.7479166666666667 0.303125 0.7458333333333333 0.3078125 0.7458333333333333 0.309375 0.74375 0.3109375 0.74375 0.3140625 0.7395833333333334 0.315625 0.7395833333333334 0.3171875 0.7375 0.31875 0.7375 0.3203125 0.7354166666666667 0.321875 0.7354166666666667 0.3265625 0.7291666666666666 0.328125 0.7291666666666666 0.33125 0.725 0.3328125 0.725 0.334375 0.7229166666666667 0.3375 0.7229166666666667 0.3390625 0.7208333333333333 0.340625 0.7208333333333333 0.3421875 0.71875 0.34375 0.71875 0.35 0.7104166666666667 0.35 0.7083333333333334 0.3515625 0.70625 0.3515625 0.7020833333333333 0.3484375 0.6979166666666666 0.346875 0.6979166666666666 0.34375 0.69375 0.3421875 0.69375 0.340625 0.6916666666666667 0.3390625 0.6916666666666667 0.33125 0.7020833333333333 0.3296875 0.7020833333333333 0.328125 0.7041666666666667 0.3265625 0.7041666666666667 0.325 0.70625 0.3171875 0.70625 0.3125 0.7 0.3125 0.69375 0.3109375 0.6916666666666667 0.3109375 0.6708333333333333 0.3078125 0.6666666666666666 0.303125 0.6666666666666666 0.3015625 0.6645833333333333 0.3 0.6645833333333333 0.2953125 0.6583333333333333 0.29375 0.6583333333333333 0.2890625 0.6520833333333333 0.2890625 0.65 0.290625 0.6479166666666667 0.290625 0.6458333333333334 0.2859375 0.6458333333333334 0.284375 0.6479166666666667 0.284375 0.65 0.2828125 0.6520833333333333 0.2828125 0.65625 0.28125 0.6583333333333333 0.28125 0.6604166666666667 0.2796875 0.6625 0.278125 0.6625 0.2765625 0.6645833333333333 0.2765625 0.6666666666666666
0 0.55625 0.44375 0.553125 0.4479166666666667 0.553125 0.45 0.55 0.45416666666666666 0.55 0.45625 0.546875 0.46041666666666664 0.546875 0.4625 0.5453125 0.46458333333333335 0.5453125 0.46875 0.5421875 0.47291666666666665 0.5421875 0.475 0.540625 0.47708333333333336 0.540625 0.4791666666666667 0.5390625 0.48125 0.5390625 0.48333333333333334 0.5375 0.48541666666666666 0.5375 0.49166666666666664 0.5359375 0.49375 0.5359375 0.5104166666666666 0.5375 0.5125 0.5375 0.5145833333333333 0.5390625 0.5166666666666667 0.5390625 0.51875 0.5484375 0.53125 0.5484375 0.5354166666666667 0.55 0.5375 0.55 0.5395833333333333 0.553125 0.54375 0.553125 0.5458333333333333 0.5546875 0.5458333333333333 0.55625 0.5479166666666667 0.5578125 0.5479166666666667 0.559375 0.55 0.5671875 0.55 0.56875 0.5479166666666667 0.575 0.5479166666666667 0.5765625 0.5458333333333333 0.5796875 0.5458333333333333 0.5828125 0.5416666666666666 0.584375 0.5416666666666666 0.5859375 0.5395833333333333 0.5875 0.5395833333333333 0.590625 0.5354166666666667 0.5921875 0.5354166666666667 0.59375 0.5333333333333333 0.5953125 0.5333333333333333 0.596875 0.53125 0.5984375 0.53125 0.6 0.5291666666666667 0.6015625 0.5291666666666667 0.603125 0.5270833333333333 0.6046875 0.5270833333333333 0.60625 0.525 0.6078125 0.525 0.615625 0.5145833333333333 0.615625 0.5125 0.61875 0.5083333333333333 0.61875 0.5 0.6171875 0.4979166666666667 0.615625 0.4979166666666667 0.6140625 0.49583333333333335 0.6125 0.49583333333333335 0.6046875 0.48541666666666666 0.6046875 0.48333333333333334 0.603125 0.48125 0.603125 0.4791666666666667 0.5984375 0.47291666666666665 0.5984375 0.4708333333333333 0.596875 0.4708333333333333 0.5921875 0.46458333333333335 0.5921875 0.4625 0.590625 0.46041666666666664 0.590625 0.4583333333333333 0.584375 0.45 0.5828125 0.45 0.58125 0.4479166666666667 0.5796875 0.4479166666666667 0.578125 0.45 0.575 0.45 0.5734375 0.4479166666666667 0.5625 0.4479166666666667 0.5609375 0.44583333333333336 0.5609375 0.44375
0 0.6078125 0.5375 0.6046875 0.5375 0.603125 0.5354166666666667 0.6015625 0.5354166666666667 0.6 0.5375 0.59375 0.5375 0.5921875 0.5395833333333333 0.590625 0.5395833333333333 0.5875 0.54375 0.5859375 0.54375 0.578125 0.5541666666666667 0.578125 0.55625 0.5703125 0.5666666666666667 0.5703125 0.56875 0.56875 0.5708333333333333 0.56875 0.5770833333333333 0.5671875 0.5791666666666667 0.5671875 0.5854166666666667 0.565625 0.5875 0.565625 0.59375 0.5640625 0.5958333333333333 0.5640625 0.6 0.5625 0.6020833333333333 0.5625 0.6125 0.5609375 0.6145833333333334 0.5609375 0.61875 0.559375 0.6208333333333333 0.559375 0.6270833333333333 0.5578125 0.6291666666666667 0.5578125 0.6333333333333333 0.559375 0.6354166666666666 0.559375 0.64375 0.5625 0.6479166666666667 0.5625 0.65 0.5640625 0.65 0.565625 0.6520833333333333 0.5671875 0.6520833333333333 0.56875 0.6541666666666667 0.5859375 0.6541666666666667 0.5875 0.6520833333333333 0.5953125 0.6520833333333333 0.596875 0.65 0.603125 0.65 0.6046875 0.6479166666666667 0.615625 0.6479166666666667 0.6171875 0.6458333333333334 0.621875 0.6458333333333334 0.6234375 0.64375 0.6265625 0.64375 0.6296875 0.6395833333333333 0.63125 0.6395833333333333 0.6328125 0.6375 0.634375 0.6375 0.6359375 0.6354166666666666 0.6375 0.6354166666666666 0.640625 0.63125 0.640625 0.6291666666666667 0.6421875 0.6270833333333333 0.6421875 0.625 0.64375 0.6229166666666667 0.64375 0.6 0.6421875 0.5979166666666667 0.6421875 0.59375 0.640625 0.5916666666666667 0.640625 0.5895833333333333 0.6390625 0.5875 0.6390625 0.5854166666666667 0.6375 0.5833333333333334 0.6375 0.5791666666666667 0.6359375 0.5770833333333333 0.6359375 0.575 0.63125 0.56875 0.63125 0.5666666666666667 0.6296875 0.5645833333333333 0.6296875 0.5625 0.6265625 0.5583333333333333 0.625 0.5583333333333333 0.621875 0.5541666666666667 0.621875 0.5520833333333334 0.6203125 0.5520833333333334 0.61875 0.55 0.6171875 0.55
0 0.6984375 0.525 0.6953125 0.5291666666666667 0.69375 0.5291666666666667 0.6921875 0.53125 0.6921875 0.5333333333333333 0.6890625 0.5375 0.6890625 0.5395833333333333 0.684375 0.5458333333333333 0.684375 0.5479166666666667 0.68125 0.5520833333333334 0.68125 0.55625 0.6796875 0.5583333333333333 0.6796875 0.5604166666666667 0.678125 0.5625 0.678125 0.5666666666666667 0.6765625 0.56875 0.6765625 0.5729166666666666 0.678125 0.575 0.678125 0.58125 0.6796875 0.5833333333333334 0.6796875 0.5875 0.6828125 0.5916666666666667 0.6828125 0.59375 0.6859375 0.5979166666666667 0.6859375 0.6 0.690625 0.60625 0.690625 0.6083333333333333 0.69375 0.6083333333333333 0.6953125 0.6104166666666667 0.696875 0.6104166666666667 0.6984375 0.6125 0.7 0.6125 0.7015625 0.6145833333333334 0.703125 0.6145833333333334 0.7046875 0.6166666666666667 0.70625 0.6166666666666667 0.7078125 0.61875 0.709375 0.61875 0.7109375 0.6208333333333333 0.7125 0.6208333333333333 0.7140625 0.6229166666666667 0.715625 0.6229166666666667 0.7171875 0.625 0.71875 0.625 0.7203125 0.6270833333333333 0.721875 0.6270833333333333 0.725 0.63125 0.7265625 0.63125 0.728125 0.6333333333333333 0.7296875 0.6333333333333333 0.73125 0.6354166666666666 0.734375 0.6354166666666666 0.7359375 0.6375 0.74375 0.6375 0.7453125 0.6354166666666666 0.746875 0.6354166666666666 0.7484375 0.6333333333333333 0.7484375 0.63125 0.753125 0.625 0.753125 0.6208333333333333 0.7546875 0.61875 0.7546875 0.5979166666666667 0.75625 0.5958333333333333 0.75625 0.5854166666666667 0.7578125 0.5833333333333334 0.7578125 0.5791666666666667 0.759375 0.5770833333333333 0.759375 0.5708333333333333 0.7609375 0.56875 0.7609375 0.55625 0.759375 0.5541666666666667 0.759375 0.5479166666666667 0.7578125 0.5458333333333333 0.7578125 0.5416666666666666 0.7546875 0.5375 0.7546875 0.5354166666666667 0.7515625 0.53125 0.75 0.53125 0.746875 0.5270833333333333 0.7453125 0.5270833333333333 0.74375 0.525 0.740625 0.525 0.7390625 0.5229166666666667 0.728125 0.5229166666666667 0.7265625 0.5208333333333334 0.7109375 0.5208333333333334 0.709375 0.5229166666666667 0.703125 0.5229166666666667 0.7015625 0.525
0 0.821875 0.5520833333333334 0.821875 0.5541666666666667 0.8203125 0.55625 0.8203125 0.56875 0.821875 0.5708333333333333 0.821875 0.5729166666666666 0.8234375 0.575 0.8234375 0.5770833333333333 0.825 0.5791666666666667 0.825 0.58125 0.828125 0.5854166666666667 0.828125 0.5875 0.8296875 0.5895833333333333 0.8296875 0.5916666666666667 0.834375 0.5979166666666667 0.834375 0.6 0.8375 0.6041666666666666 0.8390625 0.6041666666666666 0.84375 0.6104166666666667 0.846875 0.6104166666666667 0.8484375 0.6125 0.85 0.6125 0.8546875 0.61875 0.85625 0.61875 0.8578125 0.6208333333333333 0.8609375 0.6208333333333333 0.8625 0.6229166666666667 0.8640625 0.6229166666666667 0.8703125 0.63125 0.871875 0.63125 0.8765625 0.6375 0.878125 0.6375 0.8796875 0.6395833333333333 0.88125 0.6395833333333333 0.8828125 0.6416666666666667 0.884375 0.6416666666666667 0.8859375 0.64375 0.8875 0.64375 0.8890625 0.6458333333333334 0.8921875 0.6458333333333334 0.89375 0.64375 0.8984375 0.64375 0.9 0.6416666666666667 0.9015625 0.6416666666666667 0.9078125 0.6333333333333333 0.9078125 0.63125 0.909375 0.6291666666666667 0.909375 0.6229166666666667 0.9109375 0.6208333333333333 0.9109375 0.6145833333333334 0.9125 0.6125 0.9125 0.60625 0.9140625 0.6041666666666666 0.9140625 0.5916666666666667 0.915625 0.5895833333333333 0.915625 0.5854166666666667 0.91875 0.58125 0.91875 0.5791666666666667 0.9203125 0.5770833333333333 0.9203125 0.5708333333333333 0.921875 0.56875 0.921875 0.5604166666666667 0.9234375 0.5583333333333333 0.9234375 0.5541666666666667 0.921875 0.5520833333333334 0.921875 0.5458333333333333 0.9203125 0.54375 0.9203125 0.5395833333333333 0.91875 0.5375 0.890625 0.5375 0.8890625 0.5354166666666667 0.884375 0.5354166666666667 0.8828125 0.5333333333333333 0.8734375 0.5333333333333333 0.871875 0.5354166666666667 0.8703125 0.5354166666666667 0.86875 0.5375 0.8671875 0.5375 0.865625 0.5395833333333333 0.8625 0.5395833333333333 0.8609375 0.5416666666666666 0.8578125 0.5416666666666666 0.85625 0.5395833333333333 0.85 0.5395833333333333 0.8484375 0.5375 0.8453125 0.5375 0.84375 0.5354166666666667 0.840625 0.5354166666666667 0.8390625 0.5333333333333333 0.8375 0.5354166666666667 0.8359375 0.5354166666666667 0.8296875 0.54375 0.8296875 0.5458333333333333 0.8265625 0.55 0.8234375 0.55
0 0.8671875 0.4479166666666667 0.8671875 0.45 0.865625 0.45208333333333334 0.865625 0.45416666666666666 0.8640625 0.45625 0.8640625 0.4583333333333333 0.8625 0.46041666666666664 0.8625 0.48333333333333334 0.8640625 0.48541666666666666 0.8640625 0.4895833333333333 0.865625 0.49166666666666664 0.865625 0.49583333333333335 0.8671875 0.4979166666666667 0.8671875 0.5041666666666667 0.86875 0.50625 0.86875 0.5083333333333333 0.8703125 0.5104166666666666 0.884375 0.5104166666666666 0.8859375 0.5125 0.9 0.5125 0.9015625 0.5145833333333333 0.9125 0.5145833333333333 0.9140625 0.5166666666666667 0.9203125 0.5166666666666667 0.921875 0.51875 0.928125 0.51875 0.9296875 0.5208333333333334 0.93125 0.5208333333333334 0.9328125 0.5229166666666667 0.9359375 0.5229166666666667 0.9359375 0.5208333333333334 0.9421875 0.5125 0.94375 0.5125 0.946875 0.5083333333333333 0.946875 0.50625 0.953125 0.4979166666666667 0.953125 0.49583333333333335 0.9546875 0.49375 0.9546875 0.48333333333333334 0.946875 0.47291666666666665 0.946875 0.4708333333333333 0.9421875 0.46458333333333335 0.9421875 0.4625 0.9390625 0.4583333333333333 0.9375 0.4583333333333333 0.934375 0.45416666666666666 0.9328125 0.45416666666666666 0.9296875 0.45 0.928125 0.45 0.9265625 0.4479166666666667 0.9234375 0.4479166666666667 0.921875 0.44583333333333336 0.91875 0.44583333333333336 0.9171875 0.44375 0.9140625 0.44375 0.9125 0.44166666666666665 0.909375 0.44166666666666665 0.9078125 0.4395833333333333 0.9046875 0.4395833333333333 0.903125 0.4375 0.9015625 0.4375 0.9 0.4354166666666667 0.8890625 0.4354166666666667 0.8875 0.43333333333333335 0.8828125 0.43333333333333335 0.88125 0.4354166666666667 0.878125 0.4354166666666667 0.8765625 0.4375 0.875 0.4375
0 0.996875 0.5166666666666667 0.9953125 0.5166666666666667 0.99375 0.5145833333333333 0.990625 0.5145833333333333 0.9890625 0.5125 0.9875 0.5125 0.9859375 0.5104166666666666 0.984375 0.5104166666666666 0.9796875 0.5041666666666667 0.975 0.5041666666666667 0.9734375 0.5020833333333333 0.9625 0.5020833333333333 0.9609375 0.5 0.959375 0.5 0.9578125 0.4979166666666667 0.9546875 0.5020833333333333 0.953125 0.5020833333333333 0.9421875 0.5166666666666667 0.940625 0.5166666666666667 0.9390625 0.51875 0.9390625 0.525 0.940625 0.5270833333333333 0.940625 0.53125 0.9390625 0.5333333333333333 0.9375 0.5333333333333333 0.9359375 0.5354166666666667 0.928125 0.5354166666666667 0.9265625 0.5375 0.9265625 0.55625 0.928125 0.5583333333333333 0.928125 0.5833333333333334 0.9296875 0.5854166666666667 0.9296875 0.59375 0.93125 0.5958333333333333 0.93125 0.6 0.9359375 0.60625 0.9375 0.60625 0.9390625 0.6083333333333333 0.940625 0.6083333333333333 0.9421875 0.6104166666666667 0.9578125 0.6104166666666667 0.959375 0.6083333333333333 0.9609375 0.6083333333333333 0.9625 0.60625 0.9640625 0.60625 0.965625 0.6041666666666666 0.9671875 0.6041666666666666 0.96875 0.6020833333333333 0.9734375 0.6020833333333333 0.975 0.6 0.9859375 0.6 0.9875 0.5979166666666667 0.990625 0.5979166666666667 0.9921875 0.5958333333333333 0.9953125 0.5958333333333333 0.996875 0.59375 0.996875 0.5916666666666667 0.9984375 0.5895833333333333 0.9984375 0.5208333333333334 0.996875 0.51875
0 0.915625 0.6520833333333333 0.9140625 0.65 0.9140625 0.6416666666666667 0.9125 0.6395833333333333 0.9125 0.6375 0.909375 0.6375 0.90625 0.6416666666666667 0.9046875 0.6416666666666667 0.903125 0.64375 0.9015625 0.64375 0.9 0.6458333333333334 0.8984375 0.6458333333333334 0.896875 0.6479166666666667 0.8875 0.6479166666666667 0.884375 0.6520833333333333 0.884375 0.6625 0.8828125 0.6645833333333333 0.8828125 0.6666666666666666 0.8796875 0.6708333333333333 0.8703125 0.6708333333333333 0.86875 0.66875 0.8671875 0.66875 0.865625 0.6666666666666666 0.8640625 0.6666666666666666 0.8625 0.6645833333333333 0.859375 0.6645833333333333 0.8546875 0.6583333333333333 0.8515625 0.6583333333333333 0.85 0.6604166666666667 0.8484375 0.6604166666666667 0.846875 0.6625 0.8453125 0.6625 0.8421875 0.6666666666666666 0.834375 0.6666666666666666 0.83125 0.6625 0.83125 0.65625 0.8265625 0.65625 0.825 0.6583333333333333 0.821875 0.6583333333333333 0.821875 0.6666666666666666 0.8234375 0.66875 0.8234375 0.6729166666666667 0.8265625 0.6770833333333334 0.8265625 0.6791666666666667 0.83125 0.6854166666666667 0.83125 0.6875 0.834375 0.6916666666666667 0.834375 0.69375 0.846875 0.7104166666666667 0.8484375 0.7104166666666667 0.8515625 0.7145833333333333 0.853125 0.7145833333333333 0.85625 0.71875 0.8578125 0.71875 0.859375 0.7208333333333333 0.8609375 0.7208333333333333 0.8625 0.7229166666666667 0.8640625 0.7229166666666667 0.865625 0.725 0.88125 0.725 0.8828125 0.7229166666666667 0.884375 0.7229166666666667 0.8890625 0.7166666666666667 0.890625 0.7166666666666667 0.8921875 0.7145833333333333 0.89375 0.7145833333333333 0.8953125 0.7125 0.9 0.7125 0.9015625 0.7104166666666667 0.903125 0.7104166666666667 0.9078125 0.7041666666666667 0.9078125 0.7020833333333333 0.9125 0.6958333333333333 0.9125 0.69375 0.9140625 0.6916666666666667 0.9140625 0.68125 0.915625 0.6791666666666667