0 0.38735465116279066 0.3527131782945736 0.09883720930232558 0.1337209302325581
0 0.3517441860465116 0.501453488372093 0.09593023255813952 0.1598837209302325
0 0.29433139534883723 0.6613372093023256 0.08720930232558137 0.14631782945736424
0 0.5773982558139534 0.45009689922480617 0.09375 0.1366279069767442
0 0.6042877906976745 0.563953488372093 0.0995639534883721 0.13565891472868216
0 0.7336482558139535 0.5314922480620156 0.0966569767441861 0.15019379844961242
0 0.9062500000000002 0.5324612403100776 0.12354651162790695 0.1443798449612403
0 0.9454396802325583 0.4213420542635659 0.1059956395348836 0.11981589147286821
0 0.9832303779069769 0.5137596899224807 0.030414244186046345 0.12248062015503874
0 0.9055232558139537 0.6429263565891473 0.1133720930232558 0.12693798449612406
0 0.359375 0.3145833333333333 0.359375 0.31666666666666665 0.35625 0.32083333333333336 0.35625 0.3229166666666667 0.3546875 0.325 0.3546875 0.32916666666666666 0.353125 0.33125 0.353125 0.3333333333333333 0.3515625 0.33541666666666664 0.3515625 0.33958333333333335 0.35 0.3416666666666667 0.35 0.34375 0.3484375 0.3458333333333333 0.3484375 0.34791666666666665 0.346875 0.35 0.346875 0.35208333333333336 0.3453125 0.3541666666666667 0.3453125 0.35625 0.34375 0.35833333333333334 0.34375 0.3625 0.3421875 0.3645833333333333 0.3421875 0.36875 0.340625 0.37083333333333335 0.340625 0.3729166666666667 0.3390625 0.375 0.3390625 0.3854166666666667 0.340625 0.3875 0.340625 0.38958333333333334 0.34375 0.39375 0.34375 0.3958333333333333 0.3453125 0.39791666666666664 0.346875 0.39791666666666664 0.353125 0.40625 0.353125 0.4083333333333333 0.3546875 0.41041666666666665 0.3578125 0.41041666666666665 0.359375 0.4125 0.3625 0.4125 0.3640625 0.41458333333333336 0.3796875 0.41458333333333336 0.38125 0.4125 0.3859375 0.4125 0.3875 0.41041666666666665 0.390625 0.41041666666666665 0.3921875 0.4083333333333333 0.3953125 0.4083333333333333 0.396875 0.40625 0.4 0.40625 0.4015625 0.4041666666666667 0.40625 0.4041666666666667 0.4078125 0.40208333333333335 0.415625 0.40208333333333335 0.4171875 0.4 0.4265625 0.4 0.428125 0.39791666666666664 0.4296875 0.39791666666666664 0.4359375 0.38958333333333334 0.4359375 0.375 0.434375 0.3729166666666667 0.434375 0.37083333333333335 0.425 0.35833333333333334 0.425 0.35625 0.415625 0.34375 0.415625 0.3416666666666667 0.4140625 0.33958333333333335 0.4125 0.33958333333333335 0.4109375 0.3375 0.4109375 0.33541666666666664 0.4046875 0.32708333333333334 0.4046875 0.325 0.396875 0.3145833333333333 0.3953125 0.3145833333333333 0.39375 0.3125 0.3921875 0.3125 0.3890625 0.30833333333333335 0.3875 0.30833333333333335 0.3859375 0.30625 0.378125 0.30625 0.3765625 0.30833333333333335 0.36875 0.30833333333333335 0.3671875 0.3104166666666667 0.3640625 0.3104166666666667 0.3609375 0.3145833333333333
0 0.3296875 0.4479166666666667 0.3265625 0.45208333333333334 0.325 0.45208333333333334 0.321875 0.45625 0.3203125 0.45625 0.309375 0.4708333333333333 0.309375 0.47291666666666665 0.3078125 0.475 0.3078125 0.47708333333333336 0.30625 0.4791666666666667 0.30625 0.48333333333333334 0.3046875 0.48541666666666666 0.3046875 0.4895833333333333 0.30625 0.49166666666666664 0.30625 0.5 0.3078125 0.5020833333333333 0.3078125 0.50625 0.309375 0.5083333333333333 0.309375 0.5125 0.3109375 0.5145833333333333 0.3109375 0.5166666666666667 0.3125 0.51875 0.3125 0.5208333333333334 0.315625 0.525 0.3171875 0.525 0.3203125 0.5291666666666667 0.3203125 0.53125 0.325 0.5375 0.3265625 0.5375 0.3296875 0.5416666666666666 0.33125 0.5416666666666666 0.3328125 0.54375 0.3328125 0.5458333333333333 0.3390625 0.5541666666666667 0.340625 0.5541666666666667 0.353125 0.5708333333333333 0.3546875 0.5708333333333333 0.3578125 0.575 0.359375 0.575 0.3609375 0.5770833333333333 0.36875 0.5770833333333333 0.378125 0.5645833333333333 0.378125 0.5625 0.3796875 0.5604166666666667 0.3796875 0.5583333333333333 0.38125 0.55625 0.38125 0.55 0.3828125 0.5479166666666667 0.3828125 0.5458333333333333 0.384375 0.54375 0.384375 0.5354166666666667 0.3859375 0.5333333333333333 0.3859375 0.5270833333333333 0.3875 0.525 0.3875 0.5229166666666667 0.3890625 0.5208333333333334 0.3890625 0.51875 0.3921875 0.5145833333333333 0.3921875 0.5104166666666666 0.39375 0.5083333333333333 0.39375 0.50625 0.3953125 0.5041666666666667 0.3953125 0.5020833333333333 0.396875 0.5 0.396875 0.47708333333333336 0.3953125 0.475 0.3953125 0.4708333333333333 0.39375 0.46875 0.39375 0.46458333333333335 0.390625 0.46041666666666664 0.3890625 0.46041666666666664 0.3875 0.4583333333333333 0.3828125 0.4583333333333333 0.38125 0.46041666666666664 0.38125 0.4625 0.3703125 0.47708333333333336 0.3625 0.47708333333333336 0.3578125 0.4708333333333333 0.3578125 0.46875 0.35625 0.4666666666666667 0.35625 0.46458333333333335 0.3546875 0.4625 0.3546875 0.46041666666666664 0.353125 0.4583333333333333 0.353125 0.45625 0.3515625 0.45416666666666666 0.3515625 0.45 0.35 0.4479166666666667 0.35 0.44583333333333336 0.340625 0.44583333333333336 0.3390625 0.4479166666666667
0 0.25 0.6458333333333334 0.25 0.6541666666666667 0.2515625 0.65625 0.2515625 0.6645833333333333 0.253125 0.6666666666666666 0.253125 0.6708333333333333 0.2546875 0.6729166666666667 0.2546875 0.6770833333333334 0.25625 0.6791666666666667 0.25625 0.6833333333333333 0.2578125 0.6854166666666667 0.2578125 0.6875 0.2609375 0.6916666666666667 0.2609375 0.69375 0.2625 0.6958333333333333 0.2625 0.70625 0.2640625 0.7083333333333334 0.2640625 0.7125 0.265625 0.7145833333333333 0.265625 0.71875 0.2671875 0.7208333333333333 0.2671875 0.7229166666666667 0.2703125 0.7270833333333333 0.271875 0.7270833333333333 0.275 0.73125 0.2859375 0.73125 0.2875 0.7291666666666666 0.290625 0.7291666666666666 0.29375 0.725 0.2953125 0.725 0.296875 0.7229166666666667 0.2984375 0.7229166666666667 0.3 0.7208333333333333 0.3015625 0.7208333333333333 0.30625 0.7145833333333333 0.3078125 0.7145833333333333 0.3140625 0.70625 0.31875 0.70625 0.3203125 0.7041666666666667 0.321875 0.7041666666666667 0.3234375 0.7020833333333333 0.325 0.7020833333333333 0.3328125 0.6916666666666667 0.3328125 0.6895833333333333 0.334375 0.6875 0.334375 0.6854166666666667 0.3328125 0.6833333333333333 0.3328125 0.68125 0.33125 0.6791666666666667 0.3296875 0.6791666666666667 0.328125 0.6770833333333334 0.3265625 0.6770833333333334 0.321875 0.6708333333333333 0.31875 0.6708333333333333 0.3171875 0.66875 0.315625 0.6708333333333333 0.315625 0.6729166666666667 0.3109375 0.6791666666666667 0.309375 0.6791666666666667 0.3078125 0.68125 0.30625 0.68125 0.303125 0.6854166666666667 0.2921875 0.6854166666666667 0.2890625 0.68125 0.2890625 0.6791666666666667 0.2875 0.6770833333333334 0.2875 0.6729166666666667 0.2859375 0.6708333333333333 0.2859375 0.6583333333333333 0.2875 0.65625 0.2875 0.64375 0.284375 0.64375 0.2828125 0.6416666666666667 0.278125 0.6416666666666667 0.2765625 0.6395833333333333 0.2734375 0.6395833333333333 0.2671875 0.63125 0.265625 0.63125 0.2640625 0.6291666666666667 0.2609375 0.6291666666666667 0.2578125 0.6333333333333333 0.2578125 0.6354166666666666
0 0.553125 0.40208333333333335 0.5515625 0.4041666666666667 0.55 0.4041666666666667 0.5484375 0.40625 0.5484375 0.4083333333333333 0.5453125 0.4125 0.5453125 0.41458333333333336 0.54375 0.4166666666666667 0.54375 0.41875 0.5421875 0.42083333333333334 0.5421875 0.42291666666666666 0.540625 0.425 0.540625 0.42916666666666664 0.5390625 0.43125 0.5390625 0.43333333333333335 0.5359375 0.4375 0.5359375 0.4395833333333333 0.534375 0.44166666666666665 0.534375 0.44583333333333336 0.5328125 0.4479166666666667 0.5328125 0.45625 0.53125 0.4583333333333333 0.53125 0.46875 0.5328125 0.4708333333333333 0.5328125 0.4791666666666667 0.54375 0.49375 0.54375 0.49583333333333335 0.5453125 0.4979166666666667 0.5453125 0.5 0.546875 0.5020833333333333 0.546875 0.5041666666666667 0.5484375 0.50625 0.5484375 0.5083333333333333 0.55 0.5104166666666666 0.5515625 0.5104166666666666 0.553125 0.5125 0.5546875 0.5125 0.55625 0.5145833333333333 0.5671875 0.5145833333333333 0.56875 0.5125 0.575 0.5125 0.5765625 0.5104166666666666 0.578125 0.5104166666666666 0.5796875 0.5083333333333333 0.58125 0.5083333333333333 0.5828125 0.50625 0.584375 0.50625 0.59375 0.49375 0.5984375 0.49375 0.6 0.49166666666666664 0.603125 0.49166666666666664 0.6046875 0.4895833333333333 0.60625 0.4895833333333333 0.6203125 0.4708333333333333 0.6203125 0.46458333333333335 0.621875 0.4625 0.621875 0.4583333333333333 0.6203125 0.45625 0.61875 0.45625 0.6171875 0.45416666666666666 0.615625 0.45416666666666666 0.6140625 0.45208333333333334 0.6125 0.45208333333333334 0.609375 0.4479166666666667 0.609375 0.44583333333333336 0.6078125 0.44583333333333336 0.6046875 0.44166666666666665 0.6046875 0.4395833333333333 0.603125 0.4375 0.603125 0.4354166666666667 0.5984375 0.42916666666666664 0.5984375 0.4270833333333333 0.590625 0.4166666666666667 0.590625 0.41458333333333336 0.5828125 0.4041666666666667 0.575 0.4041666666666667 0.5734375 0.40208333333333335
0 0.6109375 0.5 0.6078125 0.5 0.60625 0.4979166666666667 0.6 0.4979166666666667 0.5984375 0.5 0.5953125 0.5 0.59375 0.5020833333333333 0.5921875 0.5020833333333333 0.5890625 0.50625 0.5875 0.50625 0.584375 0.5104166666666666 0.5828125 0.5104166666666666 0.578125 0.5166666666666667 0.578125 0.51875 0.5765625 0.5208333333333334 0.5765625 0.5229166666666667 0.56875 0.5333333333333333 0.56875 0.5375 0.5671875 0.5395833333333333 0.5671875 0.5458333333333333 0.565625 0.5479166666666667 0.565625 0.55625 0.5640625 0.5583333333333333 0.5640625 0.5645833333333333 0.5625 0.5666666666666667 0.5625 0.5729166666666666 0.5609375 0.575 0.5609375 0.5854166666666667 0.559375 0.5875 0.559375 0.5916666666666667 0.5578125 0.59375 0.5578125 0.6 0.55625 0.6020833333333333 0.55625 0.6041666666666666 0.5578125 0.60625 0.5578125 0.6145833333333334 0.559375 0.6166666666666667 0.559375 0.61875 0.5640625 0.625 0.5671875 0.625 0.56875 0.6270833333333333 0.5828125 0.6270833333333333 0.584375 0.625 0.5953125 0.625 0.596875 0.6229166666666667 0.603125 0.6229166666666667 0.6046875 0.6208333333333333 0.6140625 0.6208333333333333 0.615625 0.61875 0.621875 0.61875 0.6234375 0.6166666666666667 0.628125 0.6166666666666667 0.6296875 0.6145833333333334 0.6328125 0.6145833333333334 0.6359375 0.6104166666666667 0.6375 0.6104166666666667 0.6390625 0.6083333333333333 0.640625 0.6083333333333333 0.64375 0.6041666666666666 0.6453125 0.6041666666666666 0.6484375 0.6 0.6484375 0.5979166666666667 0.65 0.5958333333333333 0.65 0.5666666666666667 0.6484375 0.5645833333333333 0.6484375 0.5604166666666667 0.646875 0.5583333333333333 0.646875 0.55625 0.6453125 0.5541666666666667 0.6453125 0.55 0.64375 0.5479166666666667 0.64375 0.5458333333333333 0.6421875 0.54375 0.6421875 0.5416666666666666 0.640625 0.5395833333333333 0.640625 0.5375 0.634375 0.5291666666666667 0.634375 0.5270833333333333 0.628125 0.51875 0.6265625 0.51875 0.6203125 0.5104166666666666 0.61875 0.5104166666666666 0.615625 0.50625 0.6140625 0.50625 0.6109375 0.5020833333333333
0 0.7171875 0.475 0.7125 0.48125 0.7109375 0.48125 0.709375 0.48333333333333334 0.7078125 0.48333333333333334 0.70625 0.48541666666666666 0.7046875 0.48541666666666666 0.7 0.49166666666666664 0.7 0.49583333333333335 0.6984375 0.4979166666666667 0.6984375 0.5 0.6921875 0.5083333333333333 0.6921875 0.5104166666666666 0.690625 0.5125 0.690625 0.5166666666666667 0.6890625 0.51875 0.6890625 0.5229166666666667 0.6875 0.525 0.6875 0.5458333333333333 0.6890625 0.5479166666666667 0.6890625 0.55 0.6921875 0.5541666666666667 0.6921875 0.55625 0.6953125 0.5604166666666667 0.6953125 0.5625 0.7015625 0.5708333333333333 0.7015625 0.5729166666666666 0.703125 0.5729166666666666 0.7046875 0.575 0.70625 0.575 0.7078125 0.5770833333333333 0.709375 0.5770833333333333 0.7109375 0.5791666666666667 0.7125 0.5791666666666667 0.7140625 0.58125 0.71875 0.58125 0.721875 0.5854166666666667 0.7234375 0.5854166666666667 0.725 0.5875 0.7265625 0.5875 0.728125 0.5895833333333333 0.73125 0.5895833333333333 0.7328125 0.5916666666666667 0.7359375 0.5916666666666667 0.7375 0.59375 0.7390625 0.59375 0.7421875 0.5979166666666667 0.74375 0.5979166666666667 0.746875 0.6020833333333333 0.7625 0.6020833333333333 0.7703125 0.5916666666666667 0.7703125 0.5895833333333333 0.771875 0.5875 0.771875 0.5854166666666667 0.7734375 0.5833333333333334 0.7734375 0.56875 0.775 0.5666666666666667 0.775 0.55 0.7765625 0.5479166666666667 0.7765625 0.5416666666666666 0.778125 0.5395833333333333 0.778125 0.5333333333333333 0.7796875 0.53125 0.7796875 0.5145833333333333 0.778125 0.5125 0.778125 0.50625 0.7765625 0.5041666666666667 0.7765625 0.5020833333333333 0.775 0.5 0.775 0.4979166666666667 0.7734375 0.49583333333333335 0.7734375 0.49375 0.7671875 0.48541666666666666 0.765625 0.48541666666666666 0.7640625 0.48333333333333334 0.7640625 0.4791666666666667 0.759375 0.4791666666666667 0.7578125 0.47708333333333336 0.753125 0.47708333333333336 0.7515625 0.475 0.74375 0.475 0.7421875 0.47291666666666665 0.7375 0.47291666666666665 0.7359375 0.475 0.7234375 0.475 0.721875 0.47708333333333336 0.71875 0.47708333333333336
0 0.85625 0.4875 0.8515625 0.49375 0.8515625 0.49583333333333335 0.85 0.4979166666666667 0.85 0.5 0.8484375 0.5020833333333333 0.8484375 0.50625 0.846875 0.5083333333333333 0.846875 0.525 0.8484375 0.5270833333333333 0.8484375 0.5291666666666667 0.85 0.53125 0.85 0.5333333333333333 0.8515625 0.5354166666666667 0.8515625 0.5375 0.8546875 0.5416666666666666 0.8546875 0.54375 0.85625 0.5458333333333333 0.85625 0.5479166666666667 0.8609375 0.5541666666666667 0.8609375 0.55625 0.8625 0.5583333333333333 0.8640625 0.5583333333333333 0.871875 0.56875 0.8734375 0.56875 0.875 0.5708333333333333 0.8765625 0.5708333333333333 0.878125 0.5729166666666666 0.88125 0.5729166666666666 0.8828125 0.575 0.8859375 0.575 0.8875 0.5770833333333333 0.8890625 0.5770833333333333 0.890625 0.5791666666666667 0.8921875 0.5791666666666667 0.89375 0.58125 0.8953125 0.58125 0.896875 0.5833333333333334 0.9 0.5833333333333334 0.90625 0.5916666666666667 0.9078125 0.5916666666666667 0.9125 0.5979166666666667 0.9140625 0.5979166666666667 0.915625 0.6 0.9171875 0.6 0.91875 0.6020833333333333 0.9203125 0.6020833333333333 0.921875 0.6041666666666666 0.9375 0.6041666666666666 0.9390625 0.6020833333333333 0.940625 0.6020833333333333 0.9421875 0.6 0.94375 0.6 0.9484375 0.59375 0.9484375 0.5916666666666667 0.95 0.5895833333333333 0.95 0.5875 0.9515625 0.5854166666666667 0.9515625 0.575 0.953125 0.5729166666666666 0.953125 0.56875 0.9546875 0.5666666666666667 0.9546875 0.5541666666666667 0.95625 0.5520833333333334 0.95625 0.5395833333333333 0.9578125 0.5375 0.9578125 0.5354166666666667 0.959375 0.5333333333333333 0.959375 0.53125 0.9609375 0.5291666666666667 0.9609375 0.5270833333333333 0.9625 0.525 0.9625 0.51875 0.9640625 0.5166666666666667 0.9640625 0.5104166666666666 0.965625 0.5083333333333333 0.965625 0.49583333333333335 0.9640625 0.49375 0.9640625 0.4895833333333333 0.9625 0.4875 0.9625 0.48541666666666666 0.9609375 0.48333333333333334 0.9609375 0.47708333333333336 0.959375 0.47708333333333336 0.9578125 0.475 0.95625 0.475 0.9546875 0.47708333333333336 0.94375 0.47708333333333336 0.9421875 0.4791666666666667 0.934375 0.4791666666666667 0.9328125 0.47708333333333336 0.921875 0.47708333333333336 0.9203125 0.475 0.90625 0.475 0.9046875 0.47708333333333336 0.9015625 0.47708333333333336 0.9 0.4791666666666667 0.8984375 0.4791666666666667 0.8953125 0.48333333333333334 0.8828125 0.48333333333333334 0.88125 0.48125 0.8765625 0.48125 0.875 0.4791666666666667 0.8671875 0.4791666666666667 0.8625 0.48541666666666666 0.859375 0.48541666666666666 0.8578125 0.4875
0 0.896875 0.3958333333333333 0.896875 0.39791666666666664 0.8953125 0.4 0.8953125 0.40208333333333335 0.89375 0.4041666666666667 0.89375 0.41041666666666665 0.8921875 0.4125 0.8921875 0.42916666666666664 0.89375 0.43125 0.89375 0.4354166666666667 0.8953125 0.4375 0.8953125 0.44166666666666665 0.896875 0.44375 0.896875 0.4479166666666667 0.8984375 0.45 0.8984375 0.45208333333333334 0.9 0.45416666666666666 0.9015625 0.45416666666666666 0.903125 0.45625 0.9171875 0.45625 0.91875 0.45416666666666666 0.9265625 0.45416666666666666 0.928125 0.45625 0.9453125 0.45625 0.946875 0.4583333333333333 0.9609375 0.4583333333333333 0.9625 0.46041666666666664 0.96875 0.46041666666666664 0.9703125 0.4625 0.975 0.4625 0.9765625 0.46458333333333335 0.978125 0.46458333333333335 0.9796875 0.4666666666666667 0.9828125 0.4666666666666667 0.984375 0.46875 0.9875 0.46458333333333335 0.9875 0.4625 0.9890625 0.46041666666666664 0.9890625 0.4583333333333333 0.9921875 0.45416666666666666 0.99375 0.45416666666666666 0.9953125 0.45208333333333334 0.9953125 0.45 0.996875 0.4479166666666667 0.996875 0.4395833333333333 0.9984375 0.4375 0.9984375 0.43333333333333335 0.996875 0.43125 0.996875 0.41875 0.9953125 0.41875 0.9796875 0.39791666666666664 0.978125 0.39791666666666664 0.975 0.39375 0.9734375 0.39375 0.971875 0.39166666666666666 0.9703125 0.39166666666666666 0.96875 0.38958333333333334 0.9671875 0.38958333333333334 0.965625 0.3875 0.9640625 0.3875 0.9625 0.3854166666666667 0.959375 0.3854166666666667 0.9578125 0.38333333333333336 0.9546875 0.38333333333333336 0.953125 0.38125 0.95 0.38125 0.9484375 0.37916666666666665 0.9453125 0.37916666666666665 0.94375 0.3770833333333333 0.9390625 0.3770833333333333 0.9375 0.375 0.91875 0.375 0.9171875 0.3770833333333333 0.9140625 0.3770833333333333 0.9125 0.37916666666666665 0.909375 0.37916666666666665 0.9078125 0.38125 0.90625 0.38125 0.9 0.38958333333333334 0.9 0.39166666666666666
0 0.996875 0.45416666666666666 0.9953125 0.45416666666666666 0.990625 0.46041666666666664 0.990625 0.46458333333333335 0.9828125 0.475 0.975 0.475 0.9734375 0.47708333333333336 0.9703125 0.47708333333333336 0.96875 0.4791666666666667 0.96875 0.48125 0.9671875 0.48333333333333334 0.9671875 0.5041666666666667 0.96875 0.50625 0.96875 0.5208333333333334 0.9703125 0.5229166666666667 0.9703125 0.5354166666666667 0.971875 0.5375 0.971875 0.5479166666666667 0.9734375 0.55 0.9734375 0.55625 0.975 0.5583333333333333 0.975 0.5604166666666667 0.9796875 0.5666666666666667 0.98125 0.5666666666666667 0.9828125 0.56875 0.9859375 0.56875 0.9875 0.5708333333333333 0.996875 0.5708333333333333 0.9984375 0.56875 0.9984375 0.4583333333333333 0.996875 0.45625
0 0.9609375 0.6458333333333334 0.959375 0.64375 0.959375 0.61875 0.9578125 0.6166666666666667 0.9578125 0.6104166666666667 0.95625 0.6083333333333333 0.95625 0.60625 0.9546875 0.6041666666666666 0.9546875 0.5979166666666667 0.953125 0.5958333333333333 0.9515625 0.5958333333333333 0.95 0.5979166666666667 0.9484375 0.5979166666666667 0.94375 0.6041666666666666 0.9421875 0.6041666666666666 0.940625 0.60625 0.9375 0.60625 0.9359375 0.6083333333333333 0.9265625 0.6083333333333333 0.925 0.6104166666666667 0.925 0.6125 0.9234375 0.6145833333333334 0.9234375 0.6229166666666667 0.921875 0.625 0.921875 0.6291666666666667 0.91875 0.6333333333333333 0.9171875 0.6333333333333333 0.915625 0.6354166666666666 0.90625 0.6354166666666666 0.9046875 0.6333333333333333 0.9015625 0.6333333333333333 0.9 0.63125 0.8984375 0.63125 0.896875 0.6291666666666667 0.8953125 0.6291666666666667 0.89375 0.6270833333333333 0.8921875 0.6270833333333333 0.890625 0.625 0.8828125 0.625 0.878125 0.63125 0.8765625 0.63125 0.875 0.6333333333333333 0.8734375 0.6333333333333333 0.8703125 0.6375 0.8671875 0.6375 0.8609375 0.6291666666666667 0.8609375 0.6270833333333333 0.8578125 0.6229166666666667 0.85625 0.6229166666666667 0.853125 0.6270833333333333 0.8515625 0.6270833333333333 0.8515625 0.6354166666666666 0.853125 0.6375 0.853125 0.6416666666666667 0.8546875 0.64375 0.8546875 0.6458333333333334 0.8578125 0.65 0.8578125 0.6520833333333333 0.8640625 0.6604166666666667 0.8640625 0.6625 0.8796875 0.6833333333333333 0.88125 0.6833333333333333 0.884375 0.6875 0.8859375 0.6875 0.8875 0.6895833333333333 0.8890625 0.6895833333333333 0.8921875 0.69375 0.89375 0.69375 0.896875 0.6979166666666666 0.9 0.6979166666666666 0.9015625 0.7 0.9046875 0.7 0.90625 0.7020833333333333 0.9171875 0.7020833333333333 0.91875 0.7 0.921875 0.7 0.9234375 0.6979166666666666 0.925 0.6979166666666666 0.928125 0.69375 0.9296875 0.69375 0.934375 0.6875 0.9390625 0.6875 0.940625 0.6854166666666667 0.9421875 0.6854166666666667 0.94375 0.6833333333333333 0.9453125 0.6833333333333333 0.946875 0.68125 0.9484375 0.68125 0.9515625 0.6770833333333334 0.9515625 0.675 0.9546875 0.6708333333333333 0.9546875 0.66875 0.9578125 0.6645833333333333 0.9578125 0.65625 0.959375 0.6541666666666667 0.959375 0.6479166666666667