0 0.3990885416666667 0.3116861979166667 0.11149088541666666 0.1459418402777778
0 0.3830159505208333 0.46440972222222227 0.0907389322916666 0.12912326388888887
0 0.35453287760416663 0.5756293402777779 0.1021321614583333 0.11284722222222227
0 0.5862630208333333 0.4060872395833333 0.0984700520833334 0.1318359375
0 0.5996907552083333 0.5140516493055556 0.09033203125 0.10904947916666667
0 0.6985677083333333 0.5042860243055556 0.1057942708333334 0.12532552083333334
0 0.9079182942708334 0.41069878472222227 0.106201171875 0.12478298611111113
0 0.8456624348958333 0.5240885416666667 0.1265462239583334 0.1258680555555556
0 0.9502278645833332 0.4844457574696546 0.09641927083333339 0.10641230450513532
0 0.8302001953125 0.58349609375 0.101318359375 0.0927734375
0 0.9754557291666668 0.5959859913793104 0.04596354166666661 0.07977580220306517
0 0.3150854316546763 0.5544564348521184 0.3083408273381295 0.5774380495603517 0.32220473621103124 0.6209032773780975 0.33307104316546765 0.6298960831334932 0.34431205035971224 0.6303956834532374 0.351056654676259 0.6234012789768185 0.37054106714628304 0.6184052757793765 0.37466276978417273 0.6084132693844924 0.36417116306954445 0.5974220623501199 0.3570518585131895 0.6159072741806554 0.3450614508393286 0.6189048760991207 0.3398156474820144 0.6024180655475619 0.34019034772182255 0.5864308553157473 0.3184577338129497 0.5764388489208633 0.3278252398081535 0.560951239008793 0.3207059352517986 0.5564548361310951
0 0.3424385491606715 0.4380495603517186 0.34431205035971224 0.4625299760191846 0.3506819544364509 0.4820143884892086 0.37278926858513195 0.5034972022382094 0.39040017985611514 0.5254796163069544 0.40201588729016785 0.5274780175859313 0.41100869304556353 0.5129896083133493 0.4151303956834532 0.4815147881694644 0.42374850119904073 0.45553557154276575 0.4207508992805756 0.43255395683453235 0.40613758992805754 0.42056354916067146 0.40613758992805754 0.44154676258992803 0.3971447841726619 0.46053157474020784 0.3866531774580336 0.4485411670663469 0.3829061750599521 0.42006394884092724 0.3619229616306955 0.42505995203836927
0 0.38477967625899284 0.2836730615507594 0.4001423860911271 0.27418065547561954 0.4177532973621103 0.285171862509992 0.4304931055155875 0.3026578737010392 0.4492281175059952 0.3296362909672262 0.4537245203836931 0.34712230215827333 0.44585581534772184 0.36510791366906475 0.42562200239808157 0.36960431654676257 0.39339778177458035 0.3845923261390887 0.37840977218225424 0.37709832134292565 0.3667940647482015 0.35711430855315746 0.37278926858513195 0.3301358912869704 0.38178207434052763 0.3056554756195044
0 0.5522706834532374 0.3785971223021583 0.5399055755395683 0.40207833733013587 0.536533273381295 0.43105515587529974 0.5459007793764987 0.4500399680255795 0.5530200839328537 0.4690247801758593 0.5814973021582734 0.4695243804956035 0.5994829136690647 0.4595323741007194 0.6140962230215827 0.4440447641886491 0.614470923261391 0.4360511590727418 0.6103492206235013 0.4315547561950439 0.6058528177458034 0.44104716227018387 0.5923636091127098 0.4175659472422062 0.5844949040767387 0.3930855315747402
0 0.5938624100719425 0.4630295763389289 0.5736285971223022 0.4735211830535571 0.5638863908872902 0.49150679456434854 0.5593899880095924 0.5214828137490007 0.5541441846522781 0.5444644284572342 0.5601393884892086 0.5654476418864909 0.5987335131894485 0.5649480415667465 0.6212155275779376 0.5584532374100719 0.6335806354916067 0.5419664268585132 0.631707134292566 0.5234812150279776 0.614470923261391 0.48401278976818546
0 0.6800434652278178 0.4590327737809752 0.6646807553956835 0.4800159872102318 0.6669289568345323 0.5099920063948841 0.6796687649880095 0.5289768185451639 0.6984037769784173 0.5484612310151878 0.71001948441247 0.5619504396482814 0.7238833932853718 0.565947242206235 0.7325014988009593 0.553956834532374 0.7325014988009593 0.5409672262190247 0.7403702038369304 0.5129896083133493 0.7471148081534772 0.4890087929656275 0.7399955035971223 0.4615307753796962 0.7167640887290168 0.4505395683453237
0 0.8756369904076738 0.36910471622701835 0.8621477817745804 0.37809752198241403 0.8572766786570745 0.39858113509192644 0.8557778776978416 0.46352917665867305 0.8835056954436451 0.4720223820943245 0.9041142086330936 0.4630295763389289 0.9127323141486811 0.4625299760191846 0.9337155275779377 0.4500399680255795 0.9427083333333334 0.4350519584332534 0.9310926258992807 0.42206235011990406 0.9299685251798561 0.4005795363709032 0.907486510791367 0.3845923261390887
0 0.7954511390887291 0.507494004796163 0.8021957434052759 0.5359712230215827 0.8231789568345323 0.5564548361310951 0.8430380695443646 0.5839328537170264 0.8643959832134293 0.5864308553157473 0.8715152877697842 0.5704436450839327 0.8872526978417266 0.5289768185451639 0.8928732014388489 0.5139888089528377 0.8921238009592326 0.5029976019184652 0.8827562949640289 0.5034972022382094 0.8816321942446044 0.5129896083133493 0.8632718824940048 0.5114908073541167 0.8482838729016787 0.4970023980815348 0.827300659472422 0.5129896083133493 0.8153102517985612 0.5004996003197442 0.8171837529976018 0.4890087929656275
0 0.7909547362110312 0.5714428457234213 0.797699340527578 0.597921662669864 0.8205560551558753 0.6273980815347723 0.8475344724220623 0.6288968824940048 0.8700164868105515 0.6159072741806554 0.8760116906474821 0.5969224620303757 0.8763863908872901 0.5574540367705835 0.8647706834532374 0.5839328537170264 0.8452862709832134 0.5844324540367706 0.8392910671462829 0.6054156674660273 0.8276753597122303 0.6029176658673061 0.8168090527577938 0.5834332533972822 0.800322242206235 0.5949240607513989 0.7995728417266188 0.5694444444444444
0 0.9659397482014388 0.5959232613908872 0.9715602517985612 0.6129096722621903 0.99816396882494 0.6378896882494004 0.99816396882494 0.5994204636290967 0.9910446642685852 0.6014188649080735 0.9850494604316546 0.5994204636290967 0.9839253597122303 0.5954236610711431 0.9899205635491606 0.590427657873701 0.9850494604316546 0.590427657873701
0 0.9007419064748202 0.519484412470024 0.9108588129496402 0.5354716227018385 0.9292191247002398 0.5374700239808153 0.9378372302158274 0.5309752198241406 0.9584457434052759 0.5299760191846522 0.9813024580335732 0.5179856115107914 0.9921687649880097 0.49900079936051156 0.9959157673860911 0.4765187849720223 0.9936675659472423 0.4675259792166267 0.97380845323741 0.44804156674660267 0.9573216426858513 0.43705035971223016 0.9490782374100719 0.4380495603517186 0.9408348321342925 0.44004796163069543 0.9089853117505996 0.4630295763389289 0.9044889088729017 0.4930055955235811 0.9104841127098322 0.5029976019184652 0.9029901079136691 0.5089928057553956