0 0.05851236979166665 0.5130208333333333 0.1114908854166667 0.15190972222222227
0 0.09025065104166666 0.6497395833333334 0.1066080729166667 0.1453993055555556
0 0.21842447916666666 0.6416015625 0.107421875 0.16167534722222227
0 0.337646484375 0.6692708333333334 0.1114908854166667 0.1649305555555556
0 0.3966471354166667 0.734375 0.08951822916666666 0.14322916666666666
0 0.44547526041666663 0.5227864583333333 0.10253906249999996 0.1649305555555556
0 0.5272623697916666 0.6030815972222221 0.0984700520833333 0.15842013888888892
0 0.6302083333333333 0.6171875 0.0911458333333334 0.1280381944444444
0 0.6627604166666666 0.7723524305555555 0.087890625 0.13020833333333334
0 0.7180989583333333 0.663845486111111 0.0960286458333334 0.16493055555555547
0 0.7217610677083333 0.4853515625 0.1228841145833334 0.185546875
0 0.8316243489583333 0.5211588541666666 0.0968424479166666 0.17903645833333334
0 0.9276529947916667 0.5813802083333334 0.1017252604166666 0.13237847222222227
0 0.904052734375 0.7718098958333334 0.10498046875 0.18337673611111108
0 0.003125 0.51875 0.003125 0.5270833333333333 0.0046875 0.5291666666666667 0.0046875 0.5354166666666667 0.00625 0.5375 0.00625 0.5395833333333333 0.009375 0.54375 0.009375 0.5458333333333333 0.0171875 0.55625 0.01875 0.55625 0.0203125 0.5583333333333333 0.021875 0.5583333333333333 0.0234375 0.5604166666666667 0.025 0.5604166666666667 0.028125 0.5645833333333333 0.028125 0.5666666666666667 0.0328125 0.5729166666666666 0.0328125 0.575 0.034375 0.5770833333333333 0.034375 0.5791666666666667 0.0375 0.5833333333333334 0.0390625 0.5833333333333334 0.0421875 0.5875 0.04375 0.5875 0.0453125 0.5895833333333333 0.05 0.5895833333333333 0.0515625 0.5916666666666667 0.059375 0.5916666666666667 0.0609375 0.5895833333333333 0.0625 0.5895833333333333 0.0640625 0.5875 0.0671875 0.5875 0.06875 0.5854166666666667 0.0703125 0.5854166666666667 0.071875 0.5833333333333334 0.0765625 0.5833333333333334 0.0796875 0.5791666666666667 0.08125 0.5791666666666667 0.0828125 0.5770833333333333 0.084375 0.5770833333333333 0.0921875 0.5666666666666667 0.09375 0.5666666666666667 0.0953125 0.5645833333333333 0.096875 0.5645833333333333 0.1046875 0.5541666666666667 0.1046875 0.5520833333333334 0.1078125 0.5479166666666667 0.1078125 0.5458333333333333 0.109375 0.54375 0.109375 0.5395833333333333 0.1078125 0.5375 0.103125 0.5375 0.103125 0.5395833333333333 0.0984375 0.5458333333333333 0.09375 0.5458333333333333 0.0875 0.5541666666666667 0.078125 0.5541666666666667 0.0765625 0.5520833333333334 0.0734375 0.5520833333333334 0.0703125 0.5479166666666667 0.0671875 0.5479166666666667 0.0625 0.5416666666666666 0.0578125 0.5416666666666666 0.05625 0.54375 0.0546875 0.54375 0.053125 0.5458333333333333 0.046875 0.5458333333333333 0.0453125 0.5479166666666667 0.0421875 0.5479166666666667 0.040625 0.55 0.03125 0.55 0.0265625 0.54375 0.0265625 0.5416666666666666 0.025 0.5395833333333333 0.025 0.5291666666666667 0.0234375 0.5270833333333333 0.0234375 0.525 0.021875 0.5229166666666667 0.0171875 0.5229166666666667 0.015625 0.5208333333333334 0.0109375 0.5208333333333334 0.009375 0.51875 0.0078125 0.51875 0.00625 0.5166666666666667 0.0046875 0.51875
0 0.05625 0.5979166666666667 0.053125 0.6020833333333333 0.053125 0.6041666666666666 0.0515625 0.60625 0.0515625 0.6083333333333333 0.05 0.6104166666666667 0.05 0.6125 0.0484375 0.6145833333333334 0.0484375 0.6166666666666667 0.046875 0.61875 0.046875 0.6229166666666667 0.0453125 0.625 0.0453125 0.6291666666666667 0.04375 0.63125 0.04375 0.6416666666666667 0.0421875 0.64375 0.0421875 0.6645833333333333 0.040625 0.6666666666666666 0.040625 0.6729166666666667 0.0390625 0.675 0.0390625 0.6833333333333333 0.0375 0.6854166666666667 0.0375 0.6916666666666667 0.0359375 0.69375 0.0359375 0.7020833333333333 0.0375 0.7041666666666667 0.0375 0.70625 0.04375 0.7145833333333333 0.05 0.7145833333333333 0.0515625 0.7166666666666667 0.0703125 0.7166666666666667 0.071875 0.7145833333333333 0.08125 0.7145833333333333 0.0828125 0.7125 0.0953125 0.7125 0.096875 0.7104166666666667 0.1015625 0.7104166666666667 0.103125 0.7083333333333334 0.1078125 0.7083333333333334 0.109375 0.70625 0.115625 0.70625 0.1171875 0.7041666666666667 0.1203125 0.7041666666666667 0.121875 0.7020833333333333 0.1234375 0.7020833333333333 0.1265625 0.6979166666666666 0.1265625 0.6958333333333333 0.128125 0.69375 0.1265625 0.6916666666666667 0.1265625 0.6895833333333333 0.125 0.6875 0.125 0.6854166666666667 0.1234375 0.6833333333333333 0.1234375 0.6791666666666667 0.121875 0.6770833333333334 0.121875 0.6729166666666667 0.1203125 0.6708333333333333 0.1203125 0.66875 0.1171875 0.6645833333333333 0.1140625 0.6645833333333333 0.1125 0.6625 0.1109375 0.6645833333333333 0.0984375 0.6645833333333333 0.096875 0.6625 0.0953125 0.6625 0.09375 0.6604166666666667 0.0921875 0.6604166666666667 0.0890625 0.65625 0.0890625 0.6541666666666667 0.0875 0.6520833333333333 0.0875 0.6479166666666667 0.0859375 0.6458333333333334 0.0859375 0.6229166666666667 0.084375 0.6208333333333333 0.0828125 0.6208333333333333 0.08125 0.61875 0.0796875 0.61875 0.0765625 0.6145833333333334 0.075 0.6145833333333334 0.06875 0.60625 0.0671875 0.60625 0.0609375 0.5979166666666667
0 0.1953125 0.5708333333333333 0.19375 0.5729166666666666 0.1890625 0.5729166666666666 0.1859375 0.5770833333333333 0.184375 0.5770833333333333 0.1765625 0.5875 0.1765625 0.5895833333333333 0.175 0.5916666666666667 0.1734375 0.5916666666666667 0.16875 0.5979166666666667 0.16875 0.6 0.165625 0.6041666666666666 0.165625 0.6083333333333333 0.1640625 0.6104166666666667 0.1640625 0.6208333333333333 0.165625 0.6229166666666667 0.165625 0.6270833333333333 0.1671875 0.6291666666666667 0.1671875 0.63125 0.16875 0.6333333333333333 0.16875 0.6354166666666666 0.1703125 0.6375 0.1703125 0.6395833333333333 0.171875 0.6416666666666667 0.171875 0.64375 0.1734375 0.6458333333333334 0.1734375 0.6479166666666667 0.175 0.65 0.175 0.6520833333333333 0.1765625 0.6541666666666667 0.1765625 0.65625 0.1796875 0.6604166666666667 0.1796875 0.6625 0.184375 0.66875 0.184375 0.6708333333333333 0.1875 0.675 0.1875 0.6770833333333334 0.1890625 0.6791666666666667 0.1890625 0.6833333333333333 0.190625 0.6854166666666667 0.190625 0.6895833333333333 0.1921875 0.6916666666666667 0.1921875 0.69375 0.19375 0.6958333333333333 0.19375 0.6979166666666666 0.1984375 0.7041666666666667 0.1984375 0.70625 0.2046875 0.7145833333333333 0.20625 0.7145833333333333 0.2078125 0.7166666666666667 0.209375 0.7166666666666667 0.2109375 0.71875 0.2171875 0.71875 0.21875 0.7166666666666667 0.221875 0.7166666666666667 0.225 0.7125 0.2265625 0.7125 0.2375 0.6979166666666666 0.2375 0.6958333333333333 0.240625 0.6916666666666667 0.240625 0.6895833333333333 0.246875 0.68125 0.246875 0.6791666666666667 0.2484375 0.6770833333333334 0.2484375 0.675 0.25 0.6729166666666667 0.25 0.6708333333333333 0.253125 0.6666666666666666 0.253125 0.6645833333333333 0.25625 0.6604166666666667 0.25625 0.6583333333333333 0.2578125 0.65625 0.2578125 0.6520833333333333 0.25625 0.65 0.2546875 0.65 0.2515625 0.6458333333333334 0.2515625 0.6416666666666667 0.2578125 0.6333333333333333 0.2578125 0.63125 0.259375 0.6291666666666667 0.259375 0.6270833333333333 0.2609375 0.625 0.2609375 0.6229166666666667 0.2625 0.6208333333333333 0.2625 0.61875 0.265625 0.6145833333333334 0.2671875 0.6145833333333334 0.2703125 0.6104166666666667 0.2703125 0.60625 0.26875 0.6041666666666666 0.26875 0.6 0.259375 0.5875 0.2578125 0.5875 0.25625 0.5854166666666667 0.2546875 0.5854166666666667 0.2515625 0.58125 0.25 0.58125 0.246875 0.5770833333333333 0.2453125 0.5770833333333333 0.24375 0.575 0.240625 0.575 0.2390625 0.5729166666666666 0.234375 0.5729166666666666 0.2328125 0.5708333333333333
0 0.38125 0.60625 0.3765625 0.60625 0.3765625 0.6145833333333334 0.378125 0.6166666666666667 0.378125 0.6354166666666666 0.3734375 0.6416666666666667 0.371875 0.6416666666666667 0.3703125 0.64375 0.3625 0.64375 0.3609375 0.6416666666666667 0.353125 0.6416666666666667 0.3515625 0.6395833333333333 0.3484375 0.6395833333333333 0.346875 0.6375 0.3421875 0.6375 0.340625 0.6354166666666666 0.3359375 0.6354166666666666 0.3296875 0.64375 0.328125 0.64375 0.321875 0.6520833333333333 0.315625 0.6520833333333333 0.3140625 0.65 0.3125 0.65 0.303125 0.6375 0.303125 0.6354166666666666 0.3015625 0.6333333333333333 0.3 0.6333333333333333 0.2984375 0.63125 0.296875 0.6333333333333333 0.29375 0.6333333333333333 0.290625 0.6375 0.2890625 0.6375 0.2875 0.6395833333333333 0.2859375 0.6395833333333333 0.2828125 0.64375 0.2828125 0.6458333333333334 0.28125 0.6479166666666667 0.28125 0.6708333333333333 0.2828125 0.6729166666666667 0.2828125 0.68125 0.284375 0.6833333333333333 0.284375 0.6854166666666667 0.2921875 0.6958333333333333 0.29375 0.6958333333333333 0.2984375 0.7020833333333333 0.3 0.7020833333333333 0.303125 0.70625 0.3046875 0.70625 0.3140625 0.71875 0.3203125 0.71875 0.321875 0.7208333333333333 0.3234375 0.7208333333333333 0.334375 0.7354166666666667 0.3359375 0.7354166666666667 0.3375 0.7375 0.3390625 0.7375 0.3421875 0.7416666666666667 0.34375 0.7416666666666667 0.3453125 0.74375 0.346875 0.74375 0.3484375 0.7458333333333333 0.35 0.7458333333333333 0.3515625 0.7479166666666667 0.3546875 0.7479166666666667 0.35625 0.75 0.3609375 0.75 0.3625 0.7479166666666667 0.3671875 0.7479166666666667 0.3703125 0.74375 0.371875 0.74375 0.371875 0.7416666666666667 0.375 0.7375 0.375 0.7354166666666667 0.378125 0.73125 0.378125 0.7291666666666666 0.3796875 0.7270833333333333 0.3796875 0.725 0.38125 0.7229166666666667 0.38125 0.7208333333333333 0.3828125 0.71875 0.3828125 0.7083333333333334 0.384375 0.70625 0.384375 0.6979166666666666 0.3859375 0.6958333333333333 0.3859375 0.68125 0.3875 0.6791666666666667 0.3875 0.6708333333333333 0.3890625 0.66875 0.3890625 0.65625 0.390625 0.6541666666666667 0.390625 0.6229166666666667 0.3890625 0.6208333333333333 0.3890625 0.6166666666666667
0 0.4015625 0.4875 0.4015625 0.4895833333333333 0.4 0.49166666666666664 0.4 0.5041666666666667 0.3984375 0.50625 0.3984375 0.5083333333333333 0.3953125 0.5125 0.3953125 0.5145833333333333 0.39375 0.5166666666666667 0.39375 0.5291666666666667 0.3953125 0.53125 0.3953125 0.5354166666666667 0.396875 0.5375 0.396875 0.5395833333333333 0.3984375 0.5416666666666666 0.3984375 0.54375 0.4 0.5458333333333333 0.4 0.5479166666666667 0.4015625 0.55 0.4015625 0.5520833333333334 0.4046875 0.55625 0.4046875 0.5583333333333333 0.4078125 0.5625 0.4078125 0.5645833333333333 0.409375 0.5666666666666667 0.409375 0.5708333333333333 0.4109375 0.5729166666666666 0.4109375 0.5770833333333333 0.4125 0.5791666666666667 0.4125 0.58125 0.4140625 0.5833333333333334 0.4140625 0.5854166666666667 0.415625 0.5875 0.415625 0.5895833333333333 0.421875 0.5979166666666667 0.4234375 0.5979166666666667 0.425 0.6 0.4265625 0.6 0.428125 0.6020833333333333 0.4375 0.6020833333333333 0.4390625 0.6 0.4421875 0.6 0.4453125 0.5958333333333333 0.446875 0.5958333333333333 0.4515625 0.5895833333333333 0.453125 0.5895833333333333 0.45625 0.5854166666666667 0.4578125 0.5854166666666667 0.4640625 0.5770833333333333 0.465625 0.5770833333333333 0.46875 0.5729166666666666 0.4703125 0.5729166666666666 0.471875 0.5708333333333333 0.4734375 0.5708333333333333 0.4765625 0.5666666666666667 0.478125 0.5666666666666667 0.48125 0.5625 0.4828125 0.5625 0.4859375 0.5583333333333333 0.4859375 0.55625 0.4875 0.5541666666666667 0.4875 0.5520833333333334 0.4890625 0.55 0.4890625 0.5479166666666667 0.4921875 0.54375 0.4921875 0.5416666666666666 0.49375 0.5395833333333333 0.49375 0.5354166666666667 0.490625 0.53125 0.490625 0.5291666666666667 0.4890625 0.5270833333333333 0.4828125 0.5270833333333333 0.4828125 0.5291666666666667 0.48125 0.53125 0.48125 0.5354166666666667 0.4796875 0.5375 0.4796875 0.5395833333333333 0.478125 0.5416666666666666 0.478125 0.54375 0.475 0.5479166666666667 0.4734375 0.5479166666666667 0.471875 0.55 0.4703125 0.55 0.46875 0.5479166666666667 0.4671875 0.5479166666666667 0.4609375 0.5395833333333333 0.4609375 0.5375 0.4578125 0.5333333333333333 0.4578125 0.53125 0.45625 0.5291666666666667 0.45625 0.5270833333333333 0.453125 0.5229166666666667 0.453125 0.51875 0.4515625 0.5166666666666667 0.4515625 0.5104166666666666 0.45 0.5083333333333333 0.4484375 0.5083333333333333 0.4453125 0.5041666666666667 0.44375 0.5041666666666667 0.4296875 0.48541666666666666 0.428125 0.48541666666666666 0.4265625 0.48333333333333334 0.425 0.48333333333333334 0.4234375 0.48125 0.4203125 0.48125 0.41875 0.4791666666666667 0.4140625 0.4791666666666667 0.4125 0.47708333333333336 0.4078125 0.47708333333333336 0.40625 0.4791666666666667 0.40625 0.48125
0 0.4921875 0.5625 0.4921875 0.5645833333333333 0.490625 0.5666666666666667 0.490625 0.56875 0.4875 0.5729166666666666 0.4875 0.575 0.4859375 0.5770833333333333 0.4859375 0.5958333333333333 0.484375 0.5979166666666667 0.484375 0.6083333333333333 0.4828125 0.6104166666666667 0.4828125 0.6208333333333333 0.48125 0.6229166666666667 0.48125 0.6291666666666667 0.4796875 0.63125 0.4796875 0.6375 0.478125 0.6395833333333333 0.478125 0.6458333333333334 0.4765625 0.6479166666666667 0.4765625 0.6625 0.478125 0.6645833333333333 0.478125 0.66875 0.484375 0.6770833333333334 0.4859375 0.6770833333333334 0.4875 0.6791666666666667 0.4921875 0.6791666666666667 0.49375 0.68125 0.4984375 0.68125 0.5 0.6791666666666667 0.5046875 0.6791666666666667 0.50625 0.6770833333333334 0.509375 0.6770833333333334 0.5109375 0.675 0.5125 0.675 0.515625 0.6708333333333333 0.5265625 0.6708333333333333 0.528125 0.66875 0.5375 0.66875 0.5390625 0.6666666666666666 0.540625 0.6666666666666666 0.5421875 0.6645833333333333 0.546875 0.6645833333333333 0.5484375 0.6625 0.55 0.6625 0.5515625 0.6604166666666667 0.553125 0.6604166666666667 0.5546875 0.6583333333333333 0.55625 0.6583333333333333 0.559375 0.6541666666666667 0.5609375 0.6541666666666667 0.5625 0.6520833333333333 0.5640625 0.6520833333333333 0.56875 0.6458333333333334 0.56875 0.64375 0.571875 0.6395833333333333 0.571875 0.6291666666666667 0.5703125 0.6270833333333333 0.5703125 0.625 0.5671875 0.6208333333333333 0.565625 0.6208333333333333 0.5625 0.6166666666666667 0.5609375 0.6166666666666667 0.55625 0.6104166666666667 0.55625 0.6083333333333333 0.5515625 0.6020833333333333 0.5515625 0.6 0.5484375 0.5958333333333333 0.5484375 0.59375 0.54375 0.5875 0.54375 0.5854166666666667 0.5421875 0.5854166666666667 0.540625 0.5833333333333334 0.5390625 0.5833333333333334 0.5375 0.58125 0.534375 0.58125 0.5328125 0.5791666666666667 0.53125 0.5791666666666667 0.5296875 0.5770833333333333 0.528125 0.5770833333333333 0.5265625 0.575 0.525 0.575 0.521875 0.5708333333333333 0.5203125 0.5708333333333333 0.51875 0.56875 0.5171875 0.56875 0.5078125 0.55625 0.5078125 0.5541666666666667 0.50625 0.5520833333333334 0.5015625 0.5520833333333334 0.4953125 0.5604166666666667 0.49375 0.5604166666666667
0 0.4125 0.6854166666666667 0.40625 0.6854166666666667 0.4046875 0.6875 0.403125 0.6875 0.4015625 0.6895833333333333 0.4 0.6895833333333333 0.3984375 0.6916666666666667 0.396875 0.6916666666666667 0.396875 0.69375 0.3953125 0.6958333333333333 0.3953125 0.7041666666666667 0.396875 0.70625 0.39375 0.7104166666666667 0.39375 0.7125 0.3921875 0.7145833333333333 0.3921875 0.71875 0.3890625 0.7229166666666667 0.3875 0.7229166666666667 0.3859375 0.725 0.384375 0.725 0.3796875 0.73125 0.3796875 0.7333333333333333 0.375 0.7395833333333334 0.375 0.7416666666666667 0.3703125 0.7479166666666667 0.36875 0.7479166666666667 0.3671875 0.75 0.3625 0.75 0.3609375 0.7520833333333333 0.359375 0.7520833333333333 0.3546875 0.7583333333333333 0.3546875 0.7604166666666666 0.3515625 0.7645833333333333 0.3515625 0.7708333333333334 0.353125 0.7708333333333334 0.35625 0.775 0.3578125 0.775 0.3640625 0.7833333333333333 0.365625 0.7833333333333333 0.3671875 0.7854166666666667 0.36875 0.7854166666666667 0.3703125 0.7875 0.371875 0.7875 0.3734375 0.7895833333333333 0.375 0.7895833333333333 0.378125 0.79375 0.3796875 0.79375 0.38125 0.7958333333333333 0.3828125 0.7958333333333333 0.384375 0.7979166666666667 0.3859375 0.7979166666666667 0.3875 0.8 0.3890625 0.8 0.390625 0.8020833333333334 0.3921875 0.8020833333333334 0.39375 0.8041666666666667 0.3984375 0.8041666666666667 0.4 0.80625 0.4046875 0.80625 0.40625 0.8041666666666667 0.409375 0.8041666666666667 0.4125 0.8 0.4140625 0.8 0.4171875 0.7958333333333333 0.421875 0.7958333333333333 0.4234375 0.79375 0.4265625 0.79375 0.4296875 0.7895833333333333 0.43125 0.7895833333333333 0.4359375 0.7833333333333333 0.4359375 0.7791666666666667 0.4375 0.7770833333333333 0.4375 0.7729166666666667 0.4390625 0.7708333333333334 0.4390625 0.7416666666666667 0.4375 0.7395833333333334 0.4375 0.7333333333333333 0.4359375 0.73125 0.4359375 0.7229166666666667 0.434375 0.7208333333333333 0.434375 0.71875 0.4328125 0.7166666666666667 0.4328125 0.7145833333333333 0.43125 0.7125 0.43125 0.7104166666666667 0.428125 0.70625 0.428125 0.7041666666666667 0.4265625 0.7020833333333333 0.4265625 0.7 0.41875 0.6895833333333333 0.4171875 0.6895833333333333 0.415625 0.6875 0.4140625 0.6875
0 0.5921875 0.56875 0.5890625 0.5729166666666666 0.5890625 0.575 0.5875 0.5770833333333333 0.5875 0.6020833333333333 0.5890625 0.6041666666666666 0.5890625 0.6104166666666667 0.590625 0.6125 0.590625 0.6166666666666667 0.59375 0.6208333333333333 0.59375 0.6229166666666667 0.6 0.63125 0.6 0.6333333333333333 0.60625 0.6416666666666667 0.60625 0.64375 0.6078125 0.64375 0.6125 0.65 0.6140625 0.65 0.61875 0.65625 0.6203125 0.65625 0.6265625 0.6645833333333333 0.628125 0.6645833333333333 0.6328125 0.6708333333333333 0.634375 0.6708333333333333 0.6390625 0.6770833333333334 0.64375 0.6770833333333334 0.6453125 0.6791666666666667 0.65 0.6791666666666667 0.6515625 0.6770833333333334 0.653125 0.6770833333333334 0.659375 0.66875 0.659375 0.6416666666666667 0.6609375 0.6395833333333333 0.6609375 0.6354166666666666 0.6625 0.6333333333333333 0.6625 0.6291666666666667 0.665625 0.625 0.665625 0.6208333333333333 0.6671875 0.61875 0.6671875 0.6166666666666667 0.66875 0.6145833333333334 0.66875 0.6104166666666667 0.6703125 0.6083333333333333 0.6703125 0.60625 0.671875 0.6041666666666666 0.671875 0.6020833333333333 0.6734375 0.6 0.6734375 0.58125 0.671875 0.5791666666666667 0.671875 0.575 0.6671875 0.56875 0.6671875 0.5666666666666667 0.665625 0.5645833333333333 0.665625 0.5625 0.65625 0.55 0.6515625 0.55 0.65 0.5520833333333334 0.6421875 0.5520833333333334 0.640625 0.5541666666666667 0.6390625 0.5541666666666667 0.6390625 0.5666666666666667 0.6375 0.56875 0.6375 0.5708333333333333 0.6359375 0.5729166666666666 0.6359375 0.575 0.6328125 0.5791666666666667 0.628125 0.5791666666666667 0.6265625 0.5770833333333333 0.625 0.5770833333333333 0.6234375 0.575 0.621875 0.575 0.6125 0.5625 0.6125 0.5604166666666667 0.6046875 0.5604166666666667 0.603125 0.5625 0.6015625 0.5625 0.6 0.5645833333333333 0.5984375 0.5645833333333333 0.596875 0.5666666666666667 0.5953125 0.5666666666666667 0.59375 0.56875
0 0.6640625 0.4895833333333333 0.6640625 0.49166666666666664 0.6625 0.49375 0.6625 0.5 0.6609375 0.5020833333333333 0.6609375 0.5145833333333333 0.6625 0.5166666666666667 0.6625 0.5229166666666667 0.665625 0.5270833333333333 0.665625 0.53125 0.6703125 0.5375 0.6703125 0.5395833333333333 0.671875 0.5416666666666666 0.6734375 0.5416666666666666 0.684375 0.55625 0.6859375 0.55625 0.6890625 0.5604166666666667 0.690625 0.5604166666666667 0.6921875 0.5625 0.69375 0.5625 0.6953125 0.5645833333333333 0.70625 0.5645833333333333 0.7078125 0.5666666666666667 0.715625 0.5666666666666667 0.7171875 0.56875 0.721875 0.56875 0.7234375 0.5708333333333333 0.7359375 0.5708333333333333 0.7375 0.5729166666666666 0.7453125 0.5729166666666666 0.746875 0.575 0.7515625 0.575 0.753125 0.5770833333333333 0.7578125 0.5770833333333333 0.759375 0.575 0.765625 0.575 0.7671875 0.5729166666666666 0.7703125 0.5729166666666666 0.771875 0.5708333333333333 0.7734375 0.5708333333333333 0.7796875 0.5625 0.7796875 0.5604166666666667 0.78125 0.5583333333333333 0.78125 0.5479166666666667 0.7828125 0.5458333333333333 0.7828125 0.5416666666666666 0.78125 0.5395833333333333 0.78125 0.5291666666666667 0.7796875 0.5270833333333333 0.7796875 0.51875 0.778125 0.5166666666666667 0.778125 0.5104166666666666 0.7765625 0.5083333333333333 0.7765625 0.5020833333333333 0.775 0.5 0.775 0.49583333333333335 0.7734375 0.49375 0.7734375 0.48541666666666666 0.771875 0.48333333333333334 0.771875 0.48125 0.7703125 0.4791666666666667 0.7703125 0.475 0.76875 0.47291666666666665 0.76875 0.4708333333333333 0.7671875 0.46875 0.7671875 0.4666666666666667 0.7640625 0.4625 0.7640625 0.46041666666666664 0.7609375 0.45625 0.7609375 0.45416666666666666 0.7546875 0.44583333333333336 0.753125 0.44583333333333336 0.75 0.44166666666666665 0.75 0.4395833333333333 0.7484375 0.4375 0.746875 0.4375 0.74375 0.43333333333333335 0.7421875 0.43333333333333335 0.740625 0.43125 0.7390625 0.43125 0.7375 0.42916666666666664 0.734375 0.42916666666666664 0.7328125 0.4270833333333333 0.7234375 0.4270833333333333 0.721875 0.42916666666666664 0.71875 0.42916666666666664 0.7171875 0.43125 0.7125 0.43125 0.7109375 0.43333333333333335 0.7078125 0.43333333333333335 0.7046875 0.4375 0.703125 0.4375 0.6953125 0.4479166666666667 0.69375 0.4479166666666667 0.6890625 0.45416666666666666 0.6875 0.45416666666666666 0.6875 0.45625 0.6828125 0.4625 0.68125 0.4625 0.68125 0.46458333333333335 0.6703125 0.4791666666666667 0.6703125 0.48125
0 0.7296875 0.6125 0.728125 0.6145833333333334 0.7265625 0.6145833333333334 0.721875 0.6208333333333333 0.721875 0.6270833333333333 0.725 0.63125 0.725 0.6333333333333333 0.7265625 0.6354166666666666 0.7265625 0.6416666666666667 0.728125 0.64375 0.728125 0.6479166666666667 0.7265625 0.65 0.7265625 0.6520833333333333 0.725 0.6541666666666667 0.7234375 0.6541666666666667 0.721875 0.65625 0.71875 0.65625 0.7171875 0.6583333333333333 0.7109375 0.6583333333333333 0.709375 0.6604166666666667 0.69375 0.6604166666666667 0.6796875 0.6791666666666667 0.6796875 0.68125 0.6765625 0.6854166666666667 0.6703125 0.6854166666666667 0.6703125 0.6875 0.66875 0.6895833333333333 0.66875 0.69375 0.6703125 0.6958333333333333 0.6703125 0.6979166666666666 0.675 0.7041666666666667 0.675 0.70625 0.68125 0.7145833333333333 0.6828125 0.7145833333333333 0.6859375 0.71875 0.6875 0.71875 0.6890625 0.7208333333333333 0.6921875 0.7208333333333333 0.69375 0.7229166666666667 0.696875 0.7229166666666667 0.6984375 0.725 0.7078125 0.725 0.709375 0.7270833333333333 0.7125 0.7270833333333333 0.7140625 0.7291666666666666 0.7171875 0.7291666666666666 0.71875 0.73125 0.7203125 0.73125 0.721875 0.7333333333333333 0.7234375 0.7333333333333333 0.725 0.7354166666666667 0.728125 0.7354166666666667 0.7296875 0.7375 0.734375 0.7375 0.7359375 0.7395833333333334 0.7375 0.7395833333333334 0.7390625 0.7416666666666667 0.75625 0.7416666666666667 0.7640625 0.73125 0.7640625 0.7125 0.7625 0.7104166666666667 0.7625 0.70625 0.7609375 0.7041666666666667 0.7609375 0.6895833333333333 0.7625 0.6875 0.7625 0.6854166666666667 0.7609375 0.6833333333333333 0.7609375 0.6541666666666667 0.759375 0.6520833333333333 0.759375 0.6458333333333334 0.75 0.6333333333333333 0.75 0.63125 0.7484375 0.6291666666666667 0.7484375 0.6270833333333333 0.746875 0.625 0.746875 0.6229166666666667 0.740625 0.6145833333333334 0.7390625 0.6145833333333334 0.7375 0.6125
0 0.6203125 0.7604166666666666 0.6203125 0.7625 0.61875 0.7645833333333333 0.6203125 0.7666666666666667 0.6203125 0.7729166666666667 0.621875 0.775 0.621875 0.7854166666666667 0.6234375 0.7875 0.6234375 0.7895833333333333 0.628125 0.7958333333333333 0.6296875 0.7958333333333333 0.6328125 0.8 0.634375 0.8 0.6359375 0.8020833333333334 0.6375 0.8020833333333334 0.6421875 0.8083333333333333 0.6453125 0.8083333333333333 0.646875 0.8104166666666667 0.6484375 0.8104166666666667 0.65 0.8125 0.6515625 0.8125 0.653125 0.8145833333333333 0.6546875 0.8145833333333333 0.65625 0.8166666666666667 0.6578125 0.8166666666666667 0.659375 0.81875 0.6609375 0.81875 0.665625 0.825 0.6671875 0.825 0.66875 0.8270833333333333 0.6703125 0.8270833333333333 0.671875 0.8291666666666667 0.6734375 0.8291666666666667 0.6765625 0.8333333333333334 0.690625 0.8333333333333334 0.6921875 0.83125 0.69375 0.83125 0.6984375 0.825 0.6984375 0.8208333333333333 0.7 0.81875 0.7 0.8125 0.7015625 0.8104166666666667 0.7015625 0.8 0.703125 0.7979166666666667 0.703125 0.7729166666666667 0.7046875 0.7708333333333334 0.7046875 0.75625 0.70625 0.7541666666666667 0.7046875 0.7520833333333333 0.7 0.7520833333333333 0.6984375 0.75 0.6890625 0.75 0.6875 0.7479166666666667 0.684375 0.7479166666666667 0.6828125 0.7458333333333333 0.6765625 0.7458333333333333 0.6765625 0.7479166666666667 0.675 0.75 0.675 0.7625 0.6734375 0.7645833333333333 0.6734375 0.76875 0.66875 0.775 0.6625 0.775 0.6609375 0.7729166666666667 0.659375 0.7729166666666667 0.6546875 0.7666666666666667 0.6546875 0.7645833333333333 0.653125 0.7645833333333333 0.64375 0.7520833333333333 0.64375 0.75 0.6359375 0.75 0.634375 0.7520833333333333 0.6328125 0.7520833333333333 0.63125 0.7541666666666667 0.6296875 0.7541666666666667 0.628125 0.75625 0.625 0.75625 0.621875 0.7604166666666666
0 0.8296875 0.48333333333333334 0.815625 0.48333333333333334 0.8140625 0.48541666666666666 0.809375 0.48541666666666666 0.8078125 0.4875 0.8046875 0.4875 0.803125 0.4895833333333333 0.8 0.4895833333333333 0.7984375 0.49166666666666664 0.7984375 0.49375 0.790625 0.5041666666666667 0.790625 0.5083333333333333 0.7890625 0.5104166666666666 0.7890625 0.5145833333333333 0.7875 0.5166666666666667 0.7875 0.5229166666666667 0.7859375 0.525 0.7859375 0.5270833333333333 0.784375 0.5291666666666667 0.784375 0.5583333333333333 0.78125 0.5625 0.78125 0.5645833333333333 0.7796875 0.5666666666666667 0.7796875 0.575 0.78125 0.5770833333333333 0.78125 0.5791666666666667 0.7828125 0.58125 0.784375 0.58125 0.7890625 0.5875 0.790625 0.5875 0.796875 0.5958333333333333 0.796875 0.5979166666666667 0.7984375 0.6 0.8 0.6 0.803125 0.6041666666666666 0.80625 0.6041666666666666 0.8078125 0.60625 0.8125 0.60625 0.8140625 0.6083333333333333 0.8203125 0.6083333333333333 0.821875 0.60625 0.828125 0.60625 0.8296875 0.6041666666666666 0.834375 0.6041666666666666 0.8359375 0.6020833333333333 0.8375 0.6020833333333333 0.840625 0.5979166666666667 0.8421875 0.5979166666666667 0.84375 0.5958333333333333 0.8453125 0.5958333333333333 0.846875 0.59375 0.8484375 0.59375 0.85 0.5916666666666667 0.8515625 0.5916666666666667 0.853125 0.5895833333333333 0.8546875 0.5895833333333333 0.8578125 0.5854166666666667 0.859375 0.5854166666666667 0.8609375 0.5833333333333334 0.8625 0.5833333333333334 0.8703125 0.5729166666666666 0.871875 0.5729166666666666 0.871875 0.5708333333333333 0.875 0.5666666666666667 0.875 0.55 0.8734375 0.5479166666666667 0.8734375 0.54375 0.871875 0.5416666666666666 0.86875 0.5416666666666666 0.8671875 0.5395833333333333 0.865625 0.5395833333333333 0.8609375 0.5333333333333333 0.8609375 0.5458333333333333 0.8578125 0.55 0.84375 0.55 0.8390625 0.54375 0.8390625 0.5416666666666666 0.8375 0.5395833333333333 0.8375 0.5270833333333333 0.8390625 0.525 0.8390625 0.51875 0.840625 0.5166666666666667 0.840625 0.5145833333333333 0.8421875 0.5125 0.8421875 0.5104166666666666 0.846875 0.5041666666666667 0.846875 0.49583333333333335 0.8453125 0.49375 0.8453125 0.49166666666666664 0.8421875 0.4875 0.834375 0.4875 0.8328125 0.48541666666666666 0.83125 0.48541666666666666
0 0.975 0.5604166666666667 0.9734375 0.5583333333333333 0.9734375 0.5541666666666667 0.971875 0.5520833333333334 0.971875 0.55 0.9703125 0.5479166666666667 0.96875 0.55 0.9578125 0.55 0.95625 0.5520833333333334 0.9546875 0.5520833333333334 0.953125 0.5541666666666667 0.9515625 0.5541666666666667 0.95 0.55625 0.9421875 0.55625 0.940625 0.5583333333333333 0.9375 0.5583333333333333 0.9359375 0.5604166666666667 0.934375 0.5604166666666667 0.934375 0.5625 0.93125 0.5666666666666667 0.9296875 0.5666666666666667 0.928125 0.5645833333333333 0.9265625 0.5645833333333333 0.925 0.5625 0.915625 0.5625 0.9140625 0.5604166666666667 0.8984375 0.5604166666666667 0.896875 0.5625 0.8953125 0.5625 0.89375 0.5604166666666667 0.8921875 0.5604166666666667 0.890625 0.5625 0.890625 0.5729166666666666 0.8890625 0.575 0.8875 0.575 0.8859375 0.5729166666666666 0.8859375 0.5708333333333333 0.884375 0.56875 0.884375 0.5666666666666667 0.8828125 0.5645833333333333 0.88125 0.5666666666666667 0.8796875 0.5666666666666667 0.8765625 0.5708333333333333 0.8765625 0.5770833333333333 0.875 0.5791666666666667 0.875 0.5833333333333334 0.8765625 0.5854166666666667 0.8765625 0.59375 0.878125 0.5958333333333333 0.878125 0.6 0.8796875 0.6020833333333333 0.8796875 0.6041666666666666 0.88125 0.60625 0.88125 0.6083333333333333 0.8859375 0.6145833333333334 0.8859375 0.6166666666666667 0.8890625 0.6208333333333333 0.8890625 0.6229166666666667 0.8921875 0.6270833333333333 0.8921875 0.6291666666666667 0.896875 0.6354166666666666 0.8984375 0.6354166666666666 0.9015625 0.6395833333333333 0.903125 0.6395833333333333 0.9046875 0.6416666666666667 0.921875 0.6416666666666667 0.9234375 0.6395833333333333 0.9265625 0.6395833333333333 0.934375 0.6291666666666667 0.9359375 0.6291666666666667 0.9390625 0.625 0.940625 0.625 0.9421875 0.6270833333333333 0.94375 0.6270833333333333 0.953125 0.6145833333333334 0.9546875 0.6145833333333334 0.95625 0.6125 0.9578125 0.6125 0.9625 0.60625 0.9640625 0.60625 0.9671875 0.6020833333333333 0.9671875 0.6 0.96875 0.5979166666666667 0.96875 0.5958333333333333 0.971875 0.5916666666666667 0.971875 0.5895833333333333 0.9734375 0.5875 0.9734375 0.5854166666666667 0.975 0.5833333333333334 0.975 0.5791666666666667 0.9765625 0.5770833333333333 0.9765625 0.575 0.975 0.5729166666666666
0 0.85625 0.7458333333333333 0.85625 0.7479166666666667 0.8546875 0.75 0.8546875 0.75625 0.853125 0.7583333333333333 0.853125 0.80625 0.8546875 0.8083333333333333 0.8546875 0.8125 0.85625 0.8145833333333333 0.85625 0.81875 0.8578125 0.8208333333333333 0.8578125 0.8229166666666666 0.865625 0.8333333333333334 0.8671875 0.8333333333333334 0.86875 0.8354166666666667 0.8703125 0.8354166666666667 0.871875 0.8375 0.8734375 0.8375 0.875 0.8395833333333333 0.8765625 0.8395833333333333 0.878125 0.8416666666666667 0.8796875 0.8416666666666667 0.8859375 0.85 0.8875 0.85 0.890625 0.8541666666666666 0.8921875 0.8541666666666666 0.89375 0.85625 0.896875 0.85625 0.8984375 0.8583333333333333 0.9203125 0.8583333333333333 0.921875 0.85625 0.9265625 0.85625 0.9328125 0.8479166666666667 0.934375 0.8479166666666667 0.9375 0.84375 0.9390625 0.84375 0.9421875 0.8395833333333333 0.94375 0.8395833333333333 0.953125 0.8270833333333333 0.953125 0.825 0.9546875 0.8229166666666666 0.9546875 0.8145833333333333 0.95625 0.8125 0.95625 0.8104166666666667 0.9546875 0.8083333333333333 0.9546875 0.80625 0.953125 0.8041666666666667 0.9515625 0.8041666666666667 0.946875 0.7979166666666667 0.9453125 0.7979166666666667 0.9421875 0.79375 0.940625 0.79375 0.9359375 0.7875 0.934375 0.7875 0.9328125 0.7854166666666667 0.928125 0.7854166666666667 0.91875 0.7979166666666667 0.9171875 0.7979166666666667 0.915625 0.8 0.9078125 0.8 0.90625 0.8020833333333334 0.9046875 0.8020833333333334 0.903125 0.8041666666666667 0.9015625 0.8041666666666667 0.9 0.80625 0.8953125 0.80625 0.8921875 0.8020833333333334 0.890625 0.8020833333333334 0.8875 0.7979166666666667 0.8875 0.7958333333333333 0.8859375 0.79375 0.8859375 0.7916666666666666 0.884375 0.7895833333333333 0.884375 0.7791666666666667 0.8828125 0.7770833333333333 0.8828125 0.7666666666666667 0.884375 0.7645833333333333 0.88125 0.7604166666666666 0.8796875 0.7604166666666666 0.8765625 0.75625 0.875 0.75625 0.8734375 0.7541666666666667 0.871875 0.7541666666666667 0.8703125 0.7520833333333333 0.86875 0.7520833333333333 0.8671875 0.75 0.8640625 0.75 0.859375 0.74375 0.8578125 0.74375