0 0.12413194444444442 0.30150462962962965 0.11371527777777776 0.11689814814814815
0 0.08463541666666663 0.45023148148148145 0.10763888888888888 0.14351851851851852
0 0.04861111111111109 0.5862268518518519 0.09635416666666666 0.14699074074074078
0 0.3155381944444444 0.40219907407407407 0.09027777777777776 0.13310185185185183
0 0.3259548611111111 0.5121527777777778 0.0989583333333333 0.12384259259259256
0 0.4522569444444445 0.49826388888888895 0.08940972222222224 0.13773148148148148
0 0.5807291666666666 0.5017361111111112 0.09288194444444446 0.1493055555555556
0 0.5941840277777778 0.5960648148148148 0.09027777777777786 0.12037037037037036
0 0.646267361111111 0.41608796296296297 0.0833333333333334 0.13310185185185183
0 0.70703125 0.48321759259259256 0.09027777777777768 0.11226851851851845
0 0.7855902777777779 0.4913194444444444 0.07378472222222224 0.12384259259259256
0 0.865017361111111 0.38657407407407407 0.10416666666666644 0.13425925925925922
0 0.920138888888889 0.45370370370370366 0.09288194444444428 0.10648148148148143
0 0.8489583333333333 0.5509259259259259 0.09809027777777776 0.11342592592592596
0 0.7942708333333333 0.6412037037037037 0.09461805555555562 0.11805555555555548
0 0.10373263888888888 0.2488425925925926 0.09331597222222218 0.2627314814814815 0.0872395833333333 0.27662037037037035 0.08116319444444442 0.28587962962962965 0.07682291666666666 0.29745370370370366 0.07508680555555554 0.3101851851851852 0.08203125 0.32754629629629634 0.0950520833333333 0.3449074074074074 0.10894097222222218 0.35300925925925924 0.12456597222222218 0.3541666666666667 0.13411458333333331 0.35185185185185186 0.14713541666666666 0.3460648148148148 0.16710069444444442 0.33912037037037035 0.17664930555555552 0.3310185185185185 0.17664930555555552 0.32060185185185186 0.17317708333333331 0.3055555555555555 0.15321180555555552 0.2777777777777778 0.14366319444444442 0.2673611111111111 0.12803819444444442 0.25 0.11241319444444442 0.24305555555555552
0 0.0559895833333333 0.3854166666666667 0.03689236111111112 0.40162037037037035 0.03342013888888888 0.4131944444444444 0.0325520833333333 0.4270833333333333 0.04730902777777777 0.46296296296296297 0.05685763888888888 0.47685185185185186 0.06901041666666666 0.4884259259259259 0.08376736111111108 0.5034722222222222 0.09678819444444442 0.5092592592592592 0.10807291666666666 0.49189814814814814 0.11241319444444442 0.48032407407407407 0.12196180555555554 0.46296296296296297 0.12803819444444442 0.4479166666666667 0.13324652777777776 0.4351851851851852 0.13151041666666666 0.4247685185185185 0.12977430555555552 0.4097222222222222 0.12196180555555554 0.39814814814814814 0.10807291666666666 0.3923611111111111 0.09418402777777776 0.41435185185185186 0.08203125 0.4201388888888889 0.06727430555555554 0.40162037037037035
0 0.0004340277777777679 0.6412037037037037 0.005642361111111116 0.6550925925925927 0.016927083333333304 0.6574074074074073 0.03776041666666665 0.6469907407407407 0.05164930555555554 0.6365740740740741 0.06987847222222218 0.6215277777777778 0.03949652777777777 0.59375 0.009114583333333304 0.6064814814814814 0 0.6158297720797721 0 0.6354166666666666
0 0.2860243055555555 0.35879629629629634 0.27126736111111105 0.37962962962962965 0.26779513888888884 0.3946759259259259 0.2669270833333333 0.41782407407407407 0.27734375 0.4398148148148148 0.28342013888888884 0.4513888888888889 0.29470486111111105 0.4618055555555555 0.3016493055555555 0.46296296296296297 0.3120659722222222 0.46064814814814814 0.3198784722222222 0.45370370370370366 0.3285590277777778 0.44675925925925924 0.33984375 0.4398148148148148 0.3467881944444445 0.4270833333333333 0.35026041666666663 0.4166666666666667 0.3233506944444445 0.3958333333333333 0.3129340277777778 0.3923611111111111 0.30251736111111105 0.3784722222222222 0.2964409722222222 0.3680555555555555
0 0.3216145833333333 0.46064814814814814 0.3016493055555555 0.47337962962962965 0.2981770833333333 0.48495370370370366 0.29557291666666663 0.49652777777777773 0.29123263888888884 0.5185185185185185 0.28776041666666663 0.5335648148148148 0.28515625 0.545138888888889 0.2860243055555555 0.5543981481481481 0.29557291666666663 0.5671296296296297 0.30685763888888884 0.568287037037037 0.3207465277777778 0.5659722222222222 0.33463541666666663 0.5625 0.3519965277777778 0.5601851851851851 0.36935763888888884 0.5532407407407407 0.37282986111111105 0.5381944444444444 0.36935763888888884 0.5196759259259259 0.3641493055555555 0.5023148148148148 0.35807291666666663 0.4884259259259259 0.3485243055555555 0.4756944444444444 0.33463541666666663 0.46296296296296297
0 0.42751736111111105 0.4502314814814815 0.4136284722222222 0.4699074074074074 0.4136284722222222 0.4826388888888889 0.4136284722222222 0.49421296296296297 0.4144965277777778 0.5127314814814815 0.4292534722222222 0.5347222222222222 0.4422743055555555 0.5474537037037037 0.45616319444444436 0.5555555555555556 0.4700520833333333 0.545138888888889 0.4839409722222222 0.5104166666666666 0.49088541666666663 0.47800925925925924 0.48046875 0.45254629629629634 0.45616319444444436 0.4444444444444444 0.43967013888888884 0.4386574074074074
0 0.53515625 0.4664351851851852 0.5342881944444444 0.49537037037037035 0.5464409722222222 0.5196759259259259 0.5672743055555556 0.5393518518518517 0.5776909722222222 0.5543981481481481 0.5907118055555555 0.5659722222222222 0.6089409722222222 0.5648148148148148 0.6150173611111112 0.5324074074074073 0.6184895833333333 0.49421296296296297 0.6228298611111112 0.47453703703703703 0.6141493055555555 0.4571759259259259 0.5985243055555555 0.4571759259259259 0.5889756944444444 0.4594907407407407 0.5724826388888888 0.45486111111111105 0.5672743055555556 0.45254629629629634 0.552517361111111 0.4560185185185185
0 0.552517361111111 0.5891203703703703 0.55859375 0.6099537037037037 0.5724826388888888 0.6319444444444444 0.5863715277777778 0.6435185185185185 0.6046006944444444 0.650462962962963 0.6167534722222222 0.6458333333333334 0.6193576388888888 0.6342592592592593 0.6263020833333333 0.6331018518518517 0.6358506944444444 0.607638888888889 0.6349826388888888 0.5844907407407407 0.6306423611111112 0.5590277777777778 0.6167534722222222 0.548611111111111 0.6072048611111112 0.5613425925925927 0.5933159722222222 0.5740740740740741 0.5872395833333333 0.5902777777777778 0.5802951388888888 0.5972222222222222 0.568142361111111 0.5960648148148148 0.5620659722222222 0.5833333333333334
0 0.6289062499999999 0.35879629629629634 0.6080729166666667 0.3761574074074074 0.6054687499999999 0.3993055555555555 0.6124131944444444 0.43402777777777773 0.6263020833333333 0.4479166666666667 0.6341145833333333 0.4513888888888889 0.6236979166666667 0.4618055555555555 0.6280381944444444 0.4826388888888889 0.6367187499999999 0.4710648148148148 0.6644965277777778 0.4479166666666667 0.6801215277777778 0.4305555555555555 0.6827256944444444 0.4166666666666667 0.6714409722222222 0.40046296296296297 0.6671006944444444 0.39120370370370366 0.6584201388888888 0.3784722222222222 0.6462673611111112 0.3680555555555555
0 0.7009548611111112 0.43634259259259256 0.6853298611111112 0.4386574074074074 0.6723090277777778 0.4571759259259259 0.6679687499999999 0.49537037037037035 0.6679687499999999 0.5219907407407407 0.6775173611111112 0.5428240740740741 0.6931423611111112 0.5381944444444444 0.7018229166666667 0.5324074074074073 0.7174479166666667 0.5266203703703703 0.7313368055555555 0.517361111111111 0.7443576388888888 0.49884259259259256 0.7469618055555555 0.48032407407407407 0.7408854166666667 0.46412037037037035 0.7322048611111112 0.45486111111111105 0.7165798611111112 0.4409722222222222
0 0.7608506944444444 0.44212962962962965 0.7495659722222222 0.45370370370370366 0.7486979166666667 0.4814814814814815 0.7547743055555555 0.5011574074074073 0.7686631944444444 0.5162037037037037 0.7894965277777778 0.5358796296296297 0.8016493055555554 0.5416666666666666 0.80859375 0.5289351851851852 0.81640625 0.4907407407407407 0.81640625 0.4664351851851852 0.810329861111111 0.4502314814814815 0.80078125 0.44560185185185186 0.7851562499999999 0.4479166666666667 0.7738715277777778 0.4444444444444444
0 0.7608506944444444 0.6180555555555556 0.7565104166666667 0.6331018518518517 0.7677951388888888 0.6527777777777778 0.7842881944444444 0.6678240740740741 0.7990451388888888 0.6782407407407407 0.8138020833333333 0.6956018518518517 0.825954861111111 0.6909722222222222 0.833767361111111 0.6574074074074073 0.8372395833333333 0.625 0.8250868055555554 0.6099537037037037 0.81640625 0.607638888888889 0.8190104166666667 0.625 0.7999131944444444 0.6145833333333334 0.7868923611111112 0.607638888888889 0.7756076388888888 0.6099537037037037
0 0.8346354166666667 0.5289351851851852 0.81640625 0.5462962962962963 0.8077256944444443 0.5543981481481481 0.8198784722222221 0.5717592592592593 0.841579861111111 0.5833333333333334 0.8546006944444443 0.5891203703703703 0.8684895833333333 0.599537037037037 0.8832465277777779 0.599537037037037 0.888454861111111 0.579861111111111 0.8875868055555554 0.5578703703703703 0.8858506944444443 0.5347222222222222 0.87890625 0.5138888888888888 0.869357638888889 0.49884259259259256 0.8658854166666667 0.5115740740740741 0.8485243055555554 0.5138888888888888
0 0.8346354166666667 0.3634259259259259 0.81640625 0.3854166666666667 0.8138020833333333 0.4039351851851852 0.82421875 0.4247685185185185 0.8450520833333333 0.4409722222222222 0.8563368055555554 0.44328703703703703 0.8815104166666667 0.44560185185185186 0.90234375 0.44560185185185186 0.916232638888889 0.43402777777777773 0.9136284722222221 0.41203703703703703 0.908420138888889 0.3854166666666667 0.904079861111111 0.3715277777777778 0.8936631944444443 0.34953703703703703 0.8832465277777779 0.3402777777777778 0.8624131944444443 0.3333333333333333 0.8467881944444443 0.34259259259259256
0 0.8823784722222221 0.4502314814814815 0.8754340277777779 0.4664351851851852 0.8763020833333333 0.4826388888888889 0.8919270833333333 0.49537037037037035 0.91015625 0.5115740740740741 0.935329861111111 0.49884259259259256 0.950954861111111 0.4872685185185185 0.9596354166666667 0.4710648148148148 0.9613715277777779 0.4583333333333333 0.9518229166666667 0.44560185185185186 0.943142361111111 0.4386574074074074 0.931857638888889 0.4270833333333333 0.9205729166666667 0.4131944444444444 0.91796875 0.4270833333333333 0.9153645833333333 0.43402777777777773 0.904079861111111 0.4444444444444444