0 0.25117320819112626 0.2940130830489192 0.09918941979522185 0.1059442548350398
0 0.2175767918088737 0.43550910125142206 0.09172354948805461 0.12158703071672351
0 0.16824872013651876 0.5695392491467576 0.08372440273037543 0.11234357224118312
0 0.4202218430034129 0.3864476678043231 0.07999146757679179 0.11447667804323096
0 0.4386198805460751 0.4867036405005688 0.08585750853242317 0.11305460750853248
0 0.5514078498293514 0.46928327645051193 0.07892491467576787 0.13367463026166096
0 0.6809940273037542 0.4760381114903299 0.09172354948805461 0.12727531285551758
0 0.6868600682593856 0.5638509670079636 0.08745733788395897 0.11092150170648468
0 0.7356548634812287 0.39498009101251425 0.078391638225256 0.11305460750853241
0 0.7940486348122866 0.458617747440273 0.0863907849829351 0.10665529010238904
0 0.8689739761092149 0.46395051194539244 0.07732508532423221 0.11163253697383393
0 0.8756399317406143 0.607579635949943 0.08319112627986343 0.1045221843003412
0 0.9321672354948806 0.5165671217292378 0.08745733788395907 0.11305460750853248
0 0.9478988907849828 0.36191695108077354 0.1007892491467576 0.11092150170648463
0 0.2137225115740741 0.2781635802469137 0.21082899305555558 0.28250385802469147 0.20829716435185186 0.2887731481481482 0.20793547453703706 0.29166666666666674 0.20648871527777782 0.30082947530864207 0.20612702546296297 0.30565200617283955 0.20865885416666669 0.3215663580246914 0.21299913194444448 0.33072916666666674 0.21516927083333334 0.33362268518518523 0.22095630787037038 0.3389274691358025 0.2310836226851852 0.34182098765432106 0.2390407986111111 0.34182098765432106 0.24772135416666669 0.34182098765432106 0.2524233217592593 0.34278549382716056 0.26399739583333337 0.3403742283950618 0.2752097800925926 0.336033950617284 0.28316695601851855 0.33506944444444453 0.29220920138888895 0.33314043209876554 0.29835792824074076 0.32445987654320996 0.30125144675925924 0.31770833333333337 0.29908130787037035 0.3138503086419754 0.29510271990740744 0.30613425925925936 0.28823061342592593 0.296971450617284 0.2802734375 0.28539737654320996 0.27557146990740744 0.2771990740740742 0.27267795138888895 0.27141203703703715 0.2654441550925926 0.26128472222222227 0.25821035879629634 0.2554976851851853 0.2535083912037037 0.252121913580247 0.24591290509259262 0.24826388888888898 0.2408492476851852 0.24633487654320996 0.23180700231481483 0.24729938271604945 0.22421151620370372 0.2530864197530865 0.22059461805555558 0.25935570987654327 0.21697771990740744 0.26707175925925936
0 0.18912760416666669 0.37991898148148157 0.1818938078703704 0.38811728395061734 0.1764684606481482 0.3967978395061729 0.1750217013888889 0.404513888888889 0.17429832175925927 0.4156057098765433 0.17791521990740744 0.43055555555555564 0.1818938078703704 0.4377893518518519 0.18768084490740744 0.4440586419753087 0.1920211226851852 0.44984567901234573 0.20033998842592596 0.4594907407407408 0.2035951967592593 0.46527777777777785 0.20902054398148148 0.4744405864197532 0.21480758101851855 0.484567901234568 0.21878616898148148 0.48794367283950624 0.2234881365740741 0.4918016975308642 0.2332537615740741 0.4918016975308642 0.2408492476851852 0.4802276234567902 0.24808304398148148 0.46238425925925936 0.2509765625 0.4527391975308642 0.2553168402777778 0.4392361111111112 0.2596571180555556 0.42380401234567905 0.25893373842592593 0.4054783950617285 0.2553168402777778 0.3967978395061729 0.24627459490740744 0.38715277777777785 0.23976417824074076 0.38281250000000006 0.23470052083333334 0.39245756172839513 0.22710503472222224 0.4001736111111112 0.2195095486111111 0.4035493827160495 0.2137225115740741 0.4021026234567902 0.2111906828703704 0.38474151234567905 0.20938223379629634 0.37991898148148157 0.20612702546296297 0.3779899691358025 0.19672309027777782 0.3779899691358025
0 0.1355975115740741 0.5390625000000001 0.1308955439814815 0.5438850308641976 0.12727864583333337 0.5458140432098766 0.12583188657407413 0.5525655864197532 0.12944878472222227 0.5684799382716049 0.13270399305555558 0.5805362654320988 0.13595920138888892 0.5911458333333335 0.13849103009259262 0.5988618827160495 0.1431929976851852 0.611400462962963 0.14608651620370375 0.6167052469135803 0.15006510416666669 0.6191165123456791 0.15621383101851855 0.6195987654320988 0.167064525462963 0.6181520061728396 0.17574508101851855 0.615258487654321 0.1818938078703704 0.6118827160493828 0.19274450231481483 0.6027199074074076 0.20033998842592596 0.5945216049382717 0.2035951967592593 0.5916280864197532 0.20540364583333334 0.5872878086419753 0.2035951967592593 0.5853587962962963 0.19780815972222227 0.5834297839506173 0.1920211226851852 0.5766782407407408 0.18695746527777782 0.5728202160493828 0.18370225694444448 0.5704089506172839 0.17827690972222227 0.5704089506172839 0.17393663194444448 0.576195987654321 0.16778790509259262 0.5790895061728396 0.16200086805555558 0.5800540123456791 0.15802228009259262 0.5805362654320988 0.15585214120370375 0.5747492283950618 0.1551287615740741 0.5665509259259259 0.15766059027777782 0.5530478395061729 0.15151186342592596 0.5482253086419753 0.14644820601851855 0.5472608024691359 0.14210792824074076 0.5443672839506173 0.13921440972222227 0.5409915123456791
0 0.3996310763888889 0.34567901234567905 0.39384403935185186 0.3519483024691359 0.3887803819444445 0.3649691358024692 0.3833550347222222 0.38088348765432106 0.38118489583333337 0.39149305555555564 0.38154658564814814 0.40258487654320996 0.3833550347222222 0.40885416666666674 0.38950376157407407 0.4204282407407408 0.3923972800925926 0.4320023148148149 0.3942057291666667 0.43827160493827166 0.4014395254629629 0.4430941358024692 0.40758825231481477 0.4445408950617285 0.41916232638888884 0.43827160493827166 0.43218315972222215 0.4320023148148149 0.44158709490740733 0.42717978395061734 0.4495442708333333 0.41994598765432106 0.4560546875 0.4059606481481482 0.4589482060185185 0.39728009259259267 0.45279947916666663 0.3953510802469137 0.44556568287037035 0.3900462962962964 0.43869357638888884 0.38377700617283955 0.43326822916666663 0.3794367283950618 0.42856626157407407 0.371238425925926 0.4242259837962963 0.3640046296296297 0.4209707754629629 0.3543595679012347 0.41843894675925924 0.34809027777777785 0.4104817708333333 0.34712577160493835 0.40577980324074076 0.34712577160493835
0 0.42784288194444436 0.4402006172839507 0.41843894675925924 0.447434413580247 0.41482204861111105 0.45563271604938277 0.4108434606481481 0.4647955246913581 0.40577980324074076 0.4821566358024692 0.40252459490740733 0.5014467592592593 0.4003544560185185 0.5101273148148149 0.39890769675925924 0.5221836419753088 0.3985460069444445 0.5284529320987655 0.4018012152777778 0.5356867283950618 0.40505642361111105 0.5400270061728396 0.4249493634259259 0.5424382716049383 0.4397786458333333 0.5395447530864198 0.4452039930555555 0.5390625000000001 0.4502676504629629 0.5371334876543211 0.4647352430555555 0.5318287037037037 0.47052228009259256 0.529417438271605 0.4730541087962963 0.5260416666666667 0.4763093171296296 0.5202546296296297 0.47739438657407407 0.5149498456790124 0.47703269675925924 0.5033757716049384 0.47594762731481477 0.49131944444444453 0.47341579861111105 0.484567901234568 0.4701605902777778 0.4758873456790124 0.46618200231481477 0.4676890432098766 0.46111834490740733 0.45900848765432106 0.4596715856481481 0.45225694444444453 0.4542462384259259 0.4440586419753087 0.45207609953703703 0.4416473765432099 0.4452039930555555 0.43827160493827166 0.4347149884259259 0.4377893518518519 0.43145978009259256 0.43827160493827166
0 0.5258608217592593 0.4291087962962964 0.5240523726851851 0.4324845679012347 0.5197120949074073 0.4459876543209877 0.5171802662037036 0.4541859567901235 0.5157335069444444 0.46286651234567905 0.5157335069444444 0.4729938271604939 0.5160951967592593 0.4821566358024692 0.5179036458333333 0.48794367283950624 0.5207971643518519 0.49469521604938277 0.5258608217592593 0.5028935185185186 0.5327329282407407 0.5091628086419754 0.5367115162037036 0.5110918209876544 0.5403284143518519 0.5135030864197532 0.5446686921296295 0.517843364197531 0.5493706597222221 0.5221836419753088 0.5558810763888888 0.525559413580247 0.5602213541666666 0.529417438271605 0.5699869791666666 0.531346450617284 0.5743272569444444 0.5207368827160495 0.5775824652777778 0.5067515432098766 0.580837673611111 0.49565972222222227 0.5844545717592593 0.48794367283950624 0.5869864004629629 0.4778163580246914 0.5877097800925926 0.46431327160493835 0.5877097800925926 0.4517746913580247 0.5844545717592593 0.4377893518518519 0.5786675347222221 0.4291087962962964 0.5746889467592593 0.42235725308641986 0.5656467013888888 0.4194637345679013 0.559497974537037 0.41801697530864207 0.5508174189814814 0.4170524691358025 0.5424985532407407 0.4170524691358025 0.5374348958333333 0.4184992283950618 0.5323712384259258 0.42235725308641986 0.5294777199074073 0.42476851851851855
0 0.6444950810185185 0.4416473765432099 0.6361762152777778 0.44791666666666674 0.6365379050925926 0.45707947530864207 0.6368995949074073 0.46141975308641986 0.6383463541666666 0.4701003086419754 0.6401548032407407 0.47733410493827166 0.6459418402777778 0.4850501543209877 0.6538990162037036 0.4975887345679013 0.6575159143518519 0.5014467592592593 0.6654730902777778 0.5081983024691359 0.6698133680555556 0.5139853395061729 0.6759620949074073 0.51977237654321 0.6828342013888888 0.5260416666666667 0.6868127893518519 0.5298996913580247 0.6907913773148148 0.5342399691358025 0.6965784143518519 0.5366512345679013 0.7001953124999999 0.5371334876543211 0.7095992476851851 0.5323109567901235 0.7128544560185184 0.5212191358024693 0.7153862847222221 0.5091628086419754 0.7153862847222221 0.5009645061728396 0.7164713541666666 0.4908371913580247 0.7204499421296295 0.4768518518518519 0.7229817708333333 0.46720679012345684 0.7258752893518519 0.45466820987654327 0.7251519097222221 0.44695216049382724 0.7233434606481481 0.43827160493827166 0.7193648726851851 0.4324845679012347 0.7139395254629629 0.42959104938271614 0.7030888310185184 0.43152006172839513 0.6994719328703703 0.4339313271604939 0.6947699652777778 0.4344135802469137 0.6839192708333333 0.4339313271604939 0.678493923611111 0.43055555555555564 0.6748770254629629 0.4300733024691359 0.6705367476851851 0.4310378086419754 0.6647497106481481 0.4334490740740742 0.657154224537037 0.4358603395061729 0.6513671874999999 0.4368248456790124 0.6477502893518519 0.4377893518518519
0 0.6448567708333333 0.5525655864197532 0.6470269097222221 0.5626929012345679 0.6517288773148148 0.5733024691358025 0.6542607060185185 0.5790895061728396 0.657154224537037 0.5843942901234569 0.6614945023148148 0.5906635802469136 0.6654730902777778 0.595968364197531 0.6698133680555556 0.6003086419753086 0.6745153356481481 0.6051311728395062 0.6781322337962963 0.6089891975308642 0.6846426504629629 0.6128472222222222 0.688259548611111 0.615258487654321 0.6940465856481481 0.6157407407407408 0.7020037615740741 0.6123649691358025 0.7056206597222221 0.6089891975308642 0.7070674189814814 0.6046489197530865 0.7128544560185184 0.6036844135802469 0.7197265624999999 0.5993441358024693 0.7276837384259258 0.5853587962962963 0.7305772569444444 0.5728202160493828 0.7327473958333333 0.5564236111111112 0.7323857060185184 0.5429205246913581 0.7291304976851851 0.5327932098765432 0.7251519097222221 0.5236304012345679 0.7179181134259258 0.5154320987654322 0.7150245949074073 0.5173611111111112 0.7132161458333333 0.5226658950617284 0.7124927662037036 0.5279706790123457 0.7067057291666666 0.5347222222222222 0.7001953124999999 0.5385802469135803 0.6947699652777778 0.5405092592592593 0.6904296874999999 0.5453317901234569 0.6860894097222221 0.5559413580246915 0.6817491319444444 0.5612461419753086 0.6745153356481481 0.5602816358024693 0.6676432291666666 0.5520833333333335 0.6658347800925926 0.5491898148148149 0.6600477430555556 0.5506365740740742 0.6564308449074073 0.5544945987654322 0.6542607060185185 0.5578703703703705 0.6520905671296295 0.55883487654321
0 0.7139395254629629 0.3369984567901235 0.7048972800925926 0.34375000000000006 0.7001953124999999 0.3509837962962964 0.6965784143518519 0.3611111111111112 0.6954933449074073 0.371238425925926 0.6973017939814814 0.38474151234567905 0.6991102430555556 0.3977623456790124 0.6994719328703703 0.406442901234568 0.6994719328703703 0.41126543209876554 0.7030888310185184 0.4136766975308642 0.707790798611111 0.416087962962963 0.7150245949074073 0.41801697530864207 0.7211733217592592 0.41994598765432106 0.7313006365740741 0.42717978395061734 0.7334707754629629 0.4300733024691359 0.7276837384259258 0.43489583333333337 0.7269603587962963 0.4411651234567902 0.7276837384259258 0.4464699074074075 0.7316623263888888 0.443576388888889 0.7363642939814814 0.4387538580246914 0.7399811921296295 0.4344135802469137 0.7439597800925926 0.43055555555555564 0.7537254050925926 0.42380401234567905 0.7609592013888888 0.42091049382716056 0.7652994791666666 0.4146412037037038 0.7703631365740741 0.406442901234568 0.7721715856481481 0.3996913580246914 0.7728949652777777 0.38908179012345684 0.7689163773148148 0.38184799382716056 0.7558955439814814 0.37075617283950624 0.754810474537037 0.367380401234568 0.7540870949074073 0.3611111111111112 0.7522786458333333 0.35677083333333337 0.7454065393518519 0.35339506172839513 0.7378110532407407 0.3476080246913581 0.7316623263888888 0.34278549382716056 0.7226200810185184 0.33989197530864207
0 0.7848307291666666 0.4093364197530865 0.7790436921296295 0.40885416666666674 0.7718098958333333 0.41222993827160503 0.7671079282407407 0.4151234567901235 0.7624059606481481 0.4194637345679013 0.7587890624999999 0.42959104938271614 0.7562572337962963 0.43634259259259267 0.754810474537037 0.447434413580247 0.7530020254629629 0.46141975308641986 0.7515552662037036 0.4734760802469137 0.7515552662037036 0.4840856481481482 0.7515552662037036 0.49131944444444453 0.7522786458333333 0.4985532407407408 0.7551721643518519 0.5053047839506174 0.7598741319444444 0.5091628086419754 0.774341724537037 0.5110918209876544 0.7779586226851851 0.5091628086419754 0.7844690393518519 0.5043402777777779 0.7906177662037036 0.5009645061728396 0.8007450810185185 0.5000000000000001 0.8094256365740741 0.49951774691358036 0.8141276041666666 0.494212962962963 0.8217230902777777 0.48697916666666674 0.8246166087962962 0.484567901234568 0.8275101273148147 0.4807098765432099 0.8307653356481481 0.4720293209876544 0.8318504050925926 0.4585262345679013 0.8300419560185185 0.4483989197530865 0.8271484375 0.4358603395061729 0.8220847800925926 0.4276620370370371 0.8166594328703702 0.42235725308641986 0.8094256365740741 0.41898148148148157 0.8021918402777777 0.4170524691358025 0.7971281828703703 0.4127121913580247 0.7891710069444444 0.408371913580247
0 0.8336588541666666 0.46383101851851855 0.8463179976851851 0.4831211419753087 0.850658275462963 0.4908371913580247 0.8571686921296295 0.4966242283950618 0.8676576967592592 0.5057870370370371 0.8709129050925926 0.5096450617283952 0.8763382523148147 0.5130208333333334 0.883572048611111 0.5130208333333334 0.8875506365740741 0.5115740740740742 0.8940610532407407 0.5033757716049384 0.8962311921296295 0.492283950617284 0.8962311921296295 0.4811921296296297 0.8969545717592592 0.4710648148148149 0.899486400462963 0.46383101851851855 0.9034649884259258 0.4541859567901235 0.9063585069444444 0.4445408950617285 0.9059968171296295 0.4334490740740742 0.9009331597222221 0.42476851851851855 0.8929759837962962 0.4175347222222223 0.889720775462963 0.4146412037037038 0.8864655671296295 0.414158950617284 0.8828486689814815 0.41801697530864207 0.8759765625 0.42139274691358036 0.8665726273148147 0.4194637345679013 0.8593388310185185 0.4170524691358025 0.8521050347222221 0.4170524691358025 0.8463179976851851 0.4194637345679013 0.8434244791666666 0.42283950617283955 0.8412543402777777 0.4276620370370371 0.8441478587962962 0.4353780864197532 0.8437861689814815 0.4397183641975309 0.8398075810185185 0.443576388888889 0.8398075810185185 0.453221450617284 0.8419777199074072 0.45804398148148157 0.8405309606481481 0.46334876543209885
0 0.8351056134259259 0.5906635802469136 0.8351056134259259 0.5964506172839507 0.8365523726851851 0.6032021604938272 0.8394458912037036 0.611400462962963 0.8441478587962962 0.6176697530864198 0.8499348958333333 0.6239390432098766 0.8553602430555556 0.6297260802469136 0.8607855902777777 0.6359953703703705 0.8669343171296295 0.6384066358024693 0.8730830439814815 0.6422646604938272 0.8766999421296295 0.6451581790123458 0.8850188078703702 0.6485339506172839 0.8889973958333333 0.6528742283950618 0.9002097800925926 0.6596257716049383 0.9041883680555556 0.6552854938271605 0.9063585069444444 0.6475694444444445 0.9106987847222221 0.6417824074074076 0.9117838541666666 0.6224922839506173 0.9117838541666666 0.611400462962963 0.912868923611111 0.5969328703703705 0.9143156828703702 0.5853587962962963 0.9121455439814815 0.5771604938271605 0.911060474537037 0.5747492283950618 0.9005714699074072 0.5882523148148149 0.8850188078703702 0.5858410493827162 0.8810402199074072 0.5819830246913581 0.8748914930555556 0.5757137345679013 0.8698278356481481 0.5733024691358025 0.8589771412037036 0.5786072530864198 0.854275173611111 0.5819830246913581 0.8477647569444444 0.5834297839506173 0.8423394097222221 0.5843942901234569
0 0.8893590856481481 0.5241126543209877 0.8911675347222221 0.5284529320987655 0.8962311921296295 0.5356867283950618 0.9005714699074072 0.5414737654320988 0.9056351273148147 0.5462962962962963 0.9117838541666666 0.5496720679012346 0.9211877893518517 0.5506365740740742 0.9276982060185185 0.5559413580246915 0.9334852430555556 0.5573881172839507 0.9392722800925926 0.5602816358024693 0.9443359375 0.5622106481481483 0.9504846643518517 0.5646219135802469 0.9544632523148147 0.5665509259259259 0.9609736689814815 0.5646219135802469 0.9674840856481481 0.5612461419753086 0.9729094328703702 0.5578703703703705 0.9747178819444443 0.5491898148148149 0.9739945023148147 0.5405092592592593 0.9718243634259258 0.5356867283950618 0.9711009837962962 0.5303819444444445 0.9736328125 0.5149498456790124 0.9739945023148147 0.5096450617283952 0.9721860532407407 0.5000000000000001 0.967845775462963 0.488425925925926 0.9645905671296295 0.4811921296296297 0.961697048611111 0.4782986111111112 0.9566333912037036 0.4749228395061729 0.948314525462963 0.4792631172839507 0.9414424189814815 0.4831211419753087 0.9367404513888887 0.4850501543209877 0.9302300347222221 0.48794367283950624 0.9233579282407407 0.4908371913580247 0.9154007523148147 0.5033757716049384 0.9143156828703702 0.5062692901234569 0.9099754050925926 0.5086805555555556 0.9070818865740741 0.5096450617283952 0.8973162615740741 0.5110918209876544 0.893337673611111 0.5139853395061729 0.8908058449074072 0.5168788580246914
0 0.9331235532407407 0.32445987654320996 0.9298683449074072 0.33072916666666674 0.9240813078703702 0.33989197530864207 0.9164858217592592 0.3476080246913581 0.9103370949074072 0.35243055555555564 0.9041883680555556 0.36014660493827166 0.899486400462963 0.371238425925926 0.8984013310185185 0.38474151234567905 0.9002097800925926 0.3910108024691359 0.903103298611111 0.3987268518518519 0.9070818865740741 0.4021026234567902 0.912868923611111 0.4059606481481482 0.9179325810185185 0.408371913580247 0.9284215856481481 0.41126543209876554 0.938548900462963 0.41319444444444453 0.9588035300925926 0.414158950617284 0.9682074652777777 0.414158950617284 0.979419849537037 0.414158950617284 0.9862919560185185 0.41222993827160503 0.9920789930555556 0.41078317901234573 0.9953342013888887 0.40788966049382724 0.9982277199074072 0.4016203703703704 0.9978660300925926 0.3939043209876544 0.9978660300925926 0.37991898148148157 0.9984375 0.3719184027777768 0.9978660300925926 0.3615933641975309 0.9956958912037036 0.34857253086419765 0.9913556134259258 0.336033950617284 0.9852068865740741 0.3249421296296297 0.9790581597222221 0.3138503086419754 0.9736328125 0.31143904320987664 0.9624204282407407 0.30854552469135815 0.9562717013888887 0.30854552469135815 0.9493995949074072 0.30854552469135815 0.9432508680555556 0.30951003086419765 0.9374638310185185 0.31433256172839513 0.9345703125 0.31915509259259267