0 0.05741279069767442 0.30474806201550386 0.08938953488372095 0.12887596899224807
0 0.07158430232558141 0.4074612403100775 0.0930232558139535 0.11724806201550386
0 0.18895348837209303 0.3783914728682171 0.08212209302325583 0.13468992248062014
0 0.2856104651162791 0.374031007751938 0.092296511627907 0.13178294573643418
0 0.3706395348837209 0.31153100775193804 0.07630813953488365 0.1308139534883721
0 0.32521802325581395 0.47141472868217055 0.08284883720930232 0.123062015503876
0 0.4335029069767442 0.3682170542635659 0.07848837209302321 0.12209302325581396
0 0.5098110465116279 0.37354651162790703 0.06686046511627897 0.11918604651162792
0 0.5704941860465117 0.2679263565891473 0.08793604651162798 0.11918604651162792
0 0.5773982558139535 0.42635658914728686 0.06976744186046506 0.11434108527131782
0 0.5399709302325582 0.5300387596899225 0.06758720930232567 0.10658914728682169
0 0.6595203488372092 0.34156976744186046 0.0654069767441861 0.13081395348837208
0 0.7267441860465117 0.37209302325581395 0.06613372093023262 0.11046511627906976
0 0.720203488372093 0.5106589147286822 0.06904069767441853 0.13372093023255818
0 0.8539244186046512 0.3168604651162791 0.0850290697674417 0.12596899224806204
0 0.9342296511627908 0.22771317829457366 0.08720930232558147 0.1337209302325581
0 0.9425872093023255 0.39486434108527135 0.08938953488372103 0.125
0 0.015625 0.28125 0.015625 0.28541666666666665 0.0140625 0.2875 0.0140625 0.29583333333333334 0.015625 0.29791666666666666 0.015625 0.30416666666666664 0.0171875 0.30625 0.0171875 0.32083333333333336 0.01875 0.3229166666666667 0.01875 0.32916666666666666 0.0203125 0.33125 0.0203125 0.3333333333333333 0.0234375 0.3375 0.0234375 0.33958333333333335 0.0265625 0.34375 0.0265625 0.3458333333333333 0.028125 0.34791666666666665 0.028125 0.35 0.0296875 0.35208333333333336 0.0296875 0.3541666666666667 0.0359375 0.3625 0.0375 0.3625 0.0390625 0.3645833333333333 0.040625 0.3645833333333333 0.0421875 0.36666666666666664 0.0453125 0.36666666666666664 0.05 0.36041666666666666 0.0515625 0.36041666666666666 0.05625 0.3541666666666667 0.0578125 0.3541666666666667 0.0640625 0.3458333333333333 0.06875 0.3458333333333333 0.0703125 0.34791666666666665 0.078125 0.34791666666666665 0.0796875 0.3458333333333333 0.08125 0.3458333333333333 0.084375 0.3416666666666667 0.0859375 0.3416666666666667 0.0875 0.33958333333333335 0.0890625 0.33958333333333335 0.0984375 0.32708333333333334 0.0984375 0.325 0.1 0.3229166666666667 0.1 0.3145833333333333 0.0984375 0.3145833333333333 0.096875 0.3125 0.0765625 0.3125 0.075 0.3104166666666667 0.071875 0.3104166666666667 0.0703125 0.30833333333333335 0.0703125 0.30625 0.065625 0.3 0.0609375 0.3 0.059375 0.29791666666666666 0.053125 0.29791666666666666 0.0515625 0.29583333333333334 0.05 0.29583333333333334 0.0484375 0.29375 0.046875 0.29375 0.0453125 0.2916666666666667 0.04375 0.2916666666666667 0.0375 0.2833333333333333 0.0375 0.28125 0.034375 0.27708333333333335 0.034375 0.275 0.03125 0.2708333333333333 0.0296875 0.2708333333333333 0.028125 0.26875 0.0265625 0.26875 0.025 0.26666666666666666 0.0234375 0.26666666666666666 0.0203125 0.2708333333333333 0.0203125 0.27291666666666664 0.01875 0.275 0.01875 0.27708333333333335
0 0.075 0.3541666666666667 0.0734375 0.3541666666666667 0.071875 0.35208333333333336 0.06875 0.35208333333333336 0.0671875 0.35 0.065625 0.35 0.0640625 0.35208333333333336 0.0625 0.35208333333333336 0.059375 0.35625 0.0578125 0.35625 0.0546875 0.36041666666666666 0.053125 0.36041666666666666 0.05 0.3645833333333333 0.0484375 0.3645833333333333 0.0484375 0.36666666666666664 0.0453125 0.37083333333333335 0.0453125 0.3729166666666667 0.0421875 0.3770833333333333 0.0421875 0.37916666666666665 0.0390625 0.38333333333333336 0.0390625 0.3875 0.0375 0.38958333333333334 0.0375 0.3958333333333333 0.0359375 0.39791666666666664 0.0359375 0.4041666666666667 0.034375 0.40625 0.034375 0.4125 0.0328125 0.41458333333333336 0.0328125 0.4166666666666667 0.03125 0.41875 0.03125 0.42083333333333334 0.0296875 0.42291666666666666 0.0296875 0.425 0.028125 0.4270833333333333 0.028125 0.43125 0.0265625 0.43333333333333335 0.0265625 0.4354166666666667 0.025 0.4375 0.025 0.4479166666666667 0.0265625 0.45 0.0265625 0.45208333333333334 0.03125 0.4583333333333333 0.034375 0.4583333333333333 0.0359375 0.46041666666666664 0.0421875 0.46041666666666664 0.04375 0.4625 0.05 0.4625 0.0515625 0.46041666666666664 0.065625 0.46041666666666664 0.0671875 0.4583333333333333 0.08125 0.4583333333333333 0.0828125 0.45625 0.0984375 0.45625 0.1 0.45416666666666666 0.1015625 0.45416666666666666 0.103125 0.45208333333333334 0.1046875 0.45208333333333334 0.10625 0.45 0.1078125 0.45 0.109375 0.4479166666666667 0.1109375 0.4479166666666667 0.1140625 0.44375 0.1140625 0.44166666666666665 0.115625 0.4395833333333333 0.115625 0.4375 0.1140625 0.4354166666666667 0.1140625 0.43333333333333335 0.1125 0.43333333333333335 0.109375 0.42916666666666664 0.109375 0.4270833333333333 0.1078125 0.425 0.1078125 0.41458333333333336 0.1046875 0.41041666666666665 0.103125 0.41041666666666665 0.1 0.40625 0.1 0.4041666666666667 0.096875 0.4 0.096875 0.39791666666666664 0.090625 0.38958333333333334 0.090625 0.3875 0.0875 0.38333333333333336 0.0875 0.38125 0.0828125 0.375 0.0828125 0.3729166666666667 0.08125 0.37083333333333335 0.08125 0.36666666666666664 0.0796875 0.3645833333333333 0.0796875 0.35833333333333334 0.078125 0.35833333333333334
0 0.1703125 0.3333333333333333 0.16875 0.33541666666666664 0.1671875 0.33541666666666664 0.165625 0.3375 0.1625 0.3375 0.146875 0.35833333333333334 0.146875 0.3625 0.1453125 0.3645833333333333 0.146875 0.36666666666666664 0.146875 0.37083333333333335 0.1484375 0.3729166666666667 0.1484375 0.3770833333333333 0.15 0.37916666666666665 0.15 0.3875 0.1515625 0.38958333333333334 0.1515625 0.3958333333333333 0.153125 0.39791666666666664 0.153125 0.40208333333333335 0.1546875 0.4041666666666667 0.1546875 0.40625 0.15625 0.4083333333333333 0.15625 0.41041666666666665 0.1765625 0.4375 0.178125 0.4375 0.1796875 0.4395833333333333 0.1921875 0.4395833333333333 0.19375 0.4375 0.1953125 0.4375 0.196875 0.4354166666666667 0.1984375 0.4354166666666667 0.2 0.43333333333333335 0.2015625 0.43333333333333335 0.20625 0.4270833333333333 0.2078125 0.4270833333333333 0.2171875 0.41458333333333336 0.2171875 0.4125 0.2234375 0.4041666666666667 0.2234375 0.40208333333333335 0.225 0.4 0.225 0.39791666666666664 0.2265625 0.3958333333333333 0.2265625 0.39375 0.228125 0.39166666666666666 0.228125 0.3875 0.2296875 0.3854166666666667 0.2296875 0.3770833333333333 0.228125 0.375 0.228125 0.37083333333333335 0.2234375 0.3645833333333333 0.2234375 0.3625 0.2203125 0.35833333333333334 0.2203125 0.35625 0.2171875 0.35208333333333336 0.2171875 0.35 0.2125 0.34375 0.2109375 0.34375 0.209375 0.3416666666666667 0.20625 0.3416666666666667 0.2046875 0.33958333333333335 0.203125 0.33958333333333335 0.2015625 0.3375 0.1953125 0.3375 0.19375 0.33541666666666664 0.1859375 0.33541666666666664 0.184375 0.3333333333333333
0 0.25625 0.32708333333333334 0.253125 0.33125 0.2515625 0.33125 0.2515625 0.3333333333333333 0.2484375 0.3375 0.2484375 0.33958333333333335 0.246875 0.3416666666666667 0.246875 0.34375 0.2453125 0.3458333333333333 0.2453125 0.34791666666666665 0.24375 0.35 0.24375 0.36041666666666666 0.2453125 0.3625 0.2453125 0.36875 0.246875 0.37083333333333335 0.246875 0.3729166666666667 0.25 0.3770833333333333 0.25 0.37916666666666665 0.2546875 0.3854166666666667 0.2546875 0.3875 0.2578125 0.39166666666666666 0.259375 0.39166666666666666 0.2609375 0.39375 0.2609375 0.3958333333333333 0.2671875 0.4041666666666667 0.26875 0.4041666666666667 0.2734375 0.41041666666666665 0.275 0.41041666666666665 0.278125 0.41458333333333336 0.2796875 0.41458333333333336 0.2828125 0.41875 0.2828125 0.42083333333333334 0.2921875 0.43333333333333335 0.29375 0.43333333333333335 0.296875 0.4375 0.2984375 0.4375 0.3 0.4395833333333333 0.3078125 0.4395833333333333 0.309375 0.4375 0.3109375 0.4375 0.315625 0.43125 0.315625 0.4270833333333333 0.3171875 0.425 0.3171875 0.42291666666666666 0.31875 0.42083333333333334 0.31875 0.41875 0.3203125 0.4166666666666667 0.3203125 0.4125 0.321875 0.41041666666666665 0.321875 0.4 0.3234375 0.39791666666666664 0.3234375 0.39166666666666666 0.325 0.38958333333333334 0.325 0.38333333333333336 0.3265625 0.38125 0.3265625 0.37083333333333335 0.328125 0.36875 0.328125 0.33958333333333335 0.321875 0.33125 0.321875 0.32916666666666666 0.3203125 0.32708333333333334 0.296875 0.32708333333333334 0.2953125 0.325 0.290625 0.325 0.2890625 0.3229166666666667 0.28125 0.3229166666666667 0.2796875 0.325 0.2734375 0.325 0.271875 0.32708333333333334 0.2671875 0.32708333333333334 0.265625 0.325 0.2609375 0.325 0.259375 0.32708333333333334
0 0.353125 0.25833333333333336 0.3515625 0.2604166666666667 0.3484375 0.2604166666666667 0.346875 0.2625 0.3453125 0.2625 0.3375 0.27291666666666664 0.3375 0.275 0.3359375 0.27708333333333335 0.3359375 0.2791666666666667 0.334375 0.28125 0.334375 0.2833333333333333 0.3328125 0.28541666666666665 0.3328125 0.2875 0.33125 0.28958333333333336 0.33125 0.29375 0.3328125 0.29583333333333334 0.3328125 0.3020833333333333 0.334375 0.30416666666666664 0.334375 0.30833333333333335 0.3359375 0.3104166666666667 0.3359375 0.3145833333333333 0.3375 0.31666666666666665 0.3375 0.32083333333333336 0.3390625 0.3229166666666667 0.3390625 0.325 0.340625 0.32708333333333334 0.340625 0.32916666666666666 0.3421875 0.33125 0.3421875 0.33541666666666664 0.34375 0.3375 0.34375 0.34375 0.3453125 0.3458333333333333 0.3453125 0.35208333333333336 0.346875 0.3541666666666667 0.346875 0.35833333333333334 0.35 0.3625 0.35 0.3645833333333333 0.3546875 0.37083333333333335 0.3640625 0.37083333333333335 0.365625 0.36875 0.3671875 0.36875 0.36875 0.36666666666666664 0.3703125 0.36666666666666664 0.384375 0.34791666666666665 0.3859375 0.34791666666666665 0.3859375 0.3458333333333333 0.3890625 0.3416666666666667 0.390625 0.3416666666666667 0.4 0.32916666666666666 0.4 0.32708333333333334 0.403125 0.3229166666666667 0.403125 0.32083333333333336 0.4046875 0.31875 0.4046875 0.31666666666666665 0.40625 0.3145833333333333 0.40625 0.3104166666666667 0.4078125 0.30833333333333335 0.4078125 0.3020833333333333 0.40625 0.3 0.40625 0.29375 0.4015625 0.2875 0.4 0.2875 0.3984375 0.28958333333333336 0.396875 0.28958333333333336 0.3953125 0.2916666666666667 0.39375 0.2916666666666667 0.3921875 0.29375 0.390625 0.29375 0.3890625 0.29583333333333334 0.3875 0.29583333333333334 0.3859375 0.29375 0.384375 0.29375 0.38125 0.28958333333333336 0.38125 0.2875 0.378125 0.2833333333333333 0.378125 0.27708333333333335 0.371875 0.26875 0.3671875 0.26875 0.3625 0.2625 0.359375 0.2625 0.3578125 0.2604166666666667 0.3546875 0.2604166666666667
0 0.3390625 0.42083333333333334 0.334375 0.42083333333333334 0.3328125 0.42291666666666666 0.33125 0.42291666666666666 0.3296875 0.425 0.328125 0.425 0.3265625 0.4270833333333333 0.3234375 0.4270833333333333 0.3203125 0.43125 0.31875 0.43125 0.3125 0.4395833333333333 0.3109375 0.4395833333333333 0.309375 0.44166666666666665 0.3078125 0.44166666666666665 0.30625 0.44375 0.303125 0.44375 0.3 0.4479166666666667 0.2984375 0.4479166666666667 0.284375 0.4666666666666667 0.284375 0.475 0.2859375 0.47708333333333336 0.2859375 0.48125 0.2890625 0.48541666666666666 0.2890625 0.4875 0.2921875 0.49166666666666664 0.2921875 0.49375 0.29375 0.49375 0.3140625 0.5208333333333334 0.315625 0.5208333333333334 0.3171875 0.5229166666666667 0.31875 0.5229166666666667 0.3203125 0.525 0.321875 0.525 0.3234375 0.5270833333333333 0.3265625 0.5270833333333333 0.328125 0.5291666666666667 0.3390625 0.5291666666666667 0.3421875 0.525 0.34375 0.525 0.3484375 0.51875 0.35 0.51875 0.353125 0.5145833333333333 0.3546875 0.5145833333333333 0.3609375 0.50625 0.3609375 0.5041666666666667 0.3625 0.5020833333333333 0.3625 0.49583333333333335 0.3640625 0.49375 0.3640625 0.475 0.3625 0.47291666666666665 0.3625 0.46458333333333335 0.3609375 0.4625 0.3609375 0.45416666666666666 0.359375 0.45208333333333334 0.359375 0.4479166666666667 0.3578125 0.44583333333333336 0.3578125 0.44166666666666665 0.35625 0.4395833333333333 0.35625 0.4375 0.3484375 0.4270833333333333 0.346875 0.4270833333333333 0.3453125 0.425 0.34375 0.425 0.3421875 0.42291666666666666 0.340625 0.42291666666666666
0 0.4703125 0.36875 0.4578125 0.35208333333333336 0.4578125 0.35 0.45625 0.34791666666666665 0.4546875 0.34791666666666665 0.45 0.3416666666666667 0.4484375 0.3416666666666667 0.44375 0.33541666666666664 0.4421875 0.33541666666666664 0.4390625 0.33125 0.4375 0.33125 0.4359375 0.32916666666666666 0.434375 0.32916666666666666 0.43125 0.325 0.415625 0.325 0.40625 0.3375 0.40625 0.33958333333333335 0.403125 0.34375 0.403125 0.3458333333333333 0.4015625 0.34791666666666665 0.4015625 0.35833333333333334 0.4 0.36041666666666666 0.4 0.3770833333333333 0.3984375 0.37916666666666665 0.3984375 0.3854166666666667 0.396875 0.3875 0.396875 0.39375 0.3953125 0.3958333333333333 0.3953125 0.41458333333333336 0.396875 0.4166666666666667 0.396875 0.41875 0.4 0.42291666666666666 0.4171875 0.42291666666666666 0.41875 0.42083333333333334 0.4203125 0.42083333333333334 0.421875 0.41875 0.4234375 0.41875 0.425 0.4166666666666667 0.4296875 0.4166666666666667 0.43125 0.41458333333333336 0.4390625 0.41458333333333336 0.440625 0.4125 0.44375 0.4125 0.4453125 0.41041666666666665 0.4484375 0.41041666666666665 0.45 0.4083333333333333 0.4515625 0.4083333333333333 0.453125 0.40625 0.4546875 0.40625 0.4578125 0.40208333333333335 0.459375 0.40208333333333335 0.465625 0.39375 0.465625 0.38958333333333334 0.4671875 0.3875 0.4671875 0.3854166666666667 0.4703125 0.38125 0.4703125 0.37916666666666665 0.471875 0.3770833333333333 0.471875 0.3729166666666667 0.4703125 0.37083333333333335
0 0.4953125 0.32916666666666666 0.49375 0.33125 0.4921875 0.33125 0.4890625 0.33541666666666664 0.4875 0.33541666666666664 0.48125 0.34375 0.48125 0.3458333333333333 0.4796875 0.34791666666666665 0.4796875 0.3541666666666667 0.478125 0.35625 0.478125 0.36666666666666664 0.4796875 0.36875 0.4796875 0.375 0.48125 0.3770833333333333 0.48125 0.37916666666666665 0.4828125 0.38125 0.4828125 0.38333333333333336 0.4859375 0.3875 0.4859375 0.38958333333333334 0.4890625 0.39375 0.4890625 0.3958333333333333 0.490625 0.3958333333333333 0.49375 0.4 0.4953125 0.4 0.5 0.40625 0.5015625 0.40625 0.50625 0.4125 0.5078125 0.4125 0.5171875 0.425 0.51875 0.425 0.5203125 0.4270833333333333 0.528125 0.4270833333333333 0.5328125 0.42083333333333334 0.5328125 0.4 0.534375 0.39791666666666664 0.534375 0.39166666666666666 0.5359375 0.38958333333333334 0.5359375 0.38333333333333336 0.5375 0.38125 0.5375 0.37916666666666665 0.5390625 0.3770833333333333 0.5390625 0.37083333333333335 0.540625 0.36875 0.540625 0.35 0.5390625 0.34791666666666665 0.5390625 0.3458333333333333 0.5328125 0.3375 0.5328125 0.33541666666666664 0.5296875 0.33125 0.5265625 0.33125 0.525 0.32916666666666666 0.521875 0.32916666666666666 0.5203125 0.32708333333333334 0.5 0.32708333333333334 0.4984375 0.32916666666666666
0 0.54375 0.23541666666666666 0.5390625 0.24166666666666667 0.5390625 0.24375 0.534375 0.25 0.534375 0.25416666666666665 0.53125 0.25833333333333336 0.53125 0.2604166666666667 0.5296875 0.2625 0.5296875 0.26458333333333334 0.528125 0.26666666666666666 0.528125 0.27708333333333335 0.5265625 0.2791666666666667 0.5265625 0.28541666666666665 0.528125 0.2875 0.528125 0.29583333333333334 0.5296875 0.29791666666666666 0.5296875 0.3020833333333333 0.534375 0.30833333333333335 0.534375 0.3104166666666667 0.5359375 0.3125 0.5359375 0.3145833333333333 0.5375 0.31666666666666665 0.5390625 0.31666666666666665 0.540625 0.31875 0.5421875 0.31875 0.54375 0.32083333333333336 0.5453125 0.32083333333333336 0.546875 0.3229166666666667 0.5484375 0.3229166666666667 0.55 0.325 0.5546875 0.325 0.55625 0.32708333333333334 0.575 0.32708333333333334 0.5765625 0.325 0.584375 0.325 0.5859375 0.32708333333333334 0.5953125 0.32708333333333334 0.596875 0.325 0.6 0.325 0.6015625 0.3229166666666667 0.603125 0.3229166666666667 0.6109375 0.3125 0.6109375 0.29375 0.609375 0.2916666666666667 0.609375 0.28541666666666665 0.6078125 0.2833333333333333 0.6078125 0.2791666666666667 0.60625 0.27708333333333335 0.60625 0.275 0.6046875 0.27291666666666664 0.6046875 0.26666666666666666 0.603125 0.26458333333333334 0.603125 0.2604166666666667 0.6015625 0.25833333333333336 0.6015625 0.25625 0.6 0.25416666666666665 0.6 0.2520833333333333 0.5984375 0.25 0.5984375 0.24791666666666667 0.5921875 0.23958333333333334 0.5921875 0.2375 0.5890625 0.23333333333333334 0.5875 0.23333333333333334 0.5859375 0.23125 0.584375 0.23125 0.5828125 0.22916666666666666 0.58125 0.22916666666666666 0.5796875 0.22708333333333333 0.578125 0.22708333333333333 0.5765625 0.225 0.5734375 0.225 0.571875 0.22291666666666668 0.5625 0.22291666666666668 0.5609375 0.225 0.5578125 0.225 0.5546875 0.22916666666666666 0.553125 0.22916666666666666 0.5515625 0.23125 0.55 0.23125 0.5484375 0.23333333333333334 0.546875 0.23333333333333334 0.5453125 0.23541666666666666
0 0.584375 0.37916666666666665 0.5828125 0.38125 0.58125 0.38125 0.5796875 0.38333333333333336 0.578125 0.38333333333333336 0.571875 0.39166666666666666 0.5703125 0.39166666666666666 0.5671875 0.3958333333333333 0.565625 0.3958333333333333 0.5640625 0.39791666666666664 0.5625 0.39791666666666664 0.559375 0.40208333333333335 0.5578125 0.40208333333333335 0.55 0.4125 0.55 0.41458333333333336 0.5484375 0.4166666666666667 0.5484375 0.41875 0.546875 0.42083333333333334 0.546875 0.42291666666666666 0.5453125 0.425 0.5453125 0.4270833333333333 0.54375 0.42916666666666664 0.54375 0.43333333333333335 0.5421875 0.4354166666666667 0.5421875 0.4479166666666667 0.546875 0.45416666666666666 0.5484375 0.45416666666666666 0.553125 0.46041666666666664 0.5546875 0.46041666666666664 0.55625 0.4625 0.5578125 0.4625 0.559375 0.46458333333333335 0.5609375 0.46458333333333335 0.5625 0.4666666666666667 0.5703125 0.4666666666666667 0.571875 0.46875 0.578125 0.46875 0.5796875 0.4708333333333333 0.5828125 0.4708333333333333 0.5859375 0.475 0.590625 0.475 0.5921875 0.47708333333333336 0.59375 0.47708333333333336 0.5953125 0.4791666666666667 0.6046875 0.4791666666666667 0.60625 0.47708333333333336 0.6078125 0.47708333333333336 0.6109375 0.47291666666666665 0.6109375 0.4708333333333333 0.6125 0.46875 0.6125 0.45416666666666666 0.6109375 0.45208333333333334 0.6109375 0.44583333333333336 0.609375 0.44375 0.609375 0.43333333333333335 0.6078125 0.43125 0.6078125 0.4166666666666667 0.60625 0.41458333333333336 0.60625 0.40625 0.6046875 0.4041666666666667 0.6046875 0.40208333333333335 0.5984375 0.39375 0.5984375 0.39166666666666666 0.59375 0.3854166666666667 0.5921875 0.3854166666666667 0.590625 0.38333333333333336 0.5890625 0.38333333333333336 0.5859375 0.37916666666666665
0 0.515625 0.4979166666666667 0.5109375 0.5041666666666667 0.5109375 0.5125 0.509375 0.5145833333333333 0.509375 0.5291666666666667 0.5109375 0.53125 0.5109375 0.5333333333333333 0.5125 0.5354166666666667 0.5125 0.5375 0.521875 0.55 0.5234375 0.55 0.525 0.5520833333333334 0.5265625 0.5520833333333334 0.5296875 0.55625 0.53125 0.55625 0.5328125 0.5583333333333333 0.534375 0.5583333333333333 0.5359375 0.5604166666666667 0.5375 0.5604166666666667 0.5390625 0.5625 0.540625 0.5625 0.54375 0.5666666666666667 0.5453125 0.5666666666666667 0.5484375 0.5708333333333333 0.55 0.5708333333333333 0.5515625 0.5729166666666666 0.553125 0.5729166666666666 0.5546875 0.575 0.55625 0.575 0.5578125 0.5770833333333333 0.565625 0.5770833333333333 0.5703125 0.5708333333333333 0.5703125 0.56875 0.571875 0.5666666666666667 0.571875 0.5583333333333333 0.5734375 0.55625 0.5734375 0.5020833333333333 0.571875 0.5 0.571875 0.4979166666666667 0.5703125 0.49583333333333335 0.5703125 0.49166666666666664 0.56875 0.4895833333333333 0.56875 0.4875 0.565625 0.4875 0.5640625 0.48541666666666666 0.5515625 0.48541666666666666 0.546875 0.49166666666666664 0.546875 0.49375 0.540625 0.5020833333333333 0.5359375 0.5020833333333333 0.53125 0.49583333333333335 0.528125 0.49583333333333335 0.5265625 0.49375 0.521875 0.49375 0.5203125 0.49583333333333335 0.51875 0.49583333333333335 0.5171875 0.4979166666666667
0 0.64375 0.3104166666666667 0.6421875 0.3125 0.640625 0.3125 0.6390625 0.3145833333333333 0.6375 0.3145833333333333 0.634375 0.31875 0.634375 0.32083333333333336 0.6328125 0.3229166666666667 0.6328125 0.32708333333333334 0.63125 0.32916666666666666 0.63125 0.33541666666666664 0.6296875 0.3375 0.6296875 0.34375 0.628125 0.3458333333333333 0.628125 0.35833333333333334 0.6265625 0.36041666666666666 0.6265625 0.37083333333333335 0.625 0.3729166666666667 0.6265625 0.375 0.6265625 0.3875 0.6296875 0.39166666666666666 0.63125 0.39166666666666666 0.6328125 0.39375 0.634375 0.39375 0.6359375 0.3958333333333333 0.6375 0.3958333333333333 0.6390625 0.39791666666666664 0.640625 0.39791666666666664 0.6421875 0.4 0.6453125 0.4 0.646875 0.40208333333333335 0.6484375 0.40208333333333335 0.65 0.4 0.6546875 0.4 0.6578125 0.3958333333333333 0.659375 0.3958333333333333 0.6609375 0.39375 0.6625 0.39375 0.6671875 0.3875 0.66875 0.3875 0.6859375 0.3645833333333333 0.6859375 0.3625 0.6875 0.36041666666666666 0.6875 0.3541666666666667 0.6859375 0.35208333333333336 0.6859375 0.34791666666666665 0.678125 0.3375 0.678125 0.33541666666666664 0.675 0.33125 0.665625 0.33125 0.6640625 0.32916666666666666 0.6625 0.32916666666666666 0.6609375 0.32708333333333334 0.659375 0.32708333333333334 0.65625 0.3229166666666667 0.65625 0.32083333333333336 0.6546875 0.31875 0.6546875 0.3125 0.653125 0.3125 0.6515625 0.3104166666666667
0 0.74375 0.33541666666666664 0.7421875 0.33541666666666664 0.740625 0.3375 0.7390625 0.3375 0.7375 0.33958333333333335 0.7359375 0.33958333333333335 0.7328125 0.34375 0.73125 0.34375 0.7296875 0.3458333333333333 0.728125 0.3458333333333333 0.7265625 0.34791666666666665 0.725 0.34791666666666665 0.7234375 0.35 0.721875 0.35 0.71875 0.3541666666666667 0.7171875 0.3541666666666667 0.715625 0.35625 0.7140625 0.35625 0.7125 0.35833333333333334 0.709375 0.35833333333333334 0.7078125 0.35625 0.703125 0.35625 0.7015625 0.3541666666666667 0.6984375 0.3541666666666667 0.6984375 0.35625 0.69375 0.3625 0.69375 0.38333333333333336 0.6953125 0.3854166666666667 0.6953125 0.38958333333333334 0.696875 0.39166666666666666 0.696875 0.3958333333333333 0.7 0.4 0.7 0.40208333333333335 0.70625 0.41041666666666665 0.70625 0.4125 0.7140625 0.42291666666666666 0.715625 0.42291666666666666 0.7171875 0.425 0.728125 0.425 0.7296875 0.42291666666666666 0.73125 0.42291666666666666 0.7328125 0.42083333333333334 0.734375 0.42083333333333334 0.7359375 0.41875 0.7375 0.41875 0.7390625 0.4166666666666667 0.7421875 0.4166666666666667 0.746875 0.41041666666666665 0.746875 0.4083333333333333 0.7484375 0.40625 0.7484375 0.40208333333333335 0.75 0.4 0.75 0.39791666666666664 0.7515625 0.3958333333333333 0.7515625 0.3854166666666667 0.753125 0.38333333333333336 0.753125 0.3770833333333333 0.7546875 0.375 0.7546875 0.37083333333333335 0.75625 0.36875 0.75625 0.35833333333333334 0.7546875 0.35625 0.7546875 0.35208333333333336 0.753125 0.35 0.753125 0.34791666666666665 0.7515625 0.3458333333333333 0.7515625 0.34375 0.746875 0.3375 0.7453125 0.3375
0 0.69375 0.48541666666666666 0.6890625 0.49166666666666664 0.6890625 0.49375 0.6875 0.49583333333333335 0.6875 0.5020833333333333 0.6859375 0.5041666666666667 0.6859375 0.5166666666666667 0.6875 0.51875 0.6875 0.5416666666666666 0.6890625 0.54375 0.6890625 0.5520833333333334 0.690625 0.5541666666666667 0.690625 0.55625 0.6921875 0.5583333333333333 0.6921875 0.5604166666666667 0.69375 0.5625 0.69375 0.5645833333333333 0.6953125 0.5666666666666667 0.696875 0.5666666666666667 0.7 0.5708333333333333 0.7078125 0.5708333333333333 0.709375 0.5729166666666666 0.715625 0.5729166666666666 0.7171875 0.575 0.7203125 0.575 0.721875 0.5729166666666666 0.725 0.5729166666666666 0.7265625 0.5708333333333333 0.728125 0.5708333333333333 0.73125 0.5666666666666667 0.7328125 0.5666666666666667 0.7375 0.5604166666666667 0.7375 0.5583333333333333 0.740625 0.5541666666666667 0.740625 0.5520833333333334 0.7421875 0.55 0.7421875 0.5479166666666667 0.7453125 0.54375 0.7453125 0.5416666666666666 0.7484375 0.5375 0.7484375 0.5354166666666667 0.75 0.5333333333333333 0.75 0.53125 0.7515625 0.5291666666666667 0.7515625 0.525 0.753125 0.5229166666666667 0.753125 0.5104166666666666 0.7515625 0.5083333333333333 0.7515625 0.5041666666666667 0.7484375 0.5 0.746875 0.5 0.7453125 0.4979166666666667 0.7421875 0.4979166666666667 0.740625 0.49583333333333335 0.7390625 0.49583333333333335 0.7375 0.49375 0.7359375 0.49375 0.734375 0.49166666666666664 0.7328125 0.49375 0.728125 0.49375 0.725 0.4979166666666667 0.7234375 0.4979166666666667 0.721875 0.5 0.71875 0.5 0.7171875 0.5020833333333333 0.70625 0.5020833333333333 0.7046875 0.5 0.703125 0.5 0.7015625 0.4979166666666667 0.7015625 0.49583333333333335 0.7 0.49375 0.7 0.4875 0.6984375 0.48541666666666666 0.6984375 0.48333333333333334 0.696875 0.48541666666666666
0 0.8921875 0.3 0.890625 0.3 0.8890625 0.3020833333333333 0.8875 0.3020833333333333 0.8859375 0.30416666666666664 0.8796875 0.30416666666666664 0.878125 0.3020833333333333 0.8734375 0.3020833333333333 0.871875 0.3 0.859375 0.3 0.8578125 0.3020833333333333 0.85625 0.3020833333333333 0.846875 0.3145833333333333 0.8390625 0.3145833333333333 0.8375 0.3125 0.8359375 0.3125 0.83125 0.30625 0.828125 0.30625 0.8265625 0.30833333333333335 0.821875 0.30833333333333335 0.8203125 0.3104166666666667 0.815625 0.3104166666666667 0.8140625 0.3125 0.8140625 0.3229166666666667 0.815625 0.325 0.815625 0.32708333333333334 0.8171875 0.32916666666666666 0.8171875 0.33125 0.81875 0.3333333333333333 0.81875 0.3375 0.8203125 0.33958333333333335 0.8203125 0.34375 0.8234375 0.34791666666666665 0.825 0.34791666666666665 0.828125 0.35208333333333336 0.8296875 0.35208333333333336 0.8328125 0.35625 0.834375 0.35625 0.8375 0.36041666666666666 0.8390625 0.36041666666666666 0.8453125 0.36875 0.846875 0.36875 0.8515625 0.375 0.8640625 0.375 0.865625 0.3729166666666667 0.8671875 0.3729166666666667 0.86875 0.37083333333333335 0.8703125 0.37083333333333335 0.8734375 0.36666666666666664 0.8734375 0.3645833333333333 0.875 0.3625 0.875 0.36041666666666666 0.8765625 0.35833333333333334 0.8765625 0.35625 0.8796875 0.35208333333333336 0.8796875 0.3458333333333333 0.88125 0.34375 0.88125 0.33958333333333335 0.8859375 0.3333333333333333 0.8859375 0.33125 0.8890625 0.32708333333333334 0.8890625 0.325 0.890625 0.3229166666666667 0.890625 0.32083333333333336 0.8921875 0.31875
0 0.96875 0.18958333333333333 0.9671875 0.1875 0.965625 0.1875 0.9640625 0.18541666666666667 0.9578125 0.18541666666666667 0.9546875 0.18958333333333333 0.9515625 0.18958333333333333 0.9484375 0.19375 0.946875 0.19375 0.9453125 0.19583333333333333 0.9453125 0.19791666666666666 0.9421875 0.20208333333333334 0.940625 0.20208333333333334 0.9375 0.20625 0.9359375 0.20625 0.934375 0.20833333333333334 0.9328125 0.20833333333333334 0.9296875 0.2125 0.928125 0.2125 0.925 0.21666666666666667 0.9234375 0.21666666666666667 0.9203125 0.22083333333333333 0.9203125 0.22916666666666666 0.921875 0.23125 0.9203125 0.23333333333333334 0.9203125 0.24166666666666667 0.915625 0.24791666666666667 0.9171875 0.25 0.9171875 0.25416666666666665 0.9140625 0.25833333333333336 0.9125 0.25833333333333336 0.909375 0.25416666666666665 0.909375 0.24791666666666667 0.9078125 0.24583333333333332 0.90625 0.24583333333333332 0.9046875 0.24375 0.9046875 0.23541666666666666 0.903125 0.23333333333333334 0.903125 0.21666666666666667 0.9015625 0.21458333333333332 0.9015625 0.2125 0.9 0.21458333333333332 0.9 0.22916666666666666 0.89375 0.2375 0.89375 0.23958333333333334 0.8921875 0.24166666666666667 0.8921875 0.25 0.8953125 0.25416666666666665 0.8953125 0.25625 0.9 0.2625 0.9015625 0.2625 0.903125 0.26458333333333334 0.9046875 0.26458333333333334 0.90625 0.26666666666666666 0.9078125 0.26666666666666666 0.909375 0.26875 0.9109375 0.26875 0.9109375 0.26458333333333334 0.9140625 0.2604166666666667 0.9203125 0.26875 0.9203125 0.2708333333333333 0.928125 0.28125 0.9296875 0.28125 0.93125 0.2833333333333333 0.934375 0.2833333333333333 0.9375 0.2875 0.9390625 0.2875 0.940625 0.28958333333333336 0.9578125 0.28958333333333336 0.965625 0.2791666666666667 0.965625 0.275 0.9671875 0.27291666666666664 0.9671875 0.25833333333333336 0.96875 0.25625 0.96875 0.25416666666666665 0.9703125 0.2520833333333333 0.9703125 0.25 0.971875 0.24791666666666667 0.971875 0.24166666666666667 0.9734375 0.23958333333333334 0.9734375 0.23541666666666666 0.975 0.23333333333333334 0.975 0.22708333333333333 0.9765625 0.225 0.9765625 0.22083333333333333 0.978125 0.21875 0.978125 0.21666666666666667 0.9765625 0.21458333333333332 0.9765625 0.21041666666666667 0.975 0.20833333333333334 0.975 0.20416666666666666 0.9734375 0.20208333333333334 0.9734375 0.2 0.9703125 0.19583333333333333 0.9703125 0.19375 0.96875 0.19166666666666668
0 0.971875 0.35 0.95625 0.35 0.9546875 0.35208333333333336 0.953125 0.35208333333333336 0.95 0.35625 0.9484375 0.35625 0.946875 0.35833333333333334 0.94375 0.35833333333333334 0.9421875 0.36041666666666666 0.9390625 0.36041666666666666 0.9375 0.3625 0.9359375 0.3625 0.934375 0.3645833333333333 0.9328125 0.3645833333333333 0.93125 0.36666666666666664 0.928125 0.36666666666666664 0.925 0.37083333333333335 0.9234375 0.37083333333333335 0.9203125 0.375 0.91875 0.375 0.9140625 0.38125 0.9109375 0.38125 0.909375 0.38333333333333336 0.90625 0.38333333333333336 0.9046875 0.3854166666666667 0.9015625 0.3854166666666667 0.9 0.3875 0.8984375 0.3875 0.8984375 0.38958333333333334 0.896875 0.39166666666666666 0.896875 0.39375 0.8984375 0.3958333333333333 0.8984375 0.4 0.9 0.40208333333333335 0.9 0.40625 0.9015625 0.40625 0.9125 0.42083333333333334 0.9140625 0.42083333333333334 0.9234375 0.43333333333333335 0.925 0.43333333333333335 0.93125 0.44166666666666665 0.9328125 0.44166666666666665 0.9375 0.4479166666666667 0.9390625 0.4479166666666667 0.9421875 0.45208333333333334 0.946875 0.45208333333333334 0.9484375 0.45416666666666666 0.95625 0.45416666666666666 0.9609375 0.4479166666666667 0.9625 0.4479166666666667 0.965625 0.44375 0.965625 0.44166666666666665 0.9671875 0.4395833333333333 0.9671875 0.4354166666666667 0.96875 0.43333333333333335 0.96875 0.43125 0.9703125 0.42916666666666664 0.9703125 0.42291666666666666 0.971875 0.42083333333333334 0.971875 0.41875 0.975 0.41458333333333336 0.975 0.4125 0.9796875 0.40625 0.9796875 0.40208333333333335 0.98125 0.4 0.98125 0.3958333333333333 0.9828125 0.39375 0.9828125 0.3875 0.984375 0.3854166666666667 0.984375 0.37083333333333335 0.9828125 0.36875 0.9828125 0.3645833333333333 0.9765625 0.35625 0.9765625 0.3541666666666667 0.975 0.35208333333333336 0.9734375 0.35208333333333336