0 0.22964211618257266 0.45591286307053946 0.08817427385892115 0.12880359612724757
0 0.2980420124481328 0.520746887966805 0.08363589211618257 0.11151452282157669
0 0.17712655601659755 0.6313969571230982 0.09725103734439833 0.12361687413554634
0 0.12363848547717846 0.5389004149377593 0.09789937759336101 0.13917704011065002
0 0.04681016597510377 0.5332814661134163 0.08687759336099585 0.14004149377593353
0 0.3836229253112033 0.5220435684647303 0.0797458506224066 0.1244813278008298
0 0.4374351659751037 0.4062067773167359 0.09141597510373436 0.14177040110650066
0 0.4581820539419087 0.573478561549101 0.0797458506224066 0.12534578146611336
0 0.4264133817427386 0.676780774550484 0.07715248962655603 0.12275242047026277
0 0.5586747925311203 0.4809820193637621 0.06677904564315354 0.12015905947441206
0 0.6329097510373444 0.507780082987552 0.07520746887966805 0.11670124481327791
0 0.6179979253112032 0.6664073305670816 0.07780082987551866 0.1521438450899031
0 0.7723029045643154 0.449429460580913 0.09465767634854778 0.1469571230982019
0 0.866960580912863 0.35866182572614114 0.08817427385892121 0.13658367911479943
0 0.8711747925311204 0.5531639004149379 0.09919605809128615 0.13658367911479943
0 0.20046680497925315 0.4018845089903182 0.19268672199170128 0.4139868603042878 0.18750000000000006 0.4252247579529738 0.1849066390041494 0.4364626556016598 0.19009336099585067 0.4546161825726142 0.1939834024896266 0.4658540802213002 0.19917012448132784 0.4788208852005533 0.20176348547717846 0.4900587828492393 0.20630186721991706 0.5012966804979254 0.2108402489626556 0.5108056708160443 0.22704875518672202 0.5168568464730291 0.24714730290456433 0.5004322268326419 0.2516856846473029 0.48919432918395583 0.25881742738589214 0.4727697095435685 0.26854253112033194 0.45807399723374836 0.26854253112033194 0.449429460580913 0.25881742738589214 0.44251383125864463 0.2503890041493776 0.4373271092669434 0.2439056016597511 0.43559820193637633 0.2400155601659751 0.4468360995850623 0.23093879668049797 0.4459716459197788 0.22769709543568467 0.42781811894882443 0.22380705394190872 0.4209024896265561 0.21019190871369298 0.41571576763485485
0 0.1589730290456432 0.4909232365145229 0.16934647302904565 0.5064834024896266 0.17129149377593364 0.5272302904564315 0.168698132780083 0.5436549100968189 0.16675311203319504 0.5548928077455049 0.16351141078838177 0.5782330567081605 0.15767634854771787 0.5963865836791148 0.15248962655601664 0.6076244813278008 0.14081950207468882 0.6084889349930844 0.1336877593360996 0.6015733056708161 0.11942427385892118 0.5929287690179806 0.1019190871369295 0.5747752420470263 0.08765560165975106 0.5644017980636238 0.07987551867219919 0.5557572614107884 0.0740404564315353 0.5315525587828493 0.07339211618257264 0.5185857538035962 0.07857883817427389 0.5056189488243431 0.09219398340248966 0.5012966804979254 0.10840248962655605 0.49610995850622414 0.11423755186721996 0.4952455048409406 0.12396265560165978 0.5004322268326419 0.13433609958506226 0.5012966804979254 0.14081950207468882 0.4952455048409406
0 0.007909751037344431 0.4969744121715077 0.01957987551867223 0.48832987551867224 0.03449170124481331 0.48832987551867224 0.05134854771784236 0.4909232365145229 0.050051867219917036 0.502161134163209 0.04810684647302907 0.5142634854771785 0.059128630705394224 0.5116701244813279 0.07015041493775935 0.5064834024896266 0.0740404564315353 0.5237724757952974 0.0740404564315353 0.5401970954356847 0.07728215767634858 0.5592150760719226 0.07598547717842327 0.567859612724758 0.06431535269709547 0.5808264177040111 0.05783195020746892 0.5868775933609959 0.05199688796680502 0.5911998616874136 0.03578838174273862 0.5955221300138313 0.026711618257261444 0.598115491009682 0.013744813278008328 0.5860131396957123 0.008558091286307084 0.5765041493775933 0.005964730290456461 0.5626728907330567 0.0033713692946058414 0.5341459197786999 0.005964730290456461 0.5073478561549102
0 0.131094398340249 0.6266424619640387 0.13563278008298757 0.6491182572614107 0.14600622406639008 0.6594917012448133 0.16675311203319504 0.6741874135546335 0.18231327800829877 0.684560857538036 0.19917012448132784 0.686289764868603 0.20759854771784236 0.676780774550484 0.2153786307053942 0.665542876901798 0.2231587136929461 0.6456604426002766 0.22056535269709548 0.6231846473029046 0.2153786307053942 0.6024377593360997 0.20889522821576767 0.5911998616874136 0.20111514522821577 0.5834197786998616 0.18879668049792536 0.5739107883817428 0.17518153526970956 0.5842842323651453 0.16675311203319504 0.5920643153526971 0.1602697095435685 0.5963865836791148 0.14924792531120334 0.6102178423236515 0.13887448132780086 0.6162690179806363
0 0.2795643153526971 0.4684474412171509 0.26919087136929465 0.4822786998616875 0.26011410788381745 0.4978388658367912 0.2581690871369295 0.5203146611341632 0.2555757261410788 0.5419260027662517 0.2555757261410788 0.5600795297372062 0.2659491701244813 0.5756396957123098 0.2808609958506224 0.5739107883817428 0.29188278008298757 0.5687240663900415 0.31068464730290457 0.5609439834024896 0.32948651452282157 0.5497060857538035 0.3379149377593361 0.5367392807745506 0.33726659751037347 0.5280947441217152 0.32559647302904565 0.5255013831258645 0.3119813278008299 0.5064834024896266 0.30420124481327804 0.49870331950207475 0.29512448132780084 0.4857365145228217
0 0.40988070539419086 0.37335753803596133 0.39496887966804983 0.39583333333333337 0.3923755186721992 0.4122579529737207 0.39691390041493774 0.43473374827109273 0.40339730290456427 0.4589384508990319 0.4137707468879667 0.4667185338865838 0.4293309128630705 0.4675829875518673 0.43905601659751037 0.47104080221300143 0.4598029045643154 0.4727697095435685 0.47471473029045635 0.46412517289073313 0.4805497925311203 0.4537517289073306 0.4779564315352697 0.41658022130013844 0.47276970954356845 0.39669778699861696 0.46563796680497915 0.38200207468879677 0.4559128630705394 0.3707641770401107 0.44553941908713685 0.36471300138312596 0.4351659751037344 0.36471300138312596 0.41701244813278004 0.36644190871369303
0 0.36838692946058094 0.47968533886583686 0.3573651452282158 0.4805497925311204 0.3502334024896266 0.4935165975103735 0.347640041493776 0.513399031811895 0.35477178423236516 0.5367392807745506 0.36838692946058094 0.5557572614107884 0.3845954356846474 0.569588520055325 0.39885892116182575 0.5799619640387275 0.40728734439834025 0.5756396957123098 0.4066390041493776 0.5522994467496543 0.41636410788381745 0.5211791147994468 0.41701244813278004 0.5064834024896266 0.41247406639004147 0.4848720608575381 0.404045643153527 0.4753630705394192 0.39043049792531126 0.4736341632088521 0.3774636929460581 0.4727697095435685
0 0.44553941908713685 0.5350103734439834 0.43711099585062235 0.547112724757953 0.42803423236514526 0.5557572614107884 0.4202541493775933 0.5669951590594745 0.41895746887966806 0.5851486860304288 0.4202541493775933 0.5998443983402489 0.42544087136929454 0.6119467496542186 0.441649377593361 0.6197268326417704 0.4559128630705394 0.6214557399723375 0.47730809128630697 0.6309647302904564 0.49286825726141076 0.6249135546334716 0.4935165975103734 0.6119467496542186 0.49027489626556015 0.59033540802213 0.49027489626556015 0.569588520055325 0.4883298755186722 0.54884163208852 0.47665975103734437 0.5306881051175657 0.46109958506224064 0.5220435684647303
0 0.3923755186721992 0.6491182572614107 0.38848547717842324 0.6672717842323652 0.3897821576763486 0.6854253112033195 0.40469398340248963 0.705307745504841 0.4176607883817427 0.7148167358229599 0.4293309128630705 0.7243257261410788 0.4384076763485477 0.727783540802213 0.44748443983402486 0.7312413554633471 0.45850622406639 0.7191390041493776 0.4617479253112033 0.6854253112033195 0.4598029045643154 0.6629495159059474 0.4578578838174273 0.6473893499308437 0.4526711618257261 0.6413381742738589 0.44100103734439833 0.6413381742738589 0.4319242738589211 0.6413381742738589 0.4215508298755187 0.643067081604426 0.41636410788381745 0.6551694329183956 0.40469398340248963 0.6577627939142462
0 0.5531639004149377 0.4373271092669434 0.5440871369294605 0.43473374827109273 0.5363070539419087 0.4390560165975105 0.5272302904564314 0.45115836791148006 0.5259336099585062 0.4736341632088521 0.5285269709543569 0.5012966804979254 0.5304719917012448 0.5211791147994468 0.539548755186722 0.5289591977869986 0.5460321576763485 0.5367392807745506 0.5628890041493776 0.5280947441217152 0.5778008298755186 0.503890041493776 0.5881742738589211 0.49610995850622414 0.5797458506224066 0.4822786998616875 0.5706690871369294 0.46239626556016605 0.5648340248962656 0.4684474412171509 0.5518672199170125 0.46498962655601667 0.5434387966804979 0.45980290456431544 0.5421421161825726 0.4459716459197788
0 0.6549533195020747 0.4667185338865838 0.6620850622406638 0.4848720608575381 0.6659751037344398 0.5108056708160443 0.6653267634854771 0.5280947441217152 0.6594917012448132 0.5522994467496543 0.6465248962655601 0.5609439834024896 0.6329097510373444 0.5618084370677732 0.6179979253112033 0.5522994467496543 0.6037344398340249 0.5367392807745506 0.5966026970954357 0.5177213001383126 0.5966026970954357 0.5004322268326419 0.6076244813278008 0.4995677731673583 0.6154045643153527 0.49438105117565706 0.620591286307054 0.48832987551867224 0.6303163900414936 0.48141424619640394 0.6413381742738589 0.4727697095435685
0 0.5855809128630705 0.643067081604426 0.5836358921161826 0.6690006915629322 0.5842842323651452 0.7009854771784233 0.5894709543568465 0.7225968188105117 0.5985477178423235 0.7269190871369294 0.6030860995850622 0.7303769017980636 0.6089211618257261 0.7355636237897649 0.6179979253112033 0.7381569847856154 0.6367997925311203 0.7174100968188105 0.6452282157676348 0.7027143845089903 0.6497665975103735 0.6854253112033195 0.6510632780082987 0.6690006915629322 0.6504149377593361 0.6629495159059474 0.6367997925311203 0.6715940525587829 0.6251296680497924 0.6620850622406639 0.6192946058091285 0.6577627939142462 0.6063278008298755 0.6681362378976486 0.5959543568464729 0.6664073305670816 0.5888226141078838 0.6629495159059474
0 0.7282157676348547 0.44251383125864463 0.7275674273858921 0.4554806362378977 0.72951244813278 0.4667185338865838 0.7288641078838174 0.4788208852005533 0.7405342323651452 0.4935165975103735 0.7580394190871369 0.5047544951590596 0.7716545643153526 0.5116701244813279 0.7833246887966804 0.5159923928077456 0.7930497925311204 0.5082123098201937 0.8001815352697095 0.4840076071922546 0.8040715767634856 0.46931189488243436 0.8118516597510373 0.4537517289073306 0.8099066390041495 0.43559820193637633 0.8014782157676349 0.43041147994467505 0.8027748962655602 0.45202282157676354 0.7943464730290455 0.45115836791148006 0.7813796680497925 0.44251383125864463 0.7716545643153526 0.4381915629322269 0.7560943983402489 0.45288727524204714 0.7470176348547717 0.460667358229599 0.7405342323651452 0.45720954356846477 0.7405342323651452 0.44337828492392817
0 0.8183350622406639 0.3681708160442601 0.8261151452282158 0.3828665283540803 0.8397302904564314 0.39583333333333337 0.852048755186722 0.4044778699861688 0.8624221991701246 0.4113934993084371 0.8760373443983402 0.4183091286307055 0.8883558091286308 0.42176694329183967 0.8987292531120332 0.41485131396957126 0.9019709543568466 0.38891770401106507 0.9026192946058093 0.3742219917012449 0.9065093360995851 0.35001728907330576 0.9065093360995851 0.33532157676348556 0.8987292531120332 0.3171680497925312 0.8903008298755187 0.30679460580912876 0.8831690871369295 0.31198132780083 0.8714989626556017 0.31803250345781475 0.868905601659751 0.33272821576763495 0.8494553941908715 0.3379149377593362 0.8429719917012448 0.345695020746888 0.8364885892116183 0.38200207468879677 0.8254668049792532 0.3707641770401107
0 0.8624221991701246 0.5168568464730291 0.8455653526970954 0.5255013831258645 0.8306535269709544 0.5350103734439834 0.8254668049792532 0.5453838174273858 0.8248184647302905 0.5609439834024896 0.8338952282157676 0.569588520055325 0.8449170124481329 0.5868775933609959 0.8585321576763485 0.6024377593360997 0.8727956431535271 0.6154045643153527 0.8851141078838175 0.6179979253112032 0.8980809128630705 0.6007088520055325 0.9013226141078838 0.5842842323651453 0.9045643153526971 0.5756396957123098 0.9097510373443983 0.5574861687413555 0.9129927385892117 0.537603734439834 0.9162344398340249 0.5255013831258645 0.9149377593360996 0.513399031811895 0.9039159751037344 0.503890041493776 0.89548755186722 0.4978388658367912 0.8870591286307054 0.5004322268326419 0.8805757261410788 0.5012966804979254 0.8747406639004149 0.5082123098201937