0 0.15538194444444448 0.4195601851851852 0.10763888888888892 0.12384259259259262
0 0.12847222222222224 0.5677083333333334 0.0989583333333333 0.13541666666666666
0 0.09201388888888891 0.6915509259259259 0.11111111111111112 0.12847222222222227
0 0.3415798611111111 0.5005787037037037 0.08593749999999992 0.14930555555555552
0 0.3624131944444444 0.6163194444444444 0.08940972222222224 0.12615740740740738
0 0.4813368055555555 0.5960648148148148 0.08767361111111108 0.1527777777777778
0 0.6059027777777779 0.6059027777777778 0.09722222222222224 0.14699074074074073
0 0.6167534722222222 0.6759259259259259 0.09461805555555554 0.11574074074074071
0 0.671875 0.49594907407407407 0.09201388888888892 0.14467592592592596
0 0.7322048611111112 0.5653935185185185 0.0911458333333334 0.1354166666666666
0 0.814670138888889 0.5549768518518517 0.07725694444444446 0.1446759259259259
0 0.8949652777777779 0.46585648148148145 0.11111111111111124 0.14236111111111113
0 0.9553819444444445 0.506729797979798 0.08611111111111107 0.13151515151515156
0 0.8828125 0.6134259259259259 0.09722222222222214 0.13425925925925927
0 0.8255208333333333 0.6979166666666666 0.08680555555555554 0.13194444444444453
0 0.1310763888888889 0.37384259259259256 0.14583333333333334 0.3726851851851852 0.15104166666666669 0.3726851851851852 0.1623263888888889 0.38078703703703703 0.1736111111111111 0.3923611111111111 0.18402777777777776 0.40162037037037035 0.19357638888888892 0.41435185185185186 0.19878472222222224 0.42361111111111105 0.20399305555555552 0.4351851851851852 0.20399305555555552 0.4444444444444444 0.19010416666666669 0.45370370370370366 0.1736111111111111 0.4618055555555555 0.1657986111111111 0.4664351851851852 0.15364583333333334 0.4722222222222222 0.14322916666666669 0.47453703703703703 0.125 0.4722222222222222 0.11458333333333334 0.4583333333333333 0.109375 0.44328703703703703 0.109375 0.4282407407407407 0.11111111111111112 0.41203703703703703 0.1119791666666667 0.40046296296296297 0.11892361111111112 0.3877314814814815
0 0.10503472222222224 0.5324074074074073 0.11111111111111112 0.5462962962962963 0.11805555555555558 0.5520833333333334 0.1328125 0.5520833333333334 0.14149305555555558 0.5335648148148148 0.14930555555555558 0.5324074074074073 0.16145833333333334 0.5277777777777778 0.1701388888888889 0.5381944444444444 0.16840277777777776 0.5625 0.1657986111111111 0.5810185185185185 0.16493055555555558 0.59375 0.15538194444444448 0.625 0.14322916666666669 0.6273148148148148 0.12586805555555558 0.619212962962963 0.11111111111111112 0.6064814814814814 0.0963541666666667 0.59375 0.08506944444444446 0.5821759259259259 0.0807291666666667 0.5625 0.08159722222222224 0.5439814814814814 0.08680555555555558 0.53125 0.09722222222222224 0.5266203703703703
0 0.06684027777777782 0.6979166666666666 0.0651041666666667 0.7164351851851851 0.06597222222222224 0.7337962962962963 0.09288194444444446 0.7256944444444444 0.12326388888888888 0.7337962962962963 0.10590277777777776 0.7511574074074073 0.08680555555555558 0.7569444444444444 0.06944444444444446 0.7569444444444444 0.05555555555555558 0.7418981481481481 0.04253472222222223 0.7233796296296297 0.0390625 0.7083333333333334 0.0390625 0.701388888888889
0 0.3046875 0.4756944444444444 0.3003472222222222 0.4930555555555555 0.2977430555555555 0.5046296296296297 0.3020833333333333 0.5266203703703703 0.3151041666666667 0.5520833333333334 0.3203125 0.5613425925925927 0.328125 0.5648148148148148 0.3385416666666667 0.5648148148148148 0.3506944444444445 0.556712962962963 0.3645833333333333 0.5428240740740741 0.3741319444444445 0.53125 0.3550347222222222 0.5208333333333334 0.3446180555555555 0.5277777777777778 0.3350694444444445 0.5046296296296297 0.32204861111111116 0.4884259259259259 0.31423611111111116 0.4791666666666667
0 0.3880208333333333 0.607638888888889 0.3993055555555555 0.6238425925925927 0.3958333333333333 0.6354166666666666 0.3932291666666667 0.6481481481481481 0.3836805555555555 0.6585648148148148 0.3619791666666667 0.6655092592592593 0.3446180555555555 0.6689814814814814 0.3324652777777778 0.6689814814814814 0.3246527777777778 0.6608796296296297 0.3194444444444445 0.6400462962962963 0.3211805555555555 0.6203703703703703 0.3255208333333333 0.599537037037037 0.3289930555555555 0.5844907407407407 0.3350694444444445 0.5740740740740741 0.3463541666666667 0.5636574074074073 0.35763888888888895 0.5613425925925927 0.3697916666666667 0.5717592592592593 0.38107638888888895 0.5856481481481481
0 0.4522569444444445 0.5497685185185185 0.4401041666666667 0.5671296296296297 0.43576388888888895 0.5856481481481481 0.4409722222222222 0.6064814814814814 0.44704861111111105 0.6261574074074073 0.4565972222222222 0.638888888888889 0.4678819444444445 0.6527777777777778 0.4756944444444445 0.662037037037037 0.4878472222222222 0.6655092592592593 0.4956597222222222 0.6481481481481481 0.5034722222222222 0.630787037037037 0.5069444444444444 0.6053240740740741 0.5104166666666667 0.5856481481481481 0.5112847222222222 0.5706018518518517 0.506076388888889 0.5601851851851851 0.49826388888888895 0.5520833333333334 0.4852430555555555 0.5428240740740741 0.4791666666666667 0.5416666666666666 0.46875 0.5428240740740741
0 0.5963541666666666 0.5891203703703703 0.607638888888889 0.59375 0.6163194444444444 0.5972222222222222 0.623263888888889 0.5856481481481481 0.6293402777777779 0.5856481481481481 0.638888888888889 0.5868055555555556 0.6475694444444444 0.5983796296296297 0.6432291666666666 0.6180555555555556 0.6371527777777779 0.6608796296296297 0.6319444444444444 0.6770833333333334 0.6215277777777779 0.6805555555555556 0.599826388888889 0.6643518518518517 0.5807291666666666 0.6435185185185185 0.5616319444444444 0.6238425925925927 0.5572916666666667 0.5949074074074073 0.5755208333333333 0.6018518518518517
0 0.579861111111111 0.6898148148148148 0.599826388888889 0.7094907407407407 0.6102430555555556 0.7210648148148148 0.6223958333333334 0.7291666666666666 0.6397569444444444 0.7303240740740741 0.650173611111111 0.71875 0.6571180555555556 0.701388888888889 0.662326388888889 0.6828703703703703 0.6588541666666666 0.6643518518518517 0.6527777777777779 0.6493055555555556 0.642361111111111 0.638888888888889 0.640625 0.6574074074074073 0.634548611111111 0.6747685185185185 0.6215277777777779 0.6828703703703703 0.6163194444444444 0.6863425925925927 0.6024305555555556 0.7002314814814814 0.5963541666666666 0.681712962962963 0.5894097222222221 0.6793981481481481
0 0.6432291666666666 0.4560185185185185 0.6293402777777779 0.47337962962962965 0.6336805555555556 0.49652777777777773 0.6362847222222221 0.5185185185185185 0.6354166666666666 0.5289351851851852 0.6371527777777779 0.5462962962962963 0.6458333333333334 0.5601851851851851 0.6631944444444444 0.5613425925925927 0.6796875 0.5520833333333334 0.6883680555555556 0.5416666666666666 0.7057291666666666 0.53125 0.7057291666666666 0.5208333333333334 0.7005208333333334 0.5092592592592592 0.6831597222222221 0.4895833333333333 0.6805555555555556 0.48032407407407407 0.6684027777777779 0.46412037037037035 0.6605902777777779 0.4560185185185185
0 0.724826388888889 0.5208333333333334 0.7178819444444444 0.5208333333333334 0.704861111111111 0.5324074074074073 0.7005208333333334 0.5497685185185185 0.697048611111111 0.5740740740740741 0.693576388888889 0.5914351851851851 0.6909722222222221 0.607638888888889 0.6987847222222221 0.6226851851851851 0.7100694444444444 0.6296296296296297 0.7265625 0.6226851851851851 0.7352430555555556 0.6180555555555556 0.7552083333333334 0.6099537037037037 0.7690972222222221 0.5914351851851851 0.7690972222222221 0.576388888888889 0.7621527777777779 0.5636574074074073 0.7578125 0.5474537037037037 0.7456597222222221 0.537037037037037 0.7352430555555556 0.5266203703703703
0 0.8862847222222221 0.4259259259259259 0.9010416666666666 0.42129629629629634 0.9105902777777779 0.42129629629629634 0.9253472222222221 0.4305555555555555 0.9296875 0.44675925925925924 0.9409722222222221 0.4791666666666667 0.9453125 0.49421296296296297 0.9487847222222221 0.5115740740740741 0.9461805555555556 0.5243055555555556 0.9348958333333334 0.5300925925925926 0.9244791666666666 0.5324074074074073 0.9036458333333334 0.5335648148148148 0.8784722222222221 0.5289351851851852 0.859375 0.5185185185185185 0.8472222222222221 0.505787037037037 0.8428819444444444 0.4907407407407407 0.845486111111111 0.4826388888888889 0.8541666666666666 0.46875 0.8602430555555556 0.45370370370370366 0.876736111111111 0.43287037037037035
0 0.834201388888889 0.5208333333333334 0.84375 0.5335648148148148 0.8489583333333334 0.5532407407407407 0.8463541666666666 0.5671296296296297 0.8428819444444444 0.5833333333333334 0.8402777777777779 0.6053240740740741 0.8385416666666666 0.6203703703703703 0.828125 0.6203703703703703 0.8159722222222221 0.6087962962962963 0.8012152777777779 0.6041666666666666 0.78125 0.5891203703703703 0.7734375 0.5775462962962963 0.775173611111111 0.5520833333333334 0.7803819444444444 0.5393518518518517 0.7977430555555556 0.5277777777777778 0.8081597222222221 0.5266203703703703 0.8246527777777779 0.5381944444444444 0.8324652777777779 0.5428240740740741
0 0.896701388888889 0.5717592592592593 0.9071180555555556 0.587962962962963 0.9131944444444444 0.6041666666666666 0.9175347222222221 0.6319444444444444 0.9184027777777779 0.6550925925925927 0.915798611111111 0.6666666666666666 0.9036458333333334 0.6712962962962963 0.884548611111111 0.6655092592592593 0.8619791666666666 0.6597222222222222 0.8428819444444444 0.6527777777777778 0.8333333333333334 0.6296296296296297 0.8446180555555556 0.6273148148148148 0.8567708333333334 0.6238425925925927 0.8628472222222221 0.6157407407407407 0.868923611111111 0.6064814814814814 0.8958333333333334 0.5960648148148148
0 0.8628472222222221 0.6944444444444444 0.8602430555555556 0.7222222222222222 0.849826388888889 0.7534722222222222 0.8402777777777779 0.7592592592592593 0.8194444444444444 0.7418981481481481 0.8072916666666666 0.7407407407407407 0.7934027777777779 0.7280092592592593 0.7838541666666666 0.7118055555555556 0.7847222222222221 0.7002314814814814 0.802951388888889 0.6990740740740741 0.8125 0.6886574074074073 0.8463541666666666 0.7037037037037037 0.8472222222222221 0.6793981481481481 0.8637152777777779 0.673611111111111
0 0.9461805555555556 0.46412037037037035 0.962673611111111 0.46412037037037035 0.9696180555555556 0.47337962962962965 0.9739583333333334 0.48611111111111105 0.9765625 0.5081018518518519 0.9800347222222221 0.517361111111111 0.9878472222222221 0.5150462962962963 0.9930555555555556 0.5162037037037037 0.9947916666666666 0.5335648148148148 0.993923611111111 0.5439814814814814 0.9765625 0.5578703703703703 0.9574652777777779 0.5659722222222222 0.9453125 0.5671296296296297 0.935763888888889 0.556712962962963 0.9244791666666666 0.545138888888889 0.9305555555555556 0.5405092592592593 0.943576388888889 0.53125 0.9444444444444444 0.5219907407407407 0.9496527777777779 0.5115740740740741 0.9522569444444444 0.5011574074074073