0 0.025937500000000002 0.32541666666666663 0.018125 0.3416666666666667 0.013593749999999998 0.3627083333333333 0.015625 0.3725 0.019375 0.37916666666666665 0.01984375 0.383125 0.023125 0.38687499999999997 0.025 0.38708333333333333 0.037343749999999995 0.39499999999999996 0.0528125 0.39437500000000003 0.0671875 0.38875 0.09078125000000001 0.384375 0.09812499999999999 0.380625 0.0996875 0.37416666666666665 0.09890625 0.3610416666666667 0.08765625 0.34625 0.07718749999999999 0.33375 0.0625 0.320625 0.05078125 0.31312500000000004 0.03640625 0.315
0 0.017343749999999998 0.43145833333333333 0.0190625 0.44020833333333337 0.02640625 0.455625 0.0321875 0.45895833333333336 0.03875 0.455 0.048593750000000005 0.44458333333333333 0.04984375 0.431875 0.07468749999999999 0.44 0.075625 0.450625 0.07468749999999999 0.46041666666666664 0.06421875 0.503125 0.05890625000000001 0.510625 0.05328125 0.5152083333333334 0.049062499999999995 0.5139583333333333 0.039531250000000004 0.5068750000000001 0.03046875 0.4925 0.017499999999999998 0.48166666666666663 0.014218749999999999 0.48125 0.0026562499999999998 0.46458333333333335 0.0003125 0.45749999999999996 0.00015625 0.44375 0.0078125 0.4325
0 0.021718750000000002 0.5747916666666666 0.03875 0.5845833333333333 0.0234375 0.598125 0.01609375 0.5995833333333334 0.01 0.5977083333333333 0.0009375 0.58875
0 0.17140625 0.4202083333333333 0.16828125 0.42250000000000004 0.1703125 0.43854166666666666 0.17515624999999999 0.4514583333333333 0.18156250000000002 0.45875 0.18156250000000002 0.46458333333333335 0.1909375 0.47312499999999996 0.20328125 0.4708333333333333 0.20968749999999997 0.46812499999999996 0.21437499999999998 0.461875 0.22000000000000003 0.46125 0.22734375 0.45 0.21609375000000003 0.450625 0.21015625 0.4422916666666667 0.206875 0.4408333333333333 0.200625 0.446875 0.1921875 0.4475 0.18796875 0.43666666666666665 0.1909375 0.4295833333333333 0.17953125 0.426875
0 0.22374999999999998 0.49333333333333335 0.2265625 0.5058333333333334 0.23140624999999998 0.5170833333333333 0.23984375 0.5158333333333334 0.24484374999999997 0.52375 0.24625 0.5391666666666667 0.2375 0.54375 0.21812499999999999 0.5481250000000001 0.195 0.5495833333333333 0.1871875 0.54125 0.18890625 0.5214583333333334 0.19171875 0.51875 0.19046875000000002 0.515 0.19046875000000002 0.4975 0.19421875 0.48541666666666666 0.1990625 0.4764583333333333 0.20484375 0.471875 0.21140625000000002 0.4689583333333333 0.2134375 0.47979166666666667
0 0.26968749999999997 0.48854166666666665 0.2809375 0.5210416666666666 0.28515625 0.5260416666666666 0.29375 0.5472916666666666 0.29859375 0.551875 0.30296875 0.5549999999999999 0.30953125 0.5514583333333333 0.31421875 0.5447916666666667 0.32218749999999996 0.5270833333333333 0.33265625 0.49895833333333334 0.334375 0.48541666666666666 0.32859375 0.4775 0.31734375 0.46645833333333336 0.30296875 0.46125 0.28984375 0.46 0.27828125 0.46625 0.27234375 0.4764583333333333
0 0.35 0.5077083333333333 0.34968750000000004 0.5329166666666667 0.36796875 0.5527083333333334 0.37203125 0.5539583333333333 0.37609375 0.560625 0.38765625 0.5714583333333334 0.39484375 0.5722916666666666 0.40015625000000005 0.5695833333333333 0.405625 0.559375 0.40843749999999995 0.5387500000000001 0.41187500000000005 0.505625 0.41156249999999994 0.49645833333333333 0.40703125 0.49 0.40703125 0.5066666666666666 0.39296875 0.5077083333333333 0.38484375000000004 0.5025 0.37671875 0.5127083333333333 0.36890625 0.511875 0.36124999999999996 0.5002083333333334
0 0.38546874999999997 0.5845833333333333 0.40359375000000003 0.606875 0.4171875 0.6122916666666666 0.42140625 0.6104166666666667 0.42453124999999997 0.604375 0.433125 0.6029166666666667 0.43921875000000005 0.595625 0.43953125000000004 0.5795833333333333 0.4375 0.556875 0.43187499999999995 0.5466666666666666 0.4265625 0.5377083333333333 0.42062499999999997 0.5358333333333333 0.41359375 0.5381250000000001 0.415625 0.543125 0.415625 0.55125 0.41187500000000005 0.5572916666666666 0.4065625 0.5579166666666667 0.40046875000000004 0.5695833333333333 0.39468749999999997 0.5725 0.39187500000000003 0.5725 0.39046875000000003 0.575625 0.38765625 0.5766666666666667 0.38765625 0.5816666666666667
0 0.42093749999999996 0.40979166666666667 0.41609375000000004 0.41875 0.41671874999999997 0.429375 0.41359375 0.4327083333333333 0.41312499999999996 0.440625 0.4146875 0.44875000000000004 0.4215625 0.465625 0.42265625 0.4735416666666667 0.4265625 0.4814583333333333 0.433125 0.4875 0.438125 0.4877083333333333 0.45 0.4795833333333333 0.4528125 0.4741666666666667 0.46375 0.46812499999999996 0.46765625 0.46229166666666666 0.471875 0.455 0.47390625000000003 0.44729166666666664 0.47375 0.44375 0.468125 0.44125000000000003 0.46687500000000004 0.44416666666666665 0.46671874999999996 0.4552083333333333 0.45796875000000004 0.45583333333333337 0.45296875 0.4479166666666667 0.45046875000000003 0.439375 0.45109374999999996 0.43145833333333333 0.445625 0.430625 0.43609375000000006 0.416875 0.42843749999999997 0.411875
0 0.47890625 0.45625 0.4721875 0.46375 0.4684375 0.47270833333333334 0.46781249999999996 0.48854166666666665 0.4625 0.511875 0.46203125 0.52875 0.46624999999999994 0.534375 0.47515625000000006 0.5391666666666667 0.48390625 0.535 0.48703124999999997 0.5308333333333334 0.49859375000000006 0.5316666666666666 0.510625 0.525625 0.5184375 0.5191666666666667 0.52140625 0.5135416666666667 0.52078125 0.505625 0.51171875 0.4970833333333333 0.501875 0.476875 0.49234375 0.47125 0.48421875 0.46375
0 0.5440625 0.465625 0.55375 0.4795833333333333 0.5615625 0.4708333333333333 0.56328125 0.4610416666666667 0.5782812500000001 0.460625 0.5857812499999999 0.4829166666666667 0.5756249999999999 0.5208333333333334 0.5759375 0.53 0.5745312499999999 0.5381250000000001 0.57078125 0.5416666666666666 0.56296875 0.5402083333333334 0.545625 0.52125 0.53453125 0.505625 0.53203125 0.498125 0.53125 0.4764583333333333 0.5371875 0.4689583333333333
0 0.5528125 0.5868749999999999 0.5640625 0.5793750000000001 0.5740624999999999 0.5975 0.5796875 0.5952083333333333 0.585 0.5877083333333334 0.5853125 0.5768749999999999 0.59203125 0.5825 0.605 0.5847916666666666 0.60375 0.6162500000000001 0.60203125 0.630625 0.5978125000000001 0.6375 0.5921875 0.64 0.5862499999999999 0.636875 0.575 0.6262500000000001 0.56640625 0.621875 0.55265625 0.6083333333333333
0 0.58203125 0.5452083333333333 0.5934375000000001 0.5264583333333334 0.60609375 0.5260416666666666 0.6134375000000001 0.521875 0.61421875 0.5025 0.61953125 0.4975 0.626875 0.500625 0.6325000000000001 0.508125 0.6371875 0.5220833333333333 0.6370312499999999 0.561875 0.63875 0.568125 0.6368750000000001 0.5793750000000001 0.6321875 0.58125 0.62375 0.581875 0.60625 0.5700000000000001 0.59984375 0.5700000000000001 0.5925 0.566875 0.5865625 0.5612499999999999 0.58265625 0.5545833333333333
0 0.595625 0.47229166666666667 0.62609375 0.4810416666666667 0.6364062500000001 0.4810416666666667 0.6420312499999999 0.47604166666666664 0.64515625 0.4675 0.6453125 0.45916666666666667 0.6448437499999999 0.4425 0.6403125000000001 0.415625 0.6364062500000001 0.40708333333333335 0.62703125 0.393125 0.62203125 0.389375 0.6135937499999999 0.38791666666666663 0.6079687500000001 0.38999999999999996 0.59984375 0.395625 0.5921875 0.4041666666666667 0.5795312499999999 0.4214583333333334 0.5753125 0.42895833333333333 0.5745312499999999 0.439375 0.5759375 0.450625 0.5815625 0.4547916666666667 0.589375 0.4689583333333333
0 0.67453125 0.423125 0.66921875 0.43041666666666667 0.6646875 0.44958333333333333 0.660625 0.46458333333333335 0.6603125000000001 0.475 0.66140625 0.4825 0.6684375 0.48895833333333333 0.66953125 0.4945833333333333 0.6740625 0.500625 0.6889062499999999 0.4997916666666667 0.6990624999999999 0.491875 0.7151562499999999 0.478125 0.7178125 0.4775 0.7159375 0.46270833333333333 0.70890625 0.46291666666666664 0.70609375 0.4535416666666666 0.7032812500000001 0.46270833333333333 0.69875 0.4675 0.6878124999999999 0.46604166666666663 0.6849999999999999 0.461875 0.69015625 0.43979166666666664 0.69734375 0.439375 0.69265625 0.428125 0.6910937500000001 0.42124999999999996
0 0.71875 0.479375 0.71875 0.5020833333333333 0.73109375 0.521875 0.7365625 0.5245833333333334 0.74796875 0.5247916666666667 0.755 0.51875 0.75953125 0.518125 0.77015625 0.49875 0.77015625 0.494375 0.774375 0.49083333333333334 0.77546875 0.47875 0.7746875 0.4689583333333333 0.77296875 0.46520833333333333 0.77265625 0.45875 0.76375 0.46937500000000004 0.746875 0.47770833333333335 0.7434375 0.48166666666666663 0.74265625 0.485625 0.73703125 0.4858333333333333 0.729375 0.48125 0.7309375 0.47270833333333334
0 0.69875 0.591875 0.69765625 0.6335416666666667 0.6993750000000001 0.63875 0.70390625 0.6429166666666667 0.7123437499999999 0.6481250000000001 0.71703125 0.6575000000000001 0.724375 0.6575000000000001 0.73484375 0.650625 0.7457812500000001 0.638125 0.749375 0.6289583333333333 0.7501562500000001 0.6181249999999999 0.743125 0.6189583333333334 0.73328125 0.605625 0.7271875 0.6120833333333333 0.7215625 0.615 0.71875 0.6154166666666666 0.71359375 0.6181249999999999 0.70609375 0.614375 0.70609375 0.6041666666666666 0.7096875 0.5945833333333332 0.7032812500000001 0.5891666666666667
0 0.82890625 0.4685416666666667 0.8318749999999999 0.475 0.8318749999999999 0.49041666666666667 0.8625 0.5129166666666667 0.87734375 0.5079166666666667 0.89 0.4966666666666667 0.8975 0.4891666666666667 0.8995312500000001 0.47833333333333333 0.8998437499999999 0.4702083333333333 0.89390625 0.4704166666666667 0.89453125 0.476875 0.89390625 0.48625 0.8885937500000001 0.48812500000000003 0.87265625 0.4720833333333333 0.866875 0.471875 0.85484375 0.48625 0.846875 0.48354166666666665 0.8446875 0.4675
0 0.8956250000000001 0.5481250000000001 0.8956250000000001 0.5549999999999999 0.91109375 0.5768749999999999 0.91578125 0.5858333333333333 0.9160937499999999 0.589375 0.9268750000000001 0.6018749999999999 0.936875 0.6018749999999999 0.9425000000000001 0.59625 0.9493750000000001 0.583125 0.9614062499999999 0.5695833333333333 0.969375 0.55125 0.9706250000000001 0.536875 0.9667187500000001 0.53125 0.9673437500000001 0.525 0.9515625 0.5275 0.93921875 0.5427083333333333 0.93328125 0.5429166666666667 0.9209375 0.5358333333333333 0.9139062499999999 0.5422916666666667
0 0.915 0.40125 0.9146875 0.41041666666666665 0.92015625 0.4235416666666667 0.9243750000000001 0.428125 0.93390625 0.434375 0.9448437500000001 0.445 0.9574999999999999 0.454375 0.96546875 0.45583333333333337 0.97328125 0.45375000000000004 0.9778125 0.44708333333333333 0.9771875 0.44145833333333334 0.9865625 0.42 0.99703125 0.40166666666666667 0.99390625 0.37437499999999996 0.96703125 0.385625 0.9637499999999999 0.40562499999999996 0.9412499999999999 0.403125 0.9376562500000001 0.42604166666666665 0.9317187499999999 0.426875 0.920625 0.40625
0 0.05668604651162793 0.3383046848668689 0.0859453993933266 0.11332996292551402
0 0.037980283114256844 0.46355799098468453 0.07596056622851366 0.10380750977313168
0 0.019479903943377175 0.5528522076171216 0.03807507583417593 0.09373946747556451
0 0.19769021739130438 0.421195652173913 0.05924544994944392 0.10342938995618466
0 0.21712272497472193 0.5057718233906302 0.05861349848331652 0.08805190428041788
0 0.30219919110212334 0.5051398719245028 0.06414307381193125 0.09858442871587467
0 0.3807981547017189 0.5228345129760701 0.06240520728008088 0.09942703067071108
0 0.41263270980788674 0.5669657903606337 0.054031850353892755 0.08910515672396363
0 0.44375631951466127 0.43646781260532524 0.06003538928210315 0.10237613751263908
0 0.4917846309403437 0.4901836872261543 0.05971941354903949 0.09732052578361981
0 0.5586134984833164 0.4948179979777553 0.05497977755308394 0.09310751600943715
0 0.6101175429726997 0.4247767104819683 0.07109453993933261 0.1131193124368048
0 0.6107494944388271 0.5325244354566903 0.056875631951466055 0.09858442871587467
0 0.5787569514661273 0.5971941354903942 0.05260995955510621 0.08426019548365353
0 0.6889534883720929 0.442366026289181 0.0571916076845298 0.11585776879002362
0 0.747093023255814 0.4826002696326255 0.056875631951466055 0.08383889450623526
0 0.7238688068756319 0.6024603977081228 0.05308392315470174 0.10995955510616788
0 0.8645570020222447 0.4545837546343107 0.07156850353892814 0.11543646781260536
0 0.9559529828109202 0.3923365352207617 0.08278564206268957 0.12744354566902594
0 0.9332027300303338 0.5523255813953488 0.0748862487360972 0.09942703067071121