0 0.4249131944444445 0.43807870370370366 0.09027777777777776 0.10532407407407404
0 0.3875868055555556 0.5619212962962963 0.09027777777777776 0.13773148148148148
0 0.3216145833333333 0.7094907407407407 0.09375 0.14351851851851857
0 0.5924479166666667 0.5353009259259259 0.09375 0.13310185185185178
0 0.6141493055555556 0.6348379629629629 0.0989583333333334 0.13078703703703703
0 0.7335069444444444 0.6174768518518519 0.09288194444444446 0.13310185185185178
0 0.888888888888889 0.6122685185185186 0.11024305555555572 0.15046296296296297
0 0.9223090277777779 0.5277777777777778 0.10069444444444428 0.10648148148148143
0 0.9716579861111111 0.6092221079103797 0.05355902777777786 0.1304812528577963
0 0.8932291666666666 0.7233796296296297 0.10850694444444464 0.13425925925925927
0 0.4152960526315789 0.3938753132832081 0.4029605263157895 0.39857456140350883 0.39708646616541354 0.40875626566416046 0.3882753759398496 0.42363721804511284 0.38592575187969924 0.4377349624060151 0.38651315789473684 0.4533991228070176 0.3923872180451128 0.46514724310776945 0.3964990601503759 0.4729793233082707 0.40354793233082703 0.48159461152882216 0.41294642857142855 0.48551065162907275 0.42293233082706766 0.4839442355889725 0.43409304511278196 0.480811403508772 0.4476033834586466 0.4792449874686717 0.4599389097744361 0.4784617794486216 0.465812969924812 0.4674968671679199 0.465812969924812 0.4588815789473685 0.46170112781954886 0.44869987468671685 0.4564144736842105 0.4353853383458647 0.447015977443609 0.41972117794486224 0.4440789473684211 0.4134555137844612 0.4317434210526316 0.39857456140350883 0.42234492481203006 0.3930921052631579
0 0.38651315789473684 0.505874060150376 0.37124060150375937 0.505874060150376 0.3600798872180451 0.5097901002506267 0.3506813909774436 0.5254542606516291 0.3465695488721804 0.5332863408521304 0.34539473684210525 0.5544329573934837 0.353031015037594 0.5732299498746868 0.35890507518796994 0.587327694235589 0.3700657894736842 0.6069078947368421 0.3800516917293233 0.6210056390977444 0.39179981203007513 0.6280545112781956 0.4023731203007519 0.6210056390977444 0.4088345864661654 0.606124686716792 0.4158834586466165 0.587327694235589 0.4205827067669173 0.5693139097744362 0.42528195488721804 0.5544329573934837 0.4270441729323308 0.5387687969924813 0.4235197368421052 0.5231046365914788 0.412359022556391 0.5262374686716792 0.4023731203007519 0.5278038847117795 0.393562030075188 0.5097901002506267
0 0.2984022556390977 0.6570332080200502 0.28489191729323304 0.6672149122807018 0.2801926691729323 0.6758302005012531 0.2790178571428571 0.6907111528822055 0.28078007518796994 0.7157738095238096 0.2813674812030075 0.7322211779448622 0.2854793233082707 0.7666823308270677 0.29370300751879697 0.774514411027569 0.315437030075188 0.7666823308270677 0.3465695488721804 0.7408364661654135 0.36301691729323304 0.7259555137844612 0.35773026315789475 0.7142073934837093 0.3477443609022556 0.7063753132832081 0.3277725563909774 0.7087249373433584 0.31896146616541354 0.7040256892230576 0.31661184210526316 0.6781798245614036
0 0.597391917293233 0.4847274436090226 0.5744830827067668 0.4847274436090226 0.5680216165413533 0.48864348370927324 0.5539238721804511 0.5082236842105263 0.5486372180451127 0.524671052631579 0.5474624060150376 0.5387687969924813 0.5545112781954887 0.5638314536340853 0.5621475563909775 0.5771459899749374 0.5703712406015037 0.5849780701754386 0.5803571428571428 0.5865444862155389 0.5926926691729323 0.5865444862155389 0.6026785714285714 0.5818452380952382 0.6091400375939849 0.5724467418546367 0.6208881578947368 0.5646146616541353 0.6285244360902256 0.5520833333333334 0.6314614661654134 0.5395520050125314 0.6273496240601504 0.5285870927318296 0.6173637218045113 0.5223214285714286 0.6109022556390977 0.5074404761904762 0.600328947368421 0.49255952380952384
0 0.619125939849624 0.581062030075188 0.600328947368421 0.581062030075188 0.5909304511278195 0.5943765664160401 0.5803571428571428 0.6100407268170426 0.575657894736842 0.6327537593984963 0.5703712406015037 0.6492011278195489 0.568609022556391 0.6648652882205515 0.5697838345864661 0.6758302005012531 0.5803571428571428 0.6883615288220551 0.5856437969924813 0.6907111528822055 0.5997415413533834 0.693060776942356 0.6079652255639098 0.6914943609022557 0.6161889097744361 0.6899279448621555 0.6314614661654134 0.6836622807017545 0.6426221804511278 0.6766134085213034 0.6461466165413533 0.6734805764411028 0.6514332706766917 0.6601660401002507 0.653782894736842 0.6445018796992482 0.6543703007518797 0.6311873433583961 0.6514332706766917 0.6123903508771931 0.6449718045112782 0.5975093984962406 0.6343984962406014 0.5857612781954888
0 0.708999060150376 0.5661810776942356 0.6990131578947368 0.5857612781954888 0.6954887218045112 0.6053414786967419 0.6943139097744361 0.617872807017544 0.6954887218045112 0.6304041353383458 0.7001879699248119 0.6421522556390978 0.7095864661654134 0.6523339598997494 0.7183975563909775 0.6593828320802005 0.7254464285714286 0.6640820802005013 0.7354323308270676 0.6695645363408521 0.7442434210526315 0.674263784461153 0.7518796992481203 0.6758302005012531 0.762453007518797 0.674263784461153 0.7671522556390977 0.6656484962406015 0.7700892857142857 0.6484179197994988 0.7747885338345865 0.6319705513784462 0.775375939849624 0.6217888471177946 0.7742011278195489 0.6069078947368421 0.7730263157894737 0.5959429824561404 0.7659774436090225 0.5818452380952382 0.7548167293233082 0.5685307017543859 0.7495300751879699 0.5638314536340853 0.7413063909774436 0.5599154135338347 0.7336701127819548 0.5599154135338347 0.7201597744360902 0.5599154135338347
0 0.8946193609022556 0.49099310776942356 0.8799342105263157 0.49804197994987476 0.875234962406015 0.5082236842105263 0.8758223684210525 0.5238878446115288 0.8775845864661653 0.5317199248120301 0.8846334586466165 0.5395520050125314 0.8975563909774437 0.5411184210526316 0.9063674812030074 0.5426848370927319 0.9134163533834586 0.5450344611528822 0.9210526315789472 0.5466008771929826 0.9357377819548871 0.5489505012531328 0.943374060150376 0.5513001253132832 0.953359962406015 0.5575657894736843 0.9439614661654134 0.5583489974937343 0.9251644736842104 0.5622650375939849 0.9375 0.5771459899749374 0.943374060150376 0.5794956140350878 0.9551221804511277 0.5669642857142858 0.9633458646616541 0.5520833333333334 0.9668703007518797 0.5395520050125314 0.9651080827067668 0.5285870927318296 0.9551221804511277 0.5168389724310777 0.9457236842105262 0.5066572681704261 0.9339755639097744 0.4964755639097745 0.918703007518797 0.4902098997493735 0.9040178571428571 0.49177631578947373
0 0.884046052631579 0.5583489974937343 0.8658364661654134 0.5638314536340853 0.8582001879699248 0.5638314536340853 0.8493890977443609 0.5708803258145364 0.8458646616541353 0.5771459899749374 0.8382283834586465 0.599859022556391 0.8382283834586465 0.6123903508771931 0.8399906015037594 0.6202224310776943 0.8552631578947368 0.6374530075187971 0.8617246240601503 0.6437186716791979 0.8734727443609023 0.6515507518796994 0.8822838345864661 0.6585996240601504 0.8975563909774437 0.6695645363408521 0.906954887218045 0.674263784461153 0.9151785714285714 0.6734805764411028 0.9216400375939848 0.6719141604010025 0.9286889097744361 0.6672149122807018 0.9386748120300752 0.6382362155388471 0.9386748120300752 0.6155231829573935 0.9386748120300752 0.59359335839599 0.9369125939849624 0.5857612781954888 0.9275140977443609 0.5708803258145364 0.9157659774436089 0.5614818295739349 0.8905075187969924 0.5606986215538847
0 0.8441024436090225 0.7048088972431078 0.8464520676691729 0.7189066416040101 0.853500939849624 0.7337875939849624 0.8617246240601503 0.7525845864661654 0.875234962406015 0.7698151629072681 0.8834586466165414 0.7776472431077696 0.8934445488721805 0.7831296992481203 0.9051926691729323 0.7839129072681704 0.9157659774436089 0.78078007518797 0.9251644736842104 0.768248746867168 0.9380874060150376 0.768248746867168 0.9427866541353384 0.7471021303258145 0.9451362781954886 0.7212562656641605 0.9421992481203008 0.7016760651629073 0.9333881578947368 0.6907111528822055 0.9275140977443609 0.6820958646616542 0.9134163533834586 0.680529448621554 0.9081296992481203 0.6922775689223057 0.906954887218045 0.7087249373433584 0.894031954887218 0.7079417293233082 0.8758223684210525 0.7024592731829575 0.8711231203007518 0.700109649122807 0.8623120300751879 0.7095081453634086 0.8529135338345863 0.7032424812030076
0 0.996828007518797 0.5661810776942356 0.9821428571428571 0.5567825814536341 0.9668703007518797 0.5614818295739349 0.9586466165413533 0.5661810776942356 0.9510103383458646 0.5740131578947368 0.9451362781954886 0.5928101503759399 0.9457236842105262 0.6280545112781956 0.9474859022556391 0.6507675438596492 0.9545347744360901 0.662515664160401 0.9698073308270676 0.6656484962406015 0.9768562030075187 0.6672149122807018 0.9903665413533835 0.6640820802005013 0.996828007518797 0.6546835839598998 0.9974154135338346 0.6445018796992482 0.9962406015037594 0.6210056390977444 0.9962406015037594 0.599859022556391 0.9974154135338346 0.5787124060150377