0 0.3135901162790698 0.32267441860465124 0.08866279069767442 0.09496124031007754
0 0.2761627906976744 0.40939922480620156 0.08938953488372095 0.125
0 0.215843023255814 0.5537790697674418 0.08212209302325583 0.12887596899224807
0 0.4712936046511628 0.39437984496124034 0.0741279069767442 0.11240310077519382
0 0.4949127906976744 0.46511627906976744 0.08066860465116274 0.1337209302325581
0 0.5962936046511628 0.4530038759689923 0.08284883720930232 0.10174418604651164
0 0.7212936046511628 0.4176356589147287 0.08284883720930232 0.12015503875968996
0 0.7554505813953488 0.37887596899224807 0.06395348837209305 0.09108527131782947
0 0.815406976744186 0.43653100775193804 0.07340116279069768 0.11143410852713179
0 0.7365552325581395 0.5358527131782946 0.09011627906976738 0.10658914728682169
0 0.883357558139535 0.44622093023255816 0.06395348837209305 0.09980620155038758
0 0.9324127906976745 0.34641472868217055 0.09520348837209287 0.11531007751937986
0 0.9725109011627907 0.43885658914728687 0.05185319767441854 0.08895348837209299
0 0.9494912790697674 0.4898255813953488 0.08430232558139536 0.10174418604651159
0 0.9164244186046512 0.5973837209302325 0.08938953488372085 0.09399224806201545
0 0.2 0.49583333333333335 0.1984375 0.49583333333333335 0.196875 0.4979166666666667 0.1953125 0.4979166666666667 0.19375 0.5 0.1921875 0.5 0.190625 0.5020833333333333 0.1890625 0.5020833333333333 0.1875 0.5041666666666667 0.1859375 0.5041666666666667 0.1828125 0.5083333333333333 0.18125 0.5083333333333333 0.178125 0.5125 0.1765625 0.5125 0.1765625 0.5145833333333333 0.175 0.5166666666666667 0.1734375 0.5166666666666667 0.171875 0.51875 0.171875 0.5458333333333333 0.1734375 0.5479166666666667 0.1734375 0.5583333333333333 0.175 0.5604166666666667 0.175 0.56875 0.1765625 0.5708333333333333 0.1765625 0.5729166666666666 0.175 0.575 0.175 0.5875 0.1765625 0.5895833333333333 0.1765625 0.6041666666666666 0.178125 0.60625 0.178125 0.6083333333333333 0.18125 0.6125 0.1828125 0.6125 0.184375 0.6145833333333334 0.1859375 0.6145833333333334 0.1875 0.6166666666666667 0.1921875 0.6166666666666667 0.19375 0.6145833333333334 0.1984375 0.6145833333333334 0.2 0.6125 0.2015625 0.6125 0.203125 0.6104166666666667 0.2046875 0.6104166666666667 0.20625 0.6083333333333333 0.2078125 0.6083333333333333 0.209375 0.60625 0.2109375 0.60625 0.2140625 0.6020833333333333 0.215625 0.6020833333333333 0.2171875 0.6 0.21875 0.6 0.2234375 0.59375 0.225 0.59375 0.228125 0.5895833333333333 0.23125 0.5895833333333333 0.2328125 0.5875 0.234375 0.5875 0.240625 0.5791666666666667 0.2421875 0.5791666666666667 0.2484375 0.5708333333333333 0.2484375 0.56875 0.2515625 0.5645833333333333 0.2515625 0.5625 0.253125 0.5604166666666667 0.253125 0.5583333333333333 0.2546875 0.55625 0.2546875 0.5520833333333334 0.25625 0.55 0.25625 0.5458333333333333 0.25 0.5375 0.2484375 0.5375 0.246875 0.5354166666666667 0.2453125 0.5354166666666667 0.24375 0.5333333333333333 0.240625 0.5333333333333333 0.2390625 0.53125 0.234375 0.53125 0.2328125 0.5333333333333333 0.225 0.5333333333333333 0.2234375 0.53125 0.2171875 0.53125 0.215625 0.5291666666666667 0.2140625 0.5291666666666667 0.2078125 0.5208333333333334 0.2078125 0.5145833333333333 0.20625 0.5125 0.20625 0.5104166666666666 0.2078125 0.5083333333333333 0.2078125 0.5041666666666667 0.20625 0.5020833333333333 0.2046875 0.5020833333333333
0 0.2625 0.36041666666666666 0.259375 0.3645833333333333 0.2578125 0.3645833333333333 0.2515625 0.3729166666666667 0.25 0.3729166666666667 0.246875 0.3770833333333333 0.246875 0.37916666666666665 0.2390625 0.38958333333333334 0.2390625 0.39166666666666666 0.2375 0.39375 0.2375 0.4083333333333333 0.2390625 0.41041666666666665 0.2390625 0.4166666666666667 0.240625 0.41875 0.240625 0.42083333333333334 0.2421875 0.42291666666666666 0.2421875 0.425 0.24375 0.4270833333333333 0.24375 0.42916666666666664 0.2453125 0.43125 0.2453125 0.43333333333333335 0.2515625 0.44166666666666665 0.253125 0.44166666666666665 0.2578125 0.4479166666666667 0.259375 0.4479166666666667 0.265625 0.45625 0.2671875 0.45625 0.2734375 0.46458333333333335 0.2734375 0.4666666666666667 0.275 0.46875 0.2765625 0.46875 0.278125 0.4708333333333333 0.28125 0.4708333333333333 0.2828125 0.47291666666666665 0.2890625 0.47291666666666665 0.290625 0.4708333333333333 0.2921875 0.4708333333333333 0.3015625 0.4583333333333333 0.3015625 0.45625 0.3046875 0.45208333333333334 0.3046875 0.45 0.30625 0.4479166666666667 0.30625 0.44583333333333336 0.3078125 0.44375 0.3078125 0.44166666666666665 0.309375 0.4395833333333333 0.309375 0.4375 0.3109375 0.4354166666666667 0.3109375 0.43333333333333335 0.3125 0.43125 0.3125 0.42916666666666664 0.3171875 0.42291666666666666 0.3171875 0.42083333333333334 0.31875 0.41875 0.31875 0.3875 0.3109375 0.3770833333333333 0.309375 0.3770833333333333 0.3078125 0.375 0.30625 0.375 0.3046875 0.3770833333333333 0.3015625 0.3770833333333333 0.3 0.37916666666666665 0.29375 0.37916666666666665 0.2921875 0.3770833333333333 0.290625 0.3770833333333333 0.2890625 0.375 0.2890625 0.3729166666666667 0.2859375 0.36875 0.2859375 0.36666666666666664 0.28125 0.36041666666666666
0 0.278125 0.3104166666666667 0.278125 0.31666666666666665 0.2796875 0.31875 0.2796875 0.32083333333333336 0.284375 0.32708333333333334 0.284375 0.32916666666666666 0.2859375 0.33125 0.2859375 0.33541666666666664 0.2875 0.3375 0.2875 0.34375 0.2890625 0.3458333333333333 0.2890625 0.34791666666666665 0.290625 0.35 0.2921875 0.35 0.29375 0.35208333333333336 0.2953125 0.35208333333333336 0.296875 0.3541666666666667 0.296875 0.35625 0.2984375 0.35833333333333334 0.2984375 0.36041666666666666 0.303125 0.36666666666666664 0.30625 0.36666666666666664 0.3078125 0.36875 0.3125 0.36875 0.3140625 0.36666666666666664 0.3203125 0.36666666666666664 0.321875 0.3645833333333333 0.325 0.3645833333333333 0.3265625 0.3625 0.3328125 0.3625 0.334375 0.36041666666666666 0.3375 0.36041666666666666 0.3390625 0.35833333333333334 0.3453125 0.35833333333333334 0.346875 0.35625 0.35 0.35625 0.3515625 0.3541666666666667 0.353125 0.3541666666666667 0.35625 0.35 0.35625 0.3375 0.3546875 0.33541666666666664 0.3546875 0.3333333333333333 0.353125 0.33125 0.353125 0.32916666666666666 0.3484375 0.3229166666666667 0.3484375 0.32083333333333336 0.3375 0.30625 0.3375 0.30416666666666664 0.334375 0.3 0.334375 0.29791666666666666 0.328125 0.28958333333333336 0.328125 0.2875 0.3234375 0.28125 0.321875 0.28125 0.3203125 0.2791666666666667 0.31875 0.2791666666666667 0.3171875 0.27708333333333335 0.3125 0.27708333333333335 0.3109375 0.275 0.30625 0.275 0.3046875 0.27708333333333335 0.3015625 0.27708333333333335 0.3 0.2791666666666667 0.2984375 0.2791666666666667 0.2953125 0.2833333333333333 0.29375 0.2833333333333333 0.2890625 0.28958333333333336 0.2890625 0.2916666666666667 0.284375 0.29791666666666666 0.284375 0.3 0.2828125 0.3020833333333333 0.2828125 0.30416666666666664
0 0.4765625 0.35208333333333336 0.465625 0.35208333333333336 0.4640625 0.35 0.4609375 0.35 0.459375 0.35208333333333336 0.4546875 0.35208333333333336 0.453125 0.3541666666666667 0.4515625 0.3541666666666667 0.45 0.35625 0.45 0.35833333333333334 0.4484375 0.36041666666666666 0.4484375 0.3625 0.4453125 0.36666666666666664 0.4453125 0.36875 0.44375 0.37083333333333335 0.44375 0.3729166666666667 0.4421875 0.375 0.4421875 0.3770833333333333 0.440625 0.37916666666666665 0.440625 0.38333333333333336 0.4390625 0.3854166666666667 0.4390625 0.38958333333333334 0.4375 0.39166666666666666 0.4375 0.39791666666666664 0.4359375 0.4 0.4359375 0.41458333333333336 0.4375 0.4166666666666667 0.4375 0.41875 0.4390625 0.42083333333333334 0.4390625 0.42291666666666666 0.44375 0.42916666666666664 0.44375 0.43125 0.446875 0.4354166666666667 0.446875 0.4375 0.45 0.44166666666666665 0.4515625 0.44166666666666665 0.453125 0.44375 0.45625 0.44375 0.4578125 0.44583333333333336 0.459375 0.44375 0.465625 0.44375 0.4765625 0.42916666666666664 0.478125 0.42916666666666664 0.4796875 0.4270833333333333 0.4796875 0.425 0.48125 0.42291666666666666 0.48125 0.42083333333333334 0.484375 0.4166666666666667 0.4859375 0.4166666666666667 0.4875 0.41458333333333336 0.496875 0.41458333333333336 0.496875 0.4125 0.4984375 0.41041666666666665 0.4984375 0.4083333333333333 0.5 0.40625 0.5 0.4041666666666667 0.5015625 0.40208333333333335 0.5015625 0.4 0.5046875 0.3958333333333333 0.5046875 0.39375 0.503125 0.39166666666666666 0.503125 0.38958333333333334 0.5 0.3854166666666667 0.5 0.38333333333333336 0.4984375 0.38125 0.4984375 0.37916666666666665 0.496875 0.3770833333333333 0.490625 0.3770833333333333 0.4859375 0.37083333333333335 0.4859375 0.36875 0.484375 0.36666666666666664 0.484375 0.3645833333333333 0.4828125 0.3625 0.4828125 0.36041666666666666 0.48125 0.35833333333333334 0.48125 0.35625 0.4796875 0.35625
0 0.4828125 0.4270833333333333 0.4796875 0.43125 0.478125 0.43125 0.4671875 0.44583333333333336 0.4671875 0.4479166666666667 0.465625 0.45 0.465625 0.45208333333333334 0.4640625 0.45416666666666666 0.4640625 0.45625 0.4625 0.4583333333333333 0.4625 0.4625 0.4609375 0.46458333333333335 0.4609375 0.4708333333333333 0.459375 0.47291666666666665 0.459375 0.47708333333333336 0.4578125 0.4791666666666667 0.4578125 0.48125 0.45625 0.48333333333333334 0.45625 0.4895833333333333 0.4546875 0.49166666666666664 0.4546875 0.49375 0.453125 0.49583333333333335 0.453125 0.5020833333333333 0.4515625 0.5041666666666667 0.4515625 0.50625 0.453125 0.5083333333333333 0.453125 0.5145833333333333 0.4546875 0.5166666666666667 0.4546875 0.51875 0.45625 0.51875 0.4578125 0.5208333333333334 0.459375 0.5208333333333334 0.4609375 0.5229166666666667 0.4640625 0.5229166666666667 0.465625 0.525 0.4859375 0.525 0.4875 0.5229166666666667 0.5046875 0.5229166666666667 0.50625 0.5208333333333334 0.5140625 0.5208333333333334 0.515625 0.51875 0.5171875 0.51875 0.5203125 0.5145833333333333 0.521875 0.5145833333333333 0.5265625 0.5083333333333333 0.5265625 0.50625 0.528125 0.5041666666666667 0.5296875 0.5041666666666667 0.5296875 0.5020833333333333 0.53125 0.5 0.53125 0.47708333333333336 0.5296875 0.475 0.5296875 0.46875 0.528125 0.4666666666666667 0.528125 0.46458333333333335 0.5265625 0.4625 0.5265625 0.45625 0.525 0.45416666666666666 0.525 0.45208333333333334 0.5234375 0.45 0.5234375 0.4479166666666667 0.521875 0.44583333333333336 0.521875 0.44375 0.5171875 0.4375 0.5171875 0.4354166666666667 0.5140625 0.43125 0.5109375 0.43125 0.509375 0.42916666666666664 0.5078125 0.42916666666666664 0.50625 0.4270833333333333
0 0.5890625 0.4041666666666667 0.5875 0.40625 0.5859375 0.40625 0.5828125 0.41041666666666665 0.58125 0.41041666666666665 0.578125 0.41458333333333336 0.5765625 0.41458333333333336 0.571875 0.42083333333333334 0.571875 0.42291666666666666 0.56875 0.4270833333333333 0.56875 0.42916666666666664 0.5640625 0.4354166666666667 0.5640625 0.4375 0.5625 0.4395833333333333 0.5625 0.44583333333333336 0.5609375 0.4479166666666667 0.5609375 0.45 0.559375 0.45208333333333334 0.559375 0.45416666666666666 0.5578125 0.45625 0.5578125 0.46458333333333335 0.559375 0.4666666666666667 0.559375 0.46875 0.565625 0.47708333333333336 0.565625 0.4791666666666667 0.5703125 0.48541666666666666 0.571875 0.48541666666666666 0.5734375 0.4875 0.575 0.4875 0.5796875 0.49375 0.58125 0.49375 0.5828125 0.49583333333333335 0.584375 0.49583333333333335 0.5859375 0.4979166666666667 0.5875 0.4979166666666667 0.5890625 0.5 0.596875 0.5 0.5984375 0.5020833333333333 0.6046875 0.5020833333333333 0.60625 0.5 0.609375 0.5 0.6109375 0.4979166666666667 0.6125 0.4979166666666667 0.6140625 0.49583333333333335 0.6171875 0.49583333333333335 0.6203125 0.49166666666666664 0.621875 0.49166666666666664 0.628125 0.48333333333333334 0.628125 0.48125 0.63125 0.47708333333333336 0.63125 0.4708333333333333 0.6328125 0.46875 0.6328125 0.46041666666666664 0.634375 0.4583333333333333 0.634375 0.4395833333333333 0.6328125 0.4375 0.6328125 0.43125 0.63125 0.42916666666666664 0.63125 0.4270833333333333 0.6265625 0.42083333333333334 0.6265625 0.41875 0.625 0.4166666666666667 0.6234375 0.4166666666666667 0.6203125 0.4125 0.61875 0.4125 0.6171875 0.41041666666666665 0.615625 0.41041666666666665 0.6140625 0.4083333333333333 0.609375 0.4083333333333333 0.6078125 0.40625 0.6 0.40625 0.5984375 0.4041666666666667
0 0.690625 0.38958333333333334 0.690625 0.39166666666666666 0.6875 0.3958333333333333 0.6875 0.39791666666666664 0.684375 0.40208333333333335 0.684375 0.40625 0.68125 0.41041666666666665 0.68125 0.42916666666666664 0.6828125 0.43125 0.684375 0.43125 0.6890625 0.4375 0.6890625 0.4395833333333333 0.6953125 0.4479166666666667 0.6953125 0.45208333333333334 0.696875 0.45208333333333334 0.6984375 0.45416666666666666 0.7015625 0.45416666666666666 0.703125 0.45625 0.7046875 0.45625 0.70625 0.4583333333333333 0.709375 0.4583333333333333 0.7125 0.4625 0.7140625 0.4625 0.715625 0.46458333333333335 0.7171875 0.46458333333333335 0.71875 0.4666666666666667 0.7203125 0.4666666666666667 0.721875 0.46875 0.725 0.46875 0.7296875 0.475 0.7328125 0.475 0.734375 0.47708333333333336 0.7375 0.47708333333333336 0.7390625 0.4791666666666667 0.746875 0.4791666666666667 0.7484375 0.47708333333333336 0.7515625 0.47708333333333336 0.7546875 0.47291666666666665 0.7546875 0.4708333333333333 0.759375 0.46458333333333335 0.759375 0.46041666666666664 0.7609375 0.4583333333333333 0.7609375 0.45625 0.759375 0.45416666666666666 0.759375 0.45208333333333334 0.7609375 0.45 0.7609375 0.44375 0.759375 0.44166666666666665 0.759375 0.4354166666666667 0.7609375 0.43333333333333335 0.7609375 0.42083333333333334 0.7625 0.41875 0.7625 0.4166666666666667 0.7609375 0.41458333333333336 0.7609375 0.39166666666666666 0.759375 0.38958333333333334 0.759375 0.3875 0.7578125 0.3854166666666667 0.7578125 0.38333333333333336 0.75625 0.38125 0.7546875 0.38125 0.753125 0.37916666666666665 0.7515625 0.37916666666666665 0.75 0.3770833333333333 0.746875 0.3770833333333333 0.7453125 0.375 0.7359375 0.375 0.734375 0.3729166666666667 0.7125 0.3729166666666667 0.7109375 0.375 0.709375 0.375 0.7078125 0.3770833333333333 0.70625 0.3770833333333333 0.7046875 0.37916666666666665 0.703125 0.37916666666666665 0.7015625 0.38125 0.7 0.38125 0.6984375 0.38333333333333336 0.696875 0.38333333333333336 0.6921875 0.38958333333333334
0 0.721875 0.35833333333333334 0.721875 0.36041666666666666 0.7203125 0.3625 0.7203125 0.36666666666666664 0.728125 0.36666666666666664 0.7296875 0.3645833333333333 0.734375 0.3645833333333333 0.7359375 0.36666666666666664 0.7625 0.36666666666666664 0.7640625 0.3645833333333333 0.765625 0.3645833333333333 0.7671875 0.36666666666666664 0.76875 0.36666666666666664 0.7703125 0.36875 0.7703125 0.37083333333333335 0.7671875 0.375 0.75625 0.375 0.75625 0.3770833333333333 0.7625 0.3854166666666667 0.7625 0.3875 0.7640625 0.38958333333333334 0.7640625 0.39375 0.765625 0.3958333333333333 0.765625 0.39791666666666664 0.76875 0.40208333333333335 0.76875 0.41875 0.771875 0.41458333333333336 0.775 0.41458333333333336 0.778125 0.41041666666666665 0.7796875 0.41041666666666665 0.7828125 0.40625 0.7828125 0.4041666666666667 0.7859375 0.4 0.7859375 0.39791666666666664 0.7875 0.3958333333333333 0.7875 0.39166666666666666 0.7890625 0.38958333333333334 0.7890625 0.38125 0.7875 0.37916666666666665 0.7875 0.375 0.7859375 0.3729166666666667 0.7859375 0.37083333333333335 0.784375 0.36875 0.784375 0.36666666666666664 0.7796875 0.36041666666666666 0.778125 0.36041666666666666 0.771875 0.35208333333333336 0.76875 0.35208333333333336 0.7671875 0.35 0.765625 0.35 0.7640625 0.34791666666666665 0.7625 0.34791666666666665 0.7609375 0.3458333333333333 0.75625 0.3458333333333333 0.7546875 0.34375 0.7515625 0.34375 0.75 0.3416666666666667 0.7421875 0.3416666666666667 0.740625 0.34375 0.7375 0.34375 0.7359375 0.3458333333333333 0.734375 0.3458333333333333 0.73125 0.35 0.7296875 0.35 0.7265625 0.3541666666666667 0.725 0.3541666666666667
0 0.75625 0.48125 0.7515625 0.48125 0.75 0.48333333333333334 0.746875 0.48333333333333334 0.7453125 0.48541666666666666 0.74375 0.48541666666666666 0.7421875 0.4875 0.7421875 0.49166666666666664 0.7359375 0.5 0.734375 0.5 0.7328125 0.5020833333333333 0.7171875 0.5020833333333333 0.7109375 0.5104166666666666 0.709375 0.5104166666666666 0.7046875 0.5166666666666667 0.703125 0.5166666666666667 0.6984375 0.5229166666666667 0.6984375 0.53125 0.696875 0.5333333333333333 0.6984375 0.5354166666666667 0.6984375 0.5395833333333333 0.7 0.5416666666666666 0.7 0.54375 0.7078125 0.5541666666666667 0.7078125 0.55625 0.7171875 0.56875 0.71875 0.56875 0.7234375 0.575 0.725 0.575 0.7265625 0.5770833333333333 0.728125 0.5770833333333333 0.7296875 0.5791666666666667 0.73125 0.5791666666666667 0.734375 0.5833333333333334 0.7375 0.5833333333333334 0.7390625 0.5854166666666667 0.740625 0.5854166666666667 0.7421875 0.5875 0.7484375 0.5875 0.75 0.5854166666666667 0.7515625 0.5854166666666667 0.753125 0.5833333333333334 0.7546875 0.5833333333333334 0.7625 0.5729166666666666 0.7640625 0.5729166666666666 0.765625 0.5708333333333333 0.7671875 0.5708333333333333 0.7765625 0.5583333333333333 0.7765625 0.55625 0.778125 0.5541666666666667 0.778125 0.5291666666666667 0.7765625 0.5270833333333333 0.7765625 0.5229166666666667 0.775 0.5208333333333334 0.775 0.5125 0.7734375 0.5104166666666666 0.7734375 0.5083333333333333 0.771875 0.50625 0.771875 0.5020833333333333 0.7703125 0.5 0.7703125 0.4979166666666667 0.759375 0.48333333333333334 0.7578125 0.48333333333333334
0 0.8328125 0.4041666666666667 0.83125 0.4041666666666667 0.8296875 0.40208333333333335 0.8234375 0.40208333333333335 0.821875 0.4 0.8140625 0.4 0.8125 0.39791666666666664 0.803125 0.39791666666666664 0.8015625 0.4 0.7984375 0.4 0.796875 0.40208333333333335 0.7953125 0.40208333333333335 0.790625 0.4083333333333333 0.7890625 0.4083333333333333 0.7875 0.41041666666666665 0.7875 0.4125 0.7859375 0.41458333333333336 0.784375 0.41458333333333336 0.78125 0.41875 0.78125 0.42083333333333334 0.7796875 0.42291666666666666 0.7796875 0.425 0.778125 0.4270833333333333 0.778125 0.43125 0.7765625 0.43333333333333335 0.7765625 0.4479166666666667 0.778125 0.45 0.778125 0.45625 0.7796875 0.4583333333333333 0.7796875 0.46041666666666664 0.78125 0.4625 0.78125 0.46875 0.7828125 0.4708333333333333 0.7828125 0.47708333333333336 0.784375 0.4791666666666667 0.784375 0.48125 0.7890625 0.4875 0.7921875 0.4875 0.79375 0.4895833333333333 0.803125 0.4895833333333333 0.8046875 0.4875 0.8109375 0.4875 0.8125 0.48541666666666666 0.815625 0.48541666666666666 0.8171875 0.48333333333333334 0.821875 0.48333333333333334 0.8234375 0.48125 0.8265625 0.48125 0.828125 0.4791666666666667 0.8296875 0.4791666666666667 0.83125 0.47708333333333336 0.8328125 0.47708333333333336 0.834375 0.475 0.8359375 0.475 0.8375 0.47291666666666665 0.8390625 0.47291666666666665 0.8421875 0.46875 0.84375 0.46875 0.846875 0.46458333333333335 0.846875 0.4625 0.85 0.4583333333333333 0.85 0.4375 0.8484375 0.4354166666666667 0.8484375 0.43333333333333335 0.846875 0.43125 0.846875 0.42916666666666664 0.8453125 0.4270833333333333 0.8453125 0.425 0.84375 0.42291666666666666 0.84375 0.42083333333333334 0.8421875 0.41875 0.8421875 0.41458333333333336 0.8375 0.4083333333333333 0.8359375 0.4083333333333333
0 0.846875 0.4166666666666667 0.846875 0.42083333333333334 0.8484375 0.42291666666666666 0.8515625 0.42291666666666666 0.85625 0.4166666666666667 0.8609375 0.4166666666666667 0.8625 0.41875 0.8640625 0.41875 0.8671875 0.42291666666666666 0.8703125 0.42291666666666666 0.871875 0.425 0.8734375 0.425 0.875 0.4270833333333333 0.875 0.42916666666666664 0.871875 0.43333333333333335 0.8640625 0.43333333333333335 0.8625 0.43125 0.8515625 0.43125 0.8515625 0.4583333333333333 0.85 0.46041666666666664 0.85 0.4625 0.8484375 0.46458333333333335 0.8484375 0.4666666666666667 0.85 0.46875 0.85 0.4708333333333333 0.8515625 0.4708333333333333 0.853125 0.47291666666666665 0.8546875 0.47291666666666665 0.859375 0.4791666666666667 0.8625 0.4791666666666667 0.8640625 0.48125 0.865625 0.48125 0.8671875 0.48333333333333334 0.8703125 0.48333333333333334 0.871875 0.48541666666666666 0.8765625 0.48541666666666666 0.878125 0.4875 0.88125 0.4875 0.8828125 0.4895833333333333 0.884375 0.4895833333333333 0.8859375 0.49166666666666664 0.8875 0.49166666666666664 0.8890625 0.49375 0.8921875 0.49375 0.89375 0.49583333333333335 0.8984375 0.49583333333333335 0.9 0.49375 0.9046875 0.49375 0.9078125 0.4895833333333333 0.9078125 0.4875 0.9109375 0.48333333333333334 0.9109375 0.4791666666666667 0.9125 0.47708333333333336 0.9125 0.475 0.9140625 0.47291666666666665 0.9140625 0.4666666666666667 0.9125 0.46458333333333335 0.9125 0.4583333333333333 0.9109375 0.45625 0.9109375 0.45416666666666666 0.909375 0.45208333333333334 0.909375 0.44583333333333336 0.9078125 0.44375 0.9078125 0.4270833333333333 0.90625 0.425 0.90625 0.42291666666666666 0.8953125 0.4083333333333333 0.8921875 0.4083333333333333 0.890625 0.40625 0.8890625 0.40625 0.8875 0.4041666666666667 0.884375 0.4041666666666667 0.8828125 0.40208333333333335 0.88125 0.4041666666666667 0.878125 0.4041666666666667 0.8765625 0.40208333333333335 0.86875 0.40208333333333335 0.8671875 0.4041666666666667 0.8640625 0.4041666666666667 0.8609375 0.4083333333333333 0.859375 0.4083333333333333 0.8578125 0.41041666666666665 0.8578125 0.4125 0.8546875 0.4166666666666667
0 0.8859375 0.37083333333333335 0.8859375 0.38333333333333336 0.8875 0.3854166666666667 0.8890625 0.3854166666666667 0.89375 0.39166666666666666 0.89375 0.3958333333333333 0.8984375 0.40208333333333335 0.903125 0.40208333333333335 0.9046875 0.4041666666666667 0.9265625 0.4041666666666667 0.928125 0.40208333333333335 0.934375 0.40208333333333335 0.9359375 0.4 0.940625 0.4 0.9421875 0.39791666666666664 0.946875 0.39791666666666664 0.9484375 0.3958333333333333 0.9609375 0.3958333333333333 0.9625 0.39375 0.965625 0.39375 0.9671875 0.39166666666666666 0.9703125 0.39166666666666666 0.9765625 0.38333333333333336 0.9765625 0.38125 0.978125 0.37916666666666665 0.978125 0.37083333333333335 0.9765625 0.36875 0.9765625 0.36666666666666664 0.975 0.3645833333333333 0.975 0.3625 0.9734375 0.36041666666666666 0.9734375 0.35833333333333334 0.9703125 0.3541666666666667 0.9703125 0.35208333333333336 0.9671875 0.34791666666666665 0.9671875 0.3458333333333333 0.9609375 0.3375 0.9609375 0.33541666666666664 0.9515625 0.3229166666666667 0.95 0.3229166666666667 0.9453125 0.31666666666666665 0.94375 0.31666666666666665 0.9421875 0.3145833333333333 0.940625 0.3145833333333333 0.9390625 0.3125 0.934375 0.3125 0.9328125 0.3104166666666667 0.925 0.3104166666666667 0.9234375 0.3125 0.91875 0.3125 0.9171875 0.3145833333333333 0.915625 0.3145833333333333 0.9140625 0.31666666666666665 0.9109375 0.31666666666666665 0.9078125 0.32083333333333336 0.90625 0.32083333333333336 0.9046875 0.3229166666666667 0.9046875 0.325 0.9015625 0.32916666666666666 0.9015625 0.33125 0.8984375 0.33541666666666664 0.8984375 0.3375 0.896875 0.33958333333333335 0.896875 0.3416666666666667 0.89375 0.3458333333333333 0.89375 0.34791666666666665 0.8921875 0.35 0.8921875 0.3541666666666667 0.890625 0.35625 0.890625 0.36041666666666666 0.8890625 0.3625 0.8890625 0.3645833333333333 0.8875 0.36666666666666664 0.8875 0.36875
0 0.909375 0.4979166666666667 0.909375 0.5020833333333333 0.9078125 0.5041666666666667 0.9078125 0.5083333333333333 0.90625 0.5104166666666666 0.90625 0.5125 0.9078125 0.5145833333333333 0.9078125 0.5166666666666667 0.915625 0.5270833333333333 0.9171875 0.5270833333333333 0.91875 0.5291666666666667 0.921875 0.5291666666666667 0.9234375 0.53125 0.928125 0.53125 0.9296875 0.5333333333333333 0.946875 0.5333333333333333 0.9484375 0.5354166666666667 0.95625 0.5354166666666667 0.9578125 0.5375 0.9640625 0.5375 0.965625 0.5395833333333333 0.9828125 0.5395833333333333 0.984375 0.5375 0.9859375 0.5375 0.9875 0.5354166666666667 0.9875 0.5333333333333333 0.9890625 0.53125 0.9890625 0.5291666666666667 0.990625 0.5270833333333333 0.990625 0.51875 0.9890625 0.5166666666666667 0.9890625 0.5125 0.9859375 0.5083333333333333 0.9859375 0.50625 0.984375 0.5041666666666667 0.984375 0.5020833333333333 0.9828125 0.5 0.9828125 0.48333333333333334 0.98125 0.48125 0.98125 0.4791666666666667 0.9796875 0.47708333333333336 0.9796875 0.475 0.978125 0.47291666666666665 0.978125 0.4708333333333333 0.9734375 0.46458333333333335 0.9734375 0.4625 0.9703125 0.4583333333333333 0.96875 0.4583333333333333 0.965625 0.45416666666666666 0.9640625 0.45416666666666666 0.9625 0.45208333333333334 0.9609375 0.45208333333333334 0.959375 0.45 0.953125 0.45 0.95 0.45416666666666666 0.9484375 0.45416666666666666 0.9453125 0.4583333333333333 0.94375 0.4583333333333333 0.940625 0.4625 0.9390625 0.4625 0.9359375 0.4666666666666667 0.934375 0.4666666666666667 0.93125 0.4708333333333333 0.93125 0.47291666666666665 0.9203125 0.4875 0.91875 0.4875 0.9140625 0.49375 0.9125 0.49375
0 0.9546875 0.41041666666666665 0.95 0.4166666666666667 0.9484375 0.4166666666666667 0.9484375 0.41875 0.946875 0.42083333333333334 0.946875 0.42291666666666666 0.9453125 0.425 0.9453125 0.4270833333333333 0.94375 0.42916666666666664 0.94375 0.4354166666666667 0.9421875 0.4375 0.9421875 0.44375 0.9484375 0.44375 0.95 0.44583333333333336 0.9546875 0.44583333333333336 0.95625 0.4479166666666667 0.9609375 0.4479166666666667 0.9625 0.45 0.9640625 0.45 0.965625 0.45208333333333334 0.9671875 0.45208333333333334 0.9796875 0.46875 0.9796875 0.4708333333333333 0.98125 0.47291666666666665 0.98125 0.475 0.9828125 0.47708333333333336 0.9828125 0.4791666666666667 0.9859375 0.48333333333333334 0.9875 0.48125 0.9890625 0.48125 0.990625 0.4791666666666667 0.9921875 0.4791666666666667 0.99375 0.47708333333333336 0.9953125 0.47708333333333336 0.996875 0.475 0.996875 0.47291666666666665 0.9984375 0.4708333333333333 0.9984375 0.41458333333333336 0.996875 0.4125 0.996875 0.41041666666666665 0.9953125 0.41041666666666665 0.99375 0.4083333333333333 0.990625 0.4083333333333333 0.9890625 0.40625 0.9828125 0.40625 0.98125 0.4041666666666667 0.965625 0.4041666666666667 0.9640625 0.40625 0.9625 0.40625 0.9609375 0.4083333333333333 0.9578125 0.4083333333333333 0.95625 0.41041666666666665
0 0.875 0.5875 0.875 0.59375 0.8734375 0.5958333333333333 0.8734375 0.6020833333333333 0.875 0.6041666666666666 0.875 0.6083333333333333 0.8828125 0.61875 0.884375 0.61875 0.8890625 0.625 0.890625 0.625 0.8921875 0.6270833333333333 0.8953125 0.6270833333333333 0.896875 0.6291666666666667 0.8984375 0.6291666666666667 0.9 0.63125 0.9046875 0.63125 0.90625 0.6333333333333333 0.9125 0.6333333333333333 0.9140625 0.6354166666666666 0.915625 0.6354166666666666 0.9171875 0.6375 0.9234375 0.6375 0.925 0.6395833333333333 0.9296875 0.6395833333333333 0.93125 0.6416666666666667 0.934375 0.6416666666666667 0.9359375 0.64375 0.9390625 0.64375 0.940625 0.6458333333333334 0.95 0.6458333333333334 0.953125 0.6416666666666667 0.9546875 0.6416666666666667 0.9578125 0.6375 0.9578125 0.6229166666666667 0.95625 0.6208333333333333 0.95625 0.6125 0.9546875 0.6104166666666667 0.9546875 0.6041666666666666 0.953125 0.6020833333333333 0.953125 0.5958333333333333 0.9515625 0.59375 0.9515625 0.58125 0.95 0.5791666666666667 0.95 0.5729166666666666 0.9484375 0.5708333333333333 0.9484375 0.56875 0.946875 0.5666666666666667 0.946875 0.5645833333333333 0.940625 0.55625 0.9375 0.55625 0.9359375 0.5541666666666667 0.9078125 0.5541666666666667 0.90625 0.55625 0.9046875 0.55625 0.903125 0.5583333333333333 0.9015625 0.5583333333333333 0.896875 0.5645833333333333 0.8953125 0.5645833333333333 0.89375 0.5666666666666667 0.8921875 0.5666666666666667 0.890625 0.56875 0.8890625 0.56875