0 0.3172743055555555 0.4155092592592593 0.09201388888888892 0.0972222222222222
0 0.2842881944444444 0.5462962962962962 0.0833333333333333 0.12037037037037036
0 0.23307291666666666 0.6747685185185186 0.08159722222222224 0.12268518518518512
0 0.4765625 0.5069444444444444 0.0859375 0.12037037037037042
0 0.4895833333333333 0.6030092592592593 0.08420138888888892 0.12037037037037036
0 0.6059027777777778 0.5983796296296297 0.0859375 0.13888888888888887
0 0.7452256944444444 0.6082175925925927 0.10243055555555554 0.13541666666666666
0 0.8020833333333333 0.5144675925925926 0.08940972222222206 0.13310185185185178
0 0.8667534722222221 0.5862268518518517 0.09722222222222214 0.1354166666666666
0 0.75 0.689236111111111 0.10850694444444438 0.12615740740740738
0 0.9522569444444444 0.5925925925925927 0.08420138888888892 0.13888888888888887
0 0.954296875 0.755926029265873 0.08828125 0.12296316964285729
0 0.30292085427135673 0.3716499162479062 0.29271356783919594 0.3821189279731993 0.2832914572864321 0.400963149078727 0.28015075376884424 0.41352596314907875 0.28015075376884424 0.4271356783919598 0.28250628140703515 0.4438860971524288 0.28957286432160795 0.4543551088777219 0.3044912060301507 0.4585427135678392 0.3131281407035176 0.4585427135678392 0.32490577889447236 0.4585427135678392 0.3366834170854271 0.4564489112227806 0.3468907035175879 0.451214405360134 0.3570979899497487 0.44597989949748745 0.3578831658291457 0.4355108877721943 0.3570979899497487 0.42190117252931325 0.3476758793969849 0.4082914572864322 0.3366834170854271 0.39677554438860974 0.3288316582914573 0.38630653266331655 0.31940954773869346 0.3747906197654941
0 0.27151381909547734 0.4909966499162479 0.26287688442211055 0.49413735343383586 0.25423994974874364 0.5067001675041876 0.24795854271356782 0.5276381909547738 0.24952889447236176 0.5496231155778895 0.25581030150753764 0.5653266331658292 0.26523241206030146 0.5757956448911223 0.27229899497487436 0.5883584589614741 0.28015075376884424 0.5988274706867672 0.290358040201005 0.6019681742043551 0.29820979899497485 0.5988274706867672 0.30841708542713564 0.5789363484087102 0.31391331658291455 0.5653266331658292 0.31783919597989946 0.5485762144053601 0.31940954773869346 0.5307788944723618 0.3170540201005025 0.5182160804020101 0.30684673366834164 0.5067001675041876 0.29820979899497485 0.5140284757118928 0.28250628140703515 0.5224036850921273 0.27543969849246225 0.5129815745393634
0 0.20320351758793964 0.6438442211055276 0.1945665829145728 0.6564070351758794 0.1945665829145728 0.672110552763819 0.2008479899497487 0.6972361809045226 0.2024183417085427 0.7129396984924623 0.20712939698492455 0.728643216080402 0.21498115577889446 0.73178391959799 0.22911432160804016 0.7234087102177554 0.2416771356783919 0.7150335008375209 0.25581030150753764 0.7077051926298157 0.26444723618090443 0.6961892797319933 0.25659547738693467 0.6888609715242882 0.2424623115577889 0.6825795644891122 0.22675879396984921 0.6930485762144053 0.21969221105527637 0.6899078726968174 0.21419597989949746 0.6815326633165829 0.21969221105527637 0.6595477386934673
0 0.4536746231155779 0.4721524288107203 0.4395414572864321 0.5067001675041876 0.43326005025125625 0.5203098827470687 0.4576005025125628 0.5632328308207705 0.47251884422110546 0.5569514237855947 0.4905778894472362 0.5464824120603015 0.503925879396985 0.5349664991624791 0.5117776381909548 0.5192629815745394 0.496859296482412 0.5140284757118928 0.4874371859296482 0.5056532663316583 0.47958542713567837 0.4899497487437186 0.4733040201005025 0.4836683417085427
0 0.4874371859296482 0.5569514237855947 0.46859296482412055 0.5642797319932998 0.46309673366834164 0.5946398659966499 0.45838567839195976 0.6187185929648241 0.45288944723618085 0.6459380234505863 0.45995603015075376 0.6637353433835845 0.4850816582914573 0.6626884422110553 0.5117776381909548 0.6522194304857621 0.5290515075376885 0.6438442211055276 0.5282663316582914 0.6197654941373535 0.5235552763819096 0.5988274706867672 0.5172738693467337 0.5789363484087102 0.5047110552763818 0.5621859296482412
0 0.5895100502512562 0.5443886097152429 0.5667399497487436 0.5747487437185929 0.5659547738693467 0.605108877721943 0.5808731155778895 0.6302345058626465 0.6005025125628141 0.6501256281407035 0.6154208542713567 0.6553601340033501 0.6271984924623115 0.6564070351758794 0.6311243718592965 0.6396566164154104 0.6429020100502513 0.6092964824120604 0.6429020100502513 0.5768425460636516 0.6397613065326633 0.5538107202680067 0.6256281407035176 0.5443886097152429 0.6075690954773869 0.5391541038525963
0 0.6986494974874372 0.5705611390284757 0.6923680904522612 0.591499162479062 0.7017902010050252 0.6176716917922948 0.7214195979899497 0.6438442211055276 0.7481155778894472 0.6679229480737019 0.7630339195979898 0.6752512562814071 0.7740263819095476 0.6616415410385259 0.7787374371859297 0.6375628140703518 0.7850188442211055 0.6061557788944724 0.7905150753768844 0.5799832495812396 0.7905150753768844 0.5684673366834171 0.7708856783919599 0.5642797319932998 0.7630339195979898 0.5663735343383585 0.7528266331658291 0.5726549413735343 0.7363379396984925 0.5632328308207705 0.7229899497487438 0.5684673366834171
0 0.70571608040201 0.6857202680067002 0.7174937185929648 0.7097989949748744 0.7331972361809045 0.7370184254606366 0.7481155778894472 0.7495812395309882 0.759108040201005 0.7537688442211056 0.7724560301507537 0.7401591289782244 0.7842336683417084 0.7380653266331658 0.7936557788944724 0.7192211055276382 0.7975816582914572 0.7056113902847571 0.7967964824120604 0.6825795644891122 0.7936557788944724 0.6710636515912898 0.7858040201005025 0.658500837520938 0.7724560301507537 0.6689698492462312 0.7661746231155778 0.6762981574539364 0.7520414572864322 0.6815326633165829 0.7481155778894472 0.7024706867671692 0.7292713567839195 0.6961892797319933 0.7174937185929648 0.6815326633165829
0 0.7771670854271356 0.46587102177554435 0.7606783919597989 0.4763400335008375 0.759108040201005 0.501465661641541 0.7638190954773869 0.5391541038525963 0.7755967336683417 0.5506700167504187 0.7952261306532662 0.557998324958124 0.8022927135678393 0.5684673366834171 0.810929648241206 0.5621859296482412 0.8211369346733669 0.5485762144053601 0.8391959798994975 0.5349664991624791 0.8391959798994975 0.5244974874371859 0.8289886934673367 0.5067001675041876 0.8219221105527638 0.4930904522613065 0.8117148241206029 0.48262144053601336 0.7967964824120604 0.4742462311557789
0 0.8556846733668341 0.5402010050251256 0.8391959798994975 0.5443886097152429 0.8313442211055276 0.5517169179229481 0.8234924623115578 0.5820770519262981 0.8203517587939698 0.6082495812395311 0.8203517587939698 0.6239530988274707 0.8289886934673367 0.6396566164154104 0.8399811557788943 0.6427973199329984 0.8588253768844221 0.6344221105527639 0.8721733668341708 0.6323283082077052 0.8894472361809045 0.625 0.9090766331658291 0.611390284757119 0.9106469849246231 0.5873115577889447 0.9012248743718592 0.5674204355108878 0.8863065326633166 0.5559045226130653 0.8721733668341708 0.5433417085427136
0 0.9373429648241206 0.5485762144053601 0.9161432160804021 0.5517169179229481 0.9232097989949748 0.5737018425460636 0.9239949748743719 0.591499162479062 0.914572864321608 0.6030150753768844 0.9255653266331658 0.6229061976549414 0.9491206030150753 0.6375628140703518 0.9695351758793971 0.6522194304857621 0.9836683417085427 0.6501256281407035 0.9860238693467336 0.6229061976549414 0.9907349246231156 0.5925460636515912 0.9923052763819096 0.5674204355108878 0.9852386934673367 0.5569514237855947 0.9734610552763818 0.5464824120603015 0.9608982412060302 0.5600921273031826 0.9491206030150753 0.5548576214405361
0 0.9192839195979898 0.7275963149078727 0.9271356783919599 0.7453936348408711 0.9444095477386935 0.7715661641541038 0.9608982412060302 0.7904103852596315 0.9836683417085427 0.8092546063651592 0.9970163316582914 0.8176298157453936 0.9984375 0.7636254187604705 0.9954459798994975 0.7412060301507537 0.9742462311557789 0.7275963149078727 0.9506909547738693 0.7150335008375209 0.9365577889447236 0.728643216080402