0 0.08539244186046512 0.2562984496124031 0.10319767441860465 0.1327519379844961
0 0.03633720930232559 0.3614341085271318 0.07194767441860465 0.13953488372093023
0 0.2503633720930233 0.43023255813953487 0.09302325581395347 0.13759689922480625
0 0.2503633720930233 0.34011627906976744 0.08866279069767442 0.13953488372093023
0 0.37899709302325585 0.40649224806201556 0.07848837209302326 0.1366279069767442
0 0.5007267441860466 0.3783914728682171 0.0879360465116279 0.15019379844961242
0 0.5734011627906976 0.34738372093023256 0.07340116279069768 0.1443798449612403
0 0.5228924418604651 0.5053294573643411 0.09593023255813957 0.14050387596899222
0 0.6402616279069768 0.3987403100775194 0.08357558139534885 0.14437984496124034
0 0.7169331395348838 0.40988372093023256 0.07267441860465115 0.13565891472868216
0 0.784156976744186 0.30717054263565896 0.10247093023255802 0.13565891472868216
0 0.798328488372093 0.47189922480620156 0.09156976744186034 0.12403100775193797
0 0.7554505813953488 0.5954457364341085 0.0901162790697673 0.126937984496124
0 0.8615552325581394 0.4069767441860465 0.07848837209302335 0.1279069767441861
0 0.9422238372093024 0.43459302325581395 0.08139534883720927 0.13275193798449614
0 0.9608829941860465 0.5873304263565892 0.07510901162790695 0.1378391472868217
0 0.0375 0.25 0.0375 0.25416666666666665 0.0359375 0.25625 0.0359375 0.26666666666666666 0.034375 0.26875 0.034375 0.27708333333333335 0.0359375 0.2791666666666667 0.0359375 0.28125 0.0375 0.2833333333333333 0.0375 0.28541666666666665 0.0390625 0.2875 0.0390625 0.28958333333333336 0.0515625 0.30625 0.053125 0.30625 0.05625 0.3104166666666667 0.0578125 0.3104166666666667 0.0609375 0.3145833333333333 0.0625 0.3145833333333333 0.065625 0.31875 0.06875 0.31875 0.0703125 0.32083333333333336 0.078125 0.32083333333333336 0.0796875 0.3229166666666667 0.084375 0.3229166666666667 0.0859375 0.32083333333333336 0.09375 0.32083333333333336 0.0953125 0.31875 0.1 0.31875 0.1015625 0.31666666666666665 0.103125 0.31666666666666665 0.1046875 0.3145833333333333 0.1109375 0.3145833333333333 0.1125 0.3125 0.1140625 0.3125 0.115625 0.3104166666666667 0.121875 0.3104166666666667 0.1234375 0.30833333333333335 0.128125 0.30833333333333335 0.1296875 0.30625 0.13125 0.30625 0.134375 0.3020833333333333 0.134375 0.3 0.1359375 0.29791666666666666 0.1359375 0.2875 0.134375 0.28541666666666665 0.134375 0.2833333333333333 0.1328125 0.28125 0.1328125 0.2791666666666667 0.1265625 0.2708333333333333 0.1265625 0.26875 0.121875 0.2625 0.121875 0.2604166666666667 0.1140625 0.25 0.1140625 0.24791666666666667 0.10625 0.2375 0.10625 0.23541666666666666 0.103125 0.23125 0.1015625 0.23125 0.096875 0.225 0.0953125 0.225 0.09375 0.22291666666666668 0.090625 0.22291666666666668 0.0890625 0.22083333333333333 0.0859375 0.22083333333333333 0.084375 0.21875 0.078125 0.21875 0.0765625 0.21666666666666667 0.071875 0.21666666666666667 0.0703125 0.21875 0.065625 0.21875 0.0640625 0.22083333333333333 0.0609375 0.22083333333333333 0.059375 0.22291666666666668 0.0578125 0.22291666666666668 0.046875 0.2375 0.0453125 0.2375 0.0390625 0.24583333333333332 0.0390625 0.24791666666666667
0 0 0.30625 0 0.4083333333333333 0.003125 0.4125 0.003125 0.4166666666666667 0.0078125 0.42291666666666666 0.009375 0.42291666666666666 0.0125 0.4270833333333333 0.0140625 0.4270833333333333 0.015625 0.42916666666666664 0.0171875 0.42916666666666664 0.01875 0.43125 0.0234375 0.43125 0.025 0.42916666666666664 0.028125 0.42916666666666664 0.03125 0.425 0.0328125 0.425 0.034375 0.42291666666666666 0.0359375 0.42291666666666666 0.040625 0.4166666666666667 0.0421875 0.4166666666666667 0.0453125 0.4125 0.046875 0.4125 0.0515625 0.40625 0.053125 0.40625 0.0703125 0.38333333333333336 0.0703125 0.38125 0.0734375 0.3770833333333333 0.0734375 0.375 0.075 0.3729166666666667 0.075 0.36875 0.0765625 0.36666666666666664 0.0765625 0.3625 0.075 0.36041666666666666 0.075 0.3541666666666667 0.0734375 0.35208333333333336 0.0734375 0.3458333333333333 0.071875 0.34375 0.071875 0.3416666666666667 0.0703125 0.33958333333333335 0.0703125 0.3375 0.06875 0.33541666666666664 0.0671875 0.33541666666666664 0.0625 0.32916666666666666 0.0609375 0.32916666666666666 0.0578125 0.325 0.05625 0.325 0.0546875 0.3229166666666667 0.046875 0.3229166666666667 0.0453125 0.325 0.0375 0.325 0.0359375 0.32708333333333334 0.025 0.32708333333333334 0.0234375 0.325 0.0203125 0.325 0.01875 0.3229166666666667 0.0171875 0.3229166666666667 0.0140625 0.31875 0.0140625 0.31666666666666665 0.0109375 0.3125 0.0109375 0.30833333333333335 0.00625 0.30833333333333335 0.0046875 0.30625
0 0.2359375 0.29791666666666666 0.234375 0.29791666666666666 0.2328125 0.3 0.2296875 0.3 0.228125 0.3020833333333333 0.2265625 0.3020833333333333 0.2234375 0.30625 0.2234375 0.30833333333333335 0.2171875 0.31666666666666665 0.215625 0.31666666666666665 0.215625 0.31875 0.2140625 0.32083333333333336 0.2140625 0.325 0.2125 0.32708333333333334 0.2125 0.3458333333333333 0.2109375 0.34791666666666665 0.2109375 0.35625 0.209375 0.35833333333333334 0.209375 0.375 0.2109375 0.3770833333333333 0.2109375 0.37916666666666665 0.2125 0.38125 0.2125 0.38333333333333336 0.2140625 0.3854166666666667 0.2140625 0.38958333333333334 0.215625 0.39166666666666666 0.215625 0.3958333333333333 0.2203125 0.40208333333333335 0.221875 0.40208333333333335 0.225 0.40625 0.2265625 0.40625 0.2265625 0.4041666666666667 0.23125 0.39791666666666664 0.2328125 0.39791666666666664 0.2390625 0.38958333333333334 0.240625 0.38958333333333334 0.2453125 0.38333333333333336 0.2453125 0.38125 0.246875 0.37916666666666665 0.246875 0.3770833333333333 0.25 0.3729166666666667 0.2578125 0.3729166666666667 0.259375 0.37083333333333335 0.2609375 0.37083333333333335 0.2625 0.36875 0.2625 0.36041666666666666 0.2640625 0.35833333333333334 0.2671875 0.3625 0.2671875 0.36875 0.26875 0.37083333333333335 0.2703125 0.37083333333333335 0.2734375 0.375 0.28125 0.375 0.2859375 0.36875 0.2859375 0.36666666666666664 0.2875 0.3645833333333333 0.2875 0.3625 0.290625 0.35833333333333334 0.290625 0.3541666666666667 0.2875 0.35 0.2859375 0.35 0.284375 0.34791666666666665 0.2828125 0.34791666666666665 0.28125 0.3458333333333333 0.2796875 0.3458333333333333 0.278125 0.34375 0.2765625 0.34375 0.275 0.3416666666666667 0.2734375 0.3416666666666667 0.26875 0.33541666666666664 0.2671875 0.33541666666666664 0.2625 0.32916666666666666 0.2609375 0.32916666666666666 0.259375 0.32708333333333334 0.2578125 0.32708333333333334 0.2515625 0.31875 0.2515625 0.31666666666666665 0.246875 0.3104166666666667 0.246875 0.30833333333333335 0.2421875 0.3020833333333333 0.240625 0.3020833333333333 0.2390625 0.3 0.2375 0.3
0 0.275 0.38958333333333334 0.2734375 0.38958333333333334 0.271875 0.3875 0.2703125 0.3875 0.26875 0.3854166666666667 0.2640625 0.3854166666666667 0.2625 0.38333333333333336 0.2578125 0.38333333333333336 0.25625 0.3854166666666667 0.246875 0.3854166666666667 0.2421875 0.39166666666666666 0.240625 0.39166666666666666 0.2375 0.3958333333333333 0.2359375 0.3958333333333333 0.234375 0.39791666666666664 0.234375 0.4 0.228125 0.4083333333333333 0.2265625 0.4083333333333333 0.225 0.41041666666666665 0.225 0.4125 0.2234375 0.41458333333333336 0.2234375 0.4166666666666667 0.221875 0.41875 0.221875 0.42083333333333334 0.2203125 0.42291666666666666 0.2203125 0.425 0.21875 0.4270833333333333 0.21875 0.42916666666666664 0.2171875 0.43125 0.2171875 0.43333333333333335 0.215625 0.4354166666666667 0.215625 0.4375 0.2125 0.44166666666666665 0.2125 0.44375 0.2109375 0.44583333333333336 0.2109375 0.4479166666666667 0.209375 0.45 0.209375 0.45208333333333334 0.20625 0.45625 0.20625 0.4583333333333333 0.203125 0.4625 0.203125 0.46458333333333335 0.2015625 0.4666666666666667 0.2015625 0.47708333333333336 0.203125 0.4791666666666667 0.203125 0.48125 0.209375 0.4895833333333333 0.2125 0.4895833333333333 0.2140625 0.49166666666666664 0.2171875 0.49166666666666664 0.21875 0.49375 0.2234375 0.49375 0.225 0.49166666666666664 0.2328125 0.49166666666666664 0.234375 0.49375 0.25 0.49375 0.2515625 0.49166666666666664 0.275 0.49166666666666664 0.2765625 0.4895833333333333 0.2796875 0.4895833333333333 0.28125 0.4875 0.2828125 0.4875 0.284375 0.48541666666666666 0.2859375 0.48541666666666666 0.290625 0.4791666666666667 0.290625 0.47708333333333336 0.2953125 0.4708333333333333 0.2953125 0.45416666666666666 0.29375 0.45208333333333334 0.29375 0.44375 0.2921875 0.44166666666666665 0.2921875 0.4354166666666667 0.290625 0.43333333333333335 0.290625 0.42916666666666664 0.2890625 0.4270833333333333 0.2890625 0.42291666666666666 0.2875 0.42083333333333334 0.2875 0.41875 0.2859375 0.4166666666666667 0.2859375 0.41458333333333336 0.284375 0.4125 0.284375 0.41041666666666665 0.2828125 0.4083333333333333 0.2828125 0.40625 0.28125 0.4041666666666667 0.28125 0.40208333333333335 0.2796875 0.4 0.2796875 0.39791666666666664 0.278125 0.39791666666666664 0.2765625 0.3958333333333333 0.2765625 0.39375 0.275 0.39166666666666666
0 0.3609375 0.3625 0.359375 0.3645833333333333 0.35625 0.3645833333333333 0.353125 0.36875 0.3515625 0.36875 0.340625 0.38333333333333336 0.340625 0.3854166666666667 0.3390625 0.3875 0.3390625 0.40208333333333335 0.3375 0.4041666666666667 0.3375 0.40625 0.3390625 0.4083333333333333 0.3390625 0.4166666666666667 0.3375 0.41875 0.3375 0.4354166666666667 0.3390625 0.4375 0.3390625 0.44166666666666665 0.340625 0.44375 0.340625 0.44583333333333336 0.34375 0.45 0.34375 0.45208333333333334 0.3453125 0.45416666666666666 0.3453125 0.45625 0.3484375 0.45625 0.3515625 0.46041666666666664 0.353125 0.46041666666666664 0.3546875 0.4625 0.3578125 0.4625 0.359375 0.46458333333333335 0.3609375 0.46458333333333335 0.3625 0.4666666666666667 0.3640625 0.4666666666666667 0.365625 0.46875 0.371875 0.46875 0.3734375 0.4708333333333333 0.384375 0.4708333333333333 0.3859375 0.46875 0.3875 0.46875 0.390625 0.46458333333333335 0.3921875 0.46458333333333335 0.3984375 0.45625 0.4 0.45625 0.4078125 0.44583333333333336 0.409375 0.44583333333333336 0.4109375 0.44375 0.4109375 0.44166666666666665 0.4125 0.4395833333333333 0.4125 0.4375 0.4140625 0.4354166666666667 0.4140625 0.43333333333333335 0.415625 0.43125 0.415625 0.42916666666666664 0.4171875 0.4270833333333333 0.4171875 0.42291666666666666 0.41875 0.42083333333333334 0.41875 0.4083333333333333 0.4171875 0.40625 0.4171875 0.40208333333333335 0.415625 0.4 0.415625 0.3958333333333333 0.4140625 0.39375 0.4140625 0.39166666666666666 0.4125 0.38958333333333334 0.4125 0.3875 0.4109375 0.3854166666666667 0.4109375 0.38333333333333336 0.409375 0.38125 0.409375 0.37916666666666665 0.40625 0.375 0.4046875 0.375 0.403125 0.3729166666666667 0.4015625 0.3729166666666667 0.4 0.37083333333333335 0.396875 0.37083333333333335 0.3953125 0.36875 0.39375 0.36875 0.3921875 0.36666666666666664 0.3890625 0.36666666666666664 0.3875 0.3645833333333333 0.3796875 0.3645833333333333 0.378125 0.3625
0 0.4796875 0.31875 0.478125 0.32083333333333336 0.4765625 0.32083333333333336 0.4765625 0.3229166666666667 0.4734375 0.32708333333333334 0.4703125 0.32708333333333334 0.4640625 0.33541666666666664 0.4640625 0.3375 0.4609375 0.3416666666666667 0.4609375 0.34375 0.459375 0.3458333333333333 0.459375 0.35 0.4578125 0.35208333333333336 0.4578125 0.3541666666666667 0.4546875 0.35833333333333334 0.4546875 0.36041666666666666 0.453125 0.3625 0.453125 0.3770833333333333 0.4546875 0.37916666666666665 0.4546875 0.38125 0.45625 0.38333333333333336 0.45625 0.3854166666666667 0.4546875 0.3875 0.45625 0.38958333333333334 0.45625 0.39375 0.459375 0.39791666666666664 0.459375 0.4 0.4609375 0.40208333333333335 0.4609375 0.4041666666666667 0.46875 0.41458333333333336 0.4703125 0.41458333333333336 0.4765625 0.42291666666666666 0.478125 0.42291666666666666 0.484375 0.43125 0.4859375 0.43125 0.4875 0.43333333333333335 0.4890625 0.43333333333333335 0.490625 0.4354166666666667 0.4921875 0.4354166666666667 0.4953125 0.4395833333333333 0.496875 0.4395833333333333 0.4984375 0.44166666666666665 0.5 0.44166666666666665 0.5046875 0.4479166666666667 0.509375 0.4479166666666667 0.5109375 0.45 0.5171875 0.45 0.51875 0.4479166666666667 0.521875 0.4479166666666667 0.5234375 0.44583333333333336 0.525 0.44583333333333336 0.5296875 0.4395833333333333 0.5296875 0.4375 0.53125 0.4354166666666667 0.53125 0.43333333333333335 0.5328125 0.43125 0.5328125 0.4270833333333333 0.534375 0.425 0.534375 0.4166666666666667 0.5359375 0.41458333333333336 0.5359375 0.4083333333333333 0.5375 0.40625 0.5375 0.3958333333333333 0.5390625 0.39375 0.5390625 0.3416666666666667 0.5359375 0.3375 0.5359375 0.33541666666666664 0.528125 0.325 0.5265625 0.325 0.525 0.3229166666666667 0.5234375 0.3229166666666667 0.521875 0.32083333333333336 0.5078125 0.32083333333333336 0.50625 0.31875 0.503125 0.31875 0.5015625 0.32083333333333336 0.496875 0.32083333333333336 0.4953125 0.31875
0 0.5609375 0.29375 0.5515625 0.29375 0.5484375 0.29791666666666666 0.546875 0.29791666666666666 0.5390625 0.30833333333333335 0.5390625 0.31875 0.5375 0.32083333333333336 0.5375 0.3229166666666667 0.5359375 0.325 0.5359375 0.33125 0.5390625 0.33541666666666664 0.5390625 0.3375 0.540625 0.33958333333333335 0.540625 0.34791666666666665 0.5390625 0.35 0.5390625 0.3625 0.540625 0.3645833333333333 0.540625 0.39375 0.5421875 0.3958333333333333 0.5421875 0.4 0.54375 0.40208333333333335 0.54375 0.40625 0.5453125 0.4083333333333333 0.5453125 0.41041666666666665 0.5484375 0.41458333333333336 0.55 0.41458333333333336 0.5515625 0.4166666666666667 0.55625 0.4166666666666667 0.5578125 0.41458333333333336 0.559375 0.41458333333333336 0.5609375 0.4125 0.5625 0.4125 0.5640625 0.41041666666666665 0.565625 0.41041666666666665 0.5703125 0.4041666666666667 0.571875 0.4041666666666667 0.5828125 0.38958333333333334 0.584375 0.38958333333333334 0.5953125 0.375 0.596875 0.375 0.5984375 0.3729166666666667 0.5984375 0.37083333333333335 0.603125 0.3645833333333333 0.603125 0.3625 0.6046875 0.36041666666666666 0.6046875 0.35833333333333334 0.6078125 0.3541666666666667 0.6078125 0.33541666666666664 0.6046875 0.33125 0.6046875 0.32916666666666666 0.5984375 0.32083333333333336 0.596875 0.32083333333333336 0.5953125 0.31875 0.59375 0.31875 0.590625 0.3145833333333333 0.5890625 0.3145833333333333 0.5796875 0.3020833333333333 0.5765625 0.3020833333333333 0.575 0.3 0.571875 0.3 0.5703125 0.29791666666666666 0.56875 0.29791666666666666 0.5671875 0.29583333333333334 0.5625 0.29583333333333334
0 0.6203125 0.36041666666666666 0.61875 0.3625 0.6171875 0.3625 0.60625 0.3770833333333333 0.60625 0.37916666666666665 0.6046875 0.38125 0.6046875 0.38333333333333336 0.6015625 0.3875 0.6015625 0.39166666666666666 0.6 0.39375 0.6 0.42083333333333334 0.5984375 0.42291666666666666 0.5984375 0.43125 0.5953125 0.4354166666666667 0.5953125 0.45 0.596875 0.45208333333333334 0.596875 0.45416666666666666 0.6 0.4583333333333333 0.6 0.46041666666666664 0.6015625 0.46041666666666664 0.603125 0.4625 0.6046875 0.4625 0.60625 0.46458333333333335 0.61875 0.46458333333333335 0.6203125 0.4625 0.625 0.4625 0.6265625 0.46041666666666664 0.6453125 0.46041666666666664 0.646875 0.4583333333333333 0.6515625 0.4583333333333333 0.653125 0.45625 0.6546875 0.45625 0.6609375 0.4479166666666667 0.6625 0.4479166666666667 0.6671875 0.44166666666666665 0.66875 0.44166666666666665 0.6734375 0.4354166666666667 0.6734375 0.43333333333333335 0.6765625 0.42916666666666664 0.6765625 0.425 0.678125 0.42291666666666666 0.678125 0.42083333333333334 0.6796875 0.41875 0.6796875 0.41458333333333336 0.678125 0.4125 0.678125 0.4083333333333333 0.675 0.4041666666666667 0.675 0.40208333333333335 0.6734375 0.4 0.6734375 0.39791666666666664 0.671875 0.3958333333333333 0.671875 0.39375 0.6703125 0.39166666666666666 0.6703125 0.38958333333333334 0.6671875 0.3854166666666667 0.6671875 0.38125 0.6578125 0.36875 0.65625 0.36875 0.6546875 0.36666666666666664 0.653125 0.36666666666666664 0.6515625 0.3645833333333333 0.646875 0.3645833333333333 0.6453125 0.3625 0.6375 0.3625 0.6359375 0.36041666666666666
0 0.5359375 0.44583333333333336 0.53125 0.44583333333333336 0.5296875 0.4479166666666667 0.528125 0.4479166666666667 0.5265625 0.45 0.525 0.45 0.5234375 0.45208333333333334 0.521875 0.45208333333333334 0.5203125 0.45416666666666666 0.5171875 0.45416666666666666 0.515625 0.45625 0.5125 0.45625 0.5078125 0.4625 0.50625 0.4625 0.5015625 0.46875 0.5 0.46875 0.496875 0.47291666666666665 0.4953125 0.47291666666666665 0.4890625 0.48125 0.4890625 0.48333333333333334 0.4875 0.48541666666666666 0.4875 0.4875 0.484375 0.49166666666666664 0.484375 0.49375 0.48125 0.4979166666666667 0.48125 0.5041666666666667 0.4796875 0.50625 0.4796875 0.5104166666666666 0.48125 0.5125 0.48125 0.5166666666666667 0.4828125 0.51875 0.4828125 0.5229166666666667 0.4875 0.5291666666666667 0.4875 0.53125 0.4921875 0.5375 0.4921875 0.5395833333333333 0.4953125 0.54375 0.4953125 0.5458333333333333 0.4984375 0.55 0.5 0.55 0.5015625 0.5520833333333334 0.5015625 0.5541666666666667 0.50625 0.5604166666666667 0.5078125 0.5604166666666667 0.509375 0.5625 0.5109375 0.5625 0.5125 0.5645833333333333 0.5140625 0.5645833333333333 0.5171875 0.56875 0.51875 0.56875 0.5203125 0.5708333333333333 0.521875 0.5708333333333333 0.5234375 0.5729166666666666 0.5265625 0.5729166666666666 0.528125 0.575 0.5328125 0.575 0.534375 0.5729166666666666 0.5375 0.5729166666666666 0.5390625 0.5708333333333333 0.540625 0.5708333333333333 0.546875 0.5625 0.5484375 0.5625 0.5515625 0.5583333333333333 0.553125 0.5583333333333333 0.5546875 0.55625 0.55625 0.55625 0.5640625 0.5458333333333333 0.5640625 0.54375 0.565625 0.5416666666666666 0.565625 0.5395833333333333 0.5671875 0.5375 0.5671875 0.53125 0.56875 0.5291666666666667 0.56875 0.5020833333333333 0.5671875 0.5 0.5671875 0.49166666666666664 0.565625 0.4895833333333333 0.565625 0.48125 0.5640625 0.4791666666666667 0.5640625 0.475 0.5625 0.47291666666666665 0.5625 0.4708333333333333 0.559375 0.4666666666666667 0.559375 0.46458333333333335 0.5578125 0.4625 0.55625 0.4625 0.55 0.45416666666666666 0.546875 0.45416666666666666 0.5453125 0.45208333333333334 0.54375 0.45208333333333334 0.5421875 0.45 0.540625 0.45 0.5390625 0.4479166666666667 0.5375 0.4479166666666667
0 0.6984375 0.37083333333333335 0.6953125 0.375 0.69375 0.375 0.6890625 0.38125 0.6890625 0.3875 0.690625 0.38958333333333334 0.6921875 0.38958333333333334 0.6953125 0.39375 0.6953125 0.39791666666666664 0.69375 0.4 0.6859375 0.4 0.6859375 0.4083333333333333 0.6875 0.41041666666666665 0.6875 0.41875 0.6859375 0.42083333333333334 0.6859375 0.42291666666666666 0.684375 0.425 0.684375 0.43125 0.6859375 0.43333333333333335 0.6859375 0.4375 0.6875 0.4395833333333333 0.6875 0.44166666666666665 0.6890625 0.44375 0.690625 0.44375 0.69375 0.4479166666666667 0.6953125 0.4479166666666667 0.6984375 0.45208333333333334 0.7 0.45208333333333334 0.703125 0.45625 0.703125 0.4583333333333333 0.7046875 0.4583333333333333 0.7078125 0.4625 0.7109375 0.4625 0.7125 0.46458333333333335 0.7140625 0.46458333333333335 0.715625 0.4666666666666667 0.71875 0.4666666666666667 0.7203125 0.46875 0.7234375 0.46875 0.725 0.4708333333333333 0.7265625 0.4708333333333333 0.728125 0.47291666666666665 0.7296875 0.47291666666666665 0.73125 0.475 0.740625 0.475 0.7421875 0.47291666666666665 0.74375 0.47291666666666665 0.7453125 0.4708333333333333 0.7453125 0.46875 0.7484375 0.46458333333333335 0.7484375 0.44166666666666665 0.746875 0.4395833333333333 0.746875 0.43333333333333335 0.7484375 0.43125 0.7484375 0.42291666666666666 0.75 0.42083333333333334 0.75 0.4166666666666667 0.7515625 0.41458333333333336 0.7515625 0.39791666666666664 0.75 0.3958333333333333 0.75 0.39166666666666666 0.746875 0.3875 0.746875 0.3854166666666667 0.74375 0.38125 0.7421875 0.38125 0.7375 0.375 0.7359375 0.375 0.734375 0.3729166666666667 0.73125 0.3729166666666667 0.7296875 0.37083333333333335 0.728125 0.37083333333333335 0.7265625 0.36875 0.7234375 0.36875 0.721875 0.36666666666666664 0.70625 0.36666666666666664 0.7046875 0.36875 0.7015625 0.36875 0.7 0.37083333333333335
0 0.74375 0.2833333333333333 0.74375 0.28541666666666665 0.7421875 0.2875 0.7421875 0.28958333333333336 0.740625 0.2916666666666667 0.740625 0.29375 0.7390625 0.29583333333333334 0.7390625 0.29791666666666666 0.7375 0.3 0.7375 0.30416666666666664 0.7359375 0.30625 0.7359375 0.3125 0.734375 0.3145833333333333 0.734375 0.33958333333333335 0.7359375 0.3416666666666667 0.7359375 0.34375 0.7375 0.34375 0.7390625 0.3458333333333333 0.7390625 0.35 0.740625 0.35208333333333336 0.740625 0.35625 0.746875 0.3645833333333333 0.7484375 0.3645833333333333 0.75 0.36666666666666664 0.753125 0.36666666666666664 0.7546875 0.36875 0.7828125 0.36875 0.784375 0.36666666666666664 0.7875 0.36666666666666664 0.7890625 0.3645833333333333 0.79375 0.3645833333333333 0.7953125 0.3625 0.7984375 0.3625 0.8 0.36041666666666666 0.8109375 0.36041666666666666 0.8125 0.35833333333333334 0.8171875 0.35833333333333334 0.81875 0.35625 0.8203125 0.35625 0.821875 0.3541666666666667 0.8234375 0.3541666666666667 0.825 0.35208333333333336 0.8265625 0.35208333333333336 0.8296875 0.34791666666666665 0.8296875 0.3458333333333333 0.83125 0.34375 0.83125 0.32708333333333334 0.8296875 0.325 0.8296875 0.32083333333333336 0.828125 0.31875 0.828125 0.31666666666666665 0.8203125 0.30625 0.8203125 0.3020833333333333 0.81875 0.3 0.81875 0.29791666666666666 0.8171875 0.29583333333333334 0.8171875 0.29375 0.809375 0.2833333333333333 0.809375 0.28125 0.8 0.26875 0.7984375 0.26875 0.79375 0.2625 0.790625 0.2625 0.7890625 0.2604166666666667 0.7828125 0.2604166666666667 0.78125 0.25833333333333336 0.7765625 0.25833333333333336 0.775 0.2604166666666667 0.76875 0.2604166666666667 0.7671875 0.2625 0.765625 0.2625 0.7640625 0.26458333333333334 0.7625 0.26458333333333334 0.7609375 0.26666666666666666 0.759375 0.26666666666666666 0.7578125 0.26875 0.75625 0.26875 0.746875 0.28125 0.7453125 0.28125
0 0.7984375 0.42083333333333334 0.79375 0.4270833333333333 0.7921875 0.4270833333333333 0.790625 0.42916666666666664 0.790625 0.43125 0.7828125 0.44166666666666665 0.78125 0.44166666666666665 0.7796875 0.44375 0.7765625 0.44375 0.771875 0.45 0.771875 0.45208333333333334 0.7703125 0.45416666666666666 0.7703125 0.4583333333333333 0.7671875 0.4625 0.7671875 0.46458333333333335 0.7578125 0.47708333333333336 0.7578125 0.4791666666666667 0.75625 0.48125 0.75625 0.48541666666666666 0.7546875 0.4875 0.7546875 0.5 0.7625 0.5104166666666666 0.7625 0.5125 0.7640625 0.5125 0.765625 0.5145833333333333 0.7671875 0.5145833333333333 0.76875 0.5166666666666667 0.7703125 0.5166666666666667 0.771875 0.51875 0.775 0.51875 0.7765625 0.5208333333333334 0.7875 0.5208333333333334 0.7890625 0.5229166666666667 0.8 0.5229166666666667 0.8015625 0.525 0.8046875 0.525 0.80625 0.5270833333333333 0.809375 0.5270833333333333 0.8109375 0.5291666666666667 0.815625 0.5291666666666667 0.8171875 0.53125 0.834375 0.53125 0.8375 0.5270833333333333 0.8390625 0.5270833333333333 0.840625 0.525 0.840625 0.5229166666666667 0.8421875 0.5208333333333334 0.8421875 0.4979166666666667 0.8390625 0.49375 0.8390625 0.49166666666666664 0.8375 0.4895833333333333 0.8375 0.4875 0.8359375 0.48541666666666666 0.8359375 0.48125 0.834375 0.4791666666666667 0.834375 0.4666666666666667 0.8328125 0.46458333333333335 0.8328125 0.4625 0.83125 0.46041666666666664 0.83125 0.45625 0.8296875 0.45416666666666666 0.8296875 0.45208333333333334 0.828125 0.45 0.828125 0.4479166666666667 0.8265625 0.44583333333333336 0.8265625 0.44375 0.825 0.44166666666666665 0.825 0.4395833333333333 0.8171875 0.42916666666666664 0.815625 0.42916666666666664 0.8125 0.425 0.8078125 0.425 0.80625 0.42291666666666666 0.803125 0.42291666666666666 0.8015625 0.42083333333333334
0 0.7203125 0.56875 0.7203125 0.5708333333333333 0.71875 0.5729166666666666 0.71875 0.5770833333333333 0.7171875 0.5791666666666667 0.7171875 0.58125 0.715625 0.5833333333333334 0.715625 0.6041666666666666 0.7171875 0.60625 0.7171875 0.6104166666666667 0.71875 0.6125 0.71875 0.6145833333333334 0.721875 0.61875 0.7234375 0.61875 0.7296875 0.6270833333333333 0.73125 0.6270833333333333 0.7328125 0.6291666666666667 0.734375 0.6291666666666667 0.7359375 0.63125 0.7390625 0.63125 0.740625 0.6333333333333333 0.74375 0.6333333333333333 0.7453125 0.6354166666666666 0.746875 0.6354166666666666 0.7484375 0.6375 0.753125 0.6375 0.7546875 0.6395833333333333 0.75625 0.6395833333333333 0.7578125 0.6416666666666667 0.759375 0.6416666666666667 0.7609375 0.64375 0.7640625 0.64375 0.765625 0.6458333333333334 0.76875 0.6458333333333334 0.7703125 0.6479166666666667 0.771875 0.6479166666666667 0.7734375 0.65 0.775 0.65 0.7765625 0.6520833333333333 0.78125 0.6520833333333333 0.7828125 0.6541666666666667 0.790625 0.6541666666666667 0.7921875 0.6520833333333333 0.79375 0.6520833333333333 0.796875 0.6479166666666667 0.796875 0.6458333333333334 0.7984375 0.64375 0.7984375 0.6375 0.8 0.6354166666666666 0.8 0.6270833333333333 0.7984375 0.625 0.7984375 0.6083333333333333 0.796875 0.60625 0.796875 0.5958333333333333 0.7953125 0.59375 0.7953125 0.5708333333333333 0.79375 0.56875 0.79375 0.5625 0.790625 0.5583333333333333 0.790625 0.55625 0.784375 0.5479166666666667 0.7828125 0.5479166666666667 0.78125 0.5458333333333333 0.7796875 0.5458333333333333 0.778125 0.54375 0.7703125 0.54375 0.76875 0.5458333333333333 0.7671875 0.5458333333333333 0.765625 0.5479166666666667 0.7546875 0.5479166666666667 0.753125 0.5458333333333333 0.7453125 0.5458333333333333 0.74375 0.5479166666666667 0.740625 0.5479166666666667 0.7359375 0.5541666666666667 0.734375 0.5541666666666667 0.728125 0.5625 0.7265625 0.5625 0.7234375 0.5666666666666667 0.721875 0.5666666666666667
0 0.884375 0.38125 0.88125 0.38125 0.8796875 0.37916666666666665 0.8765625 0.37916666666666665 0.875 0.3770833333333333 0.86875 0.3770833333333333 0.8671875 0.375 0.8546875 0.375 0.853125 0.3729166666666667 0.8515625 0.375 0.8453125 0.375 0.84375 0.3770833333333333 0.840625 0.3770833333333333 0.8390625 0.37916666666666665 0.8375 0.37916666666666665 0.8359375 0.38125 0.834375 0.38125 0.8328125 0.38333333333333336 0.8328125 0.3854166666666667 0.8296875 0.38958333333333334 0.8296875 0.39166666666666666 0.828125 0.39375 0.828125 0.3958333333333333 0.8265625 0.39791666666666664 0.8265625 0.4041666666666667 0.825 0.40625 0.825 0.41458333333333336 0.8234375 0.4166666666666667 0.8234375 0.43333333333333335 0.825 0.4354166666666667 0.825 0.4375 0.828125 0.44166666666666665 0.828125 0.44375 0.8296875 0.44583333333333336 0.8296875 0.4479166666666667 0.83125 0.45 0.83125 0.45416666666666666 0.8328125 0.45625 0.8328125 0.4583333333333333 0.834375 0.46041666666666664 0.834375 0.4625 0.8375 0.4666666666666667 0.84375 0.4666666666666667 0.8453125 0.46875 0.859375 0.46875 0.8609375 0.4666666666666667 0.8640625 0.4666666666666667 0.865625 0.46458333333333335 0.8671875 0.46458333333333335 0.8703125 0.46041666666666664 0.871875 0.46041666666666664 0.8765625 0.45416666666666666 0.878125 0.45416666666666666 0.890625 0.4375 0.8921875 0.4375 0.89375 0.4354166666666667 0.89375 0.43333333333333335 0.8953125 0.43125 0.8953125 0.42916666666666664 0.896875 0.4270833333333333 0.896875 0.425 0.8984375 0.42291666666666666 0.8984375 0.41875 0.9 0.4166666666666667 0.9 0.40625 0.8953125 0.4 0.8953125 0.39791666666666664 0.8859375 0.3854166666666667 0.8859375 0.38333333333333336
0 0.9671875 0.39791666666666664 0.9625 0.39791666666666664 0.9609375 0.3958333333333333 0.9515625 0.3958333333333333 0.95 0.39791666666666664 0.9484375 0.39791666666666664 0.9390625 0.41041666666666665 0.9375 0.41041666666666665 0.9359375 0.4125 0.934375 0.4125 0.9328125 0.41458333333333336 0.928125 0.41458333333333336 0.9265625 0.4125 0.9171875 0.4125 0.9140625 0.4166666666666667 0.9109375 0.4166666666666667 0.9078125 0.42083333333333334 0.9078125 0.42291666666666666 0.9015625 0.43125 0.9015625 0.44583333333333336 0.903125 0.4479166666666667 0.903125 0.45208333333333334 0.9140625 0.4666666666666667 0.915625 0.4666666666666667 0.9171875 0.46875 0.91875 0.46875 0.9265625 0.4791666666666667 0.928125 0.4791666666666667 0.9296875 0.48125 0.9296875 0.48333333333333334 0.9359375 0.49166666666666664 0.9375 0.49166666666666664 0.9390625 0.49375 0.940625 0.49375 0.9421875 0.49583333333333335 0.9484375 0.49583333333333335 0.95 0.49375 0.9546875 0.49375 0.95625 0.49166666666666664 0.9578125 0.49166666666666664 0.959375 0.4895833333333333 0.9625 0.4895833333333333 0.9640625 0.4875 0.9671875 0.4875 0.96875 0.48541666666666666 0.9703125 0.48541666666666666 0.9703125 0.48333333333333334 0.971875 0.48125 0.971875 0.47708333333333336 0.9734375 0.475 0.9734375 0.46875 0.975 0.4666666666666667 0.975 0.4625 0.9734375 0.46041666666666664 0.9734375 0.4583333333333333 0.971875 0.45625 0.971875 0.45416666666666666 0.9703125 0.45208333333333334 0.9703125 0.4479166666666667 0.9765625 0.4395833333333333 0.9765625 0.4375 0.9796875 0.43333333333333335 0.9796875 0.4166666666666667 0.978125 0.41458333333333336 0.978125 0.4125 0.9734375 0.40625 0.9734375 0.4041666666666667 0.971875 0.40208333333333335 0.9703125 0.40208333333333335
0 0.9328125 0.54375 0.9328125 0.5458333333333333 0.93125 0.5479166666666667 0.93125 0.55 0.9296875 0.5520833333333334 0.9296875 0.5541666666666667 0.9265625 0.5583333333333333 0.9265625 0.5625 0.925 0.5645833333333333 0.925 0.5729166666666666 0.9265625 0.575 0.9265625 0.5833333333333334 0.928125 0.5854166666666667 0.928125 0.5958333333333333 0.9296875 0.5979166666666667 0.9296875 0.6020833333333333 0.93125 0.6041666666666666 0.93125 0.6104166666666667 0.9328125 0.6125 0.9328125 0.6166666666666667 0.934375 0.61875 0.934375 0.6208333333333333 0.9359375 0.6229166666666667 0.9359375 0.625 0.9375 0.6270833333333333 0.9375 0.6291666666666667 0.9421875 0.6354166666666666 0.9421875 0.6375 0.9453125 0.6416666666666667 0.946875 0.6416666666666667 0.95 0.6458333333333334 0.9515625 0.6458333333333334 0.953125 0.6479166666666667 0.95625 0.6479166666666667 0.9578125 0.65 0.965625 0.65 0.9671875 0.6479166666666667 0.9828125 0.6479166666666667 0.984375 0.65 0.9875 0.65 0.9890625 0.6479166666666667 0.9921875 0.6479166666666667 0.996875 0.6416666666666667 0.996875 0.6354166666666666 0.9984375 0.6333333333333333 0.9984375 0.5583333333333333 0.996875 0.55625 0.996875 0.5416666666666666 0.9953125 0.5416666666666666 0.99375 0.5395833333333333 0.9796875 0.5395833333333333 0.978125 0.5416666666666666 0.9765625 0.5416666666666666 0.975 0.54375 0.9734375 0.54375 0.971875 0.5416666666666666 0.9703125 0.5416666666666666 0.9671875 0.5375 0.965625 0.5375 0.9625 0.5416666666666666 0.959375 0.5416666666666666 0.9546875 0.5354166666666667 0.9515625 0.5354166666666667 0.95 0.5375 0.946875 0.5375 0.9453125 0.5395833333333333 0.9375 0.5395833333333333 0.934375 0.54375