0 0.196781015037594 0.32886904761904767 0.10338345864661654 0.10338345864661656
0 0.15918703007518797 0.46710526315789475 0.09868421052631579 0.12922932330827067
0 0.10778900375939848 0.6033834586466166 0.10044642857142858 0.11826441102756888
0 0.36624765037593987 0.43303571428571436 0.08752349624060152 0.11434837092731828
0 0.3794642857142857 0.5305451127819549 0.0869360902255639 0.11356516290726812
0 0.49694548872180455 0.518405388471178 0.08458646616541357 0.12218045112781954
0 0.623531484962406 0.5293703007518797 0.09692199248120303 0.13471177944862156
0 0.6326362781954887 0.6127819548872181 0.09281015037593984 0.11043233082706767
0 0.6840343045112782 0.4428258145363409 0.08752349624060152 0.12296365914786964
0 0.7416000939849623 0.5121397243107769 0.08869830827067667 0.10651629072681695
0 0.8197250939849624 0.5144893483709274 0.07812500000000008 0.11748120300751878
0 0.8267739661654134 0.6629072681704261 0.08399906015037599 0.11356516290726819
0 0.8825775375939848 0.5724467418546367 0.09104793233082713 0.11121553884711784
0 0.8981437969924813 0.41972117794486224 0.10690789473684212 0.11434837092731834
0 0.9524788533834586 0.47611215538847124 0.08987312030075181 0.11278195488721802
0 0.180437306501548 0.28121775025799794 0.17366486068111456 0.28766769865841074 0.16205495356037153 0.2986326109391125 0.1538312693498452 0.31153250773993807 0.14754256965944273 0.3302373581011352 0.14705882352941177 0.34507223942208465 0.15334752321981424 0.35990712074303405 0.1610874613003096 0.3663570691434469 0.1707623839009288 0.37345201238390097 0.1828560371517028 0.37603199174406604 0.19301470588235295 0.3773219814241486 0.20123839009287928 0.3773219814241486 0.2104295665634675 0.37474200206398345 0.2138157894736842 0.3715170278637771 0.22397445820433437 0.3702270381836945 0.2331656346749226 0.3663570691434469 0.24138931888544893 0.3586171310629515 0.24429179566563466 0.3521671826625387 0.2428405572755418 0.34507223942208465 0.2394543343653251 0.3328173374613003 0.2196207430340557 0.30572755417956654 0.21236455108359134 0.29411764705882354 0.20365712074303405 0.2844427244582043 0.19543343653250772 0.2792827657378741 0.18430727554179566 0.27670278637770895
0 0.14560758513931887 0.4115067079463364 0.132062693498452 0.412796697626419 0.12577399380804954 0.41731166150670795 0.11755030959752322 0.4256965944272446 0.11126160990712075 0.4373065015479876 0.11126160990712075 0.44504643962848295 0.11222910216718267 0.4598813209494324 0.12093653250773995 0.47729618163054693 0.12674148606811148 0.48310113519091846 0.13303018575851394 0.48890608875129 0.13980263157894737 0.4953560371517028 0.14947755417956657 0.5076109391124871 0.15528250773993807 0.5172858617131063 0.16205495356037153 0.5230908152734778 0.1707623839009288 0.5243808049535603 0.1780185758513932 0.5218008255933952 0.18575851393188852 0.509545923632611 0.18914473684210525 0.49729102167182665 0.19446594427244582 0.48374613003095973 0.19785216718266255 0.46891124871001033 0.2017221362229102 0.452141382868937 0.20220588235294118 0.43988648090815274 0.2007546439628483 0.43021155830753355 0.19253095975232198 0.42053663570691435 0.18575851393188852 0.4166666666666667 0.18092105263157893 0.4218266253869969 0.16931114551083593 0.4347265221878225 0.1586687306501548 0.44182146542827655 0.14947755417956657 0.4224716202270382
0 0.0648219814241486 0.5714654282765738 0.06337074303405574 0.601780185758514 0.06772445820433437 0.6101651186790505 0.07401315789473685 0.6282249742002064 0.08078560371517028 0.6424148606811145 0.0865905572755418 0.65015479876161 0.09578173374613003 0.6546697626418988 0.10594040247678019 0.6520897832817337 0.11561532507739938 0.6462848297213621 0.12480650154798763 0.6404798761609907 0.13157894736842107 0.6359649122807017 0.13738390092879257 0.629514963880289 0.13980263157894737 0.6230650154798761 0.13496517027863777 0.6172600619195047 0.12287151702786378 0.6133900928792569 0.1165828173374613 0.6108101135190919 0.08852554179566563 0.617905056759546 0.084171826625387 0.6095201238390093 0.08465557275541796 0.5946852425180598 0.08707430340557275 0.5863003095975233 0.08562306501547987 0.5804953560371516 0.0744969040247678 0.576625386996904
0 0.34345975232198145 0.3799019607843137 0.33813854489164086 0.3902218782249742 0.33378482972136225 0.4037667698658411 0.32846362229102166 0.4166666666666667 0.3255611455108359 0.4276315789473684 0.3270123839009288 0.4392414860681114 0.3303986068111455 0.44956140350877194 0.3352360681114551 0.456656346749226 0.33862229102167185 0.4637512899896801 0.3410410216718266 0.4747162022703818 0.3473297213622291 0.4824561403508772 0.3541021671826625 0.4818111455108359 0.3637770897832817 0.4785861713106295 0.37490325077399383 0.4740712074303406 0.3855456656346749 0.46762125902992774 0.39715557275541796 0.456656346749226 0.4039280185758514 0.4444014447884417 0.40489551083591335 0.44117647058823534 0.3952205882352941 0.43795149638802894 0.38651315789473684 0.4315015479876161 0.38409442724458204 0.4295665634674923 0.37925696594427244 0.4263415892672858 0.3734520123839009 0.4179566563467493 0.36958204334365324 0.41215170278637775 0.36474458204334365 0.4050567595459237 0.35990712074303405 0.3998968008255934 0.3570046439628483 0.39538183694530443 0.3541021671826625 0.38957688338493296 0.3492647058823529 0.3844169246646027
0 0.3797407120743034 0.4760061919504644 0.3637770897832817 0.4818111455108359 0.3589396284829721 0.48890608875129 0.35555340557275544 0.4998710010319918 0.3492647058823529 0.5198658410732714 0.3444272445820433 0.5482456140350876 0.34297600619195046 0.557920536635707 0.3410410216718266 0.5656604747162023 0.34345975232198145 0.5734004127966976 0.35023219814241485 0.5785603715170279 0.36232585139318885 0.5811403508771931 0.37780572755417957 0.5817853457172343 0.38893188854489164 0.5785603715170279 0.40005804953560375 0.5753353973168215 0.4107004643962848 0.5701754385964912 0.4189241486068111 0.5611455108359134 0.4203753869969041 0.5527605779153767 0.41989164086687303 0.5405056759545924 0.41360294117647056 0.5243808049535603 0.4097329721362229 0.5140608875128999 0.4039280185758514 0.4985810113519092 0.40054179566563464 0.4882610939112487 0.39715557275541796 0.48374613003095973 0.38989938080495357 0.4779411764705882
0 0.4818111455108359 0.461171310629515 0.4711687306501548 0.47020123839009287 0.4639125386996904 0.48310113519091846 0.46149380804953555 0.49277605779153766 0.46101006191950467 0.5127708978328174 0.4600425696594427 0.5230908152734778 0.46971749226006193 0.5424406604747162 0.4789086687306502 0.5534055727554179 0.48471362229102166 0.5585655314757482 0.49777476780185764 0.5740454076367388 0.5021284829721362 0.5753353973168215 0.5103521671826625 0.5779153766769867 0.5180921052631579 0.565015479876161 0.5243808049535603 0.5450206398348814 0.5316369969040248 0.5250257997936016 0.5335719814241486 0.5024509803921569 0.5326044891640866 0.4818111455108359 0.5209945820433436 0.46891124871001033 0.5050309597523219 0.4637512899896801 0.49438854489164086 0.4605263157894737
0 0.5819465944272446 0.4947110423116615 0.5800116099071208 0.5063209494324046 0.5809791021671826 0.5211558307533539 0.5848490712074303 0.5314757481940144 0.5925890092879257 0.5424406604747162 0.600812693498452 0.5501805985552116 0.6046826625386996 0.5559855521155831 0.6119388544891641 0.5624355005159959 0.6182275541795665 0.5714654282765738 0.6264512383900929 0.5804953560371516 0.6312886996904025 0.5850103199174407 0.6390286377708978 0.5869453044375645 0.6453173374613004 0.5869453044375645 0.6525735294117647 0.5740454076367388 0.6564434984520123 0.557920536635707 0.6574109907120743 0.5482456140350876 0.66031346749226 0.5353457172342622 0.6636996904024768 0.5211558307533539 0.6651509287925697 0.5127708978328174 0.6670859133126935 0.5011609907120743 0.6670859133126935 0.4914860681114551 0.6612809597523219 0.4856811145510836 0.6520897832817337 0.48439112487100106 0.6482198142414861 0.48374613003095973 0.6414473684210527 0.48632610939112486 0.6361261609907121 0.48890608875129 0.625 0.4882610939112487 0.6187113003095975 0.4824561403508772 0.6090363777089783 0.4818111455108359 0.6037151702786379 0.4856811145510836 0.5969427244582043 0.4876160990712074 0.5877515479876161 0.4882610939112487
0 0.5940402476780186 0.6133900928792569 0.5993614551083591 0.6275799793601652 0.6061339009287925 0.6372549019607843 0.6143575851393189 0.6469298245614036 0.6225812693498451 0.6553147574819402 0.6308049535603716 0.6636996904024769 0.6404798761609907 0.6662796697626419 0.65015479876161 0.6636996904024769 0.6554760061919505 0.6559597523219814 0.6593459752321982 0.6533797729618164 0.6651509287925697 0.6514447884416924 0.6699883900928792 0.6398348813209495 0.6724071207430341 0.6288699690402476 0.6743421052631579 0.617905056759546 0.6753095975232198 0.6056501547987616 0.6762770897832817 0.5933952528379773 0.6748258513931888 0.5837203302373581 0.6695046439628484 0.5759803921568628 0.6641834365325077 0.5721104231166151 0.660797213622291 0.5701754385964912 0.6559597523219814 0.5792053663570691 0.6511222910216719 0.5837203302373581 0.6443498452012384 0.5895252837977296 0.6346749226006192 0.597265221878225 0.6312886996904025 0.601780185758514 0.6269349845201239 0.6121001031991745 0.6230650154798762 0.6153250773993808 0.6119388544891641 0.6101651186790505 0.6080688854489165 0.6011351909184727 0.6061339009287925 0.5979102167182663 0.5983939628482972 0.6037151702786379
0 0.6636996904024768 0.38377192982456143 0.6549922600619195 0.38828689370485037 0.6506385448916409 0.39538183694530443 0.6477360681114551 0.4057017543859649 0.648703560371517 0.42892156862745096 0.649187306501548 0.452141382868937 0.6511222910216719 0.4650412796697626 0.6593459752321982 0.47020123839009287 0.6666021671826625 0.47084623323013414 0.672890866873065 0.47342621259029927 0.6743421052631579 0.48116615067079466 0.6685371517027864 0.4882610939112487 0.6680534055727554 0.5011609907120743 0.6840170278637772 0.4895510835913313 0.6869195046439629 0.48503611971104227 0.697078173374613 0.4792311661506708 0.7053018575851393 0.46891124871001033 0.7159442724458204 0.45859133126934987 0.72078173374613 0.452141382868937 0.7227167182662539 0.44633642930856554 0.7202979876160991 0.43666150670794635 0.7106230650154799 0.42827657378740974 0.7062693498452013 0.4218266253869969 0.7038506191950464 0.41731166150670795 0.6985294117647058 0.4102167182662539 0.6936919504643962 0.40312177502579977 0.6859520123839009 0.3960268317853457 0.6777283281733746 0.38957688338493296 0.6685371517027864 0.38570691434468524
0 0.7352941176470588 0.4598813209494324 0.7270704334365325 0.4592363261093911 0.7198142414860681 0.4631062951496388 0.7149767801857585 0.46891124871001033 0.7101393188854489 0.4792311661506708 0.7062693498452013 0.4908410732714138 0.7038506191950464 0.5056759545923633 0.7038506191950464 0.5205108359133127 0.7028831269349844 0.5340557275541795 0.7019156346749227 0.5437306501547988 0.7043343653250773 0.5527605779153767 0.7101393188854489 0.5617905056759546 0.721749226006192 0.5630804953560371 0.7304566563467493 0.5585655314757482 0.7386803405572755 0.5527605779153767 0.7493227554179567 0.5521155830753355 0.7643188854489165 0.5501805985552116 0.7701238390092879 0.5450206398348814 0.7778637770897833 0.534700722394221 0.7827012383900929 0.5237358101135191 0.782217492260062 0.5089009287925697 0.7783475232198143 0.4947110423116615 0.7735100619195047 0.48439112487100106 0.7594814241486068 0.47149122807017546 0.7507739938080495 0.46697626418988647 0.745452786377709 0.46439628482972134
0 0.8141447368421053 0.46568627450980393 0.8015673374613004 0.46697626418988647 0.7938273993808049 0.47084623323013414 0.7885061919504645 0.4766511867905057 0.7909249226006192 0.4953560371517028 0.7947948916408669 0.5037409700722394 0.7957623839009288 0.5069659442724458 0.7918924148606811 0.512125902992776 0.7865712074303406 0.5134158926728586 0.7880224458204335 0.5250257997936016 0.7947948916408669 0.5359907120743034 0.8044698142414861 0.5450206398348814 0.8141447368421053 0.5521155830753355 0.8267221362229102 0.5656604747162023 0.8349458204334365 0.5688854489164086 0.8436532507739939 0.5624355005159959 0.8475232198142415 0.5521155830753355 0.8480069659442725 0.5392156862745098 0.8480069659442725 0.5295407636738906 0.8504256965944272 0.5159958720330237 0.8576818885448917 0.500515995872033 0.8586493808049536 0.49019607843137253 0.853811919504644 0.4818111455108359 0.8470394736842104 0.4740712074303406 0.8426857585139318 0.46826625386996906 0.8383320433436532 0.46568627450980393 0.8363970588235293 0.47084623323013414 0.8305921052631579 0.4740712074303406 0.8243034055727554 0.4747162022703818 0.8194659442724458 0.472781217750258
0 0.8412345201238389 0.576625386996904 0.842202012383901 0.5863003095975233 0.8480069659442725 0.5946852425180598 0.8591331269349846 0.6011351909184727 0.8712267801857585 0.6050051599587203 0.8794504643962849 0.608875128998968 0.8862229102167183 0.6108101135190919 0.8915441176470589 0.6140350877192983 0.8997678018575851 0.6198400412796697 0.9137964396284829 0.625 0.9196013931888546 0.6166150670794633 0.9239551083591332 0.6082301341589267 0.924438854489164 0.5985552115583076 0.9215363777089782 0.5863003095975233 0.9215363777089782 0.5772703818369452 0.9225038699690403 0.5682404540763674 0.9205688854489165 0.5559855521155831 0.9186339009287925 0.5456656346749226 0.9157314241486068 0.5405056759545924 0.9142801857585139 0.5366357069143447 0.9094427244582043 0.5308307533539732 0.9036377708978328 0.5250257997936016 0.90218653250774 0.5321207430340558 0.9007352941176471 0.5392156862745098 0.8925116099071208 0.541795665634675 0.8857391640866872 0.54437564499484 0.8741292569659442 0.5469556243550052 0.864938080495356 0.5495356037151703 0.864454334365325 0.5572755417956656 0.8620356037151703 0.5643704850361198 0.8586493808049536 0.5663054695562436 0.8480069659442725 0.565015479876161 0.84171826625387 0.5688854489164086
0 0.7880224458204335 0.6449948400412797 0.7889899380804953 0.652734778121775 0.7914086687306502 0.6624097007223942 0.8001160990712075 0.6714396284829721 0.8083397832817338 0.6778895768833849 0.8146284829721362 0.6830495356037152 0.8223684210526315 0.6907894736842105 0.829140866873065 0.698529411764706 0.8363970588235293 0.70562435500516 0.8441369969040247 0.7107843137254902 0.8518769349845201 0.7146542827657378 0.8610681114551083 0.7075593395252838 0.8639705882352942 0.6933694530443757 0.864454334365325 0.68046955624355 0.8663893188854489 0.6643446852425181 0.8668730650154799 0.6514447884416924 0.8668730650154799 0.641124871001032 0.8668730650154799 0.6333849329205367 0.8605843653250774 0.6243550051599588 0.8513931888544892 0.6262899896800825 0.8504256965944272 0.6353199174406605 0.8509094427244582 0.6437048503611972 0.8470394736842104 0.6488648090815273 0.8402670278637772 0.6417698658410733 0.83155959752322 0.6346749226006192 0.8238196594427245 0.6308049535603715 0.8189821981424149 0.6308049535603715 0.8117260061919505 0.6346749226006192 0.8044698142414861 0.6385448916408669 0.7952786377708978 0.6398348813209495
0 0.8857391640866872 0.37345201238390097 0.8702592879256965 0.39151186790505677 0.8615518575851393 0.40247678018575855 0.8586493808049536 0.4115067079463364 0.854295665634675 0.4224716202270382 0.8518769349845201 0.42892156862745096 0.8523606811145511 0.4482714138286894 0.8567143962848297 0.45472136222910214 0.8659055727554179 0.46246130030959753 0.8789667182662539 0.46697626418988647 0.8881578947368421 0.46826625386996906 0.9036377708978328 0.47020123839009287 0.9249226006191951 0.4721362229102167 0.9384674922600619 0.47084623323013414 0.9452399380804953 0.46891124871001033 0.9486261609907121 0.45794633642930854 0.950561145510836 0.4456914344685243 0.9491099071207432 0.43343653250773995 0.9471749226006192 0.4224716202270382 0.9433049535603715 0.4115067079463364 0.937983746130031 0.40118679050567596 0.9331462848297214 0.38957688338493296 0.9287925696594428 0.3811919504643963 0.9234713622291022 0.37409700722394224 0.9133126934984521 0.3676470588235294 0.9026702786377709 0.3663570691434469 0.8973490712074303 0.3670020639834881 0.8934791021671826 0.3682920536635707
0 0.9524961300309597 0.43085655314757487 0.9520123839009289 0.44311145510835914 0.9515286377708978 0.45601135190918474 0.9495936532507739 0.46439628482972134 0.9433049535603715 0.47149122807017546 0.9341137770897833 0.47342621259029927 0.9278250773993808 0.4760061919504644 0.9239551083591332 0.47729618163054693 0.9191176470588236 0.47987616099071206 0.9152476780185758 0.4818111455108359 0.9094427244582043 0.49406604747162025 0.9089589783281733 0.5076109391124871 0.9113777089783281 0.5179308565531476 0.9263738390092879 0.5211558307533539 0.9316950464396285 0.5205108359133127 0.937983746130031 0.525670794633643 0.9447561919504643 0.5295407636738906 0.960236068111455 0.5243808049535603 0.9718459752321982 0.5147058823529412 0.9771671826625387 0.5114809081527347 0.9931308049535603 0.49922600619195046 0.9960332817337461 0.4869711042311662 0.9950657894736843 0.4721362229102167 0.9926470588235293 0.46826625386996906 0.9834558823529411 0.46826625386996906 0.9791021671826625 0.46246130030959753 0.9742647058823529 0.45085139318885453 0.9694272445820433 0.44504643962848295 0.9650735294117647 0.4392414860681114 0.9607198142414861 0.4347265221878225