0 0.40978936464088395 0.34116022099447496 0.15711325966850817 0.18531307550644532
0 0.3782803867403315 0.5397099447513812 0.12862569060773485 0.20027624309392275
0 0.32648480662983426 0.706002532228361 0.1458908839779005 0.16695441988950296
0 0.6691988950276243 0.48561233885819527 0.14416436464088403 0.17955801104972385
0 0.6873273480662982 0.6386970534069982 0.1424378453038674 0.14963167587476983
0 0.8232907458563534 0.6300644567219155 0.15366022099447535 0.18301104972375673
0 0.9712102900552486 0.7491942909760589 0.05757941988950286 0.14272559852670336
0 0.40655386740331495 0.30223987108655614 0.39999136740331503 0.31432320441988953 0.391241367403315 0.33765653775322285 0.38186636740331503 0.34890653775322283 0.37405386740331503 0.36973987108655615 0.371866367403315 0.39265653775322285 0.375928867403315 0.40515653775322286 0.38475483425414364 0.42230662983425415 0.40115676795580113 0.42921270718232046 0.4244647790055248 0.4269106813996317 0.4415538674033151 0.4197398710865562 0.4571788674033151 0.4168232044198895 0.47686636740331495 0.4126565377532228 0.48280386740331505 0.3993232044198895 0.482491367403315 0.38348987108655613 0.47453383977900554 0.3578499079189687 0.4555421270718233 0.33367863720073665 0.441241367403315 0.3076565377532228 0.430928867403315 0.30057320441988955 0.41686636740331495 0.30057320441988955
0 0.38240158839779 0.48500000000000015 0.35208908839778996 0.4891666666666668 0.33583908839779 0.49875000000000014 0.32833908839779 0.5125000000000001 0.32708908839779 0.5425000000000001 0.33490158839779 0.5679166666666668 0.35208908839778996 0.5858333333333334 0.36583908839779 0.6050000000000001 0.37802658839778996 0.6208333333333335 0.38771408839779 0.6329166666666668 0.40115676795580113 0.6375460405156538 0.4141056629834255 0.6191298342541437 0.41755870165745856 0.6007136279926335 0.4192852209944752 0.5799953959484347 0.42396408839779004 0.56125 0.4327140883977901 0.5429166666666668 0.4320890883977899 0.5212500000000001 0.42615158839779 0.5025000000000001 0.41740158839778996 0.4925000000000001 0.41802658839778994 0.5045833333333334 0.4086515883977899 0.5191666666666668 0.40490158839778995 0.5304166666666668 0.3961515883977899 0.5312500000000001 0.38646408839779 0.5158333333333334 0.38177658839779005 0.49750000000000016
0 0.29076484806629843 0.6830570902394107 0.27513984806629843 0.6738904235727442 0.27170234806629845 0.6801404235727442 0.27170234806629845 0.6884737569060775 0.26170234806629844 0.7034737569060775 0.2623273480662984 0.7280570902394108 0.27232734806629844 0.758890423572744 0.2807648480662984 0.7847237569060774 0.2945148480662984 0.7905570902394108 0.31138984806629844 0.7818070902394108 0.3254523480662984 0.7738904235727442 0.3457648480662984 0.7663904235727441 0.34951484806629846 0.7543070902394108 0.34013984806629843 0.7430570902394108 0.3332648480662984 0.7351404235727441 0.3360773480662984 0.7493070902394108 0.3257648480662984 0.7580570902394108 0.3092023480662984 0.7663904235727441 0.3023273480662984 0.7468070902394108 0.3054523480662984 0.7330570902394108 0.30826484806629845 0.7193070902394108 0.30638984806629843 0.7143070902394107 0.28732734806629845 0.708890423572744 0.2763898480662984 0.6997237569060775
0 0.6708425414364638 0.4508701657458564 0.6274050414364639 0.43587016574585646 0.6230300414364639 0.4362868324125231 0.619905041436464 0.45003683241252307 0.6102175414364639 0.4642034990791898 0.6024050414364639 0.48170349907918986 0.5983425414364639 0.5000368324125231 0.5971167127071823 0.5155386740331491 0.5971167127071823 0.5270488029465931 0.6074758287292819 0.5408609576427257 0.6109288674033149 0.5546731123388582 0.620424723756906 0.5638812154696133 0.6333736187845304 0.5730893186003684 0.6566816298342542 0.5707872928176797 0.6799896408839778 0.5615791896869246 0.6981180939226519 0.547767034990792 0.7110669889502763 0.5339548802946594 0.7049050414364639 0.5146201657458565 0.6908425414364638 0.5017034990791898 0.6830300414364638 0.4958701657458564 0.6783425414364639 0.4758701657458564
0 0.722289364640884 0.6076197053406999 0.6934323204419891 0.5717656537753222 0.6815573204419891 0.5642656537753221 0.6706198204419891 0.5655156537753221 0.6571823204419891 0.5738489871086555 0.6499948204419891 0.5859323204419888 0.6431198204419891 0.5892656537753221 0.6381198204419891 0.6021823204419888 0.6378073204419892 0.6096823204419888 0.6337448204419891 0.6242656537753221 0.6293698204419891 0.6392656537753221 0.6293698204419891 0.6484323204419888 0.620424723756906 0.6663213627992634 0.620424723756906 0.6824355432780849 0.6238777624309393 0.7031537753222836 0.6385531767955801 0.7135128913443831 0.6558183701657458 0.7123618784530387 0.6765366022099448 0.71005985267035 0.6972548342541437 0.71005985267035 0.7188363259668508 0.6985497237569062 0.7326484806629834 0.6835865561694291 0.7335117403314916 0.6640193370165747 0.7317852209944752 0.6306399631675875
0 0.8217834944751381 0.5589479742173111 0.8077209944751381 0.5606146408839778 0.7986584944751381 0.5722813075506445 0.7867834944751382 0.5876979742173112 0.7820959944751381 0.6026979742173111 0.7805334944751381 0.6197813075506445 0.7835808011049723 0.6421500920810314 0.791350138121547 0.6605662983425414 0.8025725138121546 0.6732274401473297 0.8163846685082872 0.6812845303867404 0.8301968232044198 0.6939456721915286 0.8422824585635359 0.7031537753222836 0.8509150552486187 0.7146639042357276 0.8664537292817679 0.725023020257827 0.8837189226519337 0.7123618784530387 0.8871719613259668 0.6881906077348067 0.8888984806629834 0.6720764272559854 0.8888984806629834 0.6582642725598528 0.9001208563535912 0.6386970534069982 0.902710635359116 0.6191298342541437 0.8975310773480663 0.5857504604051567 0.8923515193370166 0.571938305709024 0.8768128453038674 0.562730202578269 0.8621374309392265 0.5569751381215471 0.8455334944751381 0.5564479742173112
0 0.9864468232044198 0.7411372007366483 0.971771408839779 0.7445902394106815 0.9640020718232044 0.7491942909760589 0.9734979281767956 0.779120626151013 0.9890366022099448 0.8044429097605893 0.9984375 0.8119636279926337 0.9984375 0.7779696132596686 0.9890366022099448 0.7595534069981584