0 0.2915227900552486 0.436694290976059 0.13466850828729288 0.16229281767955797
0 0.265625 0.6139502762430938 0.11395027624309395 0.15999079189686932
0 0.2241885359116022 0.7675529465930019 0.13639502762430938 0.14963167587476983
0 0.5120856353591161 0.5483425414364641 0.1148135359116024 0.1461786372007367
0 0.5284875690607735 0.6749539594843463 0.10272790055248623 0.12315837937384894
0 0.6346685082872928 0.6513581952117864 0.11136049723756916 0.1427255985267036
0 0.8431457182320441 0.5437384898710866 0.10531767955801108 0.12315837937384912
0 0.9022790055248621 0.6231583793738491 0.1113604972375688 0.11395027624309388
0 0.9621460635359116 0.6110727440147331 0.0757078729281769 0.13121546961325994
0 0.9458261395027625 0.751496316758748 0.10522272099447498 0.117403314917127
0 0.9662853936464089 0.6830110497237569 0.06430421270718227 0.05639963167587479
0 0.7999827348066297 0.6686233885819521 0.13812154696132595 0.13351749539594843
0 0.7814226519337015 0.7371086556169429 0.1061809392265193 0.11855432780847153
0 0.2803125 0.4045833333333333 0.29031250000000003 0.39958333333333335 0.30281250000000004 0.40041666666666664 0.3128125 0.4066666666666666 0.3225 0.42083333333333334 0.3353125 0.4408333333333333 0.346875 0.45416666666666666 0.3578125 0.47125 0.3584375 0.48041666666666666 0.355 0.49583333333333335 0.34125 0.5033333333333333 0.325 0.5054166666666666 0.315625 0.5095833333333333 0.3015625 0.5154166666666666 0.281875 0.5191666666666667 0.26937500000000003 0.5125 0.26 0.5008333333333334 0.254375 0.49 0.25375000000000003 0.48500000000000004 0.259375 0.46416666666666667 0.2653125 0.45083333333333336 0.2725 0.4275
0 0.2440625 0.5695833333333333 0.26156250000000003 0.56625 0.27 0.5625 0.2725 0.5816666666666667 0.2796875 0.6033333333333334 0.288125 0.6066666666666667 0.2940625 0.59625 0.3003125 0.5879166666666666 0.3 0.5758333333333333 0.2978125 0.5654166666666666 0.305 0.56875 0.31656249999999997 0.5795833333333333 0.320625 0.6029166666666667 0.313125 0.6266666666666667 0.308125 0.6383333333333333 0.305625 0.6591666666666666 0.30125 0.6649999999999999 0.29812500000000003 0.6829166666666667 0.290625 0.6925 0.2803125 0.6962499999999999 0.26187499999999997 0.675 0.24500000000000002 0.6595833333333334 0.226875 0.6345833333333334 0.21968749999999998 0.6133333333333333 0.21875 0.5916666666666667 0.22718750000000001 0.5804166666666667
0 0.1753125 0.7633333333333333 0.18562499999999998 0.7491666666666668 0.18562499999999998 0.7416666666666667 0.173125 0.7416666666666667 0.1696875 0.7541666666666667 0.16218749999999998 0.76875 0.1609375 0.7779166666666666 0.166875 0.8 0.183125 0.84 0.193125 0.8433333333333334 0.21781250000000002 0.8329166666666666 0.22749999999999998 0.8241666666666667 0.248125 0.8083333333333333 0.2496875 0.8037500000000001 0.23500000000000001 0.7925 0.2328125 0.7966666666666666 0.22937500000000002 0.8083333333333333 0.21000000000000002 0.8241666666666667 0.20375000000000001 0.8045833333333333 0.2046875 0.7791666666666667 0.20406249999999998 0.7725000000000001 0.18375 0.77125
0 0.5015625 0.5004166666666666 0.48562500000000003 0.5029166666666667 0.4734375 0.5116666666666666 0.4659375 0.5320833333333334 0.45906250000000004 0.5470833333333334 0.45531249999999995 0.5670833333333333 0.456875 0.5850000000000001 0.465 0.5933333333333334 0.47000000000000003 0.60625 0.47625 0.6204166666666667 0.4928125 0.6216666666666666 0.5103125000000001 0.615 0.5287499999999999 0.60625 0.5403125 0.59625 0.545625 0.5833333333333334 0.545625 0.5775 0.536875 0.5745833333333333 0.5290625 0.5620833333333334 0.5225 0.5491666666666667 0.5175 0.5370833333333334 0.5125 0.5270833333333333 0.505625 0.5208333333333334 0.49093749999999997 0.5175 0.480625 0.51625 0.475 0.51375 0.4828125 0.5058333333333334 0.49343750000000003 0.5045833333333333 0.5053124999999999 0.50625
0 0.553125 0.6425 0.5353125000000001 0.6174999999999999 0.5237499999999999 0.6120833333333333 0.5118750000000001 0.6179166666666667 0.5021875 0.6270833333333333 0.49625 0.6354166666666666 0.49124999999999996 0.6395833333333333 0.488125 0.6541666666666667 0.48656249999999995 0.6649999999999999 0.4828125 0.6770833333333334 0.484375 0.6854166666666667 0.48125 0.6941666666666666 0.47625 0.7095833333333333 0.47874999999999995 0.7254166666666666 0.4871875 0.7345833333333334 0.503125 0.7366666666666667 0.515625 0.7341666666666666 0.528125 0.7304166666666667 0.5396875 0.7295833333333334 0.5528125 0.7225 0.5634375 0.715 0.568125 0.7070833333333333 0.5696875 0.6920833333333333 0.5650000000000001 0.67375
0 0.6315625 0.5975 0.6212500000000001 0.6024999999999999 0.6109375 0.6154166666666666 0.604375 0.6283333333333334 0.6028125 0.6483333333333333 0.6075 0.6695833333333333 0.6178125 0.6825 0.629375 0.69 0.6368750000000001 0.7 0.6434375 0.7045833333333333 0.6546875 0.7174999999999999 0.66625 0.7225 0.671875 0.7233333333333333 0.675 0.71625 0.6793750000000001 0.7095833333333333 0.6799999999999999 0.6995833333333333 0.6796875 0.69375 0.6828125 0.6883333333333332 0.6828125 0.6708333333333333 0.6859375 0.6591666666666666 0.6890625 0.6454166666666666 0.6896875 0.6337499999999999 0.686875 0.62125 0.6799999999999999 0.6079166666666667 0.6734375 0.6004166666666666 0.665625 0.5970833333333334 0.654375 0.5958333333333333 0.645 0.5933333333333334
0 0.7540625000000001 0.7245833333333334 0.74375 0.7291666666666666 0.7428125 0.7375 0.7496875000000001 0.7525 0.7621875 0.7729166666666667 0.7796875 0.7895833333333333 0.7946875 0.79375 0.804375 0.7875 0.8081250000000001 0.7820833333333332 0.818125 0.7791666666666667 0.8278125 0.76375 0.8300000000000001 0.75375 0.8321875000000001 0.7416666666666667 0.8306250000000001 0.7283333333333334 0.82875 0.72125 0.8256249999999999 0.7308333333333333 0.8196875 0.7345833333333334 0.8090624999999999 0.7370833333333333 0.805625 0.7325 0.8028124999999999 0.7445833333333333 0.8034375 0.7545833333333333 0.7993750000000001 0.76 0.79125 0.7595833333333334 0.7834375 0.75 0.7765625 0.7429166666666667 0.7740625 0.7358333333333333 0.7709374999999999 0.7408333333333333 0.7631249999999999 0.7487499999999999 0.75875 0.7529166666666666 0.7537499999999999 0.7491666666666668 0.7525000000000001 0.74
0 0.7746875 0.6233333333333333 0.7696875000000001 0.6233333333333333 0.7631249999999999 0.6358333333333334 0.753125 0.6491666666666667 0.7503124999999999 0.6441666666666667 0.7496875000000001 0.6337499999999999 0.7462500000000001 0.6375 0.748125 0.6566666666666666 0.75625 0.6791666666666667 0.766875 0.6950000000000001 0.7887500000000001 0.7145833333333333 0.8021874999999999 0.7274999999999999 0.8106249999999999 0.7333333333333333 0.8190625 0.7333333333333333 0.8265625 0.7270833333333333 0.8328125 0.7112499999999999 0.8375 0.6883333333333332 0.8390625 0.6816666666666666 0.8462500000000001 0.67625 0.845 0.6566666666666666 0.8490624999999999 0.64 0.8440625 0.6341666666666667 0.84375 0.6420833333333333 0.8387499999999999 0.6441666666666667 0.821875 0.6404166666666666 0.81375 0.6366666666666667 0.8040625 0.6279166666666666 0.8006249999999999 0.635 0.7921875 0.6445833333333333 0.7849999999999999 0.6454166666666666 0.7759375000000001 0.6366666666666667 0.7734375 0.6295833333333333
0 0.8481249999999999 0.5183333333333333 0.813125 0.5020833333333333 0.8028124999999999 0.5070833333333333 0.7928124999999999 0.5258333333333334 0.7909375 0.54625 0.795 0.5704166666666667 0.796875 0.5795833333333333 0.7978125 0.5979166666666667 0.8040625 0.6 0.8115625 0.6 0.818125 0.6045833333333334 0.8353125 0.6079166666666667 0.843125 0.6004166666666666 0.8503125 0.5966666666666666 0.860625 0.59125 0.8696875000000001 0.5833333333333334 0.8775000000000001 0.5741666666666667 0.8793749999999999 0.5625 0.8728125 0.5533333333333333 0.8675 0.5379166666666666
0 0.92125 0.5954166666666667 0.8965624999999999 0.57625 0.8809374999999999 0.5641666666666667 0.8728125 0.5804166666666667 0.8640625 0.5879166666666666 0.85125 0.5954166666666667 0.8465624999999999 0.6004166666666666 0.8462500000000001 0.6108333333333333 0.8462500000000001 0.6162500000000001 0.8621874999999999 0.625 0.8684375 0.6358333333333334 0.85375 0.63625 0.8462500000000001 0.6345833333333334 0.8471875000000001 0.6445833333333333 0.8474999999999999 0.65625 0.849375 0.6679166666666667 0.8559374999999999 0.6779166666666666 0.8665625 0.6808333333333334 0.8778124999999999 0.6791666666666667 0.8840625 0.6720833333333334 0.8896875 0.67 0.9 0.67125 0.9090624999999999 0.6658333333333334 0.9193749999999999 0.66 0.9278124999999999 0.6466666666666666 0.9321875000000001 0.6316666666666666 0.9334374999999999 0.6204166666666667 0.9321875000000001 0.6070833333333333 0.929375 0.6
0 0.9984375 0.6775 0.9949999999999999 0.6708333333333333 0.9875 0.67375 0.9796875 0.6770833333333334 0.9746874999999999 0.6833333333333333 0.978125 0.69125 0.9868750000000001 0.7 0.9962500000000001 0.7045833333333333 0.9984375 0.7067045454545455 0.9984375 0.6770833333333334
0 0.9800000000000001 0.7258333333333333 0.9921875 0.7295833333333334 0.9965624999999999 0.7370833333333333 0.9984375 0.74375 0.9965624999999999 0.7579166666666667 0.9934375 0.7645833333333333 0.9925 0.775 0.9934375 0.7841666666666666 0.990625 0.7908333333333334 0.9903124999999999 0.80125 0.9846875 0.8066666666666666 0.97625 0.8108333333333333 0.9665625 0.8079166666666667 0.9546875 0.7970833333333334 0.946875 0.7879166666666666 0.9334374999999999 0.7816666666666666 0.9225 0.7704166666666666 0.9121874999999999 0.7554166666666667 0.9081250000000001 0.7424999999999999 0.9106249999999999 0.7329166666666667 0.91875 0.7320833333333333 0.9112500000000001 0.7416666666666667 0.9106249999999999 0.7479166666666667 0.9278124999999999 0.7454166666666667 0.9375 0.7329166666666667 0.9315625000000001 0.7458333333333333 0.9371875 0.75 0.9453125 0.7483333333333333 0.9596875 0.7358333333333333 0.9634375000000001 0.7316666666666667 0.9678125 0.7395833333333334 0.9759375 0.74375 0.9846875 0.7491666666666668 0.9896874999999999 0.7504166666666666 0.9925 0.7483333333333333 0.9890625 0.73875 0.9865625 0.7320833333333333
0 0.9728125000000001 0.5691666666666666 0.9875 0.575 0.9925 0.5845833333333333 0.9974999999999999 0.5954166666666667 0.9984375 0.6197916666666655 0.996875 0.6337499999999999 0.9971875000000001 0.6466666666666666 0.9974999999999999 0.6583333333333333 0.9946875000000001 0.6691666666666667 0.9834375 0.6758333333333333 0.9709375 0.6754166666666667 0.9578125 0.6675 0.9496874999999999 0.6549999999999999 0.9375 0.645 0.9303125 0.64 0.9346875000000001 0.6320833333333333 0.9396875 0.6283333333333334 0.938125 0.6158333333333333 0.963125 0.6408333333333334 0.93625 0.6104166666666667 0.93875 0.61 0.9503125000000001 0.6162500000000001 0.9568749999999999 0.6174999999999999 0.95625 0.615 0.9478125000000001 0.60625 0.9340624999999999 0.5950000000000001 0.923125 0.5891666666666667 0.929375 0.5870833333333334 0.9378125 0.5820833333333333 0.94375 0.5775 0.9578125 0.57375 0.9896874999999999 0.5891666666666667 0.9834375 0.5783333333333334