0 0.4154223549488054 0.4963026166097838 0.06719283276450513 0.07536973833902157
0 0.3879586177474402 0.6022468714448236 0.06452645051194539 0.09101251422070528
0 0.3543622013651877 0.6936149032992037 0.078391638225256 0.10310011376564283
0 0.5482081911262798 0.5666951080773607 0.077858361774744 0.10096700796359505
0 0.5546075085324231 0.6541524459613196 0.06932593856655282 0.08532423208191134
0 0.6372653583617748 0.6481086461888509 0.08212457337883956 0.10167804323094423
0 0.7487201365187712 0.6619738339021616 0.07892491467576797 0.10665529010238911
0 0.7449872013651877 0.7309442548350397 0.07892491467576787 0.0895904436860068
0 0.7929820819112627 0.5876706484641637 0.0725255972696246 0.09314562002275308
0 0.8351109215017065 0.6456200227531286 0.07145904436860073 0.09243458475540377
0 0.8959044368600683 0.6562855517633674 0.0639931740614335 0.08816837315130831
0 0.9060366894197951 0.7732508532423208 0.0917235494880547 0.10025597269624574
0 0.9521651023890783 0.7000142207053469 0.07412542662116035 0.10310011376564271
0 0.958103135665529 0.5803229643808755 0.08066872866894208 0.09835923934195569
0 0.4042235494880546 0.4621729237770193 0.3962244027303754 0.48137087599544937 0.39035836177474403 0.4934584755403868 0.38502559726962454 0.5055460750853242 0.38769197952218426 0.5204778156996587 0.3972909556313993 0.5282992036405005 0.4122226962457337 0.5311433447098975 0.42822098976109213 0.5275881683731513 0.43941979522184293 0.5275881683731513 0.4516851535836177 0.521188850967008 0.44955204778157 0.5091012514220705 0.4442192832764505 0.49772468714448237 0.4324872013651877 0.474971558589306 0.419688566552901 0.4593287827076223
0 0.37116040955631396 0.5652730375426621 0.3604948805460751 0.5780716723549487 0.35889505119453924 0.5887372013651877 0.36529436860068254 0.6136234357224117 0.3738267918088737 0.6221558589306029 0.38289249146757676 0.6370875995449374 0.38609215017064846 0.641353811149033 0.3930247440273037 0.6434869169510807 0.40209044368600677 0.6420648464163822 0.40635665529010234 0.630688282138794 0.40955631399317405 0.6178896473265073 0.4154223549488054 0.6065130830489192 0.4207551194539249 0.5930034129692833 0.419688566552901 0.5802047781569966 0.41755546075085326 0.5716723549488054 0.4159556313993174 0.5659840728100113 0.4042235494880546 0.5723833902161547 0.40262372013651876 0.5780716723549487 0.39569112627986347 0.5851820250284414 0.3930247440273037 0.5766496018202503 0.3892918088737201 0.5553185437997725 0.38022610921501704 0.5602957906712173
0 0.3268984641638225 0.6697952218430033 0.31356655290102387 0.6818828213879408 0.31569965870307165 0.7010807736063709 0.31569965870307165 0.7202787258248009 0.32263225255972694 0.7316552901023889 0.3242320819112628 0.7387656427758816 0.33276450511945393 0.7394766780432309 0.34929607508532423 0.7352104664391353 0.361028156996587 0.7273890784982935 0.3679607508532423 0.7209897610921502 0.3700938566552901 0.7131683731513083 0.3599616040955631 0.7067690557451649 0.351429180887372 0.7089021615472128 0.34662969283276446 0.7096131968145619 0.3439633105802048 0.7067690557451649 0.3439633105802048 0.6882821387940842 0.3386305460750853 0.68259385665529 0.3247653583617747 0.676905574516496
0 0.5242107508532423 0.5396757679180887 0.5114121160409556 0.5652730375426621 0.5098122866894197 0.5773606370875995 0.5092790102389079 0.592292377701934 0.5210110921501706 0.6122013651877133 0.52634385665529 0.6157565415244596 0.5386092150170648 0.6157565415244596 0.5546075085324232 0.6093572241183163 0.5615401023890785 0.597980659840728 0.5679394197952219 0.5851820250284414 0.5551407849829351 0.5794937428896473 0.5471416382252559 0.559584755403868 0.5423421501706485 0.5467861205915814 0.5327431740614335 0.5453640500568828
0 0.5391424914675768 0.6235779294653014 0.5290102389078498 0.647042093287827 0.5247440273037542 0.660551763367463 0.5231441979522183 0.6790386803185438 0.5226109215017065 0.6897042093287826 0.5380759385665529 0.6939704209328782 0.5551407849829351 0.6939704209328782 0.5732721843003412 0.6882821387940842 0.5812713310580204 0.6811717861205916 0.5818046075085324 0.6584186575654152 0.575938566552901 0.6406427758816837 0.5722056313993173 0.630688282138794 0.5631399317406143 0.6178896473265073 0.5551407849829351 0.614334470989761
0 0.6170008532423208 0.6264220705346984 0.6111348122866894 0.6392207053469853 0.6106015358361774 0.6541524459613196 0.6170008532423208 0.666240045506257 0.6271331058020477 0.6747724687144482 0.6356655290102389 0.6847269624573379 0.644731228668942 0.6925483503981797 0.6527303754266212 0.6975255972696245 0.6596629692832765 0.6925483503981797 0.6649957337883958 0.6690841865756542 0.6724616040955631 0.6463310580204777 0.6713950511945392 0.6299772468714447 0.6596629692832765 0.6122013651877133 0.6505972696245734 0.6072241183162685 0.634598976109215 0.6050910125142207 0.6244667235494881 0.6093572241183163
0 0.7103242320819112 0.641353811149033 0.7124573378839589 0.6584186575654152 0.7209897610921502 0.6761945392491467 0.732188566552901 0.6868600682593856 0.7412542662116041 0.6975255972696245 0.7487201365187712 0.7053469852104665 0.7556527303754266 0.7081911262798635 0.7673848122866894 0.7074800910125141 0.7732508532423208 0.6946814562002275 0.7727175767918089 0.679749715585893 0.7759172354948805 0.666240045506257 0.7817832764505119 0.6562855517633674 0.7817832764505119 0.6392207053469853 0.7727175767918089 0.6385096700796359 0.7673848122866894 0.6349544937428896 0.7604522184300341 0.641353811149033 0.7476535836177474 0.6370875995449374 0.741787542662116 0.6299772468714447 0.7305887372013651 0.6356655290102389 0.7209897610921502 0.6349544937428896 0.7151237201365188 0.6313993174061434
0 0.7151237201365188 0.7181456200227531 0.7199232081911262 0.7373435722411832 0.7295221843003412 0.7515642775881682 0.7401877133105802 0.7608077360637088 0.7492534129692833 0.7686291240045506 0.7577858361774743 0.7743174061433447 0.7668515358361774 0.7664960182025028 0.7743174061433447 0.7615187713310579 0.7839163822525597 0.7380546075085324 0.7844496587030716 0.7217007963594994 0.7817832764505119 0.7103242320819112 0.7695179180887372 0.6939704209328782 0.7700511945392491 0.7074800910125141 0.7620520477815699 0.712457337883959 0.752453071672355 0.7174345847554039 0.7476535836177474 0.7295221843003412 0.7385878839590443 0.7295221843003412 0.7327218430034129 0.7202787258248009 0.7268558020477816 0.7202787258248009 0.7199232081911262 0.7266780432309442
0 0.7668515358361774 0.5553185437997725 0.7567192832764504 0.562428896473265 0.7529863481228668 0.5723833902161547 0.761518771331058 0.5958475540386803 0.7593856655290102 0.611490329920364 0.7663182593856654 0.619311717861206 0.7764505119453925 0.6207337883959044 0.7849829351535835 0.6299772468714447 0.790315699658703 0.6313993174061434 0.800981228668942 0.6257110352673492 0.809513651877133 0.6207337883959044 0.8137798634812287 0.6150455062571104 0.8153796928327643 0.608646188850967 0.8148464163822526 0.6008248009101251 0.8089803754266212 0.5930034129692833 0.8031143344709897 0.5809158134243458 0.7983148464163822 0.5723833902161547 0.790315699658703 0.5666951080773607 0.7833831058020477 0.5617178612059157 0.7727175767918089 0.5553185437997725
0 0.8287116040955631 0.6122013651877133 0.8164462457337883 0.6157565415244596 0.8116467576791809 0.6207337883959044 0.8052474402730375 0.6328213879408419 0.8041808873720135 0.6513083048919227 0.8025810580204779 0.6683731513083049 0.8036476109215016 0.6818828213879408 0.8068472696245733 0.6897042093287826 0.8191126279863481 0.6904152445961319 0.8271117747440272 0.6897042093287826 0.8377773037542662 0.6882821387940842 0.8441766211604096 0.6847269624573379 0.8532423208191127 0.68259385665529 0.8607081911262797 0.6747724687144482 0.8665742320819112 0.6669510807736063 0.8692406143344709 0.6598407281001137 0.8633745733788395 0.647042093287827 0.8564419795221843 0.633532423208191 0.848442832764505 0.625 0.8415102389078498 0.6178896473265073 0.8340443686006825 0.614334470989761
0 0.8719069965870307 0.7586746302616609 0.8735068259385665 0.7693401592718999 0.8761732081911262 0.7800056882821387 0.8847056313993173 0.7935153583617748 0.8932380546075084 0.7956484641638224 0.9049701365187713 0.8056029579067121 0.9097696245733788 0.8098691695108077 0.9204351535836176 0.8198236632536973 0.926301194539249 0.8212457337883959 0.9305674061433447 0.8212457337883959 0.936433447098976 0.8148464163822525 0.9412329351535835 0.8020477815699658 0.9422994880546074 0.7864050056882821 0.9412329351535835 0.7750284414106939 0.9390998293515358 0.7572525597269625 0.9385665529010238 0.7515642775881682 0.9305674061433447 0.7515642775881682 0.926834470989761 0.7636518771331057 0.9215017064846416 0.7672070534698521 0.9129692832764504 0.7622298065984072 0.9065699658703071 0.7551194539249146 0.9001706484641637 0.7515642775881682 0.8964377133105801 0.7515642775881682 0.8905716723549487 0.7536973833902161 0.8852389078498293 0.7586746302616609 0.8809726962457338 0.7593856655290102
0 0.9177687713310579 0.7110352673492605 0.9311006825938566 0.7273890784982935 0.9332337883959043 0.7309442548350398 0.9454991467576791 0.7366325369738339 0.9524317406143344 0.7387656427758816 0.9582977815699658 0.7416097838452786 0.9684300341296928 0.7458759954493742 0.974829351535836 0.7508532423208191 0.9806953924914674 0.7522753128555176 0.9849616040955631 0.7487201365187713 0.9876279863481228 0.745164960182025 0.9876279863481228 0.7330773606370876 0.9876279863481228 0.7217007963594994 0.985494880546075 0.715301478953356 0.985494880546075 0.7017918088737201 0.9822952218430034 0.6882821387940842 0.9790955631399317 0.679749715585893 0.9753626279863481 0.6740614334470989 0.966296928327645 0.666240045506257 0.9726962457337883 0.6776166097838452 0.9582977815699658 0.6840159271899886 0.9481655290102389 0.6882821387940842 0.9385665529010238 0.6882821387940842 0.9380332764505119 0.6996587030716722 0.9289675767918089 0.7032138794084186 0.9225682593856656 0.7053469852104665
0 0.9199018771331058 0.5958475540386803 0.9225682593856656 0.6050910125142207 0.9332337883959043 0.614334470989761 0.9449658703071672 0.6186006825938566 0.9518984641638225 0.6228668941979522 0.9673634812286689 0.6285551763367463 0.9780290102389078 0.6313993174061434 0.9870947098976108 0.6328213879408419 0.9918941979522184 0.6321103526734926 0.995627133105802 0.6313993174061434 0.9961604095563139 0.625 0.9982935153583616 0.6150455062571104 0.9977602389078498 0.6072241183162685 0.9972269624573379 0.597980659840728 0.9966936860068258 0.5880261660978384 0.9940273037542662 0.575938566552901 0.9897610921501705 0.5695392491467576 0.985494880546075 0.562428896473265 0.9796288395904437 0.5538964732650739 0.9726962457337883 0.546075085324232 0.9641638225255973 0.5439419795221843 0.956164675767918 0.546075085324232 0.9513651877133105 0.5489192263936291 0.9476322525597268 0.5524744027303754 0.9444325938566551 0.5574516496018201 0.9396331058020477 0.5645620022753128 0.9337670648464164 0.5716723549488054 0.926834470989761 0.5809158134243458
0 0.8729735494880545 0.6292662116040956 0.8649744027303754 0.6420648464163822 0.8676407849829351 0.6527303754266212 0.8777730375426621 0.6683731513083049 0.888438566552901 0.6847269624573379 0.8953711604095563 0.6925483503981797 0.9033703071672354 0.6975255972696245 0.9145691126279862 0.7032138794084186 0.9199018771331058 0.6968145620022753 0.9236348122866893 0.6861490329920363 0.9241680887372012 0.6747724687144482 0.9236348122866893 0.6655290102389078 0.9257679180887373 0.6555745164960182 0.9284343003412969 0.6463310580204777 0.9289675767918089 0.6385096700796359 0.9241680887372012 0.6285551763367463 0.9188353242320819 0.6242889647326507 0.9151023890784982 0.6221558589306029 0.9124360068259385 0.6235779294653014 0.9087030716723549 0.6299772468714447 0.9039035836177474 0.6349544937428896 0.898037542662116 0.6328213879408419 0.8927047781569966 0.6271331058020478 0.8847056313993173 0.6221558589306029