0 0.3691860465116279 0.3929263565891473 0.09447674418604653 0.10174418604651159
0 0.3321220930232558 0.5218023255813954 0.08575581395348837 0.13468992248062014
0 0.2714389534883721 0.6584302325581395 0.08212209302325583 0.14244186046511623
0 0.5381540697674418 0.4835271317829457 0.08502906976744189 0.12790697674418602
0 0.5585029069767442 0.5852713178294574 0.08938953488372095 0.1337209302325581
0 0.6809593023255814 0.5683139534883721 0.08720930232558137 0.14244186046511628
0 0.8328488372093025 0.5780038759689923 0.10465116279069778 0.14244186046511634
0 0.877906976744186 0.4844961240310078 0.09447674418604653 0.1182170542635659
0 0.9498001453488373 0.5611191860465117 0.09727470930232548 0.13192829457364338
0 0.8372093023255814 0.6826550387596899 0.10174418604651167 0.12693798449612406
0 0.325 0.4041666666666667 0.325 0.41041666666666665 0.3265625 0.4125 0.3265625 0.41458333333333336 0.328125 0.4166666666666667 0.328125 0.41875 0.3359375 0.42916666666666664 0.3359375 0.43125 0.3390625 0.4354166666666667 0.340625 0.4354166666666667 0.3421875 0.4375 0.3453125 0.4375 0.346875 0.4395833333333333 0.35625 0.4395833333333333 0.3578125 0.44166666666666665 0.3609375 0.44166666666666665 0.3625 0.4395833333333333 0.371875 0.4395833333333333 0.3734375 0.4375 0.375 0.4375 0.3765625 0.4354166666666667 0.38125 0.4354166666666667 0.3828125 0.43333333333333335 0.3921875 0.43333333333333335 0.39375 0.43125 0.40625 0.43125 0.4078125 0.42916666666666664 0.409375 0.42916666666666664 0.4109375 0.4270833333333333 0.4109375 0.425 0.4140625 0.42083333333333334 0.4140625 0.41041666666666665 0.4125 0.4083333333333333 0.4125 0.40625 0.4109375 0.4041666666666667 0.4109375 0.40208333333333335 0.409375 0.4 0.409375 0.39791666666666664 0.40625 0.39375 0.40625 0.39166666666666666 0.403125 0.3875 0.403125 0.3854166666666667 0.3890625 0.36666666666666664 0.3890625 0.3645833333333333 0.384375 0.35833333333333334 0.384375 0.35625 0.3796875 0.35 0.378125 0.35 0.375 0.3458333333333333 0.371875 0.3458333333333333 0.3703125 0.34375 0.365625 0.34375 0.3640625 0.3458333333333333 0.35625 0.3458333333333333 0.3546875 0.34791666666666665 0.3515625 0.34791666666666665 0.35 0.35 0.3484375 0.35 0.3390625 0.3625 0.3390625 0.3645833333333333 0.3359375 0.36875 0.3359375 0.37083333333333335 0.334375 0.3729166666666667 0.334375 0.3770833333333333 0.3328125 0.37916666666666665 0.3328125 0.38125 0.3296875 0.3854166666666667 0.3296875 0.38958333333333334 0.328125 0.39166666666666666 0.328125 0.39791666666666664 0.3265625 0.4 0.3265625 0.40208333333333335
0 0.3125 0.4666666666666667 0.3109375 0.46875 0.309375 0.46875 0.30625 0.47291666666666665 0.3046875 0.47291666666666665 0.3015625 0.47708333333333336 0.3 0.47708333333333336 0.296875 0.48125 0.296875 0.48333333333333334 0.290625 0.49166666666666664 0.290625 0.49583333333333335 0.2890625 0.4979166666666667 0.2890625 0.5125 0.290625 0.5145833333333333 0.290625 0.5229166666666667 0.2921875 0.525 0.2921875 0.5270833333333333 0.29375 0.5291666666666667 0.29375 0.53125 0.3 0.5395833333333333 0.3 0.5416666666666666 0.30625 0.55 0.3078125 0.55 0.3125 0.55625 0.3125 0.5583333333333333 0.3171875 0.5645833333333333 0.31875 0.5645833333333333 0.321875 0.56875 0.321875 0.5708333333333333 0.3328125 0.5854166666666667 0.334375 0.5854166666666667 0.3359375 0.5875 0.3421875 0.5875 0.34375 0.5854166666666667 0.3453125 0.5854166666666667 0.3515625 0.5770833333333333 0.3515625 0.575 0.353125 0.5729166666666666 0.353125 0.5708333333333333 0.3546875 0.56875 0.3546875 0.5645833333333333 0.35625 0.5625 0.35625 0.5604166666666667 0.3578125 0.5583333333333333 0.3578125 0.55625 0.359375 0.5541666666666667 0.359375 0.55 0.3609375 0.5479166666666667 0.3609375 0.54375 0.3625 0.5416666666666666 0.3625 0.5395833333333333 0.3640625 0.5375 0.3640625 0.5354166666666667 0.3671875 0.53125 0.3671875 0.5291666666666667 0.3703125 0.525 0.3703125 0.5208333333333334 0.371875 0.51875 0.371875 0.5145833333333333 0.3734375 0.5125 0.3734375 0.5 0.371875 0.4979166666666667 0.371875 0.4875 0.3703125 0.48541666666666666 0.3703125 0.48333333333333334 0.36875 0.48333333333333334 0.365625 0.4791666666666667 0.3640625 0.4791666666666667 0.3625 0.47708333333333336 0.3609375 0.47708333333333336 0.35625 0.48333333333333334 0.35625 0.48541666666666666 0.3546875 0.4875 0.353125 0.4875 0.3484375 0.49375 0.3453125 0.49375 0.34375 0.49583333333333335 0.340625 0.49166666666666664 0.3390625 0.49166666666666664 0.3359375 0.4875 0.3359375 0.48541666666666666 0.334375 0.48333333333333334 0.334375 0.48125 0.3328125 0.4791666666666667 0.3328125 0.47291666666666665 0.33125 0.4708333333333333 0.33125 0.46875 0.3296875 0.4666666666666667 0.328125 0.4666666666666667 0.3265625 0.46458333333333335 0.325 0.46458333333333335 0.3234375 0.4666666666666667
0 0.2296875 0.6458333333333334 0.2296875 0.6541666666666667 0.23125 0.65625 0.23125 0.6666666666666666 0.2328125 0.66875 0.2328125 0.6770833333333334 0.234375 0.6791666666666667 0.234375 0.6833333333333333 0.2359375 0.6854166666666667 0.2359375 0.6916666666666667 0.2375 0.69375 0.2375 0.6958333333333333 0.2359375 0.6979166666666666 0.2375 0.7 0.2375 0.7104166666666667 0.2390625 0.7125 0.2390625 0.7145833333333333 0.246875 0.725 0.2484375 0.725 0.25 0.7270833333333333 0.259375 0.7270833333333333 0.2609375 0.725 0.2640625 0.725 0.265625 0.7229166666666667 0.2671875 0.7229166666666667 0.2703125 0.71875 0.271875 0.71875 0.2734375 0.7166666666666667 0.275 0.7166666666666667 0.278125 0.7125 0.2796875 0.7125 0.284375 0.70625 0.2875 0.70625 0.2890625 0.7041666666666667 0.290625 0.7041666666666667 0.2921875 0.7020833333333333 0.29375 0.7020833333333333 0.2953125 0.7 0.296875 0.7 0.30625 0.6875 0.30625 0.68125 0.3046875 0.68125 0.303125 0.6791666666666667 0.3015625 0.6791666666666667 0.2953125 0.6708333333333333 0.29375 0.6708333333333333 0.2921875 0.66875 0.2875 0.66875 0.28125 0.6770833333333334 0.278125 0.6770833333333334 0.2765625 0.6791666666666667 0.2671875 0.6791666666666667 0.2609375 0.6708333333333333 0.2609375 0.6541666666666667 0.2625 0.6520833333333333 0.2625 0.6416666666666667 0.2609375 0.6416666666666667 0.259375 0.6395833333333333 0.2578125 0.6395833333333333 0.25625 0.6375 0.2546875 0.6375 0.253125 0.6354166666666666 0.25 0.6354166666666666 0.246875 0.63125 0.2453125 0.63125 0.24375 0.6291666666666667 0.24375 0.6270833333333333 0.2421875 0.6270833333333333 0.240625 0.6291666666666667 0.2390625 0.6291666666666667 0.2375 0.63125 0.2375 0.6333333333333333 0.23125 0.6416666666666667 0.23125 0.64375
0 0.5421875 0.4395833333333333 0.5375 0.4395833333333333 0.5359375 0.44166666666666665 0.528125 0.44166666666666665 0.5265625 0.4395833333333333 0.51875 0.4395833333333333 0.5171875 0.44166666666666665 0.5171875 0.44375 0.5109375 0.45208333333333334 0.5109375 0.45416666666666666 0.509375 0.45625 0.509375 0.4583333333333333 0.5078125 0.46041666666666664 0.5078125 0.4625 0.50625 0.46458333333333335 0.50625 0.4666666666666667 0.5046875 0.46875 0.5046875 0.4708333333333333 0.503125 0.47291666666666665 0.503125 0.475 0.5015625 0.47708333333333336 0.5015625 0.4791666666666667 0.5 0.48125 0.5 0.4875 0.4984375 0.4895833333333333 0.4984375 0.5083333333333333 0.5 0.5104166666666666 0.5 0.5125 0.509375 0.525 0.509375 0.5270833333333333 0.5109375 0.5291666666666667 0.5109375 0.5333333333333333 0.5125 0.5354166666666667 0.5125 0.5375 0.5171875 0.54375 0.521875 0.54375 0.5234375 0.5458333333333333 0.525 0.54375 0.53125 0.54375 0.5328125 0.5416666666666666 0.5359375 0.5416666666666666 0.5375 0.5395833333333333 0.540625 0.5395833333333333 0.5421875 0.5375 0.54375 0.5375 0.5515625 0.5270833333333333 0.553125 0.5270833333333333 0.5546875 0.525 0.55625 0.525 0.5578125 0.5229166666666667 0.5625 0.5229166666666667 0.5640625 0.5208333333333334 0.565625 0.5208333333333334 0.56875 0.5166666666666667 0.5703125 0.5166666666666667 0.5765625 0.5083333333333333 0.5765625 0.5041666666666667 0.578125 0.5020833333333333 0.578125 0.49375 0.5765625 0.49166666666666664 0.5734375 0.49166666666666664 0.5671875 0.48333333333333334 0.5671875 0.48125 0.5609375 0.47291666666666665 0.5609375 0.4708333333333333 0.55625 0.46458333333333335 0.55625 0.4625 0.5515625 0.45625 0.5515625 0.45416666666666666 0.5484375 0.45 0.5484375 0.4479166666666667 0.546875 0.44583333333333336 0.546875 0.44375 0.5453125 0.44166666666666665 0.54375 0.44166666666666665
0 0.5875 0.5520833333333334 0.5859375 0.5520833333333334 0.584375 0.55 0.5828125 0.55 0.58125 0.5479166666666667 0.5796875 0.5479166666666667 0.5734375 0.5395833333333333 0.571875 0.5395833333333333 0.5703125 0.5375 0.56875 0.5375 0.5640625 0.53125 0.5609375 0.53125 0.559375 0.5291666666666667 0.5578125 0.53125 0.553125 0.53125 0.5484375 0.5375 0.546875 0.5375 0.5453125 0.5395833333333333 0.54375 0.5395833333333333 0.534375 0.5520833333333334 0.534375 0.5541666666666667 0.5296875 0.5604166666666667 0.5296875 0.5625 0.528125 0.5645833333333333 0.528125 0.56875 0.5265625 0.5708333333333333 0.5265625 0.575 0.525 0.5770833333333333 0.525 0.5854166666666667 0.5234375 0.5875 0.5234375 0.5895833333333333 0.521875 0.5916666666666667 0.521875 0.59375 0.5203125 0.5958333333333333 0.5203125 0.6041666666666666 0.51875 0.60625 0.51875 0.6104166666666667 0.5171875 0.6125 0.5171875 0.6166666666666667 0.515625 0.61875 0.515625 0.6354166666666666 0.5171875 0.6375 0.5171875 0.6395833333333333 0.521875 0.6458333333333334 0.525 0.6458333333333334 0.5265625 0.6479166666666667 0.5484375 0.6479166666666667 0.55 0.6458333333333334 0.5609375 0.6458333333333334 0.5625 0.64375 0.5734375 0.64375 0.575 0.6416666666666667 0.5828125 0.6416666666666667 0.5859375 0.6375 0.5875 0.6375 0.5890625 0.6354166666666666 0.590625 0.6354166666666666 0.5921875 0.6333333333333333 0.59375 0.6333333333333333 0.5953125 0.63125 0.5984375 0.63125 0.6 0.6291666666666667 0.6 0.625 0.6015625 0.6229166666666667 0.6015625 0.61875 0.603125 0.6166666666666667 0.603125 0.5979166666666667 0.6015625 0.5958333333333333 0.6015625 0.5916666666666667 0.6 0.5895833333333333 0.6 0.5854166666666667 0.5984375 0.5833333333333334 0.5984375 0.5791666666666667 0.596875 0.5770833333333333 0.596875 0.575 0.5921875 0.56875 0.5921875 0.5645833333333333 0.590625 0.5625 0.590625 0.5604166666666667 0.5890625 0.5604166666666667 0.5875 0.5583333333333333
0 0.66875 0.5166666666666667 0.6671875 0.51875 0.665625 0.51875 0.6640625 0.5208333333333334 0.6625 0.5208333333333334 0.6609375 0.5229166666666667 0.659375 0.5229166666666667 0.6578125 0.525 0.65625 0.525 0.65 0.5333333333333333 0.65 0.5354166666666667 0.6484375 0.5375 0.6484375 0.5395833333333333 0.646875 0.5416666666666666 0.646875 0.54375 0.6453125 0.5458333333333333 0.6453125 0.5479166666666667 0.6421875 0.5520833333333334 0.6421875 0.55625 0.640625 0.5583333333333333 0.640625 0.5625 0.6390625 0.5645833333333333 0.6390625 0.5791666666666667 0.640625 0.58125 0.640625 0.5854166666666667 0.6421875 0.5875 0.6421875 0.5895833333333333 0.64375 0.5916666666666667 0.64375 0.59375 0.646875 0.5979166666666667 0.646875 0.6 0.653125 0.6083333333333333 0.6546875 0.6083333333333333 0.65625 0.6104166666666667 0.6578125 0.6104166666666667 0.659375 0.6125 0.6609375 0.6125 0.6625 0.6145833333333334 0.6640625 0.6145833333333334 0.665625 0.6166666666666667 0.6671875 0.6166666666666667 0.66875 0.61875 0.6703125 0.61875 0.6734375 0.6229166666666667 0.6765625 0.6229166666666667 0.678125 0.625 0.6796875 0.625 0.68125 0.6270833333333333 0.6828125 0.6270833333333333 0.6859375 0.63125 0.6875 0.63125 0.6890625 0.6333333333333333 0.6921875 0.6333333333333333 0.69375 0.6354166666666666 0.703125 0.6354166666666666 0.7078125 0.6291666666666667 0.7078125 0.6270833333333333 0.7109375 0.6229166666666667 0.7109375 0.6208333333333333 0.7125 0.61875 0.7125 0.6125 0.7140625 0.6104166666666667 0.7140625 0.60625 0.715625 0.6041666666666666 0.715625 0.5958333333333333 0.7171875 0.59375 0.7171875 0.5875 0.71875 0.5854166666666667 0.71875 0.5791666666666667 0.7203125 0.5770833333333333 0.7203125 0.5729166666666666 0.721875 0.5708333333333333 0.721875 0.5520833333333334 0.7203125 0.55 0.7203125 0.54375 0.7171875 0.5395833333333333 0.7171875 0.5375 0.7140625 0.5333333333333333 0.7140625 0.53125 0.7109375 0.5270833333333333 0.7078125 0.5270833333333333 0.70625 0.525 0.7046875 0.525 0.703125 0.5229166666666667 0.7 0.5229166666666667 0.6984375 0.5208333333333334 0.696875 0.5208333333333334 0.6953125 0.51875 0.684375 0.51875 0.6828125 0.5166666666666667
0 0.7890625 0.5354166666666667 0.7859375 0.5395833333333333 0.7859375 0.5416666666666666 0.784375 0.54375 0.784375 0.5458333333333333 0.7828125 0.5479166666666667 0.7828125 0.55 0.78125 0.5520833333333334 0.78125 0.5645833333333333 0.7828125 0.5666666666666667 0.7828125 0.56875 0.784375 0.5708333333333333 0.784375 0.5729166666666666 0.7859375 0.575 0.7859375 0.5770833333333333 0.7875 0.5791666666666667 0.7875 0.58125 0.7890625 0.5833333333333334 0.7890625 0.5854166666666667 0.790625 0.5875 0.790625 0.5895833333333333 0.8078125 0.6125 0.8109375 0.6125 0.8140625 0.6166666666666667 0.815625 0.6166666666666667 0.8171875 0.61875 0.81875 0.61875 0.8203125 0.6208333333333333 0.821875 0.6208333333333333 0.8234375 0.6229166666666667 0.825 0.6229166666666667 0.8265625 0.625 0.828125 0.625 0.834375 0.6333333333333333 0.8359375 0.6333333333333333 0.840625 0.6395833333333333 0.8421875 0.6395833333333333 0.84375 0.6416666666666667 0.8453125 0.6416666666666667 0.846875 0.64375 0.8484375 0.64375 0.85 0.6458333333333334 0.85625 0.6458333333333334 0.8578125 0.64375 0.8625 0.64375 0.8640625 0.6416666666666667 0.865625 0.6416666666666667 0.8671875 0.6395833333333333 0.8671875 0.6375 0.8703125 0.6333333333333333 0.8703125 0.63125 0.871875 0.6291666666666667 0.871875 0.6166666666666667 0.8734375 0.6145833333333334 0.8734375 0.6083333333333333 0.875 0.60625 0.875 0.5875 0.8765625 0.5854166666666667 0.8765625 0.5833333333333334 0.878125 0.58125 0.878125 0.5770833333333333 0.8796875 0.575 0.8796875 0.5729166666666666 0.88125 0.5708333333333333 0.88125 0.5645833333333333 0.8828125 0.5625 0.8828125 0.5583333333333333 0.884375 0.55625 0.884375 0.55 0.8828125 0.5479166666666667 0.8828125 0.54375 0.884375 0.5416666666666666 0.884375 0.5375 0.8859375 0.5354166666666667 0.8859375 0.53125 0.8828125 0.5270833333333333 0.88125 0.5270833333333333 0.8796875 0.525 0.8765625 0.525 0.875 0.5270833333333333 0.859375 0.5270833333333333 0.8578125 0.5291666666666667 0.85625 0.5291666666666667 0.8546875 0.5270833333333333 0.846875 0.5270833333333333 0.8453125 0.525 0.8375 0.525 0.8359375 0.5229166666666667 0.83125 0.5229166666666667 0.8296875 0.525 0.8234375 0.525 0.821875 0.5270833333333333 0.81875 0.5270833333333333 0.8171875 0.5291666666666667 0.7984375 0.5291666666666667 0.796875 0.53125 0.7953125 0.53125 0.79375 0.5333333333333333 0.7921875 0.5333333333333333 0.790625 0.5354166666666667
0 0.8328125 0.4625 0.8328125 0.4708333333333333 0.83125 0.47291666666666665 0.83125 0.48125 0.8328125 0.48333333333333334 0.8328125 0.49166666666666664 0.834375 0.49375 0.834375 0.49583333333333335 0.8359375 0.4979166666666667 0.8359375 0.5020833333333333 0.8390625 0.50625 0.85625 0.50625 0.8578125 0.5083333333333333 0.8671875 0.5083333333333333 0.86875 0.5104166666666666 0.878125 0.5104166666666666 0.8796875 0.5125 0.884375 0.5125 0.8859375 0.5145833333333333 0.890625 0.5145833333333333 0.8921875 0.5166666666666667 0.89375 0.5166666666666667 0.896875 0.5208333333333334 0.9 0.5208333333333334 0.9015625 0.5229166666666667 0.90625 0.5229166666666667 0.9078125 0.5208333333333334 0.909375 0.5208333333333334 0.9125 0.5166666666666667 0.9140625 0.5166666666666667 0.915625 0.5145833333333333 0.9171875 0.5145833333333333 0.9203125 0.5104166666666666 0.9203125 0.5083333333333333 0.921875 0.50625 0.921875 0.5041666666666667 0.9234375 0.5020833333333333 0.9234375 0.5 0.925 0.4979166666666667 0.925 0.49166666666666664 0.9265625 0.4895833333333333 0.925 0.4875 0.925 0.48541666666666666 0.91875 0.47708333333333336 0.9171875 0.47708333333333336 0.9140625 0.47291666666666665 0.9140625 0.4708333333333333 0.9125 0.46875 0.9109375 0.46875 0.9078125 0.46458333333333335 0.9078125 0.4625 0.90625 0.4625 0.903125 0.4583333333333333 0.9015625 0.4583333333333333 0.8984375 0.45416666666666666 0.896875 0.45416666666666666 0.8953125 0.45208333333333334 0.89375 0.45208333333333334 0.890625 0.4479166666666667 0.8875 0.4479166666666667 0.8859375 0.44583333333333336 0.8828125 0.44583333333333336 0.88125 0.44375 0.878125 0.44375 0.8765625 0.44166666666666665 0.8734375 0.44166666666666665 0.871875 0.4395833333333333 0.8671875 0.4395833333333333 0.865625 0.4375 0.8578125 0.4375 0.85625 0.4395833333333333 0.85 0.4395833333333333 0.8484375 0.44166666666666665 0.8453125 0.44166666666666665 0.84375 0.44375 0.8421875 0.44375 0.8390625 0.4479166666666667 0.8390625 0.45 0.8375 0.45208333333333334 0.8375 0.45416666666666666 0.834375 0.4583333333333333 0.834375 0.46041666666666664
0 0.903125 0.5333333333333333 0.903125 0.5375 0.9015625 0.5395833333333333 0.9015625 0.5770833333333333 0.903125 0.5791666666666667 0.903125 0.6020833333333333 0.9046875 0.6041666666666666 0.9046875 0.6083333333333333 0.90625 0.6104166666666667 0.90625 0.6125 0.9078125 0.6145833333333334 0.9078125 0.6166666666666667 0.909375 0.6166666666666667 0.9109375 0.61875 0.9125 0.61875 0.9140625 0.6208333333333333 0.915625 0.6208333333333333 0.9171875 0.6229166666666667 0.9328125 0.6229166666666667 0.934375 0.6208333333333333 0.9359375 0.6208333333333333 0.9375 0.61875 0.9390625 0.61875 0.940625 0.6166666666666667 0.9421875 0.6166666666666667 0.94375 0.6145833333333334 0.946875 0.6145833333333334 0.9484375 0.6125 0.9625 0.6125 0.9640625 0.6104166666666667 0.9671875 0.6104166666666667 0.96875 0.6083333333333333 0.971875 0.6083333333333333 0.9734375 0.60625 0.975 0.60625 0.9765625 0.6041666666666666 0.9796875 0.6041666666666666 0.9828125 0.6 0.984375 0.6 0.99375 0.5875 0.99375 0.5854166666666667 0.9953125 0.5833333333333334 0.9953125 0.5604166666666667 0.99375 0.5583333333333333 0.99375 0.5479166666666667 0.9921875 0.5458333333333333 0.9921875 0.54375 0.990625 0.5416666666666666 0.990625 0.5395833333333333 0.9859375 0.5333333333333333 0.984375 0.5333333333333333 0.9828125 0.53125 0.98125 0.53125 0.9765625 0.525 0.975 0.525 0.9734375 0.5229166666666667 0.971875 0.5229166666666667 0.9703125 0.5208333333333334 0.965625 0.5208333333333334 0.9640625 0.51875 0.9609375 0.51875 0.959375 0.5166666666666667 0.95625 0.5166666666666667 0.9546875 0.5145833333333333 0.953125 0.5145833333333333 0.9515625 0.5125 0.95 0.5125 0.9484375 0.5104166666666666 0.93125 0.5104166666666666 0.9296875 0.5125 0.9265625 0.5125 0.925 0.5145833333333333 0.921875 0.5145833333333333 0.9203125 0.5166666666666667 0.91875 0.5166666666666667 0.9171875 0.51875 0.915625 0.51875 0.9140625 0.5208333333333334 0.9125 0.5208333333333334
0 0.8859375 0.6958333333333333 0.8859375 0.66875 0.884375 0.6666666666666666 0.884375 0.6541666666666667 0.8828125 0.6520833333333333 0.8828125 0.6458333333333334 0.875 0.6354166666666666 0.8734375 0.6354166666666666 0.8671875 0.64375 0.865625 0.64375 0.8640625 0.6458333333333334 0.8625 0.6458333333333334 0.8609375 0.6479166666666667 0.853125 0.6479166666666667 0.8515625 0.65 0.85 0.65 0.8484375 0.6520833333333333 0.8484375 0.6541666666666667 0.846875 0.65625 0.846875 0.6625 0.8453125 0.6645833333333333 0.8453125 0.66875 0.84375 0.6708333333333333 0.8421875 0.6708333333333333 0.840625 0.6729166666666667 0.8328125 0.6729166666666667 0.83125 0.6708333333333333 0.8265625 0.6708333333333333 0.825 0.66875 0.8234375 0.66875 0.821875 0.6666666666666666 0.8203125 0.6666666666666666 0.81875 0.6645833333333333 0.8109375 0.6645833333333333 0.8078125 0.66875 0.80625 0.66875 0.803125 0.6729166666666667 0.8015625 0.6729166666666667 0.8 0.675 0.7984375 0.6729166666666667 0.796875 0.6729166666666667 0.7953125 0.6708333333333333 0.7953125 0.66875 0.7921875 0.6645833333333333 0.790625 0.6645833333333333 0.7890625 0.6666666666666666 0.7890625 0.6729166666666667 0.790625 0.675 0.790625 0.68125 0.7921875 0.6833333333333333 0.7921875 0.6854166666666667 0.7953125 0.6895833333333333 0.7953125 0.6916666666666667 0.8015625 0.7 0.8015625 0.7020833333333333 0.80625 0.7083333333333334 0.80625 0.7104166666666667 0.815625 0.7229166666666667 0.8171875 0.7229166666666667 0.81875 0.725 0.8203125 0.725 0.825 0.73125 0.8265625 0.73125 0.8296875 0.7354166666666667 0.83125 0.7354166666666667 0.8328125 0.7375 0.834375 0.7375 0.8359375 0.7395833333333334 0.8515625 0.7395833333333334 0.853125 0.7375 0.8546875 0.7375 0.8609375 0.7291666666666666 0.8640625 0.7291666666666666 0.865625 0.7270833333333333 0.86875 0.7270833333333333 0.8703125 0.725 0.871875 0.725 0.8734375 0.7229166666666667 0.875 0.7229166666666667 0.88125 0.7145833333333333 0.88125 0.7125 0.884375 0.7083333333333334 0.884375 0.6979166666666666