0 0.22178819444444442 0.35532407407407407 0.0833333333333333 0.12731481481481483
0 0.22612847222222218 0.4363425925925926 0.09027777777777776 0.11574074074074077
0 0.05338541666666665 0.2563657407407407 0.10590277777777776 0.13541666666666663
0 0.029296875 0.3804976851851852 0.05859375 0.13020833333333334
0 0.3506944444444444 0.4091435185185185 0.08940972222222224 0.1168981481481481
0 0.4613715277777778 0.3813657407407407 0.09027777777777786 0.13310185185185183
0 0.5264756944444444 0.33969907407407407 0.07986111111111116 0.13773148148148148
0 0.4848090277777778 0.49884259259259256 0.0885416666666666 0.1319444444444444
0 0.5933159722222222 0.39120370370370366 0.07986111111111108 0.1180555555555556
0 0.6684027777777778 0.3975694444444444 0.0703125 0.12384259259259256
0 0.7252604166666667 0.2997685185185185 0.09548611111111108 0.11805555555555557
0 0.7387152777777778 0.45254629629629634 0.08420138888888892 0.11574074074074077
0 0.7039930555555556 0.5665509259259259 0.0859375 0.10995370370370369
0 0.892795138888889 0.5491898148148148 0.09027777777777786 0.12615740740740738
0 0.8697916666666666 0.41203703703703703 0.07204861111111108 0.10879629629629631
0 0.799045138888889 0.3958333333333333 0.07118055555555562 0.11111111111111108
0 0.9694878472222221 0.3353581740342494 0.05789930555555571 0.1012719036240543
0 0.03776041666666665 0.22337962962962962 0.021267361111111115 0.23148148148148148 0.009114583333333348 0.24189814814814817 0.00390625 0.2534722222222222 0.0021701388888888838 0.2743055555555555 0.009114583333333348 0.2916666666666667 0.018663194444444465 0.30671296296296297 0.03689236111111112 0.3148148148148148 0.04817708333333335 0.32060185185185186 0.06987847222222224 0.3194444444444445 0.08723958333333334 0.3148148148148148 0.09852430555555554 0.3090277777777778 0.10286458333333334 0.2939814814814815 0.09765625 0.28125 0.09244791666666666 0.2743055555555555 0.08463541666666666 0.2627314814814815 0.07335069444444446 0.24305555555555552 0.06727430555555558 0.2349537037037037 0.04644097222222223 0.2199074074074074
0 0.003038194444444464 0.3402777777777778 0.01692708333333335 0.3368055555555555 0.02734375 0.33796296296296297 0.04557291666666665 0.35879629629629634 0.04644097222222223 0.37962962962962965 0.04383680555555558 0.3958333333333333 0.03515625 0.4085648148148148 0.021267361111111115 0.4270833333333333 0.009114583333333348 0.43634259259259256 0.003038194444444464 0.43634259259259256 0.0004340277777777679 0.4247685185185185 0 0.4126157407407407 0 0.3854166666666667 0 0.36921296296296297 0 0.3576388888888889 0 0.34837962962962965
0 0.20182291666666669 0.4097222222222222 0.19401041666666669 0.3958333333333333 0.18793402777777776 0.3854166666666667 0.18359375 0.3680555555555555 0.18012152777777776 0.34953703703703703 0.18098958333333331 0.3368055555555555 0.18793402777777776 0.3252314814814815 0.19401041666666669 0.3148148148148148 0.20355902777777776 0.30671296296296297 0.21918402777777776 0.31134259259259256 0.22699652777777776 0.32870370370370366 0.23220486111111108 0.3368055555555555 0.23828125 0.34259259259259256 0.24782986111111108 0.3460648148148148 0.2582465277777778 0.3611111111111111 0.2573784722222222 0.375 0.2504340277777778 0.3784722222222222 0.24175347222222224 0.36921296296296297 0.23567708333333331 0.35300925925925924 0.22960069444444448 0.3576388888888889 0.23046875 0.3726851851851852 0.21918402777777776 0.37384259259259256 0.21310763888888892 0.38310185185185186 0.21484375 0.3946759259259259 0.21050347222222224 0.4085648148148148
0 0.22699652777777776 0.39120370370370366 0.20963541666666669 0.3993055555555555 0.20269097222222224 0.4166666666666667 0.18967013888888892 0.45370370370370366 0.18532986111111108 0.47453703703703703 0.18359375 0.4814814814814815 0.18967013888888892 0.4930555555555555 0.20963541666666669 0.49537037037037035 0.22612847222222224 0.4907407407407407 0.24348958333333331 0.4895833333333333 0.2582465277777778 0.4872685185185185 0.2669270833333333 0.4664351851851852 0.2669270833333333 0.45486111111111105 0.2608506944444445 0.43634259259259256 0.2582465277777778 0.4282407407407407 0.25217013888888895 0.4074074074074074 0.24348958333333331 0.3958333333333333 0.23654513888888892 0.3923611111111111
0 0.3684895833333333 0.45370370370370366 0.3598090277777778 0.4618055555555555 0.3511284722222222 0.46296296296296297 0.3372395833333333 0.4571759259259259 0.32595486111111105 0.4502314814814815 0.31467013888888895 0.44328703703703703 0.3111979166666667 0.4247685185185185 0.3094618055555555 0.39120370370370366 0.32248263888888895 0.37037037037037035 0.33203125 0.3622685185185185 0.34765625 0.3680555555555555 0.3624131944444445 0.37037037037037035 0.37109375 0.3761574074074074 0.3763020833333333 0.38310185185185186 0.3875868055555555 0.41203703703703703 0.38671875 0.4247685185185185 0.3745659722222222 0.44328703703703703
0 0.4813368055555555 0.45370370370370366 0.4700520833333333 0.4479166666666667 0.4526909722222222 0.4375 0.4448784722222222 0.4259259259259259 0.42578125 0.3969907407407407 0.4214409722222222 0.3773148148148148 0.41970486111111105 0.35995370370370366 0.4214409722222222 0.3449074074074074 0.4283854166666667 0.33564814814814814 0.43359375 0.32870370370370366 0.4457465277777778 0.3229166666666667 0.4735243055555555 0.3229166666666667 0.48220486111111105 0.3263888888888889 0.4934895833333333 0.33796296296296297 0.5004340277777778 0.35532407407407407 0.5021701388888888 0.3784722222222222 0.5013020833333333 0.39814814814814814 0.4986979166666667 0.41550925925925924 0.4934895833333333 0.43287037037037035
0 0.4952256944444445 0.5532407407407407 0.4856770833333333 0.5543981481481481 0.47092013888888884 0.5393518518518517 0.45529513888888884 0.517361111111111 0.4457465277777778 0.5011574074074073 0.4448784722222222 0.4872685185185185 0.44921875 0.4710648148148148 0.4578993055555555 0.46875 0.46484375 0.46296296296296297 0.4796006944444445 0.44675925925925924 0.48828125 0.44328703703703703 0.5082465277777778 0.44907407407407407 0.51953125 0.47337962962962965 0.5238715277777778 0.4907407407407407 0.5264756944444444 0.5081018518518519 0.52734375 0.5231481481481481 0.5221354166666667 0.5416666666666666 0.51171875 0.5497685185185185
0 0.5325520833333333 0.38657407407407407 0.5256076388888888 0.3993055555555555 0.5151909722222222 0.40277777777777773 0.5091145833333333 0.3923611111111111 0.5047743055555556 0.3715277777777778 0.5013020833333333 0.3564814814814815 0.49782986111111105 0.3333333333333333 0.49782986111111105 0.3159722222222222 0.4986979166666667 0.3020833333333333 0.5073784722222222 0.29282407407407407 0.5169270833333333 0.2881944444444445 0.53515625 0.3032407407407407 0.5438368055555556 0.31134259259259256 0.55078125 0.3148148148148148 0.5646701388888888 0.3310185185185185 0.5646701388888888 0.3449074074074074 0.5542534722222222 0.3680555555555555 0.5464409722222222 0.3773148148148148
0 0.5776909722222222 0.4560185185185185 0.5646701388888888 0.4502314814814815 0.5533854166666667 0.43287037037037035 0.552517361111111 0.40162037037037035 0.5594618055555556 0.3715277777777778 0.5690104166666667 0.3576388888888889 0.5811631944444444 0.35185185185185186 0.5898437499999999 0.35185185185185186 0.6019965277777778 0.3611111111111111 0.6106770833333333 0.3645833333333333 0.6202256944444444 0.3784722222222222 0.6263020833333333 0.3923611111111111 0.6271701388888888 0.4085648148148148 0.6193576388888888 0.42245370370370366 0.6072048611111112 0.43634259259259256 0.5993923611111112 0.4444444444444444 0.5898437499999999 0.4513888888888889
0 0.6861979166666667 0.45486111111111105 0.6757812499999999 0.45370370370370366 0.6662326388888888 0.4444444444444444 0.6592881944444444 0.4351851851851852 0.6462673611111112 0.4166666666666667 0.6358506944444444 0.3923611111111111 0.6480034722222222 0.39004629629629634 0.6471354166666667 0.3819444444444445 0.6401909722222222 0.3773148148148148 0.6462673611111112 0.3622685185185185 0.6523437499999999 0.3576388888888889 0.6697048611111112 0.3564814814814815 0.6844618055555556 0.3611111111111111 0.6940104166666667 0.37037037037037035 0.6940104166666667 0.3958333333333333 0.6905381944444444 0.4074074074074074 0.6914062499999999 0.42245370370370366 0.6948784722222222 0.4375 0.6940104166666667 0.4479166666666667
0 0.7660590277777778 0.33912037037037035 0.7599826388888888 0.3460648148148148 0.7486979166666667 0.34953703703703703 0.7374131944444444 0.35185185185185186 0.7243923611111112 0.3541666666666667 0.7122395833333333 0.35185185185185186 0.6992187499999999 0.34953703703703703 0.6922743055555556 0.3460648148148148 0.6853298611111112 0.3252314814814815 0.6844618055555556 0.30439814814814814 0.6844618055555556 0.28587962962962965 0.6888020833333333 0.2719907407407407 0.6974826388888888 0.2604166666666667 0.7105034722222222 0.2523148148148148 0.7261284722222222 0.2534722222222222 0.7374131944444444 0.26157407407407407 0.7495659722222222 0.27546296296296297 0.7556423611111112 0.2939814814814815 0.7651909722222222 0.32060185185185186
0 0.7721354166666667 0.505787037037037 0.7573784722222222 0.5092592592592592 0.7278645833333333 0.49652777777777773 0.7183159722222222 0.49652777777777773 0.7087673611111112 0.4930555555555555 0.7018229166666667 0.46759259259259256 0.7078993055555556 0.4398148148148148 0.7165798611111112 0.4270833333333333 0.7391493055555556 0.41087962962962965 0.7556423611111112 0.4166666666666667 0.7634548611111112 0.42939814814814814 0.7660590277777778 0.44212962962962965 0.7738715277777778 0.4571759259259259 0.7756076388888888 0.46527777777777773 0.7756076388888888 0.47453703703703703 0.7756076388888888 0.4895833333333333
0 0.7382812499999999 0.6053240740740741 0.7365451388888888 0.611111111111111 0.7313368055555556 0.6168981481481481 0.7226562499999999 0.6122685185185185 0.7174479166666667 0.607638888888889 0.7052951388888888 0.6018518518518517 0.6861979166666667 0.5972222222222222 0.6766493055555556 0.5868055555555556 0.6671006944444444 0.5775462962962963 0.6662326388888888 0.5659722222222222 0.6662326388888888 0.5474537037037037 0.6749131944444444 0.5324074074074073 0.6853298611111112 0.5231481481481481 0.6948784722222222 0.525462962962963 0.7061631944444444 0.5266203703703703 0.7139756944444444 0.5231481481481481 0.7261284722222222 0.525462962962963 0.7313368055555556 0.5462962962962963 0.7304687499999999 0.556712962962963 0.7374131944444444 0.579861111111111
0 0.7955729166666667 0.35532407407407407 0.7834201388888888 0.3611111111111111 0.7747395833333333 0.3657407407407407 0.7686631944444444 0.3680555555555555 0.7677951388888888 0.39120370370370366 0.7669270833333333 0.40509259259259256 0.7660590277777778 0.4166666666666667 0.7669270833333333 0.4282407407407407 0.7764756944444444 0.4398148148148148 0.7912326388888888 0.44560185185185186 0.7981770833333333 0.44560185185185186 0.806857638888889 0.43402777777777773 0.8172743055555557 0.42361111111111105 0.830295138888889 0.4074074074074074 0.833767361111111 0.39004629629629634 0.833767361111111 0.3773148148148148 0.8172743055555557 0.3622685185185185
0 0.8971354166666667 0.40277777777777773 0.89453125 0.4247685185185185 0.89453125 0.4409722222222222 0.892795138888889 0.45370370370370366 0.8832465277777779 0.4583333333333333 0.8641493055555557 0.4594907407407407 0.8546006944444443 0.4479166666666667 0.84765625 0.43634259259259256 0.8407118055555557 0.42129629629629634 0.833767361111111 0.40277777777777773 0.8355034722222221 0.3969907407407407 0.8424479166666667 0.3877314814814815 0.8580729166666667 0.3854166666666667 0.8658854166666667 0.38425925925925924 0.8754340277777779 0.3784722222222222 0.8815104166666667 0.37384259259259256 0.89453125 0.3773148148148148 0.900607638888889 0.3888888888888889
0 0.919704861111111 0.587962962962963 0.9136284722222221 0.5972222222222222 0.904079861111111 0.6053240740740741 0.888454861111111 0.6053240740740741 0.8780381944444443 0.6041666666666666 0.86328125 0.59375 0.8511284722222221 0.5578703703703703 0.849392361111111 0.5358796296296297 0.8519965277777779 0.5185185185185185 0.85546875 0.5115740740740741 0.8606770833333333 0.5069444444444444 0.877170138888889 0.5185185185185185 0.8875868055555557 0.5185185185185185 0.8988715277777779 0.5127314814814815 0.91015625 0.5092592592592592 0.9214409722222221 0.5185185185185185 0.931857638888889 0.5335648148148148 0.931857638888889 0.5555555555555556 0.9309895833333333 0.5787037037037037
0 0.98828125 0.38657407407407407 0.98046875 0.3784722222222222 0.9674479166666667 0.36921296296296297 0.9561631944444443 0.35532407407407407 0.9544270833333333 0.3414351851851852 0.9613715277777779 0.3298611111111111 0.974392361111111 0.3263888888888889 0.9934895833333333 0.32870370370370366 0.9984375 0.3362433862433864 0.9984375 0.35532407407407407 0.9984375 0.37037037037037035 0.9984375 0.38310185185185186 0.9984375 0.3888888888888889