0 0.40417817679558016 0.3872007366482505 0.14416436464088406 0.18070902394106814
0 0.37569060773480667 0.5828729281767956 0.12171961325966837 0.17610497237569062
0 0.3364122928176796 0.7295982965009209 0.1346685082872927 0.14968922651933703
0 0.6562499999999999 0.517840699815838 0.1407113259668508 0.17265193370165755
0 0.6715642265193369 0.6677566758747698 0.12937154696132608 0.14115331491712696
0 0.8107303176795579 0.6642794659300185 0.15291436464088423 0.1806077348066296
0 0.96703125 0.7772916666666667 0.06593750000000007 0.15208333333333332
0 0.3970580110497238 0.34828038674033146 0.3904955110497239 0.36036372007366485 0.3817455110497239 0.38369705340699817 0.37237051104972385 0.39494705340699815 0.36455801104972385 0.41578038674033146 0.3623705110497239 0.43869705340699816 0.36643301104972387 0.45119705340699817 0.3752589779005525 0.46834714548802947 0.39166091160220995 0.4752532228360958 0.4149689226519337 0.472951197053407 0.43205801104972397 0.4657803867403315 0.44768301104972397 0.46286372007366483 0.4673705110497238 0.4586970534069981 0.47971339779005523 0.4395718232044199 0.47539709944751374 0.418853591160221 0.4650379834254144 0.403890423572744 0.4460462707182321 0.37971915285451197 0.43174551104972386 0.35369705340699814 0.42143301104972386 0.34661372007366487 0.4073705110497238 0.34661372007366487
0 0.3754955110497237 0.5310405156537754 0.3536774861878453 0.5339548802946594 0.33468577348066303 0.5466160220994476 0.3269164364640884 0.5661832412523021 0.33036947513812154 0.5892034990791898 0.3459081491712708 0.6156767955801106 0.3614468232044199 0.6294889502762432 0.37266919889502764 0.6444521178637201 0.37957527624309395 0.655962246777164 0.3899343922651934 0.6663213627992634 0.40115676795580113 0.6663213627992634 0.40892610497237564 0.6490561694290977 0.4149689226519337 0.6363950276243096 0.4166954419889503 0.6156767955801106 0.421875 0.5995626151012893 0.4296443370165745 0.5822974217311234 0.4313708563535911 0.5650322283609577 0.42619129834254144 0.5466160220994476 0.41049551104972365 0.5385405156537754 0.41112051104972364 0.5506238489871087 0.4017455110497236 0.5652071823204421 0.39799551104972364 0.5764571823204421 0.3892455110497236 0.5772905156537754 0.37955801104972375 0.5618738489871087 0.37487051104972374 0.5435405156537755
0 0.29756560773480667 0.7123618784530387 0.28720649171270723 0.7066068139963168 0.2803004143646409 0.7227209944751382 0.2751208563535912 0.7422882136279927 0.2811636740331492 0.7595534069981584 0.2880697513812155 0.7710635359116023 0.29756560773480667 0.7952348066298343 0.30533494475138123 0.8009898710865563 0.3131042817679558 0.7998388581952118 0.3234633977900553 0.8044429097605893 0.3398653314917127 0.7929327808471456 0.34677140883977897 0.7894797421731125 0.3528142265193371 0.7848756906077349 0.35567852209944756 0.7752854511970535 0.34880352209944754 0.7673687845303868 0.33727555248618785 0.7779696132596686 0.33036947513812154 0.7906307550644568 0.3191470994475138 0.7917817679558011 0.30792472375690616 0.7756675874769797 0.3113777624309393 0.7607044198895029 0.316557320441989 0.7491942909760589 0.30360842541436467 0.7445902394106815 0.2923860497237569 0.743439226519337 0.2811636740331492 0.7376841620626152
0 0.6570303867403313 0.49460865561694306 0.6135928867403313 0.47960865561694305 0.6092178867403313 0.4800253222836097 0.5997064917127071 0.49021639042357273 0.5964053867403314 0.5079419889502764 0.5885928867403314 0.5254419889502765 0.5845303867403313 0.5437753222836097 0.5858943370165746 0.5569751381215471 0.5945269337016574 0.5661832412523021 0.5988432320441989 0.5788443830570903 0.6040227900552486 0.5926565377532229 0.6178349447513811 0.601864640883978 0.6333736187845304 0.6030156537753224 0.6453125 0.59875 0.6609375 0.5933333333333334 0.671875 0.5879166666666666 0.6809375 0.5829166666666666 0.6890625 0.575 0.69625 0.5625 0.6825 0.5570833333333333 0.673125 0.5491666666666667 0.6692178867403313 0.539608655616943 0.666875 0.5245833333333334
0 0.7077037292817681 0.6417011970534072 0.678846685082873 0.6058471454880294 0.6669716850828731 0.5983471454880294 0.6560341850828731 0.5995971454880294 0.642596685082873 0.6079304788213628 0.635409185082873 0.6200138121546961 0.6285341850828731 0.6233471454880294 0.6235341850828731 0.6362638121546962 0.6232216850828731 0.643763812154696 0.619159185082873 0.6583471454880294 0.614784185082873 0.6733471454880294 0.614784185082873 0.6825138121546961 0.608125 0.7020833333333333 0.6084375 0.7179166666666668 0.6184375 0.7345833333333334 0.6278125 0.7375 0.6440625 0.7375 0.6625 0.7345833333333334 0.6756249999999999 0.7366666666666667 0.685625 0.73375 0.70375 0.72875 0.7180628453038673 0.7176680478821365 0.7189261049723756 0.698100828729282 0.7171995856353591 0.6647214548802949
0 0.8080334944751382 0.5843646408839778 0.7939709944751382 0.5860313075506445 0.7849084944751382 0.5976979742173112 0.7730334944751382 0.6131146408839778 0.7683459944751382 0.6281146408839777 0.7667834944751382 0.6451979742173112 0.7698308011049724 0.667566758747698 0.7803125 0.6833333333333333 0.7928124999999999 0.69875 0.8021874999999999 0.7058333333333333 0.8071875000000001 0.7179166666666668 0.8203125 0.7283333333333334 0.8262499999999999 0.7333333333333333 0.83125 0.74375 0.8446875 0.7525 0.8556250000000001 0.7520833333333333 0.865 0.7420833333333333 0.86875 0.72125 0.871875 0.7008333333333333 0.8724999999999999 0.6862499999999999 0.881875 0.6641666666666667 0.8856249999999999 0.6454166666666666 0.88375 0.6283333333333334 0.8753125 0.60875 0.8640625 0.5958333333333333 0.8496874999999999 0.5916666666666667 0.8309374999999999 0.5883333333333333
0 0.9796875 0.80875 0.9703125 0.7666666666666667 0.9580645718232045 0.7729442909760589 0.9571875000000001 0.7845833333333334 0.9675604281767957 0.8028706261510129 0.9830991022099449 0.8281929097605893 0.9896874999999999 0.8383333333333334 0.9984375 0.84625 0.9984375 0.7991666666666667
0 0.9840625 0.6554166666666668 0.9753125 0.65875 0.9737500000000001 0.67375 0.9759375 0.6833333333333333 0.978125 0.6983333333333334 0.984375 0.7145833333333333 0.9928125 0.72375 0.9984375 0.7292045454545455 0.9984375 0.6766666666666666 0.9915625 0.6870833333333334 0.985 0.6845833333333334 0.9818749999999999 0.6775 0.9803124999999999 0.6683333333333333
0 0.9728125000000001 0.678125 0.05124999999999993 0.10791666666666658