0 0.37580128205128205 0.6148504273504274 0.10977564102564097 0.14850427350427348
0 0.4190705128205128 0.4823717948717949 0.08413461538461542 0.1207264957264958
0 0.44431089743589747 0.36217948717948717 0.11378205128205128 0.12179487179487178
0 0.7612179487179487 0.498931623931624 0.11618589743589744 0.1367521367521368
0 0.6542467948717949 0.5293803418803419 0.10256410256410256 0.13354700854700863
0 0.6334134615384616 0.4358974358974359 0.10897435897435895 0.13034188034188035
0 0.9389222756410256 0.608438062303194 0.11903044871794873 0.13782473009446683
0 0.9369190705128204 0.47831526112776124 0.12303685897435894 0.14807033244533235
0 0.9593549679487179 0.38089577628412574 0.07816506410256405 0.05666334744004639
0 0.3402039007092198 0.5718085106382979 0.3294917257683215 0.5816587864460204 0.3246897163120567 0.5915090622537431 0.32210401891252954 0.6033293932230102 0.3224734042553191 0.6200748620961387 0.3257978723404255 0.6417454688731284 0.3272754137115839 0.6683412135539795 0.33392434988179664 0.6865642237982662 0.34537529550827417 0.6890267927501968 0.3612588652482269 0.6831166272655634 0.3764036643026004 0.666863672182821 0.39487293144208035 0.6491331757289204 0.40263002364066186 0.6259850275807721 0.3845301418439716 0.6072695035460992 0.3667996453900709 0.6141646966115051 0.35793439716312053 0.6117021276595744 0.3549793144208037 0.5929866036249014 0.3623670212765957 0.5811662726556344
0 0.4004137115839243 0.4270094562647754 0.380466903073286 0.4531126871552403 0.3797281323877068 0.4806934594168636 0.39228723404255317 0.5063041765169424 0.4078014184397163 0.5240346729708432 0.4196217494089834 0.5393026004728132 0.4358747044917258 0.5447202521670607 0.44510933806146563 0.5269897557131599 0.4598847517730496 0.48512608353033876 0.46394799054373514 0.4531126871552403 0.4491725768321513 0.43291962174940896 0.43624408983451535 0.4427698975571316 0.41888297872340424 0.4206067769897557
0 0.44141548463356967 0.3245665878644602 0.427378841607565 0.3393420015760441 0.4177748226950354 0.36249014972419225 0.4151891252955083 0.3782505910165484 0.42442375886524814 0.39056343577620173 0.427378841607565 0.40977147360126076 0.4358747044917258 0.4186367218282111 0.45212765957446804 0.4225768321513002 0.4680112293144208 0.41371158392434987 0.48906619385342787 0.40780141843971623 0.49903959810874704 0.39598108747044913 0.49793144208037815 0.37578802206461775 0.4750295508274231 0.34180457052797475 0.46210106382978716 0.32505910165484625
0 0.5810431442080378 0.45754531126871545 0.5939716312056736 0.48118597320724976 0.5921247044917257 0.489558707643814 0.610224586288416 0.49990149724192273 0.6357121749408983 0.4816784869976359 0.6334958628841607 0.4752758077226162 0.6419917257683214 0.4659180457052797 0.6560283687943261 0.47281323877068554 0.6593528368794326 0.4560677698975571 0.6634160756501182 0.4501576044129235 0.6648936170212766 0.43439716312056736 0.6493794326241134 0.42553191489361697 0.6471631205673758 0.41371158392434987 0.6268469267139479 0.38957840819542944 0.6054225768321513 0.3949960598896769 0.5913859338061466 0.4132190701339637
0 0.623153073286052 0.4910362490149724 0.6135490543735224 0.5058116627265563 0.6091164302600471 0.5284672970843183 0.6043144208037824 0.5555555555555555 0.6024674940898345 0.5772261623325452 0.6109633569739952 0.5944641449960598 0.6283244680851063 0.594956658786446 0.6512263593380614 0.5929866036249014 0.6733894799054373 0.5895390070921985 0.6896424349881796 0.572301024428684 0.6937056737588652 0.5545705279747832 0.6896424349881796 0.5260047281323876 0.678191489361702 0.49349881796690304 0.6671099290780141 0.48118597320724976 0.6449468085106382 0.47823089046493295 0.6305407801418439 0.48512608353033876
0 0.7528073286052008 0.45754531126871545 0.7372931442080377 0.46690307328605196 0.7254728132387707 0.5013790386130811 0.726950354609929 0.5294523246650906 0.7413563829787233 0.5506304176516942 0.7690602836879432 0.5644208037825058 0.7845744680851063 0.5658983451536642 0.8030437352245862 0.5654058313632782 0.813386524822695 0.5471828211189913 0.818927304964539 0.4880811662726556 0.8026743498817966 0.4580378250591016 0.7790336879432623 0.4516351457840819 0.7668439716312057 0.4501576044129235
0 0.9009308510638296 0.42405437352245856 0.8798758865248226 0.45065011820330964 0.8787677304964537 0.48611111111111105 0.8931737588652482 0.508274231678487 0.931959219858156 0.5343774625689518 0.9419326241134751 0.5343774625689518 0.9637263593380613 0.5516154452324664 0.9781323877068557 0.5496453900709218 0.9929078014184396 0.5333924349881797 0.9925384160756501 0.47823089046493295 0.9966016548463357 0.46788810086682425 0.9984375 0.421869582348304 0.9755466903073285 0.41223404255319146 0.9423020094562646 0.41715918045705275 0.931959219858156 0.41223404255319146 0.9260490543735223 0.4176516942474389
0 0.894281914893617 0.5934791174152875 0.8998226950354609 0.6171197793538218 0.9245715130023641 0.6491331757289204 0.933806146572104 0.6624310480693458 0.9441489361702127 0.662923561859732 0.958554964539007 0.6752364066193852 0.9792405437352245 0.6762214342001575 0.9932771867612292 0.6589834515366431 0.9984375 0.6516443393748356 0.9984375 0.553585500394011 0.9833037825059101 0.5466903073286051 0.9670508274231677 0.5521079590228525 0.9637263593380613 0.5678684003152088 0.9574468085106382 0.5772261623325452 0.931959219858156 0.5762411347517731 0.9315898345153663 0.5678684003152088 0.9116430260047281 0.5905240346729708 0.9049940898345152 0.5816587864460204