0 0.4093577348066299 0.3451887661141805 0.15625000000000006 0.19337016574585633
0 0.3713743093922652 0.555824125230203 0.12862569060773485 0.2002762430939234
0 0.32432665745856354 0.7244187384898712 0.15020718232044197 0.1692564456721917
0 0.6786947513812154 0.49309392265193375 0.15107044198895014 0.18991712707182326
0 0.6972548342541437 0.6553867403314918 0.14330110497237564 0.15308471454880307
0 0.8422824585635358 0.6502071823204421 0.16229281767955825 0.19567219152854493
0 0.3970580110497236 0.2999378453038674 0.39049551104972374 0.31202117863720075 0.3817455110497237 0.33535451197053406 0.3723705110497237 0.34660451197053405 0.3645580110497237 0.3674378453038674 0.3588570441988951 0.38777624309392267 0.364899861878453 0.4107965009208103 0.37180593922651933 0.4269106813996317 0.397703729281768 0.4430248618784531 0.4192852209944752 0.4395718232044199 0.44000345303867405 0.433816758747698 0.4572686464088397 0.42460865561694294 0.47539709944751374 0.42115561694290976 0.4874827348066299 0.40734346224677714 0.4805766574585636 0.38202117863720075 0.46503798342541425 0.35554788213627997 0.44604627071823194 0.3313766114180479 0.4317455110497237 0.30535451197053404 0.42143301104972364 0.29827117863720076 0.40737051104972366 0.29827117863720076
0 0.3752589779005525 0.49597145488029465 0.3605835635359116 0.49827348066298344 0.34431975138121546 0.5075828729281769 0.32806975138121547 0.5171662062615103 0.32056975138121546 0.5309162062615103 0.3208736187845304 0.5604281767955802 0.33123273480662985 0.5834484346224679 0.35108770718232046 0.6064686924493555 0.3623100828729282 0.6237338858195212 0.37353245856353595 0.6375460405156538 0.38561809392265195 0.6525092081031308 0.40115676795580113 0.6582642725598528 0.40892610497237564 0.6421500920810314 0.4149689226519337 0.6191298342541437 0.4201484806629834 0.6030156537753224 0.4236015193370166 0.5834484346224679 0.4296443370165745 0.5661832412523021 0.4365504143646408 0.5454650092081031 0.43223411602209955 0.5201427255985267 0.4270545580110497 0.5097836095764273 0.41755870165745856 0.512085635359116 0.4123791436464089 0.5212937384898712 0.39713225138121544 0.5488328729281768 0.3883822513812154 0.5496662062615102 0.3786947513812155 0.5342495395948436 0.3740072513812155 0.5159162062615102
0 0.28817506906077356 0.7049263351749542 0.277710635359116 0.695096685082873 0.2673515193370166 0.7043047882136281 0.2630352209944752 0.7158149171270718 0.25911256906077357 0.7253430018416208 0.2597375690607736 0.7499263351749542 0.27166781767955805 0.7779696132596686 0.2828901933701658 0.8009898710865563 0.29411256906077354 0.8044429097605893 0.3088000690607736 0.8036763351749541 0.32864295580110503 0.7975368324125232 0.34418162983425415 0.788328729281768 0.3469250690607736 0.7761763351749541 0.3375500690607736 0.7649263351749541 0.3306750690607736 0.7570096685082874 0.33036947513812154 0.779120626151013 0.3182838397790056 0.7929327808471456 0.304471685082873 0.7986878453038675 0.29756560773480667 0.7699125230202579 0.3028625690607736 0.7549263351749541 0.3056750690607736 0.7411763351749541 0.30380006906077356 0.7361763351749542 0.2847375690607736 0.7307596685082874 0.2738000690607736 0.7215930018416208
0 0.6808529005524863 0.45568600368324125 0.6343111187845303 0.44968232044198914 0.6247410220994475 0.4545349907918969 0.6195614640883977 0.4648941068139963 0.6152451657458563 0.4798572744014733 0.6093111187845303 0.49551565377532253 0.6052486187845302 0.5138489871086558 0.6040227900552486 0.5293508287292817 0.6092023480662985 0.5431629834254145 0.6143819060773481 0.5546731123388583 0.620424723756906 0.571938305709024 0.6307838397790055 0.5857504604051567 0.6480490331491712 0.586901473296501 0.6635877071823204 0.5845994475138123 0.6868957182320441 0.5753913443830573 0.7145200276243093 0.5604281767955802 0.7205628453038674 0.5454650092081031 0.722289364640884 0.5281998158379374 0.7102037292817679 0.512085635359116 0.6946650552486189 0.49021639042357273 0.6929385359116023 0.4671961325966851
0 0.7300587016574586 0.6191298342541437 0.7012016574585636 0.5832757826887659 0.6893266574585637 0.5757757826887658 0.6783891574585637 0.5770257826887659 0.6649516574585637 0.5853591160220992 0.6577641574585635 0.5974424493554326 0.6508891574585636 0.6007757826887659 0.6458891574585637 0.6136924493554327 0.6455766574585636 0.6211924493554325 0.6415141574585637 0.6357757826887659 0.6371391574585636 0.6507757826887659 0.6371391574585636 0.6599424493554326 0.6281940607734805 0.6778314917127072 0.6256042817679559 0.7043047882136281 0.6316470994475137 0.7215699815837938 0.653228591160221 0.7330801104972376 0.6704937845303867 0.7307780847145489 0.6912120165745856 0.7284760589318602 0.7119302486187845 0.7284760589318602 0.7335117403314916 0.7112108655616943 0.7447341160220994 0.7043047882136281 0.7481871546961326 0.6812845303867404 0.7395545580110496 0.6421500920810314
0 0.8364589088397791 0.5727601289134437 0.822396408839779 0.5744267955801104 0.8133339088397792 0.5860934622467772 0.8014589088397791 0.6015101289134438 0.7967714088397791 0.6165101289134437 0.7952089088397791 0.6335934622467772 0.7982562154696133 0.655962246777164 0.806025552486188 0.674378453038674 0.8172479281767956 0.6870395948434623 0.8310600828729282 0.695096685082873 0.8448722375690607 0.7077578268876612 0.8569578729281769 0.7169659300184162 0.8655904696132597 0.7284760589318602 0.8923515193370166 0.7468922651933703 0.902710635359116 0.7307780847145489 0.908753453038674 0.7123618784530387 0.908753453038674 0.6962476979742174 0.9113432320441989 0.6789825046040516 0.92083908839779 0.6571132596685083 0.9130697513812155 0.6502071823204421 0.9217023480662982 0.6375460405156538 0.9191125690607734 0.6030156537753224 0.9096167127071823 0.5857504604051567 0.8914882596685084 0.5765423572744016 0.8768128453038674 0.5707872928176797 0.8602089088397792 0.5702601289134438