0 0.44828441025814864 0.4569714498370325 0.09874367948370262 0.11591821143704628
0 0.5570907588986128 0.43078709874784094 0.10480651779722568 0.13032419749568186
0 0.5843268013351749 0.5422937021656151 0.10009639732964999 0.13694037344654778
0 0.6353553730756443 0.3831136194637748 0.08060657948462194 0.13081057226088297
0 0.7068434215974452 0.4335770793051073 0.09881315680510969 0.12867917472311852
0 0.7784405498968876 0.43547185846895253 0.07615193312710859 0.1341381613823494
0 0.8458296478417646 0.3232897691232844 0.10207596235019585 0.1368573160243466
0 0.8494766815034331 0.497092707736441 0.11927580365980042 0.11484236230489593
0 0.811885430216444 0.6115313457262246 0.10658336043288799 0.13556269145244915
0 0.935859148292594 0.4063497656223667 0.08296920341481204 0.15813380208859998
0 0.5579975621891691 0.372834637048545 0.5495770027624308 0.3735478054020872 0.5349936694290975 0.3794505831798649 0.5284832527624308 0.3895200276243094 0.5240561694290975 0.4027144720687538 0.5235353360957642 0.41938113873542054 0.5238829788558357 0.4332513037152117 0.5330729166666667 0.459375 0.5449767288558357 0.4676263037152117 0.5566954788558357 0.48116797038187836 0.5647683955225024 0.49193185927076727 0.5761233675151602 0.4972141785381229 0.5878582527624309 0.49160336095764273 0.5941082527624308 0.4857005831798649 0.6003582527624308 0.4770200276243094 0.6013020833333333 0.46076388888888886 0.6046875 0.44479166666666664 0.6075520833333333 0.43020833333333336 0.6105145027624308 0.41243669429097607 0.6058270027624308 0.3950755831798649 0.5952371455225023 0.38568185927076726 0.5871642288558355 0.37873741482632284 0.5741433955225024 0.3735290814929895
0 0.5798677958275494 0.49131243814023906 0.5734816684439378 0.49714088844661397 0.5665865458275494 0.5006874381402391 0.5527844624942161 0.5128402159180169 0.5454927958275494 0.5225624381402391 0.5444511291608828 0.535062438140239 0.5504407124942161 0.5524235492513502 0.5582532124942161 0.5701318825846833 0.5691907124942162 0.5833263270291279 0.5757011291608828 0.5937429936957945 0.5858573791608828 0.6045068825846833 0.5999198791608829 0.6076318825846834 0.6137219624942162 0.5951318825846835 0.6242907768819922 0.5833763191641921 0.6310503442696795 0.5688172509445584 0.6333901945192636 0.5424722703566494 0.632610244436069 0.5227135349157176 0.6261106604094465 0.5043413774004651 0.6137219624942162 0.4892291048069057 0.6025240458275495 0.4857568825846835 0.5918469624942161 0.4857568825846835
0 0.6410656957365413 0.355710824194176 0.6389413324324409 0.345330331762389 0.6337329990991076 0.335955331762389 0.6204927790698745 0.33071082419417597 0.6137219457365412 0.33036360197195375 0.6069511124032079 0.3331413797497315 0.5999198624032078 0.3439052686386204 0.5957531957365412 0.3550163797497315 0.5963541666666666 0.37430555555555556 0.5979511300227063 0.38732395184412305 0.6044507140493286 0.4070826872850548 0.6066496657657743 0.4231081095401668 0.6087329990991076 0.43039977620683345 0.6144621657657743 0.445330331762389 0.6249198624032078 0.44946082419417605 0.6352698335225515 0.44099547229959474 0.6420294009102387 0.4305961378569991 0.6511288185475099 0.4195035144515637 0.6573438955523792 0.4080128499768648 0.6633334788857125 0.39967951664353146 0.6695876371831172 0.3893454445680362 0.6714075207105715 0.37686624323692147 0.6650240290698746 0.358835824194176 0.6572115290698746 0.34980804641639823 0.6480969457365413 0.34980804641639823
0 0.6947132790499565 0.39308402764371625 0.6819528623832898 0.39204236097704953 0.6757028623832898 0.3969034720881607 0.6710153623832898 0.40454236097704954 0.6668486957166232 0.4132229165326052 0.6661998121991277 0.424899942315294 0.6655466123832899 0.43648680542149404 0.6645049457166232 0.4444729165326052 0.6600778623832899 0.45350069431038287 0.6577341123832899 0.4649590276437162 0.6566924457166232 0.47607013875482734 0.6607310621991277 0.48983049787084953 0.6669810621991277 0.4943443867597384 0.6790882790499565 0.494125694310383 0.6915882790499566 0.49030624986593857 0.7038278623832899 0.4896118054214941 0.7147143903232182 0.48628025829674093 0.7219939244330351 0.48142723555686295 0.7300534086260467 0.46964132318858787 0.7357730425694744 0.45958863322741206 0.7378529094579935 0.4422564091564193 0.7346893955324612 0.4332332756486273 0.7310370626151012 0.4252263658686311 0.7289062499999999 0.4152777777777778 0.7263020833333333 0.4100694444444445 0.7177083333333333 0.4010416666666667 0.7078599792817678 0.39605969920196443
0 0.7595029280925281 0.4013592102481132 0.7506487614258613 0.40934532135922436 0.7467425114258612 0.4253175435814465 0.7477841780925281 0.4409425435814465 0.750909178092528 0.4565675435814465 0.7566383447591947 0.4642064324703354 0.7630983375811644 0.47546387798522816 0.7764300114258613 0.48330365469255765 0.7878861447158356 0.4993114734088572 0.80078125 0.5006944444444444 0.8079382280491689 0.4958392511866349 0.8108028113825021 0.4892420289644127 0.8105423947158357 0.47708925118663487 0.8087216780925282 0.46941476580366875 0.8153549931552078 0.4602115208027545 0.8158749598773376 0.45050547532299856 0.8176948434047919 0.43802627399188376 0.8169148933215972 0.42277391680941007 0.8100237614258614 0.41003976580366874 0.8058570947591945 0.40344254358144654 0.797784178092528 0.3968453213592243 0.7847633447591946 0.3919842102481132 0.7772112614258614 0.3926786546925577 0.766534178092528 0.39441476580366874
0 0.8134851214826119 0.29651670494438875 0.8020267881492786 0.3183917049443888 0.7984637975803066 0.3337958196335349 0.8005471309136398 0.35983748630020157 0.8078387975803066 0.37615693074464596 0.81617213091364 0.3876152640779793 0.8317708333333333 0.39166666666666666 0.8569208647994595 0.38794330275201244 0.8776304642469732 0.38344859741131265 0.8867450475803066 0.3744208196335349 0.8942939708948865 0.36638367900746555 0.8963738377834056 0.3511313218249919 0.8924740873674324 0.33622560912393806 0.8875344035071994 0.319586674015785 0.8801517881492786 0.30866948272216654 0.8715580381492787 0.29478059383327765 0.8598392881492787 0.2833222604999443 0.8465580381492787 0.27533614938883316 0.8358809548159455 0.27741948272216654 0.8267663714826122 0.28054448272216653 0.8207767881492789 0.28957226049994433
0 0.8305434605039791 0.46808807182933293 0.8242934605039791 0.47607418294044407 0.8209080438373123 0.4857964051626663 0.8175226271706455 0.4996852940515552 0.8143976271706455 0.5125325162737775 0.8177830438373123 0.5264214051626664 0.8248142938373123 0.5371852940515552 0.8341892938373123 0.5437825162737774 0.8443455438373123 0.5486436273848886 0.8529392938373123 0.5476019607182219 0.8630208333333332 0.546875 0.8729166666666665 0.5503472222222221 0.8864583333333332 0.5534722222222221 0.8999888178427298 0.5536670613178977 0.9101562499999998 0.5458333333333333 0.9091145833333332 0.5322916666666667 0.9049479166666664 0.5177083333333334 0.9005208333333332 0.509375 0.8999999999999998 0.4951388888888889 0.8960937499999998 0.4819444444444445 0.8901041666666665 0.4638888888888889 0.8815104166666664 0.45173611111111117 0.8692708333333332 0.44479166666666675 0.8581476271706455 0.4496852940515552 0.8487726271706457 0.45176862738488854 0.8378351271706455 0.46149084960711073
0 0.8094828500036769 0.5708029109709721 0.804543166143444 0.5735760668223311 0.799131607694971 0.5775526567650192 0.7939232743616378 0.5782471012094637 0.7842878576949711 0.5844971012094635 0.7811628576949712 0.5935248789872414 0.7803166286123802 0.6046134007521737 0.7790795243616379 0.6157471012094633 0.7816836910283045 0.6268582123205745 0.7858503576949711 0.6362332123205745 0.7934024410283046 0.6428304345427966 0.8014753576949711 0.6518582123205745 0.8137149410283044 0.6591498789872412 0.8252937500766064 0.6666627629263279 0.8351562500000002 0.6690972222222221 0.8423898106248642 0.6768403023557013 0.8557291666666667 0.6746527777777778 0.8591145833333333 0.671875 0.8653645833333334 0.6569444444444444 0.86328125 0.6326388888888889 0.8614583333333334 0.6184027777777777 0.8604166666666666 0.5958333333333333 0.8565104166666666 0.5760416666666667 0.8450520833333334 0.5659722222222221 0.8319441076949714 0.5674832123205746 0.8184024410283044 0.5660943234316859 0.8129336910283044 0.5692193234316858
0 0.9354551446828948 0.3870512709531587 0.9270689959452169 0.3851589336219868 0.9210794126118834 0.3809922669553201 0.9143085792785502 0.3799506002886534 0.9075377459452169 0.3816867113997645 0.9020689959452168 0.38793671139976454 0.8984231626118835 0.3987006002886534 0.8968606626118835 0.4143256002886534 0.8947772957631999 0.4275730915529571 0.8942564624298663 0.4404203137751793 0.8942564624298663 0.4577814248862904 0.8947772957631999 0.46715642488629044 0.8986835457631998 0.4744480915529571 0.9062356290965331 0.4806980915529571 0.9148293790965332 0.4838230915529571 0.9312798406316359 0.4819401991667254 0.9437590419627508 0.4711942202427099 0.9546783431274761 0.46114153028153404 0.9637777607647473 0.4476223955061597 0.9713541666666666 0.4357638888888889 0.9749999999999999 0.4236111111111111 0.9752604166666666 0.4166666666666667 0.9708333333333332 0.4034722222222222 0.9606770833333332 0.3920138888888889 0.9458189624298663 0.38903142488629044
0 0.41796875 0.475 0.4177083333333333 0.4638888888888889 0.4169270833333333 0.45138888888888895 0.4169270833333333 0.42847222222222225 0.4315104166666667 0.41423611111111114 0.43984375 0.40625 0.4481770833333333 0.40763888888888894 0.4557291666666667 0.41111111111111115 0.46281230082306035 0.406961361716558 0.4786977174897271 0.4163242291597084 0.4850121052657788 0.4337095830409518 0.4894318224038819 0.45520154088898285 0.4857920553489735 0.4718404759971359 0.4829322383772596 0.48085323251405215 0.4738328207399884 0.4943723672894266 0.4635416666666667 0.5100694444444445 0.4527741684937321 0.5123978803232591 0.4415948839679418 0.5071982131019612 0.43171551624747584 0.5016519013992435 0.4252159322208535 0.49471901177084643 0.4234375 0.48784722222222227
0 0.343359375 0.3956597222222223 0.08515625000000004 0.11562500000000006
0 0.3408455681120018 0.4760681182579881 0.09262863622400355 0.13199734762708726
0 0.3158854166666667 0.3628472222222222 0.30833333333333335 0.37048611111111107 0.30291783443723314 0.37774648401630595 0.30317825110389984 0.39823259512741704 0.30708450110389984 0.40899648401630595 0.303125 0.4180555555555555 0.30390625 0.4385416666666666 0.3141062064108928 0.45394118177296067 0.32580545765881297 0.448394870070243 0.3354699177705664 0.4357325951274171 0.3361979166666667 0.4267361111111111 0.3432291666666667 0.4253472222222222 0.3614583333333333 0.4319444444444444 0.36770833333333336 0.42395833333333327 0.3729166666666667 0.41458333333333325 0.3734375 0.4097222222222222 0.37390237945581795 0.4057575988556007 0.3692226789566499 0.3995179981900433 0.359343311236184 0.3998646426714631 0.3513553344372331 0.38989926179408374 0.34562616777056643 0.3819131506829726 0.3411990844372331 0.3760103729051948 0.3341678344372331 0.3746214840163059 0.3296875 0.36770833333333325 0.32270950110389984 0.36003815068297257
0 0.33984374999999994 0.4340277777777778 0.33046875 0.4434027777777778 0.32175643226605133 0.45563129705555205 0.317329348932718 0.4653535192777743 0.312641848932718 0.48375629705555206 0.3097772655993847 0.4962562970555521 0.30378768226605135 0.5049368526111077 0.3014439322660513 0.5153535192777743 0.30300643226605134 0.5320201859444409 0.30937499999999996 0.5357638888888888 0.3177083333333333 0.5378472222222221 0.3294270833333333 0.5354166666666667 0.3427083333333333 0.5350694444444445 0.35468749999999993 0.5340277777777779 0.36640624999999993 0.53125 0.37265624999999997 0.528125 0.3778645833333333 0.5208333333333334 0.37838541666666664 0.5142361111111111 0.38307291666666665 0.5090277777777777 0.3809895833333333 0.5024305555555556 0.37994791666666666 0.4996527777777778 0.37656249999999997 0.49618055555555557 0.3748814322660513 0.4969507414999965 0.3756626822660513 0.48549240816666317 0.37279809893271804 0.475770185944441 0.36758976559938467 0.4657007414999965 0.36290226559938465 0.45736740816666316 0.3582147655993847 0.44903407483332985 0.35026041666666663 0.43645833333333334
0 0.18151041666666665 0.3229166666666667 0.11510416666666667 0.11874999999999994
0 0.14596354166666664 0.41805555555555557 0.09192708333333333 0.14861111111111114
0 0.15698948029757037 0.3106438592472746 0.15126984635414273 0.32866937228110704 0.1525697631594672 0.34149521809364175 0.15724946365863526 0.35848079768321467 0.1715485485172043 0.37165328797716923 0.18584763337577334 0.381705977938345 0.19988673487327752 0.38239926690118475 0.21354166666666669 0.375 0.225 0.3684027777777778 0.23706435550555707 0.3650670428301919 0.23671875 0.3545138888888889 0.2341145833333333 0.3392361111111111 0.2260416666666667 0.325 0.2153645833333333 0.3090277777777778 0.20326651856712105 0.29088512380634274 0.18974738379174674 0.2867253900293045 0.17726818246063192 0.2867253900293045 0.16712883137910114 0.29400492413912155
0 0.11484375000000002 0.4524305555555556 0.10859375000000002 0.4340277777777778 0.11041666666666668 0.4131944444444445 0.11666666666666667 0.3965277777777778 0.12604166666666666 0.3864583333333334 0.13671875 0.38229166666666664 0.1450380451894173 0.39836814078030375 0.16297689710289484 0.39524834044752505 0.1723362981012309 0.390741962189067 0.18403554934915106 0.40148794111308245 0.1931349669864223 0.42090003207259435 0.1928749836253574 0.43823225614358724 0.18767531640405954 0.45105810195612184 0.17571608179507453 0.4656171701757558 0.16297689710289484 0.48086952735822946 0.14971774568858537 0.491615506282245 0.14295817830089816 0.4909222173194053 0.13359877730256203 0.48260274976532874
0 0.04140625 0.5371527777777777 0.05625 0.5190972222222222 0.06770833333333334 0.5263888888888889 0.05546875 0.5347222222222222 0.05390625 0.5513888888888888 0.06536458333333332 0.5531249999999999 0.08307291666666665 0.5510416666666665 0.09557291666666665 0.5586805555555555 0.10833333333333328 0.5677083333333333 0.11562499999999998 0.5586805555555555 0.12734374999999998 0.5628472222222222 0.12552083333333328 0.5781249999999999 0.11848958333333329 0.5892361111111111 0.10026041666666666 0.6038194444444444 0.08359375 0.6180555555555555 0.07057291666666668 0.6249999999999999 0.05885416666666667 0.6232638888888888 0.053125 0.6149305555555554
0 0.0981770833333333 0.5590277777777779 0.11093749999999995 0.13611111111111107