0 0.1996875 0.3360416666666667 0.1903125 0.34104166666666663 0.18515625 0.3485416666666667 0.17734375 0.36312500000000003 0.17453125 0.37145833333333333 0.17421875 0.38083333333333336 0.1765625 0.3902083333333334 0.18046875 0.395625 0.18390625 0.39979166666666666 0.18843749999999998 0.40541666666666665 0.20218750000000002 0.4058333333333334 0.21109375 0.408125 0.21984374999999998 0.405 0.2359375 0.40249999999999997 0.24296875 0.39791666666666664 0.24546874999999999 0.3927083333333333 0.24453125 0.3852083333333333 0.24 0.3754166666666666 0.21812499999999999 0.340625 0.21140625000000002 0.335625
0 0.16499999999999998 0.42583333333333334 0.16499999999999998 0.4375 0.17203125 0.44875000000000004 0.1796875 0.44625 0.1896875 0.43687499999999996 0.190625 0.430625 0.20406249999999998 0.44145833333333334 0.20890625 0.4516666666666667 0.20828125000000003 0.4685416666666667 0.20296875 0.4764583333333333 0.18609375 0.5108333333333334 0.17953125 0.5160416666666666 0.17484375000000002 0.515 0.17281249999999998 0.5108333333333334 0.1615625 0.493125 0.15015625 0.47479166666666667 0.14750000000000002 0.4658333333333333 0.1453125 0.45416666666666666 0.14734375 0.44375 0.14953125 0.4377083333333333 0.1546875 0.4275
0 0.11671875000000001 0.5508333333333333 0.1109375 0.558125 0.11156250000000001 0.571875 0.11859375000000001 0.5741666666666667 0.1284375 0.573125 0.13609374999999999 0.566875 0.13890625 0.571875 0.1509375 0.5802083333333333 0.15515625 0.58125 0.15828124999999998 0.5770833333333333 0.1596875 0.5691666666666666 0.1625 0.5704166666666667 0.16359375 0.5775 0.15203125 0.593125 0.1284375 0.611875 0.12046874999999999 0.611875 0.114375 0.60625 0.11078125000000001 0.59625 0.10218750000000001 0.565 0.1003125 0.55 0.10625 0.5433333333333333
0 0.30843750000000003 0.41083333333333333 0.303125 0.41833333333333333 0.30078125 0.42624999999999996 0.29859375 0.4341666666666667 0.2975 0.46125 0.30453125000000003 0.47375 0.30359375 0.4791666666666667 0.31046874999999996 0.49041666666666667 0.31859375 0.489375 0.325625 0.48166666666666663 0.325 0.475 0.3284375 0.4735416666666667 0.33578125000000003 0.4810416666666667 0.33718750000000003 0.476875 0.34421875 0.47270833333333334 0.3484375 0.4670833333333333 0.35343749999999996 0.458125 0.35515625 0.4477083333333333 0.34500000000000003 0.4516666666666667 0.33890625 0.451875 0.33484375 0.4408333333333333 0.33203125 0.43979166666666664 0.3278125 0.439375 0.32296874999999997 0.4375 0.31906249999999997 0.431875 0.31875 0.4272916666666667 0.320625 0.4247916666666667 0.32078125 0.42250000000000004 0.31484375 0.4216666666666667 0.3121875 0.41791666666666666
0 0.31734375 0.49 0.3078125 0.51 0.3075 0.5160416666666666 0.2971875 0.5502083333333334 0.29953124999999997 0.5577083333333334 0.305625 0.565625 0.34921875 0.5616666666666668 0.35515625 0.5579166666666667 0.35859375 0.5516666666666666 0.36 0.5452083333333333 0.35765625 0.5316666666666666 0.3540625 0.52125 0.34984375 0.5204166666666666 0.34453125 0.49729166666666663 0.33484375 0.4810416666666667 0.32875 0.48125 0.32437499999999997 0.4827083333333333
0 0.40359375000000003 0.47375 0.39187500000000003 0.48520833333333335 0.3884375 0.495 0.38953125 0.5208333333333334 0.3921875 0.5310416666666666 0.40796875000000005 0.558125 0.41578125000000005 0.563125 0.42203125 0.5612499999999999 0.44671874999999994 0.523125 0.44921875 0.5166666666666667 0.44828124999999996 0.5025 0.44578125 0.4922916666666667 0.4390625 0.48333333333333334 0.43609375000000006 0.47854166666666664 0.42953125 0.47625 0.41484375 0.47125 0.40812499999999996 0.47145833333333337
0 0.47093749999999995 0.4891666666666667 0.4765625 0.481875 0.48734374999999996 0.478125 0.49453125 0.481875 0.51 0.478125 0.535625 0.489375 0.53578125 0.5087499999999999 0.52796875 0.5414583333333333 0.5248437499999999 0.5620833333333334 0.516875 0.57375 0.51015625 0.57375 0.5009375 0.5658333333333334 0.49890625 0.5556249999999999 0.47953124999999996 0.5352083333333333 0.47046875000000005 0.518125
0 0.5234375 0.565 0.5290625 0.565 0.535625 0.5577083333333334 0.5340625 0.5525 0.5375 0.5516666666666666 0.54140625 0.55625 0.55359375 0.5741666666666667 0.5560937499999999 0.61 0.55359375 0.6262500000000001 0.5484375 0.635 0.5403125 0.636875 0.5340625 0.6447916666666667 0.529375 0.645625 0.52171875 0.6439583333333334 0.51453125 0.64 0.49640625 0.614375 0.49328125 0.6054166666666667 0.49046874999999995 0.5952083333333333 0.4925 0.5816666666666667 0.49453125 0.5793750000000001 0.49390625000000005 0.59125 0.49906249999999996 0.5910416666666667 0.51109375 0.57375 0.5170312499999999 0.573125
0 0.5515625 0.41583333333333333 0.5578125 0.4166666666666667 0.5778125000000001 0.431875 0.58015625 0.448125 0.5878125 0.455625 0.5951562499999999 0.44625 0.5971875 0.44583333333333336 0.59859375 0.4552083333333333 0.59765625 0.46875 0.59484375 0.47541666666666665 0.58046875 0.489375 0.56453125 0.5072916666666667 0.5609375 0.5110416666666667 0.55265625 0.510625 0.54875 0.5075 0.54421875 0.4995833333333334 0.54375 0.48083333333333333 0.5393749999999999 0.465625 0.536875 0.45749999999999996 0.5365624999999999 0.44187499999999996 0.54171875 0.4360416666666667 0.54109375 0.43041666666666667
0 0.6059375 0.47479166666666667 0.59609375 0.4864583333333333 0.5951562499999999 0.49125 0.591875 0.493125 0.5928125 0.50375 0.5846875 0.5391666666666667 0.58484375 0.5497916666666666 0.58703125 0.5595833333333334 0.5923437500000001 0.5612499999999999 0.60328125 0.563125 0.61015625 0.5556249999999999 0.62421875 0.5560416666666667 0.6303124999999999 0.55125 0.6396875 0.5489583333333333 0.6446875000000001 0.5429166666666667 0.64890625 0.5358333333333333 0.6485937500000001 0.5302083333333333 0.65234375 0.5260416666666666 0.6537499999999999 0.5208333333333334 0.65109375 0.5133333333333333 0.6353125000000001 0.48854166666666665 0.6190625 0.475 0.61203125 0.4735416666666667
0 0.6765625 0.48333333333333334 0.6839062499999999 0.4897916666666667 0.69234375 0.4822916666666667 0.69984375 0.4814583333333333 0.7071875000000001 0.4864583333333333 0.71390625 0.4947916666666667 0.71703125 0.5033333333333333 0.718125 0.5191666666666667 0.7121875 0.5325 0.70828125 0.5483333333333333 0.7073437499999999 0.5685416666666666 0.70234375 0.575 0.6995312499999999 0.5747916666666666 0.6950000000000001 0.5710416666666667 0.689375 0.5658333333333334 0.686875 0.560625 0.67796875 0.5508333333333333 0.6734375 0.5479166666666667 0.6640625 0.5372916666666666 0.6642187500000001 0.5297916666666667 0.66015625 0.5222916666666666 0.65953125 0.511875 0.6599999999999999 0.5016666666666667 0.6646875 0.4922916666666667 0.66890625 0.48708333333333337
0 0.7229687499999999 0.4116666666666667 0.72734375 0.4029166666666667 0.7403125 0.39499999999999996 0.74546875 0.3954166666666667 0.7540625000000001 0.39645833333333336 0.76125 0.4010416666666667 0.7681250000000001 0.40625 0.77390625 0.416875 0.7814062500000001 0.4379166666666666 0.78625 0.46604166666666663 0.785625 0.4839583333333334 0.776875 0.49041666666666667 0.7698437499999999 0.4925 0.7621875 0.490625 0.7484375 0.4895833333333333 0.73828125 0.48833333333333334 0.72890625 0.4845833333333333 0.7173437500000001 0.4766666666666667 0.7125 0.46770833333333334 0.7075 0.44854166666666667 0.70859375 0.434375 0.713125 0.42458333333333337
0 0.72875 0.5533333333333333 0.7415625 0.5491666666666667 0.75234375 0.5379166666666666 0.75265625 0.53125 0.7609375 0.5329166666666667 0.778125 0.556875 0.77890625 0.5966666666666666 0.7828125 0.6052083333333333 0.7809375000000001 0.6235416666666667 0.7740625 0.6277083333333333 0.765 0.6272916666666667 0.7434375 0.611875 0.7357812499999999 0.611875 0.7284375 0.6081249999999999 0.7146874999999999 0.5922916666666667 0.7146874999999999 0.5814583333333334 0.71703125 0.5710416666666667 0.71953125 0.5654166666666666
0 0.68015625 0.6366666666666667 0.6925 0.6277083333333333 0.698125 0.62875 0.7034374999999999 0.63625 0.7103125 0.64125 0.715625 0.6366666666666667 0.71953125 0.6335416666666667 0.71921875 0.6254166666666666 0.7215625 0.6245833333333334 0.7371875 0.62875 0.7420312499999999 0.6404166666666666 0.73921875 0.6966666666666667 0.735625 0.706875 0.73 0.7112499999999999 0.72421875 0.7104166666666667 0.7115625 0.6997916666666666 0.70796875 0.6935416666666666 0.6978125000000001 0.6860416666666667 0.68796875 0.6760416666666667 0.6815625 0.6675 0.68015625 0.6616666666666667
0 0.8025 0.4841666666666667 0.79578125 0.5202083333333333 0.7954687500000001 0.5352083333333333 0.8034375 0.5447916666666667 0.80703125 0.54375 0.8123437499999999 0.5516666666666666 0.8267187500000001 0.5527083333333334 0.83234375 0.5479166666666667 0.8517187500000001 0.53375 0.8595312500000001 0.52125 0.8612500000000001 0.5154166666666666 0.86015625 0.504375 0.8573437500000001 0.495 0.8540625000000001 0.49020833333333336 0.8503125 0.48854166666666665 0.8474999999999999 0.49354166666666666 0.8415625 0.49354166666666666 0.8295312499999999 0.4860416666666667 0.82890625 0.4810416666666667 0.8292187500000001 0.47520833333333334 0.83203125 0.46791666666666665 0.8201562499999999 0.46416666666666667 0.81703125 0.46416666666666667 0.80921875 0.4685416666666667 0.8057812500000001 0.47375
0 0.86546875 0.51875 0.8807812500000001 0.509375 0.8829687500000001 0.51625 0.89421875 0.5191666666666667 0.9225 0.49583333333333335 0.9324999999999999 0.5104166666666666 0.9353125 0.5270833333333333 0.93046875 0.5408333333333334 0.92734375 0.5502083333333334 0.9220312500000001 0.5735416666666667 0.9196875 0.5760416666666667 0.91015625 0.5764583333333333 0.90234375 0.5829166666666666 0.8910937499999999 0.5829166666666666 0.88515625 0.5777083333333334 0.8699999999999999 0.5535416666666666 0.8676562499999999 0.5441666666666667 0.86546875 0.5341666666666666
0 0.87234375 0.6408333333333334 0.8685937499999999 0.644375 0.87078125 0.6614583333333334 0.87734375 0.6672916666666667 0.88546875 0.6622916666666666 0.8975 0.6608333333333333 0.90015625 0.6547916666666667 0.9043749999999999 0.6533333333333334 0.92265625 0.6672916666666667 0.92515625 0.6679166666666667 0.9262499999999999 0.693125 0.92125 0.6970833333333334 0.9076562499999999 0.72375 0.8995312500000001 0.7289583333333333 0.88890625 0.7327083333333333 0.8770312499999999 0.7252083333333333 0.87078125 0.7241666666666667 0.86640625 0.7222916666666667 0.8578125 0.7116666666666667 0.85671875 0.7008333333333333 0.85390625 0.654375 0.85625 0.6445833333333333 0.86109375 0.64125 0.86359375 0.6389583333333333
0 0.20982142857142855 0.3585164835164836 0.07108516483516483 0.097985347985348
0 0.17711195054945056 0.4579899267399268 0.06370192307692309 0.11652930402930402
0 0.13169642857142855 0.5618131868131868 0.06353021978021978 0.10073260073260074
0 0.3264938186813187 0.4405906593406594 0.05820741758241761 0.0986721611721612
0 0.3283825549450549 0.5243818681318682 0.0630151098901099 0.08264652014652013
0 0.41895604395604397 0.5108745421245422 0.06078296703296702 0.10279304029304027
0 0.502918956043956 0.5209478021978022 0.0655906593406594 0.10370879120879119
0 0.5232657967032968 0.5924908424908426 0.06473214285714288 0.10622710622710621
0 0.5678228021978022 0.4586767399267399 0.06215659340659343 0.10462454212454216
0 0.619194994646681 0.5073385082084225 0.06942585653104923 0.11175053533190583
0 0.6890390792291221 0.5202756959314775 0.05855192719486082 0.11041220556745177
0 0.7469218415417559 0.4307191291934333 0.07829229122055673 0.1226802284082798
0 0.7488456905781584 0.573139721627409 0.06875669164882234 0.10951998572448254
0 0.7113724571734475 0.6643692005710207 0.062399625267666 0.09435224839400433
0 0.828643602783726 0.48815578158458245 0.06541086723768749 0.1304871520342612
0 0.9004115364025698 0.5317630264097074 0.0700950214132762 0.10305139186295502
0 0.8899558351177731 0.6668228051391863 0.07226980728051391 0.1322715917201999