0 0.22630208333333335 0.3987847222222223 0.10364583333333333 0.10243055555555554
0 0.2974875672413687 0.3603352403248524 0.11007930114940416 0.13108714731637156
0 0.33395416091160224 0.47143857427869873 0.1049479166666667 0.14409722222222243
0 0.4009383711597154 0.32148137497714574 0.08084485926234053 0.13478288500647073
0 0.46009654120626164 0.37071823204419885 0.08723958333333322 0.1277777777777778
0 0.5417651711542764 0.37374188162454847 0.08196784230855263 0.13706709658243027
0 0.607163497742406 0.25797761353340914 0.09400633784852142 0.143766995155404
0 0.6135083868812873 0.4334123194384436 0.1042332262374254 0.11581425001200168
0 0.5749754799302421 0.5496908081246826 0.1042157068061825 0.13186838375063464
0 0.7285553567297292 0.35235684732015093 0.08887579172833507 0.150405069717036
0 0.7994036314456723 0.37265672958870477 0.07931773710865553 0.15051987415592388
0 0.8144746320397559 0.5335779727285913 0.12365490258715521 0.14951072120948422
0 0.9390625 0.2976861206358545 0.121875 0.13148335238282008
0 0.29670180942673813 0.3020646094242357 0.28828125 0.3027777777777778 0.27369791666666665 0.3086805555555555 0.2671875 0.31875 0.26276041666666666 0.3319444444444445 0.26223958333333336 0.34861111111111115 0.26258722609340485 0.3624812760909023 0.27326430942673813 0.3788007205353468 0.2836809760934048 0.39685627609090235 0.2953997260934048 0.41039794275756897 0.30347264276007146 0.4211618316464579 0.31482761475272947 0.42644415091381355 0.3265625 0.42083333333333334 0.3328125 0.4149305555555555 0.3390625 0.40625 0.34401041666666665 0.39166666666666666 0.346875 0.3746527777777778 0.3484375 0.359375 0.34921875 0.3416666666666667 0.34453125 0.3243055555555555 0.3339413927600715 0.31491183164645786 0.32586847609340475 0.30796738720201344 0.3128476427600715 0.30275905386868013
0 0.33190696071694503 0.4264632163602917 0.32552083333333337 0.4322916666666667 0.31862571071694507 0.43583821636029174 0.3048236273836117 0.44799099413806953 0.29753196071694504 0.4577132163602917 0.2964902940502784 0.47021321636029173 0.3024798773836117 0.4875743274714029 0.3102923773836117 0.5052826608047362 0.3212298773836117 0.5184771052491807 0.3277402940502784 0.5288937719158473 0.3378965440502784 0.5396576608047362 0.3519590440502784 0.5427826608047362 0.3657611273836118 0.5302826608047363 0.3763299417713878 0.518527097384245 0.383089509159075 0.503968029164611 0.38542935940865913 0.477623048576702 0.38464940932546443 0.45786431313577025 0.378149825298842 0.43949215562051785 0.3657611273836118 0.4243798830269584 0.3545632107169451 0.4209076608047362 0.3438861273836117 0.4209076608047362
0 0.40707227997076706 0.2940610479873425 0.4049479166666667 0.28368055555555555 0.39973958333333337 0.2743055555555555 0.3864993633041003 0.26906104798734254 0.37972852997076695 0.2687138257651203 0.3729576966374336 0.2714916035428981 0.36592644663743357 0.282255492431787 0.3617597799707669 0.29336660354289806 0.3603179472020236 0.3128483298247549 0.3639577142569321 0.3256741756372896 0.3704572982835544 0.3454329110782214 0.37265625 0.3614583333333333 0.37473958333333335 0.36875 0.38046875 0.3836805555555555 0.3909264466374336 0.38781104798734256 0.4047285299707671 0.38225549243178697 0.4138431133041003 0.3707971590984537 0.42022547978660485 0.36198807377003134 0.4233504797866049 0.34636307377003134 0.4293400631199383 0.33802974043669803 0.4398728556878805 0.3287939759700683 0.44143275585426983 0.3128483298247549 0.4310306133041003 0.29718604798734255 0.4232181133041003 0.2881582702095648 0.41410352997076705 0.2881582702095648
0 0.45644066164664177 0.3277602093502846 0.44368024497997505 0.32671854268361794 0.43743024497997507 0.3315796537947291 0.43274274497997506 0.33921854268361795 0.42857607831330846 0.34789909823917353 0.4279271947958129 0.3595761240218624 0.42727399497997515 0.37116298712806245 0.42623232831330843 0.37914909823917353 0.4218052449799751 0.3881768760169513 0.41946149497997515 0.3996352093502846 0.41841982831330843 0.41074632046139575 0.42245844479581296 0.4245066795774179 0.42870844479581294 0.42902056846630676 0.44081566164664177 0.4288018760169514 0.4533156616466417 0.4249824315725069 0.465555244979975 0.4242879871280625 0.47779482831330833 0.4242879871280625 0.48534691164664173 0.4194268760169514 0.49876052812914634 0.4085344573551957 0.504489694795813 0.3974233462440846 0.5037084447958129 0.3765900129107512 0.4964167781291463 0.3679094573551957 0.4927644452117864 0.3599025475751995 0.4865144452117864 0.3501803253529773 0.4776602785451197 0.3404581031307551 0.469587361878453 0.33073588090853284
0 0.5234397000433592 0.33815884795036716 0.5145855333766924 0.3461449590614783 0.5106792833766923 0.3621171812837005 0.5117209500433592 0.3777421812837005 0.5148459500433591 0.3933671812837005 0.5205751167100258 0.4010060701725894 0.5291688667100257 0.4082977368392561 0.5403667833766924 0.42010329239481164 0.5518229166666667 0.4361111111111111 0.5653645833333333 0.44166666666666665 0.571875 0.43263888888888885 0.5747395833333333 0.42604166666666665 0.5744791666666667 0.41388888888888886 0.5726584500433592 0.4062144035059227 0.5809917833766924 0.40031162572814494 0.5828147000433592 0.38676995906147826 0.5828147000433592 0.37426995906147825 0.5820334500433593 0.3593394035059227 0.5739605333766924 0.34683940350592274 0.5697938667100259 0.34024218128370054 0.5617209500433591 0.33364495906147823 0.5487001167100256 0.3287838479503672 0.5411480333766925 0.32947829239481163 0.5304709500433591 0.33121440350592274
0 0.575437990568972 0.23112366308863166 0.5639796572356388 0.25299866308863167 0.5604166666666667 0.2684027777777778 0.5625 0.29444444444444445 0.5697916666666667 0.3107638888888889 0.578125 0.3222222222222222 0.59453125 0.33055555555555555 0.6188737338858197 0.3225502608962553 0.6395833333333333 0.31805555555555554 0.6486979166666667 0.3090277777777778 0.6549479166666667 0.29444444444444445 0.6491359072356387 0.2651514408664094 0.6421046572356388 0.24327644086640945 0.6335109072356387 0.22938755197752053 0.6217921572356387 0.21792921864418718 0.6085109072356387 0.2099431075330761 0.5978338239023056 0.21202644086640945 0.5887192405689723 0.21515144086640944 0.5827296572356389 0.22417921864418722
0 0.6012872958819405 0.3996177590245028 0.5950372958819405 0.40760387013561394 0.5916518792152738 0.41732609235783613 0.5882664625486071 0.4312149812467251 0.5851414625486071 0.4440622034689473 0.5885268792152738 0.45795109235783626 0.5955581292152738 0.4687149812467251 0.6049331292152738 0.47531220346894726 0.6150893792152738 0.48017331458005846 0.6236831292152738 0.4791316479133918 0.6322768792152738 0.4822566479133918 0.6426935458819405 0.487117759024503 0.6536310458819405 0.4909372034689473 0.6639934392265194 0.4849025475751995 0.6663371892265195 0.46997199201964396 0.6663371892265195 0.4616386586863106 0.6645142725598527 0.4553886586863106 0.6632664625486071 0.43989553680228066 0.6622247958819405 0.42565942569116955 0.6590997958819405 0.413853870135614 0.6546727125486071 0.4017010923578362 0.6458185458819405 0.39093720346894734 0.6369643792152738 0.3843399812467251 0.6288914625486071 0.38121498124672504 0.6195164625486071 0.3832983145800584 0.6085789625486071 0.3930205368022806
0 0.5784966995998075 0.507556070862048 0.5735570157395746 0.5103292267134069 0.5681454572911017 0.5143058166560951 0.5629371239577684 0.5150002611005395 0.5533017072911017 0.5212502611005394 0.5501767072911018 0.5302780388783173 0.5504371239577684 0.5400002611005396 0.5480933739577685 0.5525002611005392 0.5506975406244351 0.5636113722116504 0.5548642072911016 0.5729863722116504 0.5624162906244351 0.5795835944338725 0.5704892072911018 0.5886113722116504 0.582728790624435 0.5959030388783171 0.590541290624435 0.6052780388783171 0.6004371239577685 0.6108335944338725 0.6114036602209945 0.6135934622467771 0.6234375 0.607638888888889 0.6236979166666667 0.5961805555555556 0.62578125 0.5736111111111111 0.6260416666666667 0.5576388888888889 0.6260416666666667 0.5413194444444444 0.6234375 0.51875 0.6129371239577684 0.5084030388783173 0.6009579572911019 0.5042363722116506 0.587416290624435 0.5028474833227617 0.581947540624435 0.5059724833227617
0 0.7260945155863616 0.33031151273353493 0.7177083668486837 0.32841917540236304 0.7117187835153503 0.3242525087356964 0.7049479501820171 0.32321084206902967 0.6981771168486837 0.3249469531801408 0.6927083668486838 0.33119695318014075 0.6890625335153504 0.34196084206902966 0.6875000335153504 0.35758584206902966 0.6854166666666667 0.37083333333333335 0.6848958333333333 0.3836805555555555 0.6848958333333333 0.4010416666666667 0.6854166666666667 0.41041666666666665 0.6893229166666667 0.41770833333333335 0.696875 0.4239583333333333 0.70546875 0.4270833333333333 0.7161458333333333 0.4222222222222222 0.7252604166666667 0.4128472222222222 0.7377604166666667 0.40381944444444445 0.7471354166666667 0.390625 0.7546875 0.3746527777777778 0.7536458333333333 0.3614583333333333 0.7505208333333333 0.35138888888888886 0.74453125 0.3440972222222222 0.7364583333333333 0.33229166666666665
0 0.765513381913355 0.36460184338257595 0.7626487985800217 0.3701573989381315 0.7605654652466883 0.3847407322714648 0.7634300485800216 0.3986296211603537 0.769419631913355 0.4142546211603537 0.7786731698895029 0.42896140270104355 0.7842633819133551 0.436476843382576 0.7925967152466884 0.44272684338257595 0.8091145833333334 0.446875 0.820982131913355 0.441337954493687 0.8285342152466884 0.4357823989381315 0.8321800485800217 0.4309212878270204 0.8359375 0.4204861111111111 0.83828125 0.4090277777777778 0.8385416666666666 0.39826388888888886 0.83828125 0.3885416666666667 0.8385416666666666 0.3736111111111111 0.8369791666666666 0.3614583333333333 0.8325520833333334 0.35451388888888885 0.82734375 0.34791666666666665 0.81953125 0.3402777777777778 0.8083333333333333 0.3423611111111111 0.7975446319133551 0.3468935100492426 0.7886904652466884 0.3507129544936871 0.781919631913355 0.35626851004924265 0.773325881913355 0.3604351767159093
0 0.8130208333333334 0.4947916666666667 0.8041666666666666 0.5003472222222222 0.7955729166666667 0.5041666666666667 0.7833333333333333 0.5072916666666667 0.7726165702190639 0.5004925288219243 0.7689707368857306 0.4997980843774799 0.7653249035523972 0.5053536399330354 0.7640228202190639 0.5136869732663688 0.7629811535523973 0.525145306599702 0.7611979166666667 0.5371527777777777 0.7635416666666667 0.5503472222222222 0.7666666666666667 0.564236111111111 0.7692708333333333 0.5840277777777777 0.7734375 0.5972222222222222 0.7815104166666667 0.607638888888889 0.7901041666666667 0.6086805555555556 0.7997395833333333 0.6052083333333333 0.8075520833333334 0.607638888888889 0.8171875 0.6045138888888889 0.8255208333333334 0.5958333333333333 0.8341145833333334 0.5840277777777777 0.8427083333333334 0.5614583333333333 0.8489583333333334 0.5385416666666667 0.8466145833333334 0.5194444444444445 0.8395833333333333 0.5045138888888888 0.8274919429097605 0.49495280847145484 0.8207936535523974 0.4959786399330355
0 0.9478770036434059 0.2641685026694817 0.9390625 0.27638888888888885 0.9262624203100724 0.28187683600281505 0.9171478369767389 0.27909905822503733 0.9072916666666666 0.28055555555555556 0.9005208333333334 0.28854166666666664 0.89765625 0.296875 0.8994791666666666 0.3038194444444445 0.9015625 0.3125 0.9078125 0.32048611111111114 0.9119791666666666 0.32569444444444445 0.9158457536434057 0.33152961378059287 0.9239583333333334 0.3375 0.9315104166666666 0.34375 0.9374603369767389 0.34646016933614837 0.9450124203100725 0.35757128044725955 0.9533698200589562 0.3628966717278038 0.9666666666666666 0.36354166666666665 0.9739583333333334 0.3628472222222222 0.98062907546661 0.3597121644251601 0.9903645833333334 0.3506944444444445 0.9942708333333334 0.3375 0.99609375 0.3284722222222222 0.9972836095764273 0.29961441068139966 0.9996273595764272 0.28051718845917745 0.9984375 0.2569444444444444 0.9835278899424835 0.2564768159319081 0.9772882892769263 0.25543688248764845 0.96171875 0.2600694444444444
0 0.1816629258747698 0.41797882136279924 0.17541292587476978 0.3922843769183549 0.1777566758747698 0.37353437691835484 0.1933816758747698 0.3527010435850215 0.2051004258747698 0.3474927102516882 0.21655875920810302 0.3471576205863156 0.22749625920810307 0.3499353983640934 0.24338167587476972 0.3592982658072438 0.2532775092081031 0.37596493247391044 0.2629129258747697 0.39818715469613264 0.259527509208103 0.41417150947520454 0.2556212592081031 0.4263121546961326 0.24911084254143642 0.4374232658072437 0.2368712592081031 0.445756599140577 0.22332959254143642 0.44818715469613263 0.21030875920810307 0.4468103983640935 0.19702750920810308 0.4409076205863156 0.1860900092081031 0.4287427102516882
0 0.115625 0.3253472222222223 0.08697916666666666 0.12361111111111113
0 0.11588541666666666 0.4222222222222223 0.11145833333333333 0.11180555555555553
0 0.08880208333333334 0.29930555555555555 0.0765625 0.3079861111111111 0.07395833333333333 0.31875 0.07421875 0.3392361111111111 0.078125 0.35 0.07916666666666666 0.36354166666666665 0.0796875 0.3815972222222222 0.08151041666666667 0.3909722222222222 0.09453125 0.38263888888888886 0.10651041666666668 0.3767361111111111 0.1109375 0.3659722222222222 0.12578125 0.3788194444444445 0.13307291666666668 0.3767361111111111 0.1453125 0.36701388888888886 0.15104166666666669 0.3590277777777778 0.15364583333333331 0.3482638888888889 0.15052083333333333 0.33958333333333335 0.14348958333333334 0.33611111111111114 0.13463541666666667 0.33576388888888886 0.12239583333333333 0.3309027777777778 0.11666666666666667 0.3229166666666667 0.11223958333333332 0.3170138888888889 0.10520833333333332 0.315625 0.09635416666666666 0.309375 0.09375 0.30104166666666665
0 0.1078125 0.3777777777777778 0.09192708333333334 0.3840277777777778 0.08307291666666666 0.3920138888888889 0.07864583333333333 0.4017361111111111 0.07395833333333333 0.4201388888888889 0.07109375 0.43263888888888885 0.06510416666666666 0.4413194444444445 0.06276041666666667 0.4517361111111111 0.06432291666666666 0.4684027777777778 0.06953125 0.475 0.07708333333333334 0.4777777777777778 0.08880208333333334 0.4777777777777778 0.10104166666666667 0.478125 0.11536458333333333 0.47361111111111115 0.13125 0.47361111111111115 0.13854166666666667 0.4722222222222222 0.14739583333333334 0.4666666666666667 0.15130208333333334 0.45381944444444444 0.15182291666666667 0.4465277777777778 0.14661458333333333 0.4409722222222222 0.13697916666666668 0.4440972222222222 0.13619791666666667 0.43333333333333335 0.13697916666666668 0.421875 0.13411458333333331 0.4121527777777778 0.12890625 0.40208333333333335 0.12421875 0.39375 0.11953125 0.3854166666666667 0.11588541666666667 0.3770833333333333