0 0.044270833333333336 0.36439629373848986 0.08854166666666666 0.12190185696746472
0 0.08767409069981585 0.33744590239410677 0.13211901473296506 0.13322513812154693
0 0.13120252071823205 0.44826964395334556 0.1282199585635359 0.14512737875997547
0 0.20926320787292818 0.30523998618784537 0.09352641574585636 0.13686886126457956
0 0.26232950621546963 0.35752129373848984 0.09252848756906071 0.11898519030079804
0 0.33862108655616946 0.3559536141804788 0.0850546731123389 0.126490561694291
0 0.3955145027624309 0.246985497237569 0.08937500000000002 0.1354166666666665
0 0.40638150322283606 0.41191106507059544 0.08932032688766141 0.12895564763658687
0 0.36619863604972375 0.5320551335174954 0.10270977209944751 0.12869360036832422
0 0.5379218462246778 0.34098756906077354 0.08886452578268882 0.15280847145488033
0 0.5959055593922652 0.3632504604051565 0.07225138121546966 0.14294352363413132
0 0.5853309162062615 0.520200084407612 0.10642150092081035 0.14362760896255392
0 0.8058905962246776 0.19697015039901783 0.09863547421731145 0.14078192142418663
0 0.722374395718232 0.30244666973603435 0.10881129143646415 0.12433778391651318
0 0.8180985267034991 0.3486982044198895 0.12421961325966854 0.1644091467157765
0 0.08014790515653777 0.2811598373235114 0.06374165515653778 0.2811598373235114 0.054627071823204434 0.2870626151012892 0.04499165515653778 0.30234039287906694 0.04056457182320446 0.31067372621240025 0.03952290515653778 0.3266459484346225 0.04603332182320445 0.3415765039901781 0.05671040515653778 0.3578959484346225 0.06712707182320443 0.37595150399017807 0.07884582182320443 0.38949317065684474 0.08691873848987111 0.4002570595457336 0.0983770718232044 0.4030348373235114 0.1048874884898711 0.40129872621240026 0.11504373848987111 0.38879872621240025 0.12155415515653778 0.3752570595457336 0.12519998848987107 0.3631042817679558 0.12884582182320442 0.3530348373235113 0.13327290515653778 0.3381042817679558 0.13171040515653779 0.3221320595457336 0.12415832182320444 0.30407650399017805 0.11738748848987113 0.2940070595457336 0.10931457182320443 0.2870626151012892 0.0962937384898711 0.28185428176795585
0 0.1232662868324125 0.4049896408839779 0.1099850368324125 0.4143646408839779 0.09618295349907915 0.4265174186617557 0.0888912868324125 0.4362396408839779 0.08784962016574585 0.4487396408839779 0.09383920349907915 0.46610075199508905 0.10165170349907915 0.4838090853284223 0.11258920349907915 0.4970035297728668 0.11909962016574585 0.5074201964395335 0.12925587016574586 0.5181840853284224 0.14331837016574583 0.5213090853284224 0.1571204534990792 0.5088090853284224 0.16597462016574585 0.49735075199508905 0.17300587016574584 0.48242019643953343 0.17378712016574585 0.4560313075506446 0.1719642034990792 0.4362396408839779 0.1677975368324125 0.41887852977286677 0.1571204534990792 0.40290630755064455 0.1459225368324125 0.39943408532842234 0.13524545349907915 0.39943408532842234
0 0.21002388351749554 0.27755908532842233 0.203125 0.27048611111111115 0.19856555018416205 0.2601979742173112 0.1894509668508288 0.2525590853284223 0.18268013351749543 0.2522118631062001 0.1759093001841621 0.25498964088397785 0.16887805018416208 0.26575352977286676 0.16471138351749542 0.27686464088397783 0.16627388351749545 0.2963090853284223 0.17122180018416208 0.31019797421731116 0.17643013351749542 0.3275590853284223 0.1792947168508288 0.3476979742173112 0.18346138351749544 0.3636701964395334 0.1938780501841621 0.3713090853284224 0.20768013351749554 0.3657535297728668 0.21679471685082885 0.35429519643953344 0.22317708333333336 0.3454861111111111 0.22630208333333335 0.3298611111111111 0.2322916666666667 0.3215277777777778 0.24049263351749556 0.3122813075506446 0.24179471685082884 0.2956146408839779 0.23398221685082884 0.2806840853284223 0.22616971685082884 0.27165630755064457 0.21705513351749556 0.27165630755064457
0 0.2545551335174954 0.3126285297728667 0.2417947168508287 0.31158686310620004 0.23554471685082873 0.3164479742173112 0.23085721685082872 0.32408686310620005 0.22669055018416212 0.33276741866175563 0.22604166666666664 0.34444444444444444 0.22538846685082875 0.3560313075506445 0.22434680018416212 0.36401741866175563 0.21991971685082876 0.3730451964395334 0.21757596685082875 0.3845035297728667 0.21653430018416212 0.39561464088397785 0.22057291666666665 0.409375 0.22682291666666665 0.41388888888888886 0.23893013351749542 0.4136701964395335 0.25143013351749544 0.409850751995089 0.26366971685082874 0.4091563075506446 0.27590930018416204 0.4091563075506446 0.2834613835174954 0.4042951964395335 0.296875 0.3934027777777778 0.3026041666666667 0.38229166666666664 0.30182291666666666 0.3614583333333333 0.29453125 0.3527777777777778 0.28788846685082875 0.34839241866175563 0.2818988835174955 0.33901741866175567 0.2743468001841622 0.3310313075506446 0.2662738835174954 0.3206146408839779
0 0.3210433931860036 0.32256944444444446 0.31218922651933695 0.3305555555555556 0.30828297651933695 0.3465277777777778 0.3093246431860036 0.3621527777777778 0.31244964318600366 0.3777777777777778 0.3181788098526702 0.3854166666666667 0.32677255985267023 0.3927083333333333 0.3379704765193369 0.40451388888888895 0.35099130985267035 0.4159722222222222 0.36218922651933694 0.4197916666666667 0.368439226519337 0.40868055555555555 0.36609547651933705 0.39618055555555554 0.3702621431860037 0.390625 0.378595476519337 0.3847222222222222 0.38041839318600373 0.3711805555555555 0.38041839318600373 0.35868055555555556 0.3796371431860037 0.34375 0.371564226519337 0.33125 0.3673975598526703 0.3246527777777778 0.35932464318600366 0.31805555555555554 0.34630380985267023 0.31319444444444444 0.33875172651933694 0.31388888888888894 0.32807464318600366 0.315625
0 0.36541062384898715 0.22521869244935544 0.35395229051565386 0.24709369244935545 0.35291062384898714 0.26167702578268887 0.35837937384898716 0.28632980356046656 0.36697312384898717 0.30160758133824433 0.38697916666666665 0.3138888888888889 0.4078125 0.31354166666666666 0.4211397905156538 0.30924647022713325 0.4333333333333333 0.2986111111111111 0.4377604166666667 0.28541666666666665 0.4391085405156538 0.2592464702271332 0.4320772905156538 0.23737147022713323 0.4234835405156538 0.2234825813382443 0.4117647905156538 0.21202424800491096 0.3984835405156538 0.20403813689379988 0.3878064571823206 0.20612147022713323 0.3786918738489872 0.20924647022713322 0.37270229051565396 0.218274248004911
0 0.38884812384898726 0.3855260128913443 0.3825981238489873 0.39351212400245544 0.3792127071823206 0.40323434622467763 0.3758272905156539 0.4171232351135666 0.3727022905156539 0.4299704573357888 0.3760877071823206 0.44385934622467776 0.3831189571823206 0.4546232351135666 0.3924939571823206 0.46122045733578876 0.4026502071823206 0.46608156844689996 0.4112439571823206 0.4650399017802333 0.4198377071823206 0.4681649017802333 0.4302543738489873 0.4730260128913445 0.4411918738489873 0.4768454573357888 0.4486979166666667 0.46944444444444444 0.4505208333333333 0.45729166666666665 0.4500460405156539 0.44490101289134437 0.4508272905156539 0.42580379066912216 0.4497856238489873 0.41156767955801105 0.4466606238489873 0.3997621240024555 0.4422335405156539 0.3876093462246777 0.4333793738489873 0.37684545733578884 0.42452520718232056 0.3702482351135666 0.4164522905156539 0.36712323511356654 0.4070772905156539 0.36920656844689986 0.3961397905156539 0.3789287906691221
0 0.3757452808471454 0.49340277777777786 0.36897444751381203 0.4961805555555555 0.36298486418047876 0.49409722222222224 0.35777653084714545 0.49479166666666674 0.3481411141804788 0.5010416666666667 0.34501611418047884 0.5100694444444445 0.34527653084714555 0.5197916666666668 0.3429327808471455 0.5322916666666666 0.34553694751381214 0.5434027777777779 0.34970361418047874 0.5527777777777778 0.35725569751381214 0.559375 0.36532861418047885 0.5684027777777778 0.37756819751381204 0.5756944444444445 0.38538069751381204 0.5850694444444445 0.3952765308471454 0.590625 0.40360986418047873 0.5930555555555557 0.4119791666666667 0.5826388888888889 0.4138020833333333 0.5711805555555556 0.4166306975138121 0.5482638888888889 0.4171515308471455 0.5208333333333334 0.4148077808471455 0.4979166666666667 0.4077765308471455 0.4881944444444445 0.39579736418047884 0.4840277777777778 0.38225569751381205 0.48263888888888895 0.37678694751381203 0.48576388888888894
0 0.5344742748618784 0.32183663290362197 0.5253596915285451 0.3232255217925108 0.5193701081952117 0.31905885512584414 0.5125992748618785 0.3180171884591774 0.5058284415285451 0.3197532995702886 0.5003596915285451 0.32600329957028856 0.4967138581952118 0.3367671884591774 0.4951513581952118 0.3523921884591774 0.4933284415285451 0.3697532995702886 0.4946305248618785 0.382947744014733 0.4938492748618784 0.39787829957028864 0.4969742748618785 0.4051699662369552 0.5000992748618784 0.40933663290362193 0.5078125 0.41354166666666664 0.5158854166666667 0.41458333333333336 0.5214534415285451 0.40968385512584415 0.5318701081952117 0.40100329957028863 0.5446305248618785 0.3909338551258441 0.5547867748618784 0.37947552179251076 0.5545263581952118 0.3659338551258441 0.5532242748618784 0.3544755217925108 0.5516617748618785 0.3468366329036219 0.5477555248618784 0.34371163290362194 0.5435888581952117 0.33329496623695526
0 0.5633949125230203 0.35540784223449967 0.5605303291896869 0.3609633977900552 0.5584469958563536 0.37554673112338854 0.561311579189687 0.38943562001227744 0.5673011625230203 0.40506062001227744 0.5758949125230204 0.41790784223449967 0.5821449125230204 0.4272828422344997 0.5904782458563537 0.43353284223449967 0.6076657458563537 0.4338800644567219 0.6188636625230204 0.43214395334561073 0.6264157458563536 0.4265883977900552 0.6300615791896871 0.4217272866789441 0.6321449125230203 0.40957450890116637 0.6318844958563536 0.3890883977900552 0.6318844958563536 0.3644356200122774 0.629280329189687 0.3522828422344997 0.6222490791896871 0.33735228667894407 0.6149574125230204 0.3297133977900552 0.6074053291896869 0.33110228667894415 0.5954261625230204 0.33769950890116635 0.5865719958563537 0.34151895334561083 0.5798011625230204 0.34707450890116637 0.5712074125230203 0.351241175567833
0 0.5837505755064456 0.47810581645181094 0.5738547421731123 0.4850502608962553 0.5647401588397789 0.48331414978514425 0.5566672421731123 0.48678637200736646 0.5516272444751381 0.4898921884591773 0.5479814111418049 0.48919774401473287 0.5443355778084715 0.4947532995702884 0.5430334944751382 0.5030866329036218 0.5419918278084715 0.514544966236955 0.5456376611418048 0.5242671884591773 0.5461584944751381 0.5367671884591773 0.5479814111418049 0.5461421884591773 0.5488547421731124 0.5586613720073664 0.5511064111418048 0.569058855125844 0.55234375 0.58125 0.5607418278084715 0.5881560773480662 0.5661458333333333 0.5909722222222222 0.5739583333333333 0.5895833333333333 0.5802730778084715 0.5891977440147329 0.5894797421731123 0.5847030386740332 0.5989583333333333 0.5635416666666667 0.610833908839779 0.545466927562922 0.6170839088397789 0.5222030386740332 0.6177730778084716 0.5086421884591773 0.6146480778084715 0.49753107734806623 0.6065751611418049 0.487808855125844 0.5998043278084715 0.48537829957028844
0 0.7250604281767956 0.2614007826887661 0.7125604281767955 0.2725118937998772 0.7034458448434622 0.2791091160220994 0.6943312615101288 0.27633133824432166 0.6906854281767956 0.28049800491098836 0.6846958448434622 0.2884841160220995 0.6846958448434622 0.29890078268876613 0.6852166781767955 0.31417856046654385 0.6930291781767955 0.3287618937998772 0.6982375115101289 0.33570633824432167 0.7089145948434623 0.34438689379987725 0.7146437615101288 0.34369244935543275 0.7221958448434622 0.35480356046654393 0.734175011510129 0.3638313382443217 0.7489583333333333 0.3645833333333333 0.7578125 0.35694444444444445 0.7611979166666667 0.34375 0.7643229166666667 0.32326388888888885 0.7674479166666667 0.29756944444444444 0.7651041666666667 0.2795138888888889 0.76328125 0.2677083333333333 0.7598958333333333 0.26145833333333335 0.7479166666666667 0.2576388888888889
0 0.7936680741198676 0.17582484788499625 0.7894797421731123 0.18000306936771027 0.7918234921731123 0.20465584714548804 0.7913026588397789 0.22236418047882137 0.7850743241198677 0.2209637367738851 0.772313907453201 0.21506095899610728 0.7673659907865342 0.22686651455166287 0.77837325298842 0.24096281238860126 0.7884597407865342 0.2511720701072185 0.7939722546523136 0.2506688578683573 0.807470157453201 0.25221373677388514 0.8178868241198677 0.25533873677388513 0.834813907453201 0.2664498478849962 0.8462722407865343 0.2650609589961073 0.8502604166666666 0.2569444444444444 0.85234375 0.24444444444444444 0.8505208333333334 0.22569444444444445 0.8515625 0.20972222222222223 0.8552083333333333 0.19722222222222224 0.8544270833333334 0.1826388888888889 0.8533854166666666 0.17291666666666666 0.8473958333333333 0.1576388888888889 0.83984375 0.15069444444444444 0.8341145833333334 0.1454861111111111 0.8235943255064455 0.1466697360343769 0.8147401588397789 0.15535029158993247 0.799657657453201 0.166102625662774
0 0.8643229166666666 0.3104166666666667 0.859375 0.30763888888888885 0.8505208333333334 0.3055555555555555 0.8358626841620627 0.30074624002455497 0.8204981008287293 0.30838512891344383 0.8152897674953958 0.3184545733578883 0.8004460174953959 0.3281767955801105 0.7915918508287293 0.3361629066912216 0.7861231008287293 0.34692679558011047 0.7829981008287292 0.35803790669122165 0.7837793508287293 0.3823434622467772 0.7962793508287292 0.3941490178023327 0.8121647674953959 0.40769068446899936 0.8264876841620626 0.4174129066912216 0.8423731008287293 0.427482351135666 0.8552083333333333 0.43020833333333336 0.8625 0.42430555555555555 0.8682291666666666 0.4065972222222222 0.86953125 0.3847222222222222 0.8760416666666666 0.3680555555555555 0.8802083333333334 0.34791666666666665 0.8794270833333334 0.33298611111111115 0.87578125 0.3222222222222222 0.8684895833333334 0.31493055555555555
0 0.0020833333333333333 0.32326388888888885 0.01171875 0.3211805555555555 0.02760416666666667 0.3263888888888889 0.03854166666666667 0.32916666666666666 0.04791666666666667 0.3458333333333333 0.058333333333333334 0.36041666666666666 0.06953125 0.3819444444444445 0.07057291666666667 0.3934027777777778 0.06015625 0.4003472222222222 0.05520833333333334 0.4076388888888889 0.046875 0.4173611111111111 0.034375 0.4232638888888889 0.021354166666666667 0.42604166666666665 0.008072916666666667 0.4201388888888889 0.0015625 0.41944444444444445