0 0.35421874999999997 0.37145833333333333 0.35109375 0.3725 0.344375 0.380625 0.33765625 0.3902083333333334 0.33406250000000004 0.3983333333333333 0.33203125 0.40520833333333334 0.3315625 0.41041666666666665 0.335625 0.41541666666666666 0.3390625 0.421875 0.33953125 0.4322916666666667 0.34515625 0.43854166666666666 0.35125 0.43854166666666666 0.36109375 0.4375 0.37328125 0.43479166666666663 0.38125 0.43333333333333335 0.38890625 0.430625 0.39249999999999996 0.426875 0.39249999999999996 0.419375 0.39078124999999997 0.41270833333333334 0.38375 0.39916666666666667 0.3721875 0.3775 0.36828125 0.37375 0.36265625 0.37145833333333333
0 0.335625 0.4389583333333333 0.338125 0.44666666666666666 0.3409375 0.455 0.348125 0.4545833333333333 0.35484375 0.44937499999999997 0.3621875 0.45770833333333333 0.36265625 0.48020833333333335 0.3446875 0.516875 0.33859374999999997 0.5252083333333333 0.334375 0.525625 0.30703125 0.4877083333333333 0.304375 0.460625 0.32140625 0.4389583333333333
0 0.27015625 0.5387500000000001 0.25796874999999997 0.5522916666666667 0.25828125 0.58 0.25968749999999996 0.588125 0.25984375000000004 0.6066666666666667 0.26125 0.6145833333333334 0.26640625 0.6197916666666666 0.27515625 0.6197916666666666 0.29359375 0.6058333333333333 0.30171875 0.6006250000000001 0.31046874999999996 0.5885416666666666 0.31515624999999997 0.5777083333333334 0.30390625 0.566875 0.29874999999999996 0.565625 0.285625 0.5675 0.281875 0.5602083333333333 0.28109375000000003 0.551875 0.28328125000000004 0.5470833333333334
0 0.47859375000000004 0.4970833333333333 0.4734375 0.5002083333333334 0.468125 0.5058333333333334 0.465 0.510625 0.46281249999999996 0.519375 0.45437500000000003 0.54625 0.45234375 0.55125 0.45265625 0.563125 0.45703125 0.56875 0.46453125 0.5714583333333334 0.49781250000000005 0.5697916666666667 0.50484375 0.565625 0.51015625 0.5570833333333333 0.51234375 0.5477083333333332 0.51234375 0.5375 0.5103125000000001 0.5275 0.50671875 0.5139583333333333 0.50390625 0.5068750000000001 0.49874999999999997 0.5008333333333334 0.49312500000000004 0.49604166666666666 0.48703124999999997 0.4952083333333333
0 0.46781249999999996 0.43166666666666664 0.46171875 0.434375 0.45609374999999996 0.4422916666666667 0.45 0.458125 0.44671874999999994 0.46812499999999996 0.44671874999999994 0.47875 0.44859375 0.4877083333333333 0.45375 0.498125 0.45843749999999994 0.50375 0.46546875 0.5087499999999999 0.46828125 0.50625 0.47328125 0.5 0.47921874999999997 0.496875 0.48312499999999997 0.49541666666666667 0.47859375000000004 0.493125 0.478125 0.490625 0.4809375 0.48791666666666667 0.48624999999999996 0.48812500000000003 0.49203125 0.490625 0.49171875 0.4789583333333333 0.49546875 0.479375 0.5 0.4858333333333333 0.5003124999999999 0.481875 0.5014062499999999 0.47375 0.499375 0.46437500000000004 0.49546875 0.46020833333333333 0.49124999999999996 0.4583333333333333 0.4828125 0.44375 0.48187499999999994 0.43875 0.48109375 0.43374999999999997 0.476875 0.43125
0 0.556875 0.48500000000000004 0.5515625 0.4875 0.545625 0.49333333333333335 0.54171875 0.4997916666666667 0.5396875 0.5087499999999999 0.538125 0.52125 0.5392187500000001 0.5325 0.5434375 0.5447916666666667 0.55140625 0.5504166666666667 0.560625 0.5564583333333334 0.56875 0.56 0.578125 0.5575 0.58203125 0.5510416666666667 0.589375 0.5375 0.5921875 0.529375 0.5940624999999999 0.516875 0.59265625 0.5064583333333333 0.58921875 0.498125 0.58421875 0.491875 0.576875 0.48812500000000003 0.56953125 0.48541666666666666 0.56359375 0.484375
0 0.6246875000000001 0.4997916666666667 0.62546875 0.5133333333333333 0.6303124999999999 0.523125 0.63671875 0.5322916666666667 0.64515625 0.536875 0.6528125 0.54375 0.66109375 0.553125 0.66578125 0.5579166666666667 0.67140625 0.5570833333333333 0.67671875 0.5537500000000001 0.67890625 0.546875 0.6803125 0.5304166666666666 0.6840625 0.5116666666666666 0.6859375 0.5022916666666667 0.6849999999999999 0.49 0.68140625 0.48125 0.676875 0.475 0.6684375 0.47270833333333334 0.6587500000000001 0.474375 0.6484375 0.47312499999999996 0.64140625 0.475 0.63625 0.47770833333333335 0.63328125 0.4829166666666667 0.6296875 0.48625
0 0.68140625 0.5227083333333333 0.6890625 0.5225000000000001 0.69859375 0.5120833333333333 0.71578125 0.493125 0.72109375 0.48874999999999996 0.7221875 0.48208333333333336 0.7215625 0.4689583333333333 0.71828125 0.46375 0.7075 0.4516666666666667 0.6996875 0.44458333333333333 0.6873437499999999 0.4404166666666667 0.68359375 0.44020833333333337 0.67859375 0.44395833333333334 0.67234375 0.44875000000000004 0.6721874999999999 0.4552083333333333 0.6681250000000001 0.46 0.6676562500000001 0.46458333333333335 0.67703125 0.4720833333333333 0.6765625 0.47458333333333336 0.68171875 0.48166666666666663 0.68515625 0.49 0.68640625 0.503125 0.6839062499999999 0.511875
0 0.64765625 0.5697916666666667 0.6392187500000001 0.5758333333333333 0.63609375 0.584375 0.6359375 0.5950000000000001 0.6409374999999999 0.60375 0.65109375 0.6235416666666667 0.65921875 0.629375 0.66578125 0.6347916666666666 0.6771874999999999 0.6352083333333333 0.6825 0.6272916666666667 0.690625 0.6227083333333333 0.6967187499999999 0.61375 0.6978125000000001 0.5964583333333333 0.69484375 0.5683333333333334 0.68875 0.5585416666666667 0.6803125 0.551875 0.6765625 0.5537500000000001 0.67109375 0.5579166666666667 0.66734375 0.5602083333333333 0.6628125 0.565 0.66171875 0.5700000000000001 0.6564062500000001 0.5725 0.65078125 0.573125
0 0.729375 0.48812500000000003 0.71671875 0.5025 0.71578125 0.508125 0.714375 0.5227083333333333 0.7134375000000001 0.5547916666666667 0.71703125 0.55875 0.72375 0.560625 0.7321875 0.5604166666666667 0.7378125 0.5570833333333333 0.746875 0.55625 0.7553124999999999 0.5529166666666666 0.7640625 0.5458333333333333 0.76765625 0.5393749999999999 0.7684375 0.5270833333333333 0.76640625 0.51625 0.76390625 0.5083333333333333 0.76109375 0.5022916666666667 0.7537499999999999 0.49604166666666666 0.7462500000000001 0.491875 0.74 0.4895833333333333
0 0.77015625 0.5327083333333333 0.7771874999999999 0.5466666666666666 0.7876562500000001 0.5560416666666667 0.8 0.5658333333333334 0.805 0.5712499999999999 0.81515625 0.5706249999999999 0.8196875 0.5627083333333334 0.8184374999999999 0.5481250000000001 0.8184374999999999 0.5387500000000001 0.82109375 0.5264583333333334 0.8215625 0.5158333333333334 0.8162499999999999 0.505625 0.8106249999999999 0.5 0.8032812500000001 0.49624999999999997 0.79125 0.494375 0.78671875 0.49562500000000004 0.7796875 0.4997916666666667 0.77625 0.5035416666666667 0.7740625 0.5091666666666667 0.78515625 0.5191666666666667 0.78421875 0.52375 0.7737499999999999 0.516875 0.7732812499999999 0.521875 0.778125 0.52875 0.7776562499999999 0.5335416666666667 0.77125 0.529375
0 0.79203125 0.6331249999999999 0.7889062499999999 0.640625 0.78734375 0.651875 0.79015625 0.6564583333333334 0.79078125 0.6639583333333333 0.80046875 0.6716666666666666 0.83625 0.6941666666666666 0.8425 0.6945833333333333 0.8474999999999999 0.69125 0.84890625 0.6847916666666667 0.8474999999999999 0.630625 0.844375 0.6247916666666666 0.83984375 0.62 0.83140625 0.6158333333333333 0.83203125 0.6222916666666667 0.8260937500000001 0.6225 0.81421875 0.6181249999999999 0.80953125 0.6208333333333333 0.8025 0.625625
0 0.836875 0.55125 0.8237500000000001 0.5652083333333333 0.8192187499999999 0.5760416666666667 0.81875 0.5825 0.8215625 0.59 0.8279687499999999 0.598125 0.83953125 0.6045833333333334 0.8504687499999999 0.605625 0.8625 0.6116666666666667 0.87109375 0.6135416666666667 0.8775000000000001 0.613125 0.880625 0.61 0.8828125 0.60375 0.8828125 0.5924999999999999 0.878125 0.58125 0.87890625 0.5691666666666666 0.875 0.5554166666666667 0.87015625 0.5447916666666667 0.8631249999999999 0.5391666666666667 0.8565625000000001 0.5358333333333333
0 0.8106249999999999 0.476875 0.815625 0.4877083333333333 0.82203125 0.494375 0.8328125 0.4970833333333333 0.8440625 0.4975 0.8546875 0.49562500000000004 0.8673437500000001 0.4966666666666667 0.8778124999999999 0.49145833333333333 0.8807812500000001 0.484375 0.8796875 0.47541666666666665 0.8678125 0.4422916666666667 0.8612500000000001 0.43104166666666666 0.8568749999999999 0.42624999999999996 0.8378125000000001 0.4220833333333333 0.83125 0.424375 0.8246874999999999 0.42895833333333333 0.818125 0.4379166666666666 0.811875 0.4533333333333333 0.8096875000000001 0.46416666666666667
0 0.8724999999999999 0.5085416666666667 0.86953125 0.5258333333333334 0.868125 0.5427083333333333 0.8696875000000001 0.5445833333333333 0.87578125 0.5558333333333334 0.87625 0.5610416666666667 0.88453125 0.5597916666666667 0.88984375 0.5639583333333333 0.8949999999999999 0.5654166666666666 0.90171875 0.561875 0.9084375 0.5545833333333333 0.9228125 0.5387500000000001 0.928125 0.5310416666666666 0.92875 0.52375 0.9278124999999999 0.5166666666666667 0.9246874999999999 0.5114583333333333 0.91703125 0.5058333333333334 0.90296875 0.495 0.896875 0.493125 0.89125 0.49270833333333336 0.8856249999999999 0.493125 0.8796875 0.49624999999999997 0.87578125 0.5014583333333333
0 0.93203125 0.5575 0.938125 0.56625 0.945625 0.5760416666666667 0.9512499999999999 0.5825 0.9568749999999999 0.5862499999999999 0.9629687499999999 0.58375 0.9685937499999999 0.580625 0.9776562500000001 0.58125 0.97984375 0.5770833333333333 0.9806250000000001 0.5695833333333333 0.98125 0.5541666666666667 0.98734375 0.5395833333333333 0.98734375 0.5354166666666667 0.9854687500000001 0.53 0.98125 0.52125 0.9767187500000001 0.5179166666666667 0.9724999999999999 0.514375 0.97109375 0.511875 0.95875 0.5241666666666667 0.9521875 0.5297916666666667 0.93671875 0.52625 0.9296875 0.5335416666666667 0.9301562499999999 0.550625
0 0.95640625 0.6189583333333334 0.946875 0.62125 0.9395312499999999 0.6325000000000001 0.938125 0.6414583333333332 0.9390625 0.6522916666666667 0.9442187499999999 0.6808333333333334 0.9503125000000001 0.693125 0.95734375 0.6995833333333333 0.9682812500000001 0.69875 0.9893750000000001 0.6975 0.9984375 0.6866051912568306 0.9984375 0.6322916666666667 0.99578125 0.635625 0.9910937499999999 0.628125 0.9848437499999999 0.6270833333333333 0.975 0.6308333333333334 0.9707812499999999 0.636875 0.96546875 0.636875 0.95828125 0.6245833333333334
0 0.3621875 0.39520833333333333 0.06125000000000003 0.08625000000000001
0 0.33328125000000003 0.4695833333333333 0.05874999999999999 0.11125000000000002
0 0.286640625 0.5684375 0.05703125 0.1022916666666666
0 0.473984375 0.46770833333333334 0.05453125000000005 0.08125
0 0.48249999999999993 0.5253125 0.059687499999999984 0.09312499999999997
0 0.5662499999999999 0.515 0.055937500000000015 0.08958333333333333
0 0.655625 0.5133333333333333 0.061562500000000055 0.08916666666666669
0 0.694921875 0.478125 0.05484375000000004 0.08791666666666664
0 0.66671875 0.5862499999999999 0.061875000000000034 0.09833333333333331
0 0.740859375 0.5183333333333333 0.05453125000000005 0.08499999999999996
0 0.796015625 0.5325000000000001 0.051093749999999896 0.07583333333333335
0 0.8451562499999999 0.4502083333333333 0.071875 0.09375
0 0.8507031250000001 0.5686458333333333 0.06453125000000011 0.090625
0 0.8182031249999999 0.6501041666666667 0.06234375000000005 0.08979166666666671
0 0.8982031249999999 0.5114583333333333 0.06109375000000004 0.10791666666666663
0 0.958671875 0.5384375 0.057656249999999964 0.09479166666666666
0 0.968359375 0.6477711004273504 0.06015625 0.10262553418803412