0 0.48854799723756903 0.34113144567219156 0.13852900552486194 0.17940377532228363
0 0.4580404005524862 0.5319935543278085 0.11766919889502754 0.17517955801104967
0 0.41703901933701665 0.6721685082872928 0.1259219613259667 0.14566298342541445
0 0.7382596685082873 0.4784656998158379 0.14410566298342556 0.17390193370165735
0 0.750626726519337 0.6287983425414365 0.1368715469613261 0.14073664825046042
0 0.898542817679558 0.6349044659300186 0.1647893646408841 0.18519106813996292
0 0.48250000000000004 0.3016666666666667 0.47375 0.31125 0.47062499999999996 0.32625 0.4681612569060774 0.3399378453038674 0.4587862569060774 0.3511878453038674 0.4509737569060774 0.3720211786372007 0.44878625690607743 0.3949378453038674 0.4528487569060774 0.4074378453038674 0.46343750000000006 0.4233333333333333 0.4780766574585635 0.431494014732965 0.4959375 0.42624999999999996 0.50875 0.4204166666666667 0.52 0.41583333333333333 0.538125 0.415 0.5496875 0.41083333333333333 0.556875 0.40125 0.5578125 0.38416666666666666 0.5465625000000001 0.3641666666666667 0.5287499999999999 0.3375 0.5146875 0.3154166666666667 0.504375 0.305 0.49378625690607736 0.3028545119705341
0 0.4583080110497238 0.4806238489871088 0.43648998618784535 0.48353821362799276 0.41749827348066304 0.49619935543278093 0.4097289364640885 0.5157665745856355 0.4131819751381216 0.5387868324125231 0.42872064917127084 0.5652601289134439 0.44406249999999997 0.5845833333333333 0.45187499999999997 0.5941666666666666 0.46125 0.6104166666666667 0.4721875 0.6208333333333333 0.4828125 0.6158333333333333 0.49000000000000005 0.59625 0.49406249999999996 0.5841666666666666 0.49749999999999994 0.5625 0.5025000000000001 0.5491666666666667 0.5096875 0.5316666666666666 0.5096875 0.5154166666666666 0.5071875 0.4983333333333333 0.49330801104972355 0.48812384898710875 0.49393301104972354 0.5002071823204421 0.4845580110497235 0.5147905156537754 0.4808080110497236 0.5260405156537754 0.4720580110497237 0.5268738489871088 0.4623705110497238 0.511457182320442 0.4609375 0.49375
0 0.3806906077348067 0.6561118784530388 0.371875 0.6475000000000001 0.36625 0.6608333333333333 0.35812499999999997 0.6754166666666667 0.36428867403314913 0.7033034069981584 0.37119475138121544 0.7148135359116022 0.3806906077348067 0.7389848066298342 0.388125 0.7433333333333334 0.3978125 0.7412500000000001 0.4090625 0.7358333333333333 0.4229903314917127 0.7366827808471456 0.42989640883977903 0.7332297421731124 0.4359392265193371 0.728625690607735 0.4388035220994476 0.7190354511970535 0.4253125 0.7133333333333333 0.4221875 0.7200000000000001 0.4109375 0.7325 0.39875 0.7375 0.3940625 0.71875 0.3945027624309393 0.7044544198895029 0.39437500000000003 0.6883333333333332 0.375625 0.6829166666666667 0.37374999999999997 0.6754166666666667 0.3678125 0.6733333333333333
0 0.7525000000000001 0.48166666666666663 0.7459374999999999 0.4633333333333333 0.7375 0.45625 0.70875 0.4454166666666667 0.6909375 0.44125000000000003 0.7146874999999999 0.4275 0.73375 0.42791666666666667 0.7275 0.42083333333333334 0.7103125 0.42291666666666666 0.693125 0.43083333333333335 0.681875 0.4533333333333333 0.6734375 0.4691666666666666 0.6685928867403313 0.48585865561694314 0.6645303867403313 0.5041919889502763 0.6658943370165745 0.5173918047882137 0.6745269337016574 0.526599907918969 0.6788432320441988 0.5392610497237571 0.6840227900552486 0.5530732044198898 0.6950000000000001 0.5654166666666666 0.711875 0.56625 0.7253125 0.5616666666666668 0.74 0.5583333333333333 0.751875 0.5520833333333334 0.7646875 0.5466666666666666 0.77625 0.5354166666666667 0.778125 0.5241666666666667 0.7737499999999999 0.5158333333333334 0.7653125000000001 0.5104166666666666 0.760625 0.49916666666666665 0.756875 0.48833333333333334
0 0.7858287292817681 0.6012845303867406 0.756971685082873 0.5654304788213628 0.7450966850828731 0.5579304788213627 0.7341591850828731 0.5591804788213628 0.720721685082873 0.5675138121546961 0.713534185082873 0.5795971454880295 0.7066591850828731 0.5829304788213627 0.7016591850828731 0.5958471454880295 0.7013466850828731 0.6033471454880295 0.697284185082873 0.6179304788213628 0.692909185082873 0.6329304788213628 0.6900000000000001 0.6445833333333333 0.6825 0.6595833333333334 0.6837500000000001 0.6799999999999999 0.6965625 0.6941666666666667 0.7059375 0.6970833333333334 0.7221875 0.6970833333333334 0.740625 0.6983333333333334 0.7540625000000001 0.69875 0.7675 0.6966666666666667 0.781875 0.6883333333333334 0.796187845303867 0.6772513812154698 0.7970511049723751 0.6576841620626154 0.795324585635359 0.6243047882136282
0 0.8914709944751381 0.5551979742173111 0.8774084944751381 0.5568646408839778 0.8683459944751382 0.5685313075506445 0.8564709944751382 0.5839479742173111 0.8517834944751381 0.598947974217311 0.8502209944751382 0.6160313075506445 0.8559374999999999 0.63875 0.8637499999999999 0.6541666666666667 0.87625 0.6695833333333333 0.8856249999999999 0.6766666666666666 0.8949999999999999 0.6904166666666666 0.9053125 0.69375 0.9099999999999999 0.7041666666666667 0.91875 0.7133333333333333 0.9259375000000001 0.7183333333333334 0.9349999999999999 0.7258333333333333 0.943125 0.7254166666666666 0.9553125 0.7154166666666666 0.9609375 0.7054166666666667 0.9590624999999999 0.6916666666666667 0.9650000000000001 0.6866666666666668 0.9665625 0.6741666666666667 0.96875 0.6591666666666666 0.978125 0.6379166666666667 0.9828125 0.6225 0.9809374999999999 0.6008333333333333 0.975 0.5866666666666667 0.9628125000000001 0.5691666666666666 0.9471875000000001 0.5608333333333333 0.930625 0.5570833333333333 0.9143749999999999 0.5591666666666666