0 0.4159401824034335 0.6090844062947068 0.09354881974248923 0.10953147353361944
0 0.4451113197424892 0.4968705293276109 0.08281920600858372 0.12473175965665231
0 0.4618763412017167 0.36275035765379116 0.10025482832618024 0.12741416309012876
0 0.6355619635193133 0.4445636623748212 0.098243025751073 0.1238376251788269
0 0.6481357296137339 0.5469420600858369 0.08650751072961374 0.10506080114449219
0 0.7423551502145923 0.533530042918455 0.09991952789699576 0.12115522174535046
0 0.9455472103004292 0.44411659513590845 0.1046137339055793 0.11579041487839774
0 0.9726629560085837 0.5149839632654944 0.05154908798283273 0.11085825372652174
0 0.8877078862660944 0.550071530758226 0.12439645922746774 0.1193669527896996
0 0.8769782725321889 0.6151198140200286 0.10159603004291835 0.09924892703862653
0 0.3797734819734345 0.5822264389626819 0.3762156072106262 0.5964579380139152 0.37265773244781786 0.611875395319418 0.3815524193548387 0.6407337128399747 0.38807518975332067 0.659709044908286 0.4020101992409867 0.6632669196710943 0.41653818785578745 0.6525932953826692 0.4319556451612903 0.6450822264389626 0.4355135199240987 0.6351992409867172 0.4248398956356736 0.6237349778621125 0.4203925521821632 0.6379664769133461 0.40853296963946867 0.6431056293485136 0.4023066888045541 0.6249209361163821 0.4040856261859583 0.6110847564832385 0.3830348671726755 0.601201771030993 0.39222604364326374 0.5897375079063883 0.38777870018975336 0.5865749525616698 0.3800699715370019 0.5956672991777356
0 0.4275083017077799 0.4624446552814675 0.41060839658444026 0.47232764073371286 0.40912594876660335 0.49407020872865276 0.4168346774193548 0.5162080961416825 0.43610649905123344 0.5375553447185326 0.4503379981024668 0.5565306767868438 0.46338353889943074 0.5589025932953827 0.4702027988614801 0.5450664136622391 0.4702027988614801 0.5347881087919039 0.4743536527514231 0.5209519291587603 0.47405716318785573 0.5118595825426946 0.48265536053130925 0.4924889310562935 0.47969046489563566 0.46718848829854526 0.4728712049335863 0.46125869702719796 0.46960981973434535 0.4628399746995573 0.4681273719165085 0.4758855154965212 0.45834321631878555 0.4909076533839343 0.4506344876660341 0.4790480708412398 0.44678012333965844 0.4580961416824795
0 0.4310661764705882 0.4007748260594561 0.4426292694497153 0.4197501581277673 0.456267789373814 0.4260752688172043 0.4850272770398482 0.41500632511068947 0.5075604838709677 0.4067046173308034 0.5111183586337761 0.3912871600253005 0.5063745256166983 0.37626502213788743 0.47198173624288425 0.33080328905755857 0.4533028937381404 0.3323845667299178
0 0.6015476755218216 0.4173782416192284 0.5882056451612903 0.44860847564832385 0.5870196869070209 0.47628083491461104 0.594431925996205 0.48497786211258703 0.6012511859582543 0.5047438330170778 0.6228949240986716 0.5075110689437066 0.636236954459203 0.5011859582542695 0.6617350569259962 0.47786211258697026 0.6620315464895635 0.4703510436432638 0.650171963946869 0.4663978494623656 0.6439456831119544 0.45335230866540166 0.6439456831119544 0.441888045540797 0.6400913187855787 0.4501897533206831 0.635347485768501 0.4284471853257433
0 0.6374229127134725 0.5 0.6220054554079696 0.5126502213788742 0.6134072580645161 0.5284629981024669 0.6095528937381405 0.556135357368754 0.6039195920303605 0.575506008855155 0.6074774667931688 0.5921094244149273 0.6205230075901328 0.599225173940544 0.6338650379506641 0.5968532574320051 0.6543228178368121 0.5944813409234662 0.6789314516129032 0.5794592030360531 0.6821928368121442 0.5656230234029096 0.6724086812144212 0.5260910815939279 0.6537298387096774 0.504348513598988
0 0.7296311669829222 0.4873497786211259 0.7109523244781784 0.5166034155597723 0.7112488140417457 0.536764705882353 0.720439990512334 0.5573213156230233 0.7388223434535104 0.5751106894370651 0.7563152277039847 0.5921094244149273 0.7708432163187855 0.592900063251107 0.7797379032258064 0.5786685641998734 0.7794414136622391 0.5656230234029096 0.7856676944971537 0.5379506641366224 0.7907080170777988 0.5221378874130297 0.7865571631878557 0.5015812776723593 0.7732151328273245 0.4885357368753953 0.7539433111954459 0.4822106261859583
0 0.9125652277039847 0.403146742567995 0.8998161764705882 0.4134250474383302 0.8938863851992409 0.4335863377609108 0.8941828747628083 0.46481657179000635 0.8986302182163188 0.49011701454775464 0.9223493833017077 0.49644212523719167 0.9359879032258064 0.5011859582542695 0.9502194022770398 0.49011701454775464 0.9674157969639469 0.48655913978494625 0.9822402751423149 0.4632352941176471 0.9665263282732447 0.4438646426312461 0.9665263282732447 0.43200506008855155
0 0.9525913187855787 0.49130297280202406 0.9484404648956357 0.5292536369386465 0.9466615275142315 0.558111954459203 0.9620789848197344 0.5675996204933587 0.9840192125237192 0.5660183428209994 0.9917279411764705 0.5596932321315624 0.9979542220113851 0.5596932321315624 0.9979542220113851 0.471932321315623 0.9887630455407969 0.465607210626186 0.9789788899430739 0.4667931688804554 0.9680087760910816 0.4873497786211259
0 0.8384428368121443 0.530044275774826 0.8425936907020872 0.5541587602783049 0.8888460626185959 0.6055502846299811 0.9122687381404175 0.6071315623023403 0.9193844876660341 0.5909234661606578 0.9238318311195446 0.5672043010752688 0.932430028462998 0.5490196078431373 0.9342089658444023 0.5205566097406705 0.9226458728652751 0.5177893738140418 0.9232388519924098 0.5264864010120177 0.9024845825426944 0.5249051233396584 0.8891425521821631 0.515022137887413 0.8698707305502845 0.5284629981024669 0.8618655123339657 0.5237191650853891 0.8589006166982921 0.517394054395952 0.860383064516129 0.5102783048703352 0.8550462523719166 0.5126502213788742
0 0.8360709203036052 0.6055502846299811 0.8491164611005692 0.6375711574952562 0.8692777514231498 0.6589184060721063 0.8929969165085389 0.6628716002530044 0.8983337286527513 0.6561511701454775 0.9149371442125236 0.6502213788741303 0.9247212998102465 0.62926944971537 0.9223493833017077 0.5853889943074004 0.9093038425047437 0.6059456040480709 0.8927004269449714 0.6079222011385199 0.8861776565464895 0.627292852624921 0.8772829696394686 0.6280834914611007 0.8630514705882353 0.6091081593927894 0.846448055028463 0.6237349778621125 0.8452620967741934 0.6015970904490828