0 0.29771784232365145 0.44726832641770403 0.08947095435684646 0.10286998616874138
0 0.2555757261410788 0.5622406639004149 0.08817427385892111 0.13226141078838172
0 0.18587914937759337 0.7048755186721992 0.09141597510373445 0.1339903181189489
0 0.45883039419087146 0.5285269709543569 0.08363589211618257 0.11324343015214376
0 0.47828060165975106 0.6223201936376211 0.09660269709543563 0.11929460580912862
0 0.5901192946058093 0.59768326417704 0.08298755186721989 0.12015905947441219
0 0.7184906639004149 0.5795297372060858 0.08687759336099585 0.12880359612724757
0 0.7577152489626556 0.5190179806362379 0.08493257261410783 0.1132434301521437
0 0.8254668049792532 0.5842842323651454 0.07780082987551858 0.11929460580912862
0 0.7340508298755187 0.6867219917012448 0.09076763485477182 0.12361687413554634
0 0.89548755186722 0.5911998616874137 0.07131742738589217 0.12275242047026277
0 0.9518250778008298 0.4850026050428022 0.09322484439834025 0.10918225019625437
0 0.9618743516597512 0.6374940525587828 0.07312629668049783 0.1029618257261409
0 0.9330912863070541 0.7515560165975104 0.0972510373443983 0.1149723374827109
0 0.28928941908713696 0.3992911479944676 0.2808609958506224 0.40361341632088527 0.27372925311203317 0.4113934993084371 0.2678941908713693 0.419173582295989 0.26270746887966806 0.4269536652835409 0.25816908713692943 0.43992047026279396 0.2568724066390041 0.44770055325034586 0.25752074688796683 0.4658540802213002 0.26141078838174275 0.48141424619640394 0.2678941908713693 0.48832987551867224 0.27891597510373445 0.4900587828492393 0.29123443983402486 0.48832987551867224 0.30160788381742737 0.48832987551867224 0.3087396265560166 0.48832987551867224 0.31911307053941906 0.48746542185338876 0.3275414937759336 0.4848720608575381 0.3340248962655602 0.47968533886583686 0.3379149377593361 0.47449861687413564 0.3392116182572614 0.46239626556016605 0.3392116182572614 0.45029391424619647 0.3333765560165975 0.44337828492392817 0.3242997925311203 0.4295470262793915 0.31911307053941906 0.4200380359612726 0.31522302904564314 0.41571576763485485 0.3087396265560166 0.40534232365145234 0.3029045643153527 0.4001556016597511 0.2970695020746888 0.39756224066390045
0 0.2568724066390041 0.5030255878284925 0.24585062240663902 0.5030255878284925 0.23612551867219916 0.5047544951590596 0.23029045643153528 0.5108056708160443 0.22056535269709543 0.5220435684647303 0.2140819502074689 0.537603734439834 0.21602697095435683 0.5531639004149377 0.2186203319502075 0.5626728907330567 0.22769709543568464 0.577368603042877 0.23612551867219916 0.5937932226832642 0.24585062240663902 0.6050311203319503 0.25492738589211617 0.6154045643153527 0.26076244813278004 0.6197268326417704 0.27113589211618255 0.6136756569847857 0.2743775933609959 0.6076244813278008 0.27891597510373445 0.5989799446749654 0.28475103734439833 0.5860131396957123 0.28993775933609955 0.5747752420470263 0.29382780082987553 0.5661307053941909 0.29771784232365145 0.5531639004149377 0.2983661825726141 0.5401970954356847 0.2983661825726141 0.5280947441217152 0.29253112033195017 0.5194502074688797 0.2866960580912863 0.513399031811895 0.2782676348547718 0.5177213001383126 0.27243257261410786 0.5185857538035962 0.2659491701244813 0.5168568464730291
0 0.17971991701244816 0.6577627939142462 0.17582987551867219 0.6698651452282157 0.17518153526970956 0.6793741355463347 0.17582987551867219 0.686289764868603 0.1862033195020747 0.6897475795297372 0.20111514522821577 0.6906120331950208 0.206301867219917 0.6906120331950208 0.21473029045643152 0.6949343015214385 0.22251037344398342 0.7009854771784233 0.2257520746887967 0.7061721991701245 0.22251037344398342 0.7200034578146611 0.21343360995850622 0.7321058091286308 0.20695020746887968 0.7364280774550485 0.19981846473029047 0.7442081604426003 0.1900933609958506 0.7511237897648686 0.18101659751037347 0.7571749654218534 0.17453319502074688 0.7632261410788382 0.16351141078838177 0.7658195020746887 0.15443464730290457 0.7658195020746887 0.14924792531120334 0.7493948824343015 0.14795124481327804 0.7321058091286308 0.14730290456431536 0.716545643153527 0.14406120331950206 0.6992565698478561 0.14406120331950206 0.684560857538036 0.14406120331950206 0.6715940525587829 0.14665456431535273 0.6612206085753803 0.15702800829875518 0.6534405255878285 0.17064315352697096 0.654304979253112
0 0.4585062240663901 0.47709197786998625 0.44229771784232363 0.4779564315352698 0.4332209543568465 0.48660096818810517 0.42803423236514526 0.5030255878284925 0.42284751037344404 0.5237724757952974 0.4209024896265561 0.5350103734439834 0.4209024896265561 0.5479771784232366 0.42673755186721996 0.5644017980636238 0.4332209543568465 0.5739107883817428 0.43905601659751037 0.579097510373444 0.4526711618257262 0.5816908713692946 0.4578578838174274 0.5825553250345782 0.47147302904564314 0.567859612724758 0.4682313278008299 0.5609439834024896 0.46887966804979253 0.5522994467496543 0.4818464730290457 0.5531639004149377 0.4863848547717843 0.5427904564315352 0.4902748962655602 0.5341459197786999 0.49221991701244816 0.5194502074688797 0.4876815352697096 0.5125345781466114 0.48054979253112035 0.5030255878284925 0.4727697095435685 0.49178769017980645 0.46563796680497926 0.4848720608575381
0 0.4974066390041494 0.577368603042877 0.4824948132780083 0.567859612724758 0.4701763485477179 0.5687240663900415 0.46045124481327804 0.577368603042877 0.45331950207468885 0.5842842323651453 0.4468360995850623 0.5972510373443983 0.4410010373443984 0.6188623789764869 0.4371109958506224 0.6344225449515906 0.4371109958506224 0.6508471645919779 0.4371109958506224 0.6577627939142462 0.4416493775933611 0.6698651452282157 0.44813278008298757 0.6750518672199171 0.462396265560166 0.6776452282157677 0.4727697095435685 0.6750518672199171 0.48054979253112035 0.6715940525587829 0.49610995850622414 0.6681362378976486 0.5064834024896265 0.6629495159059474 0.5136151452282158 0.6551694329183956 0.5162085062240664 0.6439315352697096 0.5168568464730291 0.6301002766251729 0.5168568464730291 0.6128112033195021 0.5136151452282158 0.6024377593360997 0.5058350622406639 0.588606500691563
0 0.579097510373444 0.5453838174273858 0.5628890041493777 0.5540283540802213 0.5557572614107884 0.5669951590594745 0.5531639004149378 0.5816908713692946 0.5531639004149378 0.6033022130013831 0.5531639004149378 0.6214557399723375 0.5622406639004149 0.63182918395574 0.5706690871369295 0.6370159059474413 0.579097510373444 0.6422026279391424 0.5901192946058091 0.6473893499308437 0.597899377593361 0.6482538035961273 0.6043827800829875 0.6482538035961273 0.6134595435684648 0.6422026279391424 0.620591286307054 0.6266424619640387 0.6244813278008299 0.6136756569847857 0.6270746887966805 0.5998443983402489 0.6277230290456431 0.5868775933609959 0.6238329875518672 0.567859612724758 0.618646265560166 0.558350622406639 0.6089211618257262 0.54884163208852 0.5966026970954357 0.5445193637621024 0.5881742738589212 0.5427904564315352
0 0.7029304979253113 0.5306881051175657 0.6886670124481328 0.5419260027662517 0.6834802904564315 0.5497060857538035 0.678941908713693 0.5635373443983404 0.6808869294605809 0.577368603042877 0.6893153526970954 0.59033540802213 0.6951504149377594 0.6058955739972338 0.7048755186721991 0.6154045643153527 0.7126556016597511 0.6197268326417704 0.7204356846473029 0.6240491009681881 0.7301607883817428 0.633558091286307 0.737292531120332 0.6378803596127247 0.7489626556016598 0.6404737206085754 0.7586877593360997 0.6283713692946058 0.7599844398340249 0.6128112033195021 0.7586877593360997 0.5998443983402489 0.756094398340249 0.5799619640387275 0.7554460580912863 0.5713174273858922 0.7547977178423236 0.558350622406639 0.7528526970954357 0.547112724757953 0.7470176348547718 0.5384681881051175 0.7405342323651453 0.5341459197786999 0.7321058091286308 0.5280947441217152 0.7191390041493776 0.5280947441217152 0.7126556016597511 0.5280947441217152
0 0.7191390041493776 0.5099412171507608 0.7197873443983402 0.4995677731673583 0.7210840248962656 0.4909232365145229 0.7288641078838174 0.4805497925311204 0.7359958506224067 0.47709197786998625 0.7580394190871369 0.4805497925311204 0.7852697095435686 0.5047544951590596 0.7917531120331951 0.513399031811895 0.7949948132780082 0.5194502074688797 0.789808091286307 0.5410615491009682 0.772951244813278 0.5592150760719226 0.7651711618257262 0.5704529737206087 0.7619294605809129 0.5756396957123098 0.7580394190871369 0.5730463347164592 0.7580394190871369 0.5540283540802213 0.754149377593361 0.5393326417704011 0.7502593360995851 0.5306881051175657 0.7424792531120332 0.5255013831258645 0.7262707468879668 0.5177213001383126
0 0.6912603734439834 0.6793741355463347 0.6970954356846473 0.6932053941908713 0.7009854771784233 0.7027143845089903 0.7087655601659751 0.7130878284923928 0.7217323651452283 0.7329702627939143 0.7282157676348547 0.7416147994467496 0.737292531120332 0.7459370677731674 0.7476659751037344 0.7468015214384509 0.7593360995850623 0.7364280774550485 0.7664678423236515 0.7234612724757953 0.7748962655601661 0.7113589211618258 0.776841286307054 0.6966632088520055 0.7761929460580912 0.6759163208852005 0.7684128630705394 0.6508471645919779 0.7606327800829875 0.6413381742738589 0.756094398340249 0.6361514522821577 0.7515560165975104 0.6361514522821577 0.7457209543568465 0.643067081604426 0.7405342323651453 0.6491182572614107 0.737292531120332 0.6594917012448133 0.7321058091286308 0.6664073305670816 0.7230290456431535 0.6646784232365145 0.7171939834024896 0.6620850622406639 0.7107105809128631 0.6629495159059474 0.7081172199170125 0.6690006915629322 0.7003371369294606 0.6724585062240663 0.6970954356846473 0.6724585062240663
0 0.8215767634854773 0.5358748271092669 0.804719917012448 0.5358748271092669 0.7936981327800829 0.5445193637621024 0.7872147302904564 0.558350622406639 0.7859180497925312 0.5834197786998616 0.7872147302904564 0.5972510373443983 0.7872147302904564 0.6119467496542186 0.7885114107883817 0.6249135546334716 0.7949948132780082 0.6326936376210236 0.804719917012448 0.633558091286307 0.8170383817427386 0.6309647302904564 0.8248184647302905 0.6249135546334716 0.8364885892116183 0.6197268326417704 0.8468620331950207 0.6119467496542186 0.8533454356846473 0.6024377593360997 0.8598288381742739 0.588606500691563 0.8604771784232366 0.5721818810511756 0.8565871369294605 0.5600795297372062 0.848158713692946 0.5505705394190872 0.8300051867219918 0.537603734439834
0 0.9363329875518673 0.44337828492392817 0.9227178423236515 0.4615318118948825 0.9136410788381744 0.48141424619640394 0.9097510373443983 0.4900587828492393 0.9084543568464729 0.5047544951590596 0.9097510373443983 0.5237724757952974 0.9259595435684647 0.5367392807745506 0.9382780082987552 0.537603734439834 0.9505964730290456 0.5358748271092669 0.9629149377593361 0.5341459197786999 0.9681016597510373 0.5341459197786999 0.9849585062240663 0.5324170124481328 0.9927385892116183 0.5298236514522823 0.9972769709543569 0.5168568464730291 0.9984375 0.5103578838174276 0.9966286307053942 0.48832987551867224 0.9894968879668049 0.4762275242047027 0.983661825726141 0.46498962655601667 0.9758817427385893 0.4563450899031813 0.9674533195020747 0.4485650069156294 0.9577282157676349 0.44337828492392817 0.9486514522821577 0.44078492392807755
0 0.9136410788381744 0.5505705394190872 0.9194761410788382 0.5592150760719226 0.9240145228215768 0.5721818810511756 0.9266078838174273 0.5877420470262794 0.9266078838174273 0.6058955739972338 0.9266078838174273 0.6197268326417704 0.9246628630705395 0.6275069156293223 0.9240145228215768 0.6361514522821577 0.9162344398340249 0.6378803596127247 0.9071576763485478 0.6370159059474413 0.8967842323651452 0.6266424619640387 0.88576244813278 0.6179979253112032 0.8825207468879668 0.6136756569847857 0.8766856846473029 0.6084889349930844 0.8734439834024897 0.6058955739972338 0.8695539419087137 0.6015733056708161 0.8663122406639004 0.5955221300138313 0.8650155601659751 0.5842842323651453 0.8695539419087137 0.5868775933609959 0.8740923236514522 0.5911998616874136 0.8643672199170125 0.5713174273858922 0.8760373443983402 0.5782330567081605 0.8896524896265561 0.5799619640387275 0.8896524896265561 0.5730463347164592 0.8760373443983402 0.5626728907330567 0.8676089211618259 0.5548928077455049 0.8727956431535271 0.5393326417704011 0.88576244813278 0.5393326417704011 0.9084543568464729 0.5436549100968189
0 0.9778267634854771 0.59033540802213 0.9901452282157676 0.5998443983402489 0.9984375 0.605797824236621 0.9984375 0.633558091286307 0.9984375 0.6482538035961273 0.9984375 0.6793741355463347 0.9984375 0.6906120331950208 0.9797717842323651 0.6836964038727523 0.9674533195020747 0.6819674965421854 0.9564315352697095 0.6836964038727523 0.9447614107883817 0.6793741355463347 0.9382780082987552 0.6715940525587829 0.9317946058091285 0.6612206085753803 0.929201244813278 0.6534405255878285 0.9337396265560166 0.6370159059474413 0.93698132780083 0.6301002766251729 0.9492997925311203 0.6136756569847857 0.9596732365145229 0.6033022130013831 0.9648599585062241 0.5989799446749654
0 0.9136410788381744 0.7130878284923928 0.9019709543568466 0.718274550484094 0.8922458506224066 0.7243257261410788 0.8883558091286308 0.737292531120332 0.8909491701244813 0.7476659751037344 0.9071576763485478 0.7796507607192255 0.933091286307054 0.7934820193637621 0.9467064315352698 0.7969398340248962 0.960969917012448 0.8047199170124482 0.9752334024896265 0.802991009681881 0.9791234439834025 0.7874308437067773 0.976530082987552 0.7701417704011065 0.9739367219917012 0.7416147994467496 0.9706950207468881 0.7234612724757953 0.9655082987551868 0.7113589211618258 0.9564315352697095 0.705307745504841 0.953838174273859 0.7148167358229599 0.9408713692946058 0.7139522821576764 0.9298495850622407 0.7113589211618258