0 0.04069767441860465 0.5038759689922481 0.0806686046511628 0.11434108527131777
0 0.10247093023255813 0.5033914728682171 0.1068313953488372 0.13856589147286827
0 0.1511627906976744 0.6041666666666666 0.08502906976744189 0.1346899224806202
0 0.22056686046511625 0.433624031007752 0.08430232558139536 0.13468992248062014
0 0.2776162790697675 0.498546511627907 0.08502906976744184 0.12887596899224807
0 0.3637354651162791 0.5164728682170543 0.07703488372093026 0.1279069767441861
0 0.4171511627906977 0.3963178294573643 0.0908430232558139 0.14922480620155038
0 0.4353197674418604 0.5750968992248062 0.08212209302325588 0.13662790697674426
0 0.3993459302325581 0.6923449612403102 0.08284883720930232 0.128875968992248
0 0.5555959302325582 0.4796511627906977 0.06976744186046516 0.1550387596899225
0 0.6311773255813954 0.5285852713178295 0.07994186046511623 0.13468992248062014
0 0.6082848837209303 0.6986434108527132 0.07776162790697674 0.17054263565891467
0 0.7819767441860466 0.4699612403100775 0.09811046511627905 0.14922480620155046
0 0.8938953488372092 0.3594961240310077 0.1082848837209303 0.16472868217054265
0 0.9015261627906976 0.5789728682170543 0.11482558139534885 0.1656976744186047
0 0 0.475 0 0.5125 0.0015625 0.5145833333333333 0.0015625 0.53125 0.003125 0.5333333333333333 0.003125 0.54375 0.0046875 0.5458333333333333 0.0046875 0.55 0.0078125 0.5541666666666667 0.009375 0.5541666666666667 0.0109375 0.55625 0.0140625 0.55625 0.015625 0.5583333333333333 0.0296875 0.5583333333333333 0.03125 0.55625 0.034375 0.55625 0.0359375 0.5541666666666667 0.0390625 0.5541666666666667 0.040625 0.5520833333333334 0.05 0.5520833333333334 0.0515625 0.55 0.0546875 0.55 0.05625 0.5479166666666667 0.0578125 0.5479166666666667 0.059375 0.5458333333333333 0.0609375 0.5458333333333333 0.0625 0.54375 0.0640625 0.54375 0.0671875 0.5395833333333333 0.06875 0.5395833333333333 0.0703125 0.5375 0.0703125 0.5354166666666667 0.071875 0.5333333333333333 0.071875 0.51875 0.0625 0.50625 0.0609375 0.50625 0.05625 0.5 0.05625 0.4979166666666667 0.0546875 0.49583333333333335 0.0546875 0.49375 0.05 0.4875 0.05 0.48541666666666666 0.0484375 0.48333333333333334 0.0484375 0.47291666666666665 0.046875 0.4708333333333333 0.0390625 0.4708333333333333 0.0328125 0.4625 0.0328125 0.45416666666666666 0.01875 0.45416666666666666 0.0171875 0.45625 0.0140625 0.45625 0.0046875 0.46875 0.0046875 0.4708333333333333 0.0015625 0.475
0 0.065625 0.45 0.0578125 0.46041666666666664 0.0578125 0.4625 0.05625 0.46458333333333335 0.05625 0.4666666666666667 0.053125 0.4708333333333333 0.053125 0.47291666666666665 0.0515625 0.475 0.0515625 0.48333333333333334 0.053125 0.48541666666666666 0.053125 0.4895833333333333 0.0578125 0.49583333333333335 0.0578125 0.4979166666666667 0.0625 0.5041666666666667 0.065625 0.5041666666666667 0.06875 0.5083333333333333 0.06875 0.5104166666666666 0.071875 0.5145833333333333 0.071875 0.5166666666666667 0.0734375 0.51875 0.0734375 0.5208333333333334 0.075 0.5229166666666667 0.075 0.525 0.0765625 0.5270833333333333 0.0765625 0.5291666666666667 0.084375 0.5395833333333333 0.084375 0.5416666666666666 0.0859375 0.54375 0.0859375 0.5458333333333333 0.0984375 0.5625 0.1 0.5625 0.103125 0.5666666666666667 0.1046875 0.5666666666666667 0.10625 0.56875 0.115625 0.56875 0.1171875 0.5666666666666667 0.1203125 0.5666666666666667 0.125 0.5604166666666667 0.1265625 0.5604166666666667 0.128125 0.5583333333333333 0.128125 0.55625 0.1328125 0.55 0.1328125 0.5479166666666667 0.1359375 0.54375 0.1359375 0.5395833333333333 0.1375 0.5375 0.1375 0.5354166666666667 0.140625 0.53125 0.140625 0.5291666666666667 0.1421875 0.5270833333333333 0.1421875 0.525 0.14375 0.5229166666666667 0.14375 0.51875 0.146875 0.5145833333333333 0.146875 0.5125 0.1484375 0.5104166666666666 0.1484375 0.5041666666666667 0.15 0.5020833333333333 0.15 0.5 0.1515625 0.4979166666666667 0.1515625 0.49583333333333335 0.153125 0.49375 0.153125 0.49166666666666664 0.1546875 0.4895833333333333 0.1546875 0.4708333333333333 0.153125 0.46875 0.153125 0.46458333333333335 0.15 0.46041666666666664 0.15 0.4583333333333333 0.146875 0.45416666666666666 0.146875 0.45208333333333334 0.1453125 0.45208333333333334 0.14375 0.45 0.140625 0.45 0.1390625 0.4479166666666667 0.1359375 0.4479166666666667 0.134375 0.44583333333333336 0.128125 0.44583333333333336 0.1265625 0.4479166666666667 0.125 0.4479166666666667 0.1234375 0.45 0.1078125 0.45 0.10625 0.4479166666666667 0.1015625 0.4479166666666667 0.0984375 0.44375 0.0875 0.44375 0.0859375 0.44583333333333336 0.071875 0.44583333333333336 0.0703125 0.4479166666666667 0.06875 0.4479166666666667 0.0671875 0.45
0 0.1703125 0.55 0.1578125 0.55 0.15625 0.5520833333333334 0.1515625 0.5520833333333334 0.15 0.5541666666666667 0.1484375 0.5541666666666667 0.146875 0.55625 0.14375 0.55625 0.1421875 0.5583333333333333 0.1359375 0.5583333333333333 0.134375 0.5604166666666667 0.13125 0.5604166666666667 0.1265625 0.5666666666666667 0.125 0.5666666666666667 0.1125 0.5833333333333334 0.1109375 0.5833333333333334 0.1078125 0.5875 0.1078125 0.5916666666666667 0.10625 0.59375 0.10625 0.6 0.1078125 0.6020833333333333 0.1078125 0.60625 0.109375 0.6083333333333333 0.109375 0.6104166666666667 0.1125 0.6145833333333334 0.1125 0.6166666666666667 0.115625 0.6208333333333333 0.115625 0.6229166666666667 0.1171875 0.6229166666666667 0.1203125 0.6270833333333333 0.1203125 0.6291666666666667 0.1375 0.6520833333333333 0.1375 0.6541666666666667 0.1390625 0.6541666666666667 0.14375 0.6604166666666667 0.1453125 0.6604166666666667 0.1484375 0.6645833333333333 0.15 0.6645833333333333 0.1515625 0.6666666666666666 0.1578125 0.6666666666666666 0.159375 0.66875 0.1625 0.66875 0.1640625 0.6666666666666666 0.1671875 0.6666666666666666 0.175 0.65625 0.1765625 0.65625 0.1796875 0.6520833333333333 0.18125 0.6520833333333333 0.1875 0.64375 0.1875 0.6416666666666667 0.1890625 0.6395833333333333 0.1890625 0.6333333333333333 0.190625 0.63125 0.190625 0.6229166666666667 0.1921875 0.6208333333333333 0.1921875 0.5895833333333333 0.190625 0.5875 0.190625 0.58125 0.1890625 0.5791666666666667 0.1890625 0.5729166666666666 0.1875 0.5708333333333333 0.1875 0.56875 0.1859375 0.5666666666666667 0.1859375 0.5645833333333333 0.1828125 0.5604166666666667 0.18125 0.5604166666666667 0.1796875 0.5583333333333333 0.178125 0.5583333333333333 0.1734375 0.5520833333333334 0.171875 0.5520833333333334
0 0.196875 0.38333333333333336 0.1953125 0.3854166666666667 0.19375 0.3854166666666667 0.1890625 0.39166666666666666 0.1875 0.39166666666666666 0.184375 0.3958333333333333 0.184375 0.39791666666666664 0.18125 0.40208333333333335 0.18125 0.4041666666666667 0.1796875 0.40625 0.1796875 0.41041666666666665 0.178125 0.4125 0.178125 0.41875 0.1796875 0.42083333333333334 0.1796875 0.4270833333333333 0.18125 0.42916666666666664 0.18125 0.43333333333333335 0.1828125 0.4354166666666667 0.1828125 0.4395833333333333 0.184375 0.44166666666666665 0.184375 0.44375 0.1859375 0.44583333333333336 0.1859375 0.4479166666666667 0.1875 0.45 0.1875 0.45416666666666666 0.1890625 0.45625 0.1890625 0.4583333333333333 0.190625 0.46041666666666664 0.190625 0.4625 0.1921875 0.46458333333333335 0.1921875 0.4666666666666667 0.19375 0.46875 0.19375 0.4708333333333333 0.1953125 0.47291666666666665 0.1953125 0.47708333333333336 0.196875 0.4791666666666667 0.196875 0.48333333333333334 0.1984375 0.48541666666666666 0.1984375 0.4875 0.2015625 0.49166666666666664 0.2015625 0.49375 0.203125 0.49375 0.20625 0.4979166666666667 0.2078125 0.4979166666666667 0.209375 0.5 0.2171875 0.5 0.21875 0.4979166666666667 0.2203125 0.4979166666666667 0.221875 0.49583333333333335 0.2234375 0.49583333333333335 0.2265625 0.49166666666666664 0.228125 0.49166666666666664 0.2453125 0.46875 0.2453125 0.4666666666666667 0.25 0.46041666666666664 0.25 0.4583333333333333 0.2578125 0.4479166666666667 0.25625 0.44583333333333336 0.25625 0.44375 0.2546875 0.44166666666666665 0.2546875 0.4395833333333333 0.2515625 0.4354166666666667 0.2515625 0.43125 0.25 0.42916666666666664 0.25 0.42291666666666666 0.246875 0.41875 0.24375 0.41875 0.2421875 0.4166666666666667 0.2390625 0.4166666666666667 0.2375 0.41458333333333336 0.2359375 0.41458333333333336 0.234375 0.4125 0.2328125 0.4125 0.23125 0.41458333333333336 0.2296875 0.41458333333333336 0.2265625 0.41875 0.225 0.41875 0.2234375 0.42083333333333334 0.2203125 0.42083333333333334 0.215625 0.41458333333333336 0.215625 0.4041666666666667 0.2140625 0.40208333333333335 0.2140625 0.4 0.2015625 0.38333333333333336
0 0.25625 0.45416666666666666 0.253125 0.4583333333333333 0.253125 0.46041666666666664 0.2484375 0.4666666666666667 0.2484375 0.46875 0.246875 0.4708333333333333 0.246875 0.47291666666666665 0.2453125 0.475 0.2453125 0.4791666666666667 0.24375 0.48125 0.24375 0.49166666666666664 0.2421875 0.49375 0.2421875 0.5041666666666667 0.240625 0.50625 0.240625 0.5104166666666666 0.2390625 0.5125 0.2390625 0.5145833333333333 0.2375 0.5166666666666667 0.2375 0.5208333333333334 0.2359375 0.5229166666666667 0.2359375 0.5270833333333333 0.234375 0.5291666666666667 0.234375 0.5333333333333333 0.2328125 0.5354166666666667 0.2328125 0.5479166666666667 0.234375 0.55 0.234375 0.5520833333333334 0.2359375 0.5541666666666667 0.2359375 0.55625 0.2375 0.5583333333333333 0.240625 0.5583333333333333 0.2421875 0.5604166666666667 0.25625 0.5604166666666667 0.2578125 0.5583333333333333 0.2609375 0.5583333333333333 0.2625 0.55625 0.2640625 0.55625 0.265625 0.5541666666666667 0.275 0.5541666666666667 0.2765625 0.5520833333333334 0.2828125 0.5520833333333334 0.284375 0.55 0.2953125 0.55 0.296875 0.5479166666666667 0.2984375 0.5479166666666667 0.3 0.5458333333333333 0.3015625 0.5458333333333333 0.31875 0.5229166666666667 0.31875 0.51875 0.3203125 0.5166666666666667 0.3203125 0.5083333333333333 0.31875 0.50625 0.3171875 0.50625 0.315625 0.5083333333333333 0.3125 0.5083333333333333 0.3109375 0.5104166666666666 0.3046875 0.5104166666666666 0.303125 0.5083333333333333 0.3015625 0.5083333333333333 0.290625 0.49375 0.290625 0.49166666666666664 0.2890625 0.4895833333333333 0.2890625 0.4875 0.28125 0.47708333333333336 0.2796875 0.47708333333333336 0.275 0.4708333333333333 0.275 0.46875 0.2734375 0.4666666666666667 0.2734375 0.46458333333333335 0.2703125 0.46041666666666664 0.2703125 0.4583333333333333 0.26875 0.45625 0.2671875 0.45625 0.265625 0.45416666666666666
0 0.3421875 0.4666666666666667 0.340625 0.46875 0.3390625 0.46875 0.3375 0.4708333333333333 0.3359375 0.4708333333333333 0.33125 0.47708333333333336 0.33125 0.4791666666666667 0.3296875 0.48125 0.3296875 0.48333333333333334 0.328125 0.48541666666666666 0.328125 0.5041666666666667 0.3265625 0.50625 0.3265625 0.5104166666666666 0.328125 0.5125 0.328125 0.5145833333333333 0.3296875 0.5166666666666667 0.3296875 0.5208333333333334 0.33125 0.5229166666666667 0.33125 0.525 0.3328125 0.5270833333333333 0.3328125 0.5291666666666667 0.3390625 0.5375 0.3390625 0.5395833333333333 0.340625 0.5395833333333333 0.35 0.5520833333333334 0.35 0.5541666666666667 0.35625 0.5625 0.3578125 0.5625 0.3671875 0.575 0.3703125 0.575 0.371875 0.5770833333333333 0.3765625 0.5770833333333333 0.378125 0.575 0.3796875 0.575 0.38125 0.5729166666666666 0.38125 0.5625 0.3859375 0.55625 0.3859375 0.5541666666666667 0.3875 0.5520833333333334 0.3890625 0.5520833333333334 0.390625 0.55 0.390625 0.5458333333333333 0.3921875 0.54375 0.3921875 0.5395833333333333 0.39375 0.5375 0.39375 0.5354166666666667 0.3953125 0.5333333333333333 0.3953125 0.53125 0.396875 0.5291666666666667 0.396875 0.5270833333333333 0.3984375 0.525 0.3984375 0.5208333333333334 0.4 0.51875 0.4 0.49166666666666664 0.3984375 0.4895833333333333 0.3984375 0.48541666666666666 0.396875 0.48333333333333334 0.396875 0.48125 0.39375 0.47708333333333336 0.39375 0.475 0.3890625 0.46875 0.3875 0.46875 0.3859375 0.4666666666666667 0.384375 0.4666666666666667 0.3828125 0.46458333333333335 0.378125 0.46458333333333335 0.3765625 0.4625 0.3671875 0.4625 0.365625 0.46041666666666664 0.3640625 0.46041666666666664 0.3625 0.4625 0.353125 0.4625 0.3515625 0.46458333333333335 0.35 0.46458333333333335 0.3484375 0.4666666666666667
0 0.4 0.3541666666666667 0.396875 0.35833333333333334 0.3953125 0.35833333333333334 0.3921875 0.3625 0.390625 0.3625 0.3875 0.36666666666666664 0.3875 0.36875 0.3828125 0.375 0.3828125 0.3770833333333333 0.3796875 0.38125 0.3796875 0.38333333333333336 0.378125 0.3854166666666667 0.378125 0.3875 0.3765625 0.38958333333333334 0.3765625 0.39166666666666666 0.375 0.39375 0.375 0.4 0.3734375 0.40208333333333335 0.3734375 0.42083333333333334 0.375 0.42291666666666666 0.375 0.42916666666666664 0.3890625 0.4479166666666667 0.3890625 0.45 0.39375 0.45625 0.3953125 0.45625 0.396875 0.4583333333333333 0.3984375 0.4583333333333333 0.4 0.46041666666666664 0.403125 0.46041666666666664 0.4046875 0.4625 0.409375 0.4625 0.4109375 0.46458333333333335 0.415625 0.46458333333333335 0.4171875 0.4666666666666667 0.425 0.4666666666666667 0.4265625 0.46458333333333335 0.434375 0.46458333333333335 0.4359375 0.4666666666666667 0.44375 0.4666666666666667 0.4453125 0.46458333333333335 0.4484375 0.46458333333333335 0.453125 0.4583333333333333 0.4546875 0.4583333333333333 0.4578125 0.45416666666666666 0.4578125 0.45208333333333334 0.459375 0.45 0.459375 0.4479166666666667 0.4609375 0.44583333333333336 0.4609375 0.44375 0.4625 0.44166666666666665 0.4625 0.4166666666666667 0.4609375 0.41458333333333336 0.4609375 0.39375 0.459375 0.39166666666666666 0.459375 0.38958333333333334 0.4578125 0.3875 0.4578125 0.3854166666666667 0.45625 0.38333333333333336 0.45625 0.38125 0.4515625 0.375 0.4515625 0.3729166666666667 0.45 0.37083333333333335 0.4484375 0.37083333333333335 0.446875 0.36875 0.446875 0.36666666666666664 0.44375 0.3625 0.4421875 0.3625 0.4390625 0.35833333333333334 0.4375 0.35833333333333334 0.4359375 0.35625 0.434375 0.35625 0.4328125 0.3541666666666667 0.43125 0.3541666666666667 0.4296875 0.35208333333333336 0.421875 0.35208333333333336 0.4203125 0.35 0.40625 0.35 0.4046875 0.35208333333333336 0.403125 0.35208333333333336 0.4015625 0.3541666666666667
0 0.428125 0.5270833333333333 0.425 0.53125 0.4234375 0.53125 0.4203125 0.5354166666666667 0.41875 0.5354166666666667 0.4125 0.54375 0.4109375 0.54375 0.40625 0.55 0.4046875 0.55 0.403125 0.5520833333333334 0.403125 0.5541666666666667 0.3984375 0.5604166666666667 0.3984375 0.5645833333333333 0.396875 0.5666666666666667 0.396875 0.56875 0.3953125 0.5708333333333333 0.3953125 0.6 0.396875 0.6020833333333333 0.396875 0.60625 0.4046875 0.6166666666666667 0.4078125 0.6166666666666667 0.409375 0.61875 0.4109375 0.61875 0.4125 0.6208333333333333 0.4171875 0.6208333333333333 0.41875 0.6229166666666667 0.4203125 0.6229166666666667 0.421875 0.625 0.425 0.625 0.4265625 0.6270833333333333 0.4296875 0.6270833333333333 0.43125 0.6291666666666667 0.4328125 0.6291666666666667 0.4359375 0.6333333333333333 0.4375 0.6333333333333333 0.4390625 0.6354166666666666 0.440625 0.6354166666666666 0.4421875 0.6375 0.44375 0.6375 0.4453125 0.6395833333333333 0.446875 0.6395833333333333 0.4484375 0.6416666666666667 0.45 0.6416666666666667 0.4515625 0.64375 0.4625 0.64375 0.4640625 0.6416666666666667 0.465625 0.6416666666666667 0.4671875 0.6395833333333333 0.46875 0.6395833333333333 0.46875 0.6375 0.4703125 0.6354166666666666 0.4703125 0.6270833333333333 0.471875 0.625 0.471875 0.6208333333333333 0.4703125 0.61875 0.4703125 0.5854166666666667 0.471875 0.5833333333333334 0.471875 0.5604166666666667 0.4703125 0.5583333333333333 0.4703125 0.5541666666666667 0.46875 0.5520833333333334 0.46875 0.55 0.4671875 0.5479166666666667 0.4671875 0.5458333333333333 0.465625 0.54375 0.465625 0.5416666666666666 0.4640625 0.5395833333333333 0.4640625 0.5375 0.4625 0.5354166666666667 0.4609375 0.5354166666666667 0.459375 0.5333333333333333 0.4578125 0.5333333333333333 0.45625 0.53125 0.4546875 0.53125 0.453125 0.5291666666666667 0.4515625 0.5291666666666667 0.45 0.5270833333333333 0.4484375 0.5270833333333333 0.446875 0.525 0.434375 0.525 0.4328125 0.5270833333333333
0 0.365625 0.6583333333333333 0.3640625 0.6604166666666667 0.3640625 0.6645833333333333 0.3625 0.6666666666666666 0.3625 0.6729166666666667 0.3609375 0.675 0.3609375 0.7 0.3640625 0.7041666666666667 0.3640625 0.70625 0.365625 0.7083333333333334 0.3671875 0.7083333333333334 0.375 0.71875 0.3765625 0.71875 0.3796875 0.7229166666666667 0.38125 0.7229166666666667 0.384375 0.7270833333333333 0.3859375 0.7270833333333333 0.3890625 0.73125 0.390625 0.73125 0.4015625 0.7458333333333333 0.403125 0.7458333333333333 0.40625 0.75 0.4078125 0.75 0.409375 0.7520833333333333 0.4109375 0.7520833333333333 0.4125 0.7541666666666667 0.4203125 0.7541666666666667 0.421875 0.7520833333333333 0.4234375 0.7520833333333333 0.428125 0.7458333333333333 0.428125 0.74375 0.4296875 0.7416666666666667 0.4296875 0.7395833333333334 0.43125 0.7375 0.43125 0.7333333333333333 0.4328125 0.73125 0.4328125 0.7229166666666667 0.434375 0.7208333333333333 0.434375 0.7145833333333333 0.4359375 0.7125 0.4359375 0.6979166666666666 0.4375 0.6958333333333333 0.4375 0.6604166666666667 0.4359375 0.6583333333333333 0.4359375 0.6520833333333333 0.43125 0.6458333333333334 0.425 0.6458333333333334 0.4234375 0.6479166666666667 0.4171875 0.6479166666666667 0.415625 0.6458333333333334 0.4015625 0.6458333333333334 0.4 0.6479166666666667 0.396875 0.6479166666666667 0.3875 0.6604166666666667 0.3859375 0.6604166666666667 0.384375 0.6625 0.378125 0.6625 0.375 0.6583333333333333 0.3734375 0.6583333333333333 0.371875 0.65625 0.3703125 0.65625 0.36875 0.6583333333333333
0 0.5265625 0.4666666666666667 0.5265625 0.46875 0.525 0.4708333333333333 0.525 0.47708333333333336 0.5234375 0.4791666666666667 0.5234375 0.5333333333333333 0.525 0.5354166666666667 0.525 0.5395833333333333 0.5359375 0.5541666666666667 0.546875 0.5541666666666667 0.5484375 0.5520833333333334 0.55 0.5520833333333334 0.553125 0.5479166666666667 0.5546875 0.5479166666666667 0.5578125 0.54375 0.559375 0.54375 0.5640625 0.5375 0.565625 0.5375 0.5671875 0.5354166666666667 0.56875 0.5354166666666667 0.571875 0.53125 0.5734375 0.53125 0.578125 0.525 0.5796875 0.525 0.58125 0.5229166666666667 0.58125 0.51875 0.5828125 0.5166666666666667 0.5828125 0.5083333333333333 0.58125 0.50625 0.58125 0.5041666666666667 0.5796875 0.5020833333333333 0.5796875 0.5 0.571875 0.4895833333333333 0.571875 0.4875 0.56875 0.48333333333333334 0.56875 0.48125 0.565625 0.47708333333333336 0.565625 0.475 0.5640625 0.47291666666666665 0.5625 0.47291666666666665 0.5609375 0.475 0.5546875 0.475 0.553125 0.47708333333333336 0.5515625 0.475 0.5421875 0.475 0.540625 0.47291666666666665 0.5375 0.47291666666666665 0.5359375 0.4708333333333333 0.534375 0.4708333333333333 0.53125 0.4666666666666667
0 0.659375 0.48125 0.65625 0.48125 0.6546875 0.48333333333333334 0.6484375 0.48333333333333334 0.646875 0.48541666666666666 0.6453125 0.48541666666666666 0.64375 0.4875 0.6421875 0.4875 0.640625 0.4895833333333333 0.6390625 0.4895833333333333 0.6375 0.49166666666666664 0.634375 0.49166666666666664 0.6328125 0.49375 0.6296875 0.49375 0.628125 0.49583333333333335 0.6265625 0.49583333333333335 0.625 0.4979166666666667 0.6234375 0.4979166666666667 0.6203125 0.5020833333333333 0.6171875 0.5020833333333333 0.6140625 0.50625 0.6125 0.50625 0.6078125 0.5125 0.60625 0.5125 0.6046875 0.5145833333333333 0.5953125 0.5145833333333333 0.59375 0.5166666666666667 0.59375 0.5208333333333334 0.5921875 0.5229166666666667 0.5921875 0.525 0.59375 0.5270833333333333 0.59375 0.53125 0.5921875 0.5333333333333333 0.5921875 0.5416666666666666 0.59375 0.54375 0.59375 0.5479166666666667 0.5953125 0.55 0.5953125 0.5520833333333334 0.6015625 0.5604166666666667 0.6015625 0.5625 0.60625 0.56875 0.60625 0.5708333333333333 0.61875 0.5875 0.6203125 0.5875 0.621875 0.5895833333333333 0.6234375 0.5895833333333333 0.625 0.5916666666666667 0.6296875 0.5916666666666667 0.63125 0.5895833333333333 0.63125 0.5875 0.6328125 0.5854166666666667 0.6328125 0.58125 0.63125 0.5791666666666667 0.63125 0.5729166666666666 0.6296875 0.5708333333333333 0.6296875 0.56875 0.6328125 0.5645833333333333 0.634375 0.5666666666666667 0.634375 0.56875 0.6359375 0.5708333333333333 0.6359375 0.5875 0.64375 0.5875 0.6453125 0.5854166666666667 0.65625 0.5854166666666667 0.6578125 0.5833333333333334 0.659375 0.5833333333333334 0.6609375 0.58125 0.6609375 0.5791666666666667 0.6625 0.5770833333333333 0.6640625 0.5770833333333333 0.6640625 0.575 0.665625 0.5729166666666666 0.665625 0.5708333333333333 0.6671875 0.56875 0.6671875 0.5625 0.66875 0.5604166666666667 0.66875 0.5479166666666667 0.6703125 0.5458333333333333 0.6703125 0.5208333333333334 0.66875 0.51875 0.66875 0.50625 0.6671875 0.5041666666666667 0.6671875 0.5 0.665625 0.4979166666666667 0.665625 0.49583333333333335 0.6640625 0.49375 0.6640625 0.4895833333333333 0.659375 0.48333333333333334
0 0.640625 0.6895833333333333 0.634375 0.6895833333333333 0.6328125 0.6916666666666667 0.621875 0.6916666666666667 0.6203125 0.6895833333333333 0.6171875 0.6895833333333333 0.6125 0.6833333333333333 0.6109375 0.6833333333333333 0.609375 0.68125 0.6078125 0.68125 0.60625 0.6791666666666667 0.603125 0.6791666666666667 0.6015625 0.68125 0.6 0.68125 0.5984375 0.6833333333333333 0.596875 0.6833333333333333 0.5953125 0.6854166666666667 0.5921875 0.6854166666666667 0.590625 0.6875 0.584375 0.6875 0.5828125 0.6895833333333333 0.578125 0.6895833333333333 0.5765625 0.6916666666666667 0.5703125 0.6916666666666667 0.56875 0.69375 0.56875 0.7166666666666667 0.5703125 0.71875 0.5703125 0.7229166666666667 0.571875 0.725 0.571875 0.7291666666666666 0.5734375 0.73125 0.5734375 0.74375 0.575 0.7458333333333333 0.575 0.7520833333333333 0.5765625 0.7541666666666667 0.5765625 0.7583333333333333 0.578125 0.7604166666666666 0.578125 0.7625 0.5828125 0.76875 0.584375 0.76875 0.5859375 0.7708333333333334 0.5875 0.7708333333333334 0.590625 0.775 0.5921875 0.775 0.5953125 0.7791666666666667 0.5984375 0.7791666666666667 0.6 0.78125 0.603125 0.78125 0.6046875 0.7791666666666667 0.6078125 0.7791666666666667 0.609375 0.7770833333333333 0.6109375 0.7770833333333333 0.6140625 0.7729166666666667 0.615625 0.7729166666666667 0.6171875 0.7708333333333334 0.6171875 0.76875 0.6234375 0.7604166666666666 0.6234375 0.7583333333333333 0.6265625 0.7541666666666667 0.6265625 0.7520833333333333 0.6296875 0.7479166666666667 0.6296875 0.7458333333333333 0.634375 0.7395833333333334 0.634375 0.7375 0.6375 0.7333333333333333 0.6375 0.73125 0.6390625 0.7291666666666666 0.6390625 0.7270833333333333 0.640625 0.725 0.640625 0.7229166666666667 0.6421875 0.7208333333333333 0.6421875 0.71875 0.64375 0.7166666666666667 0.64375 0.7 0.6421875 0.6979166666666666 0.6421875 0.69375 0.640625 0.6916666666666667
0 0.8265625 0.44375 0.821875 0.4375 0.821875 0.4354166666666667 0.815625 0.4354166666666667 0.815625 0.4375 0.8140625 0.4395833333333333 0.8140625 0.44375 0.8125 0.44583333333333336 0.8125 0.4479166666666667 0.8109375 0.45 0.8109375 0.45208333333333334 0.809375 0.45416666666666666 0.8015625 0.45416666666666666 0.8 0.45208333333333334 0.796875 0.45208333333333334 0.7953125 0.45 0.790625 0.45 0.7890625 0.4479166666666667 0.7859375 0.4479166666666667 0.784375 0.44583333333333336 0.775 0.44583333333333336 0.771875 0.45 0.7703125 0.45 0.76875 0.45208333333333334 0.7671875 0.45208333333333334 0.7625 0.4583333333333333 0.7609375 0.4583333333333333 0.7578125 0.4625 0.75625 0.4625 0.7546875 0.46458333333333335 0.7484375 0.46458333333333335 0.7453125 0.46041666666666664 0.7453125 0.4583333333333333 0.74375 0.45625 0.74375 0.45416666666666666 0.7421875 0.45208333333333334 0.740625 0.45416666666666666 0.7375 0.45416666666666666 0.734375 0.4583333333333333 0.734375 0.4791666666666667 0.7359375 0.48125 0.7359375 0.49375 0.7375 0.49583333333333335 0.7375 0.4979166666666667 0.74375 0.50625 0.7453125 0.50625 0.746875 0.5083333333333333 0.7484375 0.5083333333333333 0.7515625 0.5125 0.753125 0.5125 0.75625 0.5166666666666667 0.7578125 0.5166666666666667 0.759375 0.51875 0.7609375 0.51875 0.7625 0.5208333333333334 0.765625 0.5208333333333334 0.7671875 0.5229166666666667 0.76875 0.5229166666666667 0.7734375 0.5291666666666667 0.775 0.5291666666666667 0.778125 0.5333333333333333 0.7796875 0.5333333333333333 0.78125 0.5354166666666667 0.7828125 0.5354166666666667 0.784375 0.5375 0.7859375 0.5375 0.7875 0.5395833333333333 0.7890625 0.5395833333333333 0.790625 0.5416666666666666 0.8046875 0.5416666666666666 0.80625 0.5395833333333333 0.8078125 0.5395833333333333 0.8140625 0.53125 0.8140625 0.5291666666666667 0.815625 0.5270833333333333 0.815625 0.525 0.8171875 0.5229166666666667 0.8171875 0.5166666666666667 0.81875 0.5145833333333333 0.81875 0.5104166666666666 0.8203125 0.5083333333333333 0.8203125 0.5020833333333333 0.821875 0.5 0.821875 0.4875 0.8234375 0.48541666666666666 0.8234375 0.48333333333333334 0.825 0.48125 0.825 0.4791666666666667 0.8265625 0.47708333333333336 0.8265625 0.47291666666666665 0.828125 0.4708333333333333 0.828125 0.45208333333333334 0.8265625 0.45
0 0.9109375 0.30625 0.909375 0.30833333333333335 0.9078125 0.30833333333333335 0.90625 0.3104166666666667 0.9046875 0.3104166666666667 0.903125 0.3125 0.9015625 0.3125 0.9 0.3145833333333333 0.8984375 0.3145833333333333 0.896875 0.31666666666666665 0.8953125 0.31666666666666665 0.89375 0.31875 0.8921875 0.31875 0.8890625 0.3229166666666667 0.8875 0.3229166666666667 0.8859375 0.325 0.884375 0.325 0.88125 0.32916666666666666 0.8796875 0.32916666666666666 0.8765625 0.3333333333333333 0.875 0.3333333333333333 0.8734375 0.33541666666666664 0.871875 0.33541666666666664 0.86875 0.33958333333333335 0.8671875 0.33958333333333335 0.8625 0.3458333333333333 0.8625 0.35 0.8609375 0.35208333333333336 0.8609375 0.36041666666666666 0.8625 0.3625 0.8625 0.36666666666666664 0.8609375 0.36875 0.8609375 0.38333333333333336 0.859375 0.3854166666666667 0.8408430232558141 0.37403100775193804 0.8401162790697676 0.3866279069767442 0.8437500000000002 0.3963178294573643 0.8575581395348838 0.40794573643410853 0.8611918604651164 0.4118217054263566 0.8625 0.40625 0.8640625 0.4083333333333333 0.8640988372093025 0.41375968992248063 0.865625 0.4125 0.86875 0.4125 0.8703125 0.41458333333333336 0.8734375 0.41458333333333336 0.875 0.4166666666666667 0.878125 0.4166666666666667 0.88125 0.42083333333333334 0.8828125 0.42083333333333334 0.8875 0.4270833333333333 0.890625 0.4270833333333333 0.8921875 0.42916666666666664 0.89375 0.42916666666666664 0.8953125 0.43125 0.896875 0.43125 0.8984375 0.43333333333333335 0.9 0.43333333333333335 0.9015625 0.4354166666666667 0.903125 0.4354166666666667 0.90625 0.4395833333333333 0.915625 0.4395833333333333 0.9171875 0.44166666666666665 0.9234375 0.44166666666666665 0.925 0.4395833333333333 0.928125 0.4395833333333333 0.9296875 0.4375 0.9296875 0.4354166666666667 0.9328125 0.43125 0.9328125 0.42916666666666664 0.934375 0.4270833333333333 0.934375 0.42291666666666666 0.9359375 0.42083333333333334 0.9359375 0.4 0.9375 0.39791666666666664 0.9375 0.39166666666666666 0.9390625 0.38958333333333334 0.9390625 0.375 0.940625 0.3729166666666667 0.940625 0.36666666666666664 0.9421875 0.3645833333333333 0.9421875 0.35833333333333334 0.94375 0.35625 0.94375 0.3416666666666667 0.940625 0.3375 0.940625 0.33541666666666664 0.9375 0.33125 0.9375 0.32708333333333334 0.9359375 0.325 0.9359375 0.3229166666666667 0.934375 0.32083333333333336 0.934375 0.31875 0.928125 0.3104166666666667 0.9265625 0.3104166666666667 0.925 0.30833333333333335 0.9234375 0.30833333333333335 0.921875 0.30625
0 0.9109375 0.5125 0.909375 0.5145833333333333 0.90625 0.5145833333333333 0.9046875 0.5166666666666667 0.9015625 0.5166666666666667 0.9 0.51875 0.8984375 0.51875 0.896875 0.5208333333333334 0.89375 0.5208333333333334 0.8921875 0.5229166666666667 0.8890625 0.5229166666666667 0.8875 0.525 0.8859375 0.525 0.884375 0.5270833333333333 0.8828125 0.5270833333333333 0.88125 0.5291666666666667 0.8796875 0.5291666666666667 0.878125 0.53125 0.8765625 0.53125 0.875 0.5333333333333333 0.8734375 0.5333333333333333 0.871875 0.5354166666666667 0.8703125 0.5354166666666667 0.8671875 0.5395833333333333 0.865625 0.5395833333333333 0.8625 0.54375 0.8609375 0.54375 0.859375 0.5458333333333333 0.8578125 0.5458333333333333 0.85625 0.5479166666666667 0.8546875 0.5479166666666667 0.853125 0.55 0.8515625 0.55 0.85 0.5520833333333334 0.8484375 0.5520833333333334 0.84375 0.5583333333333333 0.84375 0.58125 0.846875 0.5854166666666667 0.846875 0.5875 0.85 0.5916666666666667 0.85 0.59375 0.8515625 0.59375 0.853125 0.5958333333333333 0.8546875 0.5958333333333333 0.8578125 0.6 0.859375 0.6 0.8703125 0.6145833333333334 0.8703125 0.6166666666666667 0.871875 0.61875 0.8734375 0.61875 0.875 0.6208333333333333 0.875 0.6229166666666667 0.878125 0.6270833333333333 0.8796875 0.6270833333333333 0.8875 0.6375 0.8875 0.6395833333333333 0.8890625 0.6416666666666667 0.890625 0.6416666666666667 0.896875 0.65 0.8984375 0.65 0.9 0.6520833333333333 0.9015625 0.6520833333333333 0.903125 0.6541666666666667 0.9046875 0.6541666666666667 0.90625 0.65625 0.9109375 0.65625 0.9125 0.6583333333333333 0.921875 0.6583333333333333 0.928125 0.65 0.9296875 0.65 0.9359375 0.6416666666666667 0.9359375 0.6395833333333333 0.9375 0.6375 0.9375 0.625 0.9390625 0.6229166666666667 0.9390625 0.6166666666666667 0.940625 0.6145833333333334 0.940625 0.6125 0.9421875 0.6104166666666667 0.9421875 0.6083333333333333 0.9453125 0.6041666666666666 0.9453125 0.6020833333333333 0.9484375 0.5979166666666667 0.9484375 0.5958333333333333 0.95 0.59375 0.95 0.5875 0.9515625 0.5854166666666667 0.9515625 0.5833333333333334 0.953125 0.58125 0.953125 0.5770833333333333 0.9546875 0.575 0.9546875 0.5645833333333333 0.95625 0.5625 0.95625 0.5541666666666667 0.9546875 0.5520833333333334 0.9546875 0.54375 0.953125 0.5416666666666666 0.953125 0.5395833333333333 0.946875 0.53125 0.946875 0.5291666666666667 0.94375 0.525 0.94375 0.5229166666666667 0.940625 0.51875 0.9390625 0.51875 0.9375 0.5166666666666667 0.934375 0.5166666666666667 0.9328125 0.5145833333333333 0.9234375 0.5145833333333333 0.921875 0.5125