0 0.2841850828729282 0.4200046040515654 0.13035220994475144 0.1542357274401473
0 0.2608770718232044 0.5851749539594844 0.10790745856353597 0.14848066298342555
0 0.22634668508287295 0.7227209944751382 0.12344613259668505 0.13581952117863713
0 0.4935255524861879 0.5241712707182321 0.1070441988950277 0.13927255985267042
0 0.5082009668508288 0.6415745856353592 0.09668508287292817 0.1162523020257827
0 0.6126553867403315 0.6231583793738491 0.10877071823204432 0.13466850828729282
0 0.818974447513812 0.5218692449355433 0.10186464088397802 0.12315837937384906
0 0.8763812154696133 0.601864640883978 0.10445441988950269 0.10819521178637194
0 0.9402624309392266 0.5840239410681399 0.08028314917127073 0.13006445672191536
0 0.9773351174033149 0.5105945940761205 0.04220476519337026 0.08909894874155952
0 0.9592066643646409 0.6335712442100565 0.0784616712707182 0.10715169652324347
0 0.9350828729281767 0.7255985267034991 0.1199930939226519 0.1162523020257827
0 0.7658839779005524 0.6398480662983427 0.12862569060773463 0.13121546961325972
0 0.7550932320441989 0.71005985267035 0.10186464088397784 0.1035911602209944
0 0.27346654275092935 0.3887856257744734 0.28217936802973975 0.3856877323420074 0.2949581784386617 0.38413878562577447 0.3042518587360595 0.3926579925650558 0.3118029739776952 0.39807930607187114 0.3181923791821561 0.4096964064436184 0.3257434944237918 0.4189900867410161 0.3332946096654275 0.4290582403965304 0.3420074349442379 0.44144981412639406 0.3472351301115241 0.45306691449814124 0.34607342007434944 0.4701053283767038 0.3385223048327137 0.47475216852540275 0.329228624535316 0.4778500619578686 0.31935408921933084 0.47862453531598514 0.3112221189591078 0.48172242874845106 0.3025092936802974 0.48636926889714993 0.2920539033457249 0.48946716232961585 0.28276022304832715 0.4917905824039653 0.27520910780669144 0.49333952912019824 0.26649628252788105 0.48946716232961585 0.2577834572490706 0.4778500619578686 0.25546003717472116 0.47242874845105326 0.25139405204460963 0.46623296158612143 0.25139405204460963 0.4584882280049566 0.2525557620817843 0.44919454770755884 0.2566217472118959 0.43835192069392814 0.26010687732342 0.42750929368029744 0.26475371747211895 0.41744114002478316 0.26475371747211895 0.4081474597273854 0.2705622676579925 0.39730483271375466
0 0.22177044609665425 0.5599442379182157 0.22409386617100369 0.5521995043370508 0.22874070631970259 0.5475526641883519 0.2357109665427509 0.5452292441140025 0.2461663568773234 0.542905824039653 0.2525557620817843 0.5413568773234201 0.25894516728624534 0.5359355638166047 0.2606877323420074 0.5467781908302354 0.26301115241635686 0.5568463444857498 0.26765799256505574 0.5692379182156134 0.2740473977695167 0.5746592317224287 0.28101765799256506 0.5731102850061959 0.28276022304832715 0.5676889714993805 0.28740706319702597 0.5630421313506815 0.28973048327137546 0.5529739776951673 0.28973048327137546 0.5452292441140025 0.28914962825278806 0.5390334572490706 0.29786245353159846 0.5374845105328377 0.30309014869888473 0.5491016109045849 0.30889869888475835 0.5560718711276332 0.3112221189591078 0.5684634448574969 0.3106412639405204 0.5816294919454771 0.30715613382899626 0.5893742255266419 0.3048327137546468 0.5955700123915738 0.2990241635687732 0.605638166047088 0.29786245353159846 0.6188042131350682 0.29728159851301117 0.6319702602230483 0.29437732342007433 0.6389405204460966 0.2920539033457249 0.6451363073110286 0.28566449814126393 0.6505576208178439 0.28101765799256506 0.6559789343246593 0.27695167286245354 0.6559789343246593 0.26707713754646834 0.6482342007434945 0.25836431226765794 0.6404894671623296 0.25546003717472116 0.6335192069392813 0.24210037174721188 0.6242255266418835 0.2339684014869888 0.6095105328376704 0.22409386617100369 0.6009913258983891 0.22002788104089216 0.5870508054522925 0.22002788104089216 0.5738847583643122
0 0.17878717472118957 0.6978004956629492 0.18633828996282525 0.7008983890954151 0.19272769516728622 0.7008983890954151 0.18691914498141263 0.7063197026022305 0.18052973977695164 0.7117410161090459 0.18169144981412638 0.7194857496902107 0.19505111524163565 0.7233581164807931 0.20434479553903345 0.7233581164807931 0.20899163568773232 0.7241325898389095 0.20899163568773232 0.7396220570012392 0.20666821561338286 0.7520136307311028 0.20724907063197023 0.7613073110285007 0.20957249070631967 0.769826517967782 0.2107342007434944 0.7744733581164808 0.2194470260223048 0.7644052044609666 0.22583643122676578 0.7613073110285007 0.23222583643122677 0.7558859975216853 0.23222583643122677 0.745817843866171 0.23454925650557618 0.7396220570012392 0.24210037174721188 0.7527881040892194 0.2537174721189591 0.7582094175960348 0.24674721189591073 0.7636307311028501 0.2415195167286245 0.7675030978934324 0.2357109665427509 0.7713754646840149 0.22409386617100369 0.7767967781908303 0.2194470260223048 0.7806691449814127 0.21189591078066913 0.7853159851301116 0.20608736059479554 0.7868649318463444 0.1973745353159851 0.786090458488228 0.19272769516728622 0.7829925650557621 0.18691914498141263 0.7736988847583643 0.18343401486988845 0.765179677819083 0.17704460966542748 0.7489157372986369 0.1723977695167286 0.7349752168525403 0.17065520446096652 0.726456009913259 0.17297862453531596 0.7194857496902107 0.17588289962825276 0.7132899628252788
0 0.4828125 0.47583333333333333 0.4771875 0.47583333333333333 0.47000000000000003 0.4766666666666667 0.4640625 0.4795833333333333 0.453125 0.4891666666666667 0.45 0.5004166666666666 0.4446875 0.5125 0.44312500000000005 0.52125 0.4409375 0.5325 0.43968749999999995 0.54625 0.4421875 0.5566666666666666 0.44406249999999997 0.55875 0.44781250000000006 0.5629166666666666 0.45062499999999994 0.5679166666666667 0.45375 0.57875 0.4603125 0.5845833333333333 0.4640625 0.5895833333333333 0.4703125 0.5916666666666667 0.47531249999999997 0.5916666666666667 0.4859375 0.5866666666666667 0.49124999999999996 0.5858333333333333 0.505625 0.5791666666666667 0.51 0.5758333333333333 0.5181250000000001 0.5700000000000001 0.5231250000000001 0.5612499999999999 0.5228125 0.5529166666666666 0.51875 0.5466666666666666 0.5146875 0.5404166666666667 0.5140625 0.5491666666666667 0.5084375 0.5445833333333333 0.506875 0.5425 0.5003124999999999 0.5404166666666667 0.499375 0.52875 0.500625 0.52125 0.49749999999999994 0.52375 0.4953125 0.5179166666666667 0.49124999999999996 0.5091666666666667 0.4890625 0.50375 0.4846875 0.5008333333333334 0.4725 0.4983333333333333 0.46343750000000006 0.49375 0.456875 0.4925 0.45968749999999997 0.48541666666666666 0.46781249999999996 0.48166666666666663 0.4759375 0.48125
0 0.51875 0.5945833333333332 0.5128125 0.5862499999999999 0.505 0.58375 0.4959375 0.5858333333333333 0.48968749999999994 0.5908333333333334 0.4840625 0.5958333333333333 0.479375 0.6008333333333333 0.47375 0.6075 0.4728125 0.6145833333333334 0.4715625 0.62125 0.469375 0.6279166666666666 0.4684375 0.6345833333333334 0.468125 0.6383333333333333 0.46781249999999996 0.6441666666666667 0.4646875 0.6479166666666667 0.46749999999999997 0.6545833333333333 0.464375 0.6575000000000001 0.4640625 0.6641666666666667 0.46187500000000004 0.66625 0.4609375 0.67625 0.460625 0.6845833333333334 0.464375 0.69125 0.47062499999999996 0.6958333333333333 0.4734375 0.6975 0.4809375 0.6979166666666666 0.49000000000000005 0.6979166666666666 0.501875 0.6945833333333333 0.5078125 0.6920833333333333 0.514375 0.6920833333333333 0.5237499999999999 0.6891666666666667 0.5325 0.685 0.5396875 0.6787500000000001 0.5434375 0.6754166666666667 0.54625 0.6637500000000001 0.54625 0.6549999999999999 0.5440625 0.6466666666666666 0.5396875 0.6333333333333333 0.5346875 0.6204166666666667 0.53 0.61125 0.5228125 0.6024999999999999
0 0.58875 0.5866666666666667 0.584375 0.5954166666666667 0.5828125 0.6045833333333334 0.5796875 0.6183333333333334 0.5834374999999999 0.63 0.5856250000000001 0.6366666666666667 0.5890625 0.6420833333333333 0.5925 0.6479166666666667 0.5971875 0.65125 0.6018749999999999 0.6570833333333332 0.604375 0.6575000000000001 0.6115625 0.6666666666666666 0.6140625 0.6675 0.6184375 0.6716666666666666 0.6215625 0.6770833333333334 0.6246875000000001 0.6799999999999999 0.6290625000000001 0.6829166666666667 0.63375 0.6891666666666667 0.6403125000000001 0.6895833333333333 0.6475 0.6845833333333334 0.650625 0.6770833333333334 0.6525000000000001 0.6695833333333333 0.653125 0.6645833333333333 0.653125 0.6566666666666666 0.655625 0.6508333333333333 0.6565624999999999 0.6458333333333334 0.6587500000000001 0.63625 0.6625 0.6229166666666667 0.6640625 0.6091666666666666 0.6621875 0.5941666666666666 0.658125 0.5862499999999999 0.655 0.5808333333333333 0.6490625 0.575 0.6434375 0.5729166666666666 0.6368750000000001 0.5691666666666666 0.629375 0.5695833333333333 0.6221875 0.5675 0.6103125 0.5679166666666667 0.6012500000000001 0.5729166666666666 0.595625 0.57625 0.5925 0.5808333333333333
0 0.7396874999999999 0.5970833333333334 0.734375 0.6 0.73 0.605 0.725 0.6120833333333333 0.72 0.6195833333333333 0.7184375000000001 0.6262500000000001 0.7178125 0.6329166666666667 0.7203125 0.6404166666666666 0.7234375 0.6487499999999999 0.7321875 0.6566666666666666 0.734375 0.6620833333333334 0.7440625 0.6716666666666666 0.7465625 0.6720833333333334 0.7537499999999999 0.6804166666666667 0.76 0.6904166666666666 0.76625 0.6970833333333334 0.7681250000000001 0.6991666666666667 0.779375 0.7045833333333333 0.7909375 0.7020833333333333 0.79375 0.6962499999999999 0.79625 0.6929166666666667 0.7984375 0.6804166666666667 0.8006249999999999 0.6725 0.8009375000000001 0.6658333333333334 0.8012499999999999 0.66 0.8015625 0.6554166666666668 0.8090624999999999 0.6508333333333333 0.809375 0.64625 0.8103125 0.64125 0.8125 0.63625 0.813125 0.6266666666666667 0.8140625 0.62 0.81375 0.6158333333333333 0.811875 0.6116666666666667 0.805 0.6091666666666666 0.80375 0.6154166666666666 0.8018750000000001 0.6191666666666666 0.7940625 0.62 0.7790625 0.61375 0.775 0.6104166666666667 0.7693749999999999 0.6029166666666667 0.76625 0.6083333333333333 0.75875 0.6154166666666666 0.753125 0.6195833333333333 0.7462500000000001 0.6183333333333334 0.74125 0.6125 0.7375 0.60625
0 0.7878125 0.48083333333333333 0.7846875 0.48083333333333333 0.7796875 0.4825 0.776875 0.4891666666666667 0.7737499999999999 0.49624999999999997 0.7703125 0.5041666666666667 0.7684375 0.5116666666666666 0.7703125 0.5166666666666667 0.77 0.5225000000000001 0.7693749999999999 0.5283333333333333 0.7728125 0.5329166666666667 0.7725 0.5379166666666666 0.7725 0.5425 0.7740625 0.5491666666666667 0.7765625 0.5549999999999999 0.7753125 0.5620833333333334 0.7753125 0.5704166666666667 0.780625 0.5770833333333333 0.785625 0.5791666666666667 0.7909375 0.5825 0.8003125000000001 0.5825 0.8109375 0.5816666666666667 0.8150000000000001 0.58 0.820625 0.5716666666666667 0.8240624999999999 0.56875 0.8306250000000001 0.5708333333333333 0.8359375 0.5670833333333333 0.8428125 0.5612499999999999 0.8481249999999999 0.5541666666666667 0.8509375 0.5504166666666667 0.8528125 0.5441666666666667 0.853125 0.5395833333333333 0.849375 0.5354166666666667 0.843125 0.5283333333333333 0.8425 0.5245833333333334 0.8418749999999999 0.51625 0.8412499999999999 0.5133333333333333 0.8390625 0.51125 0.8318749999999999 0.5083333333333333 0.828125 0.5058333333333334 0.8256249999999999 0.5004166666666666 0.8221875000000001 0.49583333333333335 0.8171875 0.49375 0.8081250000000001 0.48791666666666667 0.79625 0.4825
0 0.7259375 0.6929166666666667 0.7203125 0.6966666666666667 0.7171875 0.6991666666666667 0.7165625 0.70375 0.71875 0.7104166666666667 0.7284375 0.7304166666666667 0.7418750000000001 0.7483333333333333 0.7571875 0.7579166666666667 0.7753125 0.7541666666666667 0.7884375 0.7479166666666667 0.796875 0.7375 0.8028124999999999 0.7220833333333334 0.804375 0.6962499999999999 0.8021874999999999 0.6820833333333333 0.8 0.6783333333333333 0.7971874999999999 0.6929166666666667 0.7934375 0.7029166666666666 0.781875 0.70625 0.7740625 0.705 0.7709374999999999 0.7120833333333334 0.77 0.7216666666666666 0.7634375 0.7274999999999999 0.7571875 0.72375 0.7484375 0.7129166666666666 0.7459374999999999 0.7075 0.7462500000000001 0.6995833333333333 0.7415625 0.7058333333333333 0.7365625 0.7112499999999999 0.7306250000000001 0.7166666666666667 0.7271875 0.7204166666666667 0.7259375 0.7091666666666666
0 0.8546875 0.5420833333333334 0.8515625 0.5508333333333333 0.8471875000000001 0.55625 0.8412499999999999 0.5616666666666668 0.835625 0.5670833333333333 0.8306250000000001 0.5716666666666667 0.828125 0.5708333333333333 0.8265625 0.5879166666666666 0.8271875 0.5945833333333332 0.8275 0.6008333333333333 0.8309374999999999 0.6108333333333333 0.8278125 0.6129166666666667 0.825 0.61375 0.825 0.6229166666666667 0.8231249999999999 0.6333333333333333 0.8262499999999999 0.6441666666666667 0.8306250000000001 0.6504166666666666 0.8378125000000001 0.6541666666666667 0.8503125 0.6508333333333333 0.8550000000000001 0.6491666666666667 0.8590625 0.645 0.8675 0.645 0.878125 0.6433333333333333 0.89 0.63625 0.8965624999999999 0.6308333333333334 0.905 0.6158333333333333 0.9065625 0.6083333333333333 0.9084375 0.5954166666666667 0.9087500000000001 0.59 0.905 0.5783333333333334 0.9 0.57375 0.8928125 0.5716666666666667 0.89125 0.5641666666666667 0.8875 0.5612499999999999 0.8803124999999999 0.5525 0.8746875 0.5529166666666666 0.8709374999999999 0.5529166666666666 0.8675 0.5466666666666666 0.8615625 0.5466666666666666 0.86 0.5470833333333334 0.8578125 0.5429166666666667
0 0.9028124999999999 0.56875 0.90625 0.5637500000000001 0.9128125 0.5616666666666668 0.9193749999999999 0.5595833333333334 0.9271874999999999 0.55625 0.9321875000000001 0.5545833333333333 0.936875 0.5545833333333333 0.9421875 0.5525 0.9487500000000001 0.5554166666666667 0.9540625 0.56 0.96 0.5654166666666666 0.9646874999999999 0.5670833333333333 0.9659375000000001 0.5633333333333332 0.9640625 0.5579166666666667 0.9609375 0.5516666666666666 0.9584374999999999 0.54875 0.969375 0.5541666666666667 0.9775 0.5645833333333333 0.98125 0.5733333333333334 0.98125 0.5866666666666667 0.9809374999999999 0.5941666666666666 0.9765625 0.6004166666666666 0.9759375 0.6054166666666667 0.9746874999999999 0.6162500000000001 0.9737500000000001 0.6258333333333332 0.971875 0.63625 0.9684375 0.6454166666666666 0.9625 0.6491666666666667 0.95625 0.6520833333333333 0.9465625 0.65 0.9409375000000001 0.6454166666666666 0.9309375 0.6358333333333334 0.928125 0.6283333333333334 0.9237500000000001 0.6241666666666668 0.9209375 0.6195833333333333 0.914375 0.6162500000000001 0.9103125000000001 0.6095833333333334 0.9078125 0.60625 0.909375 0.6012500000000001 0.9178124999999999 0.6033333333333334 0.9175000000000001 0.5958333333333333 0.9243750000000001 0.6045833333333334 0.9278124999999999 0.6054166666666667 0.9221875 0.59375 0.9303125 0.59375 0.923125 0.5858333333333333 0.9153125 0.5775 0.9075 0.5733333333333334
0 0.9893750000000001 0.5033333333333333 0.9984375 0.5018229166666667 0.9984375 0.5525 0.9887499999999999 0.5458333333333333 0.9771875 0.53625 0.9740624999999999 0.5291666666666667 0.9712500000000001 0.5225000000000001 0.9706250000000001 0.5158333333333334 0.97625 0.51125 0.9821875 0.5058333333333334 0.9868750000000001 0.5004166666666666
0 0.9978125 0.6325000000000001 0.9981249999999999 0.6916666666666667 0.9896874999999999 0.6854166666666667 0.9821875 0.6833333333333333 0.9765625 0.68125 0.96875 0.6745833333333333 0.960625 0.6679166666666667 0.95625 0.6608333333333333 0.9556250000000001 0.6570833333333332 0.95625 0.6529166666666666 0.965625 0.6475000000000001 0.9703125 0.6454166666666666 0.974375 0.6491666666666667 0.98125 0.6508333333333333 0.9865625 0.65125 0.9903124999999999 0.6445833333333333 0.9928125 0.6366666666666667
0 0.915 0.7075 0.9090624999999999 0.7129166666666666 0.9034375000000001 0.7154166666666666 0.89625 0.71625 0.8928125 0.7216666666666666 0.89625 0.7320833333333333 0.9081250000000001 0.7441666666666666 0.92875 0.7604166666666666 0.9409375000000001 0.77125 0.9506249999999999 0.7775 0.96125 0.7791666666666667 0.9668749999999999 0.775 0.9715624999999999 0.7670833333333333 0.9709375 0.7495833333333334 0.9746874999999999 0.73375 0.978125 0.7245833333333334 0.978125 0.7170833333333333 0.9765625 0.70875 0.975 0.705 0.97 0.70125 0.9628125000000001 0.69875 0.9590624999999999 0.6979166666666666 0.9659375000000001 0.70875 0.9690625 0.7183333333333334 0.969375 0.7225 0.9637499999999999 0.7258333333333333 0.95875 0.7191666666666666 0.9490624999999999 0.7154166666666666 0.9453125 0.7125 0.940625 0.7033333333333334 0.9384375 0.7025 0.936875 0.7083333333333334 0.9324999999999999 0.7133333333333333 0.9234375 0.7183333333333334 0.9203125 0.7233333333333333 0.914375 0.7225 0.9106249999999999 0.71625 0.9134375 0.7112499999999999