0 0.025000000000000005 0.3125347222222222 0.04947916666666665 0.1054861111111111
0 0.03072916666666667 0.4038888888888889 0.06145833333333334 0.10124999999999999
0 0.10651041666666668 0.37118055555555557 0.10416666666666666 0.12430555555555553
0 0.16567708333333334 0.3416319444444445 0.11604166666666663 0.13201388888888885
0 0.20260416666666664 0.4513888888888889 0.10052083333333336 0.14513888888888893
0 0.2730989583333333 0.30645833333333333 0.07880208333333334 0.1343055555555556
0 0.3346354166666667 0.3542361111111111 0.09270833333333331 0.12763888888888886
0 0.408203125 0.3541666666666667 0.08411458333333335 0.13541666666666666
0 0.46703125000000006 0.24611111111111114 0.08833333333333329 0.14180555555555546
0 0.47874999999999995 0.4142361111111111 0.09093750000000007 0.11944444444444446
0 0.438125 0.5289583333333333 0.09999999999999991 0.12708333333333338
0 0.6043229166666666 0.33406250000000004 0.09083333333333332 0.1534027777777777
0 0.6654166666666667 0.35756944444444444 0.07125000000000004 0.14125000000000001
0 0.66828125 0.5144444444444443 0.10437500000000002 0.14499999999999993
0 0.8798697916666667 0.18145833333333336 0.11005208333333343 0.14333333333333328
0 0.7943750000000002 0.29135416666666664 0.11385416666666659 0.13256944444444446
0 0.9014322916666668 0.3361111111111111 0.1325520833333334 0.1708333333333334
0 0.10677083333333334 0.3340277777777778 0.08828125 0.3305555555555556 0.07500000000000001 0.33333333333333337 0.06328125000000001 0.34375000000000006 0.05651041666666669 0.35416666666666674 0.05651041666666669 0.3736111111111111 0.05937500000000001 0.39097222222222217 0.06302083333333336 0.4083333333333333 0.07135416666666669 0.42222222222222217 0.08098958333333336 0.428125 0.09583333333333335 0.43090277777777763 0.10859375 0.43090277777777763 0.12135416666666668 0.4232638888888889 0.13020833333333331 0.4076388888888889 0.13828125 0.39479166666666665 0.13958333333333334 0.3739583333333334 0.134375 0.36423611111111115 0.12760416666666669 0.3493055555555556 0.1203125 0.34062500000000007
0 0.16302083333333334 0.28576388888888893 0.14661458333333335 0.28576388888888893 0.1375 0.29166666666666674 0.12786458333333334 0.30694444444444446 0.12343750000000002 0.3152777777777778 0.12239583333333334 0.33125000000000004 0.12890625000000003 0.3461805555555556 0.13958333333333334 0.36250000000000004 0.15 0.3805555555555556 0.16171875 0.39409722222222227 0.16979166666666667 0.4048611111111111 0.18124999999999997 0.40763888888888894 0.18776041666666668 0.4059027777777778 0.19791666666666669 0.3934027777777778 0.20442708333333334 0.37986111111111115 0.20807291666666666 0.36770833333333336 0.21171875 0.3576388888888889 0.21614583333333334 0.34270833333333334 0.21458333333333335 0.3267361111111111 0.20703125 0.30868055555555557 0.2002604166666667 0.2986111111111111 0.1921875 0.29166666666666674 0.17916666666666667 0.28645833333333337
0 0.20182291666666666 0.40729166666666666 0.18854166666666666 0.4166666666666667 0.1747395833333333 0.4288194444444445 0.16744791666666664 0.43854166666666666 0.16640625 0.4510416666666667 0.1723958333333333 0.4684027777777778 0.1802083333333333 0.48611111111111105 0.1911458333333333 0.4993055555555556 0.19765625 0.5097222222222223 0.2078125 0.5204861111111111 0.221875 0.5236111111111111 0.23567708333333334 0.5111111111111112 0.24453125 0.4996527777777778 0.2515625 0.4847222222222222 0.25234375 0.4583333333333333 0.25052083333333336 0.43854166666666666 0.24635416666666665 0.42118055555555556 0.23567708333333334 0.40520833333333334 0.22447916666666665 0.4017361111111111 0.2138020833333333 0.4017361111111111
0 0.28046875 0.27986111111111106 0.27395833333333336 0.2677083333333333 0.26901041666666664 0.2625 0.2598958333333333 0.2548611111111111 0.253125 0.2545138888888889 0.24635416666666665 0.2572916666666666 0.23932291666666666 0.26805555555555555 0.23515625 0.2791666666666666 0.23671875 0.29861111111111105 0.24166666666666664 0.31249999999999994 0.246875 0.32986111111111105 0.24973958333333335 0.3499999999999999 0.25390625 0.3659722222222222 0.26432291666666663 0.3736111111111111 0.278125 0.3680555555555555 0.2872395833333333 0.3565972222222222 0.2953125 0.3451388888888889 0.3026041666666667 0.33055555555555555 0.3109375 0.3145833333333333 0.31223958333333335 0.29791666666666666 0.30442708333333335 0.28298611111111105 0.29661458333333335 0.27395833333333336 0.2875 0.27395833333333336
0 0.32864583333333336 0.31319444444444433 0.31588541666666664 0.31215277777777767 0.30963541666666666 0.3170138888888888 0.30494791666666665 0.3246527777777777 0.30078125000000006 0.33333333333333326 0.3005208333333334 0.345486111111111 0.2994791666666667 0.3565972222222221 0.2984375 0.36458333333333326 0.2940104166666667 0.373611111111111 0.2916666666666667 0.38506944444444435 0.290625 0.3961805555555555 0.29166666666666663 0.4114583333333333 0.30026041666666664 0.4180555555555555 0.31302083333333336 0.41423611111111114 0.32552083333333337 0.41041666666666665 0.3377604166666667 0.4097222222222222 0.35 0.4097222222222222 0.3575520833333333 0.4048611111111111 0.36588541666666663 0.3958333333333333 0.37057291666666664 0.3854166666666667 0.37473958333333335 0.36736111111111114 0.3671875000000001 0.35416666666666663 0.3619791666666667 0.34895833333333326 0.3559895833333334 0.3395833333333333 0.3484375000000001 0.3315972222222222 0.34036458333333336 0.3211805555555555
0 0.3901041666666666 0.32256944444444446 0.3812499999999999 0.3305555555555556 0.3773437499999999 0.3465277777777778 0.3783854166666666 0.3621527777777778 0.38151041666666663 0.3777777777777778 0.3872395833333332 0.3854166666666667 0.3958333333333332 0.3927083333333333 0.4070312499999999 0.40451388888888895 0.4200520833333333 0.4159722222222222 0.4312499999999999 0.4197916666666667 0.4375 0.40868055555555555 0.43515625 0.39618055555555554 0.4393229166666667 0.390625 0.44765625 0.3847222222222222 0.4494791666666667 0.3711805555555555 0.4494791666666667 0.35868055555555556 0.4486979166666667 0.34375 0.440625 0.33125 0.4364583333333333 0.3246527777777778 0.42838541666666663 0.31805555555555554 0.4153645833333332 0.31319444444444444 0.4078124999999999 0.31388888888888894 0.39713541666666663 0.315625
0 0.4348958333333333 0.22118055555555555 0.4234375 0.24305555555555552 0.4223958333333333 0.257638888888889 0.4278645833333333 0.28229166666666666 0.4364583333333333 0.29756944444444444 0.45625 0.31666666666666665 0.4770833333333333 0.3128472222222222 0.490625 0.30520833333333336 0.5057291666666667 0.29618055555555556 0.51171875 0.28194444444444444 0.50859375 0.2552083333333333 0.5015625 0.23333333333333334 0.49296875 0.21944444444444441 0.48125 0.20798611111111107 0.46796875 0.19999999999999998 0.4572916666666667 0.20208333333333334 0.4481770833333334 0.20520833333333333 0.44218750000000007 0.2142361111111111
0 0.4611979166666667 0.3822916666666666 0.4549479166666667 0.3902777777777777 0.4515625 0.39999999999999997 0.4481770833333333 0.41388888888888886 0.4450520833333333 0.42673611111111115 0.4484375 0.44062500000000004 0.45546875 0.45138888888888895 0.46484375 0.4579861111111111 0.475 0.46284722222222224 0.48359375 0.4618055555555556 0.4921875 0.46493055555555557 0.5026041666666667 0.4697916666666668 0.5135416666666667 0.47361111111111115 0.5231770833333333 0.46805555555555556 0.5244791666666667 0.4576388888888889 0.5223958333333333 0.44166666666666665 0.5231770833333333 0.42256944444444444 0.5221354166666667 0.4083333333333333 0.5190104166666667 0.3965277777777778 0.5145833333333333 0.384375 0.5057291666666667 0.3736111111111111 0.496875 0.36701388888888886 0.4888020833333333 0.3638888888888889 0.4794270833333333 0.3659722222222222 0.4684895833333333 0.3756944444444444
0 0.4473958333333333 0.49340277777777786 0.44062499999999993 0.4961805555555555 0.4346354166666666 0.49409722222222224 0.4294270833333333 0.49479166666666674 0.4197916666666666 0.5010416666666667 0.4166666666666667 0.5100694444444445 0.4169270833333334 0.5197916666666668 0.4145833333333334 0.5322916666666666 0.4171875 0.5434027777777779 0.4213541666666666 0.5527777777777778 0.42890625 0.559375 0.4369791666666667 0.5684027777777778 0.4492187499999999 0.5756944444444445 0.4570312499999999 0.5850694444444445 0.4669270833333333 0.590625 0.47526041666666663 0.5930555555555557 0.4848958333333333 0.5850694444444444 0.4880208333333333 0.5725694444444444 0.48828125 0.5482638888888889 0.4888020833333333 0.5208333333333334 0.4864583333333333 0.4979166666666667 0.4794270833333333 0.4881944444444445 0.4674479166666667 0.4840277777777778 0.4539062499999999 0.48263888888888895 0.44843749999999993 0.48576388888888894
0 0.5994791666666666 0.31770833333333337 0.5903645833333333 0.31909722222222225 0.5843749999999999 0.3149305555555556 0.5776041666666667 0.3138888888888889 0.5708333333333333 0.315625 0.5653645833333333 0.321875 0.56171875 0.3326388888888889 0.56015625 0.3482638888888889 0.5583333333333333 0.365625 0.5596354166666667 0.3788194444444445 0.5588541666666667 0.39375000000000004 0.5619791666666667 0.4010416666666667 0.5651041666666666 0.4052083333333334 0.5708333333333333 0.40381944444444445 0.5807291666666666 0.4083333333333334 0.5864583333333333 0.4055555555555556 0.5968749999999999 0.39687500000000003 0.6096354166666667 0.3868055555555555 0.6197916666666667 0.3753472222222222 0.61953125 0.36180555555555555 0.6182291666666666 0.35034722222222225 0.6166666666666667 0.34270833333333334 0.6127604166666666 0.3395833333333334 0.6085937499999999 0.3291666666666667
0 0.6328125 0.3496527777777778 0.6299479166666666 0.35520833333333335 0.6278645833333333 0.3697916666666667 0.6307291666666666 0.3836805555555555 0.63671875 0.3993055555555555 0.6453125 0.4121527777777778 0.6515625 0.4215277777777778 0.6598958333333333 0.4277777777777778 0.6770833333333333 0.428125 0.68828125 0.4263888888888889 0.6958333333333333 0.42083333333333334 0.6994791666666667 0.4159722222222222 0.7015625 0.40381944444444445 0.7013020833333333 0.38333333333333336 0.7013020833333333 0.35868055555555556 0.6986979166666667 0.3465277777777778 0.6916666666666667 0.3315972222222222 0.684375 0.32395833333333335 0.6768229166666666 0.3253472222222223 0.66484375 0.3319444444444445 0.6559895833333333 0.3357638888888889 0.64921875 0.34131944444444445 0.640625 0.3454861111111111
0 0.6588541666666667 0.4746527777777778 0.6489583333333333 0.4815972222222222 0.63984375 0.4798611111111111 0.6317708333333333 0.48333333333333334 0.6267308356353591 0.4864391497851442 0.6230850023020259 0.48574470534069975 0.6194391689686926 0.4913002608962553 0.6181370856353592 0.4996335942295886 0.6170954189686926 0.5110919275629219 0.6207412523020259 0.5208141497851442 0.6212620856353592 0.5333141497851442 0.6230850023020259 0.5426891497851442 0.6239583333333334 0.5552083333333333 0.6262100023020258 0.5656058164518108 0.6303766689686926 0.5774113720073665 0.6358454189686926 0.5847030386740332 0.6467829189686926 0.5850502608962552 0.6501683356353591 0.5815780386740331 0.6553766689686926 0.5857447053406998 0.6645833333333333 0.58125 0.6763020833333333 0.5614583333333333 0.6859375 0.5420138888888889 0.6921875 0.51875 0.6928766689686926 0.5051891497851442 0.6897516689686926 0.4940780386740331 0.6816787523020259 0.48435581645181086 0.6749079189686926 0.4819252608962553
0 0.7984375 0.2510416666666666 0.7859375 0.26215277777777773 0.7768229166666666 0.26874999999999993 0.7677083333333332 0.2659722222222222 0.7640625 0.2701388888888889 0.7580729166666667 0.278125 0.7580729166666667 0.28854166666666664 0.75859375 0.3038194444444444 0.76640625 0.31840277777777776 0.7716145833333333 0.3253472222222222 0.7822916666666667 0.3340277777777778 0.7880208333333332 0.33333333333333326 0.7955729166666667 0.34444444444444444 0.8075520833333334 0.3534722222222222 0.8229166666666666 0.3555555555555555 0.8328125 0.3472222222222222 0.8388020833333334 0.3340277777777778 0.84140625 0.3138888888888889 0.8432291666666666 0.2878472222222222 0.8463541666666666 0.2670138888888889 0.8427083333333334 0.24895833333333334 0.8315104166666666 0.240625 0.8283854166666667 0.2454861111111111
0 0.8687716652800888 0.15971066740617487 0.8645833333333334 0.1638888888888889 0.8669270833333333 0.18854166666666666 0.86640625 0.20625 0.8601779152800887 0.2048495562950637 0.8474174986134221 0.19894677851728593 0.8424695819467554 0.21075233407284152 0.853476844148641 0.22484863190977988 0.8635633319467553 0.2350578896283971 0.8690758458125346 0.23455467738953592 0.8825737486134221 0.23609955629506377 0.8929904152800887 0.23922455629506378 0.9099174986134221 0.2503356674061749 0.9213758319467553 0.24894677851728597 0.9291666666666666 0.2423611111111111 0.9330945819467553 0.22776622296173044 0.93203125 0.20416666666666666 0.9333549986134221 0.19026622296173043 0.9333549986134221 0.1742940007395082 0.9338541666666667 0.1611111111111111 0.9263237486134221 0.14443288962839712 0.9174695819467553 0.13401622296173044 0.909375 0.1277777777777778 0.8986979166666667 0.13055555555555556 0.88984375 0.1392361111111111 0.8747612486134221 0.14998844518395266
0 0.95234375 0.296875 0.9447916666666666 0.29131944444444446 0.93203125 0.28854166666666664 0.9161458333333334 0.28923611111111114 0.90078125 0.296875 0.8955729166666666 0.30694444444444446 0.8807291666666666 0.31666666666666665 0.871875 0.3246527777777778 0.86640625 0.33541666666666664 0.86328125 0.3465277777777778 0.8640625 0.37083333333333335 0.8765625 0.38263888888888886 0.8924479166666666 0.39618055555555554 0.9067708333333334 0.4059027777777778 0.92265625 0.4159722222222222 0.9359375 0.4215277777777778 0.9481770833333334 0.4152777777777778 0.95703125 0.3958333333333333 0.9588541666666666 0.3715277777777778 0.965625 0.35694444444444445 0.9682291666666666 0.33541666666666664 0.9658854166666666 0.3125 0.95234375 0.2972222222222223 0.95234375 0.29583333333333334
0 0.0010416666666666667 0.3111111111111111 0.009375 0.3163194444444445 0.016145833333333335 0.31493055555555555 0.025 0.32048611111111114 0.03828125 0.3284722222222222 0.040625 0.334375 0.03020833333333333 0.3482638888888889 0.020572916666666666 0.35520833333333335 0.014583333333333334 0.3631944444444445 0.0075520833333333325 0.3579861111111111 0.0013020833333333335 0.3534722222222222
0 0.0015625 0.3840277777777778 0.00859375 0.390625 0.011979166666666667 0.3993055555555555 0.011458333333333333 0.4149305555555555 0.013020833333333334 0.4236111111111111 0.025 0.4232638888888889 0.03098958333333333 0.4215277777777778 0.03307291666666667 0.43263888888888885 0.034895833333333334 0.440625 0.0234375 0.446875 0.012760416666666666 0.453125 0.0013020833333333335 0.45208333333333334