0 0.8873546511627908 0.4016472868217054 0.10101744186046524 0.15406976744186043
0 0.8957122093023256 0.6167635658914729 0.10610465116279073 0.15019379844961248
0 0.7837936046511629 0.500968992248062 0.09593023255813957 0.15116279069767438
0 0.6130087209302326 0.7277131782945737 0.07558139534883716 0.1686046511627906
0 0.6344476744186046 0.5581395348837209 0.07776162790697674 0.1279069767441861
0 0.5603197674418604 0.5150193798449613 0.07194767441860472 0.13662790697674415
0 0.4411337209302326 0.6080426356589148 0.08212209302325588 0.1385658914728682
0 0.4040697674418604 0.7248062015503877 0.08066860465116284 0.12015503875968984
0 0.36664244186046513 0.5392441860465117 0.07558139534883716 0.1346899224806202
0 0.4287790697674419 0.43023255813953487 0.09229651162790695 0.14147286821705424
0 0.2805232558139535 0.5305232558139535 0.092296511627907 0.12887596899224812
0 0.2212936046511628 0.46317829457364346 0.09156976744186043 0.13372093023255818
0 0.14752906976744187 0.6356589147286822 0.0893895348837209 0.13953488372093023
0 0.10319767441860465 0.5329457364341085 0.10537790697674417 0.1434108527131783
0 0.03343023255813954 0.5222868217054264 0.06322674418604653 0.13759689922480617
0 0.03125 0.47708333333333336 0.0125 0.47708333333333336 0.0109375 0.4791666666666667 0.0046875 0.4791666666666667 0.003125 0.48125 0 0.48125 0 0.5854166666666667 0.0015625 0.5875 0.009375 0.5875 0.0109375 0.5895833333333333 0.0125 0.5875 0.01875 0.5875 0.0203125 0.5854166666666667 0.0234375 0.5854166666666667 0.025 0.5833333333333334 0.0265625 0.5833333333333334 0.028125 0.58125 0.0359375 0.58125 0.0375 0.5791666666666667 0.0421875 0.5791666666666667 0.04375 0.5770833333333333 0.0453125 0.5770833333333333 0.046875 0.575 0.0484375 0.575 0.05 0.5729166666666666 0.0515625 0.5729166666666666 0.0546875 0.56875 0.05625 0.56875 0.059375 0.5645833333333333 0.059375 0.5625 0.065625 0.5541666666666667 0.065625 0.55 0.0625 0.5458333333333333 0.0625 0.54375 0.0609375 0.5416666666666666 0.0609375 0.5395833333333333 0.0578125 0.5354166666666667 0.0578125 0.5333333333333333 0.0484375 0.5208333333333334 0.0484375 0.51875 0.046875 0.5166666666666667 0.046875 0.5083333333333333 0.0484375 0.50625 0.0484375 0.5041666666666667 0.05 0.5020833333333333 0.05 0.5 0.0484375 0.4979166666666667 0.0328125 0.4979166666666667 0.0296875 0.49375 0.0296875 0.4895833333333333 0.03125 0.4875 0.03125 0.48541666666666666 0.0328125 0.48333333333333334 0.0328125 0.4791666666666667
0 0.0625 0.4791666666666667 0.0578125 0.48541666666666666 0.0578125 0.4875 0.05625 0.4895833333333333 0.05625 0.49166666666666664 0.0515625 0.4979166666666667 0.0515625 0.5 0.05 0.5020833333333333 0.05 0.5041666666666667 0.0484375 0.50625 0.0484375 0.5125 0.0515625 0.5166666666666667 0.0515625 0.5229166666666667 0.053125 0.525 0.053125 0.5270833333333333 0.0546875 0.5270833333333333 0.0609375 0.5354166666666667 0.0609375 0.5375 0.0625 0.5395833333333333 0.0625 0.5416666666666666 0.0640625 0.54375 0.0640625 0.5458333333333333 0.065625 0.5479166666666667 0.065625 0.55 0.071875 0.5583333333333333 0.0734375 0.5583333333333333 0.0796875 0.5666666666666667 0.0796875 0.56875 0.084375 0.575 0.084375 0.5770833333333333 0.090625 0.5854166666666667 0.090625 0.5875 0.0921875 0.5895833333333333 0.09375 0.5895833333333333 0.0984375 0.5958333333333333 0.1 0.5958333333333333 0.1015625 0.5979166666666667 0.103125 0.5979166666666667 0.10625 0.6020833333333333 0.115625 0.6020833333333333 0.1171875 0.6 0.1203125 0.6 0.1328125 0.5833333333333334 0.1328125 0.58125 0.134375 0.5791666666666667 0.134375 0.5770833333333333 0.1359375 0.575 0.1359375 0.5708333333333333 0.1375 0.56875 0.1375 0.5666666666666667 0.140625 0.5625 0.140625 0.5604166666666667 0.1421875 0.5583333333333333 0.1421875 0.5541666666666667 0.14375 0.5520833333333334 0.14375 0.55 0.1453125 0.5479166666666667 0.1453125 0.5458333333333333 0.146875 0.54375 0.146875 0.5416666666666666 0.1484375 0.5395833333333333 0.1484375 0.5333333333333333 0.15 0.53125 0.15 0.5291666666666667 0.1515625 0.5270833333333333 0.1515625 0.525 0.153125 0.5229166666666667 0.153125 0.51875 0.1546875 0.5166666666666667 0.1546875 0.5 0.153125 0.4979166666666667 0.153125 0.49166666666666664 0.1515625 0.4895833333333333 0.1515625 0.4875 0.15 0.48541666666666666 0.15 0.48333333333333334 0.146875 0.4791666666666667 0.1453125 0.4791666666666667 0.14375 0.47708333333333336 0.1375 0.47708333333333336 0.1359375 0.475 0.1296875 0.475 0.128125 0.47708333333333336 0.1265625 0.47708333333333336 0.125 0.4791666666666667 0.1234375 0.4791666666666667 0.121875 0.48125 0.1140625 0.48125 0.1125 0.4791666666666667 0.10625 0.4791666666666667 0.1046875 0.47708333333333336 0.1 0.47708333333333336 0.0984375 0.475 0.096875 0.475 0.0953125 0.47291666666666665 0.0875 0.47291666666666665 0.0859375 0.475 0.0828125 0.475 0.08125 0.47708333333333336 0.0796875 0.47708333333333336 0.078125 0.475 0.071875 0.475 0.0703125 0.47708333333333336 0.065625 0.47708333333333336 0.0640625 0.4791666666666667
0 0.1671875 0.5770833333333333 0.1640625 0.5770833333333333 0.1625 0.5791666666666667 0.159375 0.5791666666666667 0.1578125 0.58125 0.153125 0.58125 0.1515625 0.5833333333333334 0.1484375 0.5833333333333334 0.146875 0.5854166666666667 0.14375 0.5854166666666667 0.1421875 0.5875 0.1359375 0.5875 0.1328125 0.5916666666666667 0.13125 0.5916666666666667 0.128125 0.5958333333333333 0.1265625 0.5958333333333333 0.1265625 0.5979166666666667 0.125 0.6 0.1234375 0.6 0.1203125 0.6041666666666666 0.1171875 0.6041666666666666 0.115625 0.60625 0.1125 0.60625 0.1125 0.6104166666666667 0.1109375 0.6125 0.109375 0.6125 0.10625 0.6166666666666667 0.10625 0.61875 0.1046875 0.6208333333333333 0.1046875 0.6375 0.10625 0.6395833333333333 0.10625 0.6416666666666667 0.1078125 0.64375 0.1078125 0.6458333333333334 0.1109375 0.65 0.1109375 0.6520833333333333 0.140625 0.6916666666666667 0.1421875 0.6916666666666667 0.14375 0.69375 0.1453125 0.69375 0.146875 0.6958333333333333 0.1484375 0.6958333333333333 0.15 0.6979166666666666 0.1515625 0.6979166666666666 0.153125 0.7 0.1640625 0.7 0.1671875 0.6958333333333333 0.16875 0.6958333333333333 0.175 0.6875 0.1765625 0.6875 0.178125 0.6854166666666667 0.1796875 0.6854166666666667 0.18125 0.6833333333333333 0.1828125 0.6833333333333333 0.1875 0.6770833333333334 0.1875 0.6729166666666667 0.1890625 0.6708333333333333 0.1890625 0.6666666666666666 0.190625 0.6645833333333333 0.190625 0.6604166666666667 0.1921875 0.6583333333333333 0.1921875 0.61875 0.190625 0.6166666666666667 0.190625 0.6083333333333333 0.1890625 0.60625 0.1890625 0.6020833333333333 0.1875 0.6 0.1875 0.5979166666666667 0.184375 0.59375 0.184375 0.5916666666666667 0.18125 0.5875 0.1796875 0.5875 0.178125 0.5854166666666667 0.1765625 0.5854166666666667 0.175 0.5833333333333334 0.1734375 0.5833333333333334 0.1703125 0.5791666666666667 0.16875 0.5791666666666667
0 0.1984375 0.4083333333333333 0.196875 0.41041666666666665 0.1953125 0.41041666666666665 0.19375 0.4125 0.1921875 0.4125 0.1890625 0.4166666666666667 0.1875 0.4166666666666667 0.1859375 0.41875 0.1859375 0.42083333333333334 0.18125 0.4270833333333333 0.18125 0.42916666666666664 0.1796875 0.43125 0.1796875 0.43333333333333335 0.178125 0.4354166666666667 0.178125 0.45 0.1796875 0.45208333333333334 0.1796875 0.45625 0.18125 0.4583333333333333 0.18125 0.4625 0.1828125 0.46458333333333335 0.1828125 0.4666666666666667 0.184375 0.46875 0.184375 0.47291666666666665 0.1859375 0.475 0.1859375 0.47708333333333336 0.1890625 0.48125 0.1890625 0.48333333333333334 0.190625 0.48541666666666666 0.190625 0.4895833333333333 0.1921875 0.49166666666666664 0.1921875 0.49375 0.19375 0.49583333333333335 0.19375 0.5 0.1953125 0.5020833333333333 0.1953125 0.50625 0.196875 0.5083333333333333 0.196875 0.5104166666666666 0.1984375 0.5125 0.1984375 0.5145833333333333 0.2015625 0.51875 0.2015625 0.5208333333333334 0.203125 0.5229166666666667 0.2046875 0.5229166666666667 0.20625 0.525 0.209375 0.525 0.2109375 0.5270833333333333 0.215625 0.5270833333333333 0.2171875 0.525 0.21875 0.525 0.2203125 0.5229166666666667 0.221875 0.5229166666666667 0.2234375 0.5208333333333334 0.225 0.5208333333333334 0.23125 0.5125 0.2328125 0.5125 0.2515625 0.4875 0.2515625 0.48541666666666666 0.259375 0.475 0.259375 0.46875 0.2578125 0.4666666666666667 0.2578125 0.46458333333333335 0.25625 0.4625 0.25625 0.4583333333333333 0.2546875 0.45625 0.2546875 0.45208333333333334 0.253125 0.45 0.253125 0.4479166666666667 0.2515625 0.4479166666666667 0.25 0.44583333333333336 0.2484375 0.44583333333333336 0.246875 0.44375 0.2421875 0.44375 0.240625 0.44166666666666665 0.234375 0.44166666666666665 0.228125 0.45 0.225 0.45 0.2234375 0.4479166666666667 0.221875 0.4479166666666667 0.2203125 0.44583333333333336 0.2203125 0.44375 0.21875 0.44166666666666665 0.21875 0.4270833333333333 0.2171875 0.425 0.215625 0.425 0.2078125 0.41458333333333336 0.2078125 0.4125 0.20625 0.41041666666666665 0.203125 0.41041666666666665 0.2015625 0.4083333333333333
0 0.325 0.5395833333333333 0.3234375 0.5375 0.3203125 0.5375 0.31875 0.5395833333333333 0.3171875 0.5395833333333333 0.315625 0.5416666666666666 0.3140625 0.5416666666666666 0.3125 0.5395833333333333 0.3109375 0.5395833333333333 0.309375 0.5375 0.3078125 0.5375 0.3046875 0.5333333333333333 0.3046875 0.53125 0.296875 0.5208333333333334 0.296875 0.51875 0.2828125 0.5 0.2828125 0.4979166666666667 0.2796875 0.49375 0.2796875 0.49166666666666664 0.278125 0.4895833333333333 0.2765625 0.4895833333333333 0.2703125 0.48125 0.2625 0.48125 0.253125 0.49375 0.253125 0.49583333333333335 0.2515625 0.4979166666666667 0.2515625 0.5 0.25 0.5020833333333333 0.25 0.5041666666666667 0.2484375 0.50625 0.2484375 0.5083333333333333 0.246875 0.5104166666666666 0.246875 0.5166666666666667 0.2453125 0.51875 0.2453125 0.5291666666666667 0.24375 0.53125 0.24375 0.5375 0.2421875 0.5395833333333333 0.2421875 0.54375 0.240625 0.5458333333333333 0.240625 0.55 0.2390625 0.5520833333333334 0.2390625 0.55625 0.2375 0.5583333333333333 0.2375 0.5604166666666667 0.2359375 0.5625 0.2359375 0.5791666666666667 0.2390625 0.5833333333333334 0.2390625 0.5854166666666667 0.240625 0.5875 0.2421875 0.5875 0.24375 0.5895833333333333 0.259375 0.5895833333333333 0.2609375 0.5875 0.2625 0.5875 0.2640625 0.5854166666666667 0.2671875 0.5854166666666667 0.26875 0.5833333333333334 0.278125 0.5833333333333334 0.2796875 0.58125 0.2875 0.58125 0.2890625 0.5791666666666667 0.29375 0.5791666666666667 0.2953125 0.5770833333333333 0.3015625 0.5770833333333333 0.3046875 0.5729166666666666 0.30625 0.5729166666666666 0.3125 0.5645833333333333 0.3140625 0.5645833333333333 0.31875 0.5583333333333333 0.31875 0.55625 0.321875 0.5520833333333334 0.321875 0.55 0.3234375 0.5479166666666667 0.3234375 0.54375 0.325 0.5416666666666666
0 0.3390625 0.5020833333333333 0.3375 0.5041666666666667 0.3375 0.50625 0.334375 0.5104166666666666 0.334375 0.51875 0.3328125 0.5208333333333334 0.3328125 0.5416666666666666 0.334375 0.54375 0.334375 0.5479166666666667 0.3359375 0.55 0.3359375 0.5520833333333334 0.3375 0.5541666666666667 0.3375 0.55625 0.359375 0.5854166666666667 0.359375 0.5875 0.3609375 0.5895833333333333 0.3625 0.5895833333333333 0.3671875 0.5958333333333333 0.36875 0.5958333333333333 0.375 0.6041666666666666 0.384375 0.6041666666666666 0.3875 0.6 0.3875 0.5979166666666667 0.3890625 0.5958333333333333 0.3890625 0.59375 0.39375 0.5875 0.39375 0.58125 0.3953125 0.5791666666666667 0.3953125 0.5770833333333333 0.396875 0.575 0.396875 0.5729166666666666 0.3984375 0.5708333333333333 0.3984375 0.5645833333333333 0.4 0.5625 0.4 0.5604166666666667 0.4015625 0.5583333333333333 0.4015625 0.55625 0.4046875 0.5520833333333334 0.4046875 0.5145833333333333 0.403125 0.5125 0.403125 0.5083333333333333 0.4015625 0.50625 0.4015625 0.5041666666666667 0.4 0.5041666666666667 0.39375 0.49583333333333335 0.3921875 0.49583333333333335 0.390625 0.49375 0.3875 0.49375 0.3859375 0.49166666666666664 0.38125 0.49166666666666664 0.3796875 0.4895833333333333 0.36875 0.4895833333333333 0.3671875 0.49166666666666664 0.3625 0.49166666666666664 0.3609375 0.49375 0.35625 0.49375 0.3546875 0.49583333333333335 0.3484375 0.49583333333333335 0.346875 0.4979166666666667 0.3453125 0.4979166666666667 0.34375 0.5 0.3421875 0.5 0.340625 0.5020833333333333
0 0.3984375 0.39375 0.39375 0.4 0.39375 0.40208333333333335 0.390625 0.40625 0.390625 0.4083333333333333 0.3875 0.4125 0.3875 0.41458333333333336 0.3859375 0.4166666666666667 0.3859375 0.42083333333333334 0.384375 0.42291666666666666 0.384375 0.4270833333333333 0.3828125 0.42916666666666664 0.3828125 0.4354166666666667 0.38125 0.4375 0.38125 0.44583333333333336 0.3828125 0.4479166666666667 0.3828125 0.45208333333333334 0.384375 0.45416666666666666 0.384375 0.45625 0.3859375 0.4583333333333333 0.3859375 0.46041666666666664 0.390625 0.4666666666666667 0.390625 0.46875 0.403125 0.48541666666666666 0.4046875 0.48541666666666666 0.40625 0.4875 0.4078125 0.4875 0.409375 0.4895833333333333 0.4109375 0.4895833333333333 0.4125 0.49166666666666664 0.4171875 0.49166666666666664 0.41875 0.49375 0.4234375 0.49375 0.425 0.49583333333333335 0.4375 0.49583333333333335 0.4390625 0.49375 0.440625 0.49375 0.4421875 0.49583333333333335 0.4578125 0.49583333333333335 0.459375 0.49375 0.4609375 0.49375 0.4640625 0.4895833333333333 0.465625 0.4895833333333333 0.4671875 0.4875 0.4671875 0.48541666666666666 0.46875 0.48333333333333334 0.46875 0.48125 0.4703125 0.4791666666666667 0.4703125 0.475 0.471875 0.47291666666666665 0.471875 0.44583333333333336 0.4703125 0.44375 0.4703125 0.4270833333333333 0.46875 0.425 0.46875 0.41875 0.465625 0.41458333333333336 0.465625 0.4125 0.4640625 0.41041666666666665 0.4640625 0.4083333333333333 0.45 0.38958333333333334 0.4484375 0.38958333333333334 0.446875 0.3875 0.4453125 0.3875 0.44375 0.3854166666666667 0.4421875 0.3854166666666667 0.440625 0.38333333333333336 0.4359375 0.38333333333333336 0.434375 0.38125 0.4296875 0.38125 0.428125 0.37916666666666665 0.421875 0.37916666666666665 0.4203125 0.38125 0.415625 0.38125 0.4140625 0.38333333333333336 0.4125 0.38333333333333336 0.4109375 0.3854166666666667 0.409375 0.3854166666666667 0.4078125 0.3875 0.40625 0.3875 0.4046875 0.38958333333333334 0.403125 0.38958333333333334 0.4 0.39375
0 0.4359375 0.55625 0.4328125 0.5604166666666667 0.43125 0.5604166666666667 0.425 0.56875 0.4234375 0.56875 0.41875 0.575 0.4171875 0.575 0.4140625 0.5791666666666667 0.4125 0.5791666666666667 0.4109375 0.58125 0.4078125 0.58125 0.40625 0.5833333333333334 0.40625 0.5895833333333333 0.4046875 0.5916666666666667 0.4046875 0.5979166666666667 0.403125 0.6 0.403125 0.6104166666666667 0.4015625 0.6125 0.4015625 0.6270833333333333 0.403125 0.6291666666666667 0.403125 0.63125 0.4046875 0.6333333333333333 0.4046875 0.6354166666666666 0.40625 0.6375 0.40625 0.6395833333333333 0.409375 0.64375 0.4109375 0.64375 0.4125 0.6458333333333334 0.4140625 0.6458333333333334 0.415625 0.6479166666666667 0.41875 0.6479166666666667 0.4203125 0.65 0.421875 0.65 0.4234375 0.6520833333333333 0.425 0.6520833333333333 0.4265625 0.6541666666666667 0.4328125 0.6541666666666667 0.434375 0.65625 0.4359375 0.65625 0.4375 0.6583333333333333 0.4390625 0.6583333333333333 0.440625 0.6604166666666667 0.4421875 0.6604166666666667 0.44375 0.6625 0.4453125 0.6625 0.446875 0.6645833333333333 0.4484375 0.6645833333333333 0.45 0.6666666666666666 0.453125 0.6666666666666666 0.45625 0.6708333333333333 0.4578125 0.6708333333333333 0.459375 0.6729166666666667 0.471875 0.6729166666666667 0.475 0.66875 0.4765625 0.66875 0.4765625 0.6666666666666666 0.478125 0.6645833333333333 0.478125 0.6583333333333333 0.4796875 0.65625 0.4796875 0.6458333333333334 0.478125 0.64375 0.478125 0.5854166666666667 0.4765625 0.5833333333333334 0.4765625 0.58125 0.4734375 0.5770833333333333 0.4734375 0.575 0.471875 0.5729166666666666 0.471875 0.5708333333333333 0.4703125 0.56875 0.4703125 0.5666666666666667 0.46875 0.5645833333333333 0.4671875 0.5645833333333333 0.465625 0.5625 0.4640625 0.5625 0.4609375 0.5583333333333333 0.459375 0.5583333333333333 0.4578125 0.55625 0.45625 0.55625 0.453125 0.5520833333333334 0.4453125 0.5520833333333334 0.44375 0.5541666666666667 0.4421875 0.5541666666666667 0.440625 0.55625
0 0.3734375 0.6833333333333333 0.371875 0.6854166666666667 0.371875 0.6875 0.3703125 0.6895833333333333 0.3703125 0.6916666666666667 0.36875 0.69375 0.36875 0.6979166666666666 0.3671875 0.7 0.3671875 0.7020833333333333 0.365625 0.7041666666666667 0.365625 0.7270833333333333 0.3671875 0.7291666666666666 0.3671875 0.73125 0.375 0.7416666666666667 0.3765625 0.7416666666666667 0.3828125 0.75 0.384375 0.75 0.3875 0.7541666666666667 0.3890625 0.7541666666666667 0.390625 0.75625 0.3921875 0.75625 0.396875 0.7625 0.3984375 0.7625 0.4 0.7645833333333333 0.4 0.7666666666666667 0.4015625 0.76875 0.403125 0.76875 0.4078125 0.775 0.409375 0.775 0.4125 0.7791666666666667 0.4140625 0.7791666666666667 0.415625 0.78125 0.4171875 0.78125 0.41875 0.7833333333333333 0.425 0.7833333333333333 0.4265625 0.78125 0.4296875 0.78125 0.434375 0.775 0.434375 0.7729166666666667 0.4359375 0.7708333333333334 0.4359375 0.7666666666666667 0.4375 0.7645833333333333 0.4375 0.7583333333333333 0.4390625 0.75625 0.4390625 0.7458333333333333 0.440625 0.74375 0.440625 0.7291666666666666 0.4421875 0.7270833333333333 0.4421875 0.7020833333333333 0.44375 0.7 0.44375 0.6916666666666667 0.4421875 0.6895833333333333 0.4421875 0.6875 0.440625 0.6854166666666667 0.440625 0.6791666666666667 0.4390625 0.6770833333333334 0.4359375 0.6770833333333334 0.434375 0.675 0.4328125 0.675 0.43125 0.6770833333333334 0.421875 0.6770833333333334 0.4203125 0.675 0.4046875 0.675 0.4015625 0.6791666666666667 0.4015625 0.68125 0.39375 0.6916666666666667 0.3859375 0.6916666666666667 0.3828125 0.6875 0.3828125 0.6833333333333333
0 0.5328125 0.4895833333333333 0.53125 0.49166666666666664 0.53125 0.49375 0.5296875 0.49583333333333335 0.5296875 0.5020833333333333 0.528125 0.5041666666666667 0.528125 0.51875 0.5265625 0.5208333333333334 0.5265625 0.5604166666666667 0.528125 0.5625 0.528125 0.5645833333333333 0.53125 0.56875 0.53125 0.5708333333333333 0.5328125 0.5708333333333333 0.5359375 0.575 0.5359375 0.5770833333333333 0.5375 0.5770833333333333 0.540625 0.58125 0.5515625 0.58125 0.553125 0.5791666666666667 0.5546875 0.5791666666666667 0.55625 0.5770833333333333 0.5578125 0.5770833333333333 0.5625 0.5708333333333333 0.5640625 0.5708333333333333 0.5671875 0.5666666666666667 0.56875 0.5666666666666667 0.5734375 0.5604166666666667 0.575 0.5604166666666667 0.5765625 0.5583333333333333 0.578125 0.5583333333333333 0.5828125 0.5520833333333334 0.584375 0.5520833333333334 0.5875 0.5479166666666667 0.5875 0.5333333333333333 0.5859375 0.53125 0.5859375 0.5291666666666667 0.5796875 0.5208333333333334 0.5796875 0.51875 0.578125 0.5166666666666667 0.578125 0.5125 0.5703125 0.5020833333333333 0.5671875 0.5020833333333333 0.565625 0.5041666666666667 0.5640625 0.5041666666666667 0.5625 0.50625 0.559375 0.50625 0.5578125 0.5041666666666667 0.55 0.5041666666666667 0.5484375 0.5020833333333333 0.54375 0.5020833333333333 0.5375 0.49375 0.5375 0.4895833333333333
0 0.6609375 0.5125 0.65625 0.5125 0.6546875 0.5145833333333333 0.6515625 0.5145833333333333 0.65 0.5166666666666667 0.646875 0.5166666666666667 0.6453125 0.51875 0.64375 0.51875 0.6421875 0.5208333333333334 0.640625 0.5208333333333334 0.6390625 0.5229166666666667 0.6375 0.5229166666666667 0.6359375 0.525 0.6328125 0.525 0.6296875 0.5291666666666667 0.628125 0.5291666666666667 0.6234375 0.5354166666666667 0.621875 0.5354166666666667 0.6203125 0.5375 0.61875 0.5375 0.6171875 0.5395833333333333 0.615625 0.5395833333333333 0.6125 0.54375 0.6078125 0.54375 0.60625 0.5458333333333333 0.6046875 0.5458333333333333 0.6015625 0.55 0.6 0.55 0.5984375 0.5520833333333334 0.5984375 0.575 0.6 0.5770833333333333 0.6 0.5791666666666667 0.6015625 0.58125 0.6015625 0.5833333333333334 0.60625 0.5895833333333333 0.60625 0.5916666666666667 0.6125 0.6 0.6125 0.6020833333333333 0.6203125 0.6125 0.621875 0.6125 0.625 0.6166666666666667 0.628125 0.6166666666666667 0.6296875 0.61875 0.6359375 0.61875 0.6375 0.6166666666666667 0.640625 0.6166666666666667 0.6421875 0.6145833333333334 0.6421875 0.6125 0.64375 0.6104166666666667 0.6453125 0.6104166666666667 0.646875 0.6125 0.65625 0.6125 0.6578125 0.6104166666666667 0.6609375 0.6104166666666667 0.665625 0.6041666666666666 0.665625 0.6020833333333333 0.6671875 0.6 0.6671875 0.5979166666666667 0.66875 0.5958333333333333 0.66875 0.5916666666666667 0.6703125 0.5895833333333333 0.6703125 0.5729166666666666 0.671875 0.5708333333333333 0.671875 0.5395833333333333 0.6703125 0.5375 0.6703125 0.5333333333333333 0.66875 0.53125 0.66875 0.5291666666666667 0.6671875 0.5270833333333333 0.6671875 0.525 0.665625 0.5229166666666667 0.665625 0.51875
0 0.646875 0.71875 0.64375 0.71875 0.640625 0.7229166666666667 0.6328125 0.7229166666666667 0.63125 0.7208333333333333 0.6296875 0.7208333333333333 0.6265625 0.7166666666666667 0.625 0.7166666666666667 0.61875 0.7083333333333334 0.6125 0.7083333333333334 0.6109375 0.7104166666666667 0.609375 0.7104166666666667 0.6078125 0.7125 0.60625 0.7125 0.6046875 0.7145833333333333 0.6015625 0.7145833333333333 0.6 0.7166666666666667 0.59375 0.7166666666666667 0.5921875 0.71875 0.5890625 0.71875 0.5875 0.7208333333333333 0.5765625 0.7208333333333333 0.5765625 0.7479166666666667 0.578125 0.75 0.578125 0.7541666666666667 0.5796875 0.75625 0.5796875 0.76875 0.58125 0.7708333333333334 0.58125 0.78125 0.5828125 0.7833333333333333 0.5828125 0.7854166666666667 0.584375 0.7875 0.584375 0.7895833333333333 0.5859375 0.7916666666666666 0.5875 0.7916666666666666 0.590625 0.7958333333333333 0.5921875 0.7958333333333333 0.59375 0.7979166666666667 0.5953125 0.7979166666666667 0.596875 0.8 0.5984375 0.8 0.6015625 0.8041666666666667 0.603125 0.8041666666666667 0.6046875 0.80625 0.615625 0.80625 0.6171875 0.8041666666666667 0.61875 0.8041666666666667 0.6234375 0.7979166666666667 0.625 0.7979166666666667 0.625 0.7958333333333333 0.63125 0.7875 0.63125 0.7854166666666667 0.634375 0.78125 0.634375 0.7791666666666667 0.6375 0.775 0.6375 0.7729166666666667 0.640625 0.76875 0.640625 0.7666666666666667 0.64375 0.7625 0.64375 0.7604166666666666 0.6453125 0.7583333333333333 0.6453125 0.75625 0.646875 0.7541666666666667 0.646875 0.75 0.6484375 0.7479166666666667 0.6484375 0.74375 0.65 0.7416666666666667 0.65 0.7291666666666666 0.6484375 0.7270833333333333 0.6484375 0.7229166666666667 0.646875 0.7208333333333333
0 0.828125 0.48125 0.8265625 0.4791666666666667 0.8265625 0.47708333333333336 0.825 0.475 0.8171875 0.475 0.8171875 0.48125 0.815625 0.48333333333333334 0.815625 0.4875 0.8125 0.49166666666666664 0.80625 0.49166666666666664 0.8046875 0.4895833333333333 0.8 0.4895833333333333 0.7984375 0.4875 0.796875 0.4875 0.7953125 0.48541666666666666 0.790625 0.48541666666666666 0.7890625 0.48333333333333334 0.7859375 0.48333333333333334 0.784375 0.48125 0.78125 0.48125 0.7796875 0.48333333333333334 0.778125 0.48333333333333334 0.775 0.4875 0.7734375 0.4875 0.7703125 0.49166666666666664 0.76875 0.49166666666666664 0.7625 0.5 0.7609375 0.5 0.759375 0.5020833333333333 0.7578125 0.5 0.7546875 0.5 0.7515625 0.49583333333333335 0.7515625 0.49375 0.7484375 0.4895833333333333 0.740625 0.4895833333333333 0.7390625 0.49166666666666664 0.7390625 0.49583333333333335 0.7375 0.4979166666666667 0.7375 0.5083333333333333 0.7390625 0.5104166666666666 0.7390625 0.5229166666666667 0.740625 0.525 0.740625 0.5291666666666667 0.746875 0.5375 0.7484375 0.5375 0.7515625 0.5416666666666666 0.753125 0.5416666666666666 0.75625 0.5458333333333333 0.7578125 0.5458333333333333 0.7609375 0.55 0.7640625 0.55 0.765625 0.5520833333333334 0.7671875 0.5520833333333334 0.7703125 0.55625 0.771875 0.55625 0.775 0.5604166666666667 0.7765625 0.5604166666666667 0.7796875 0.5645833333333333 0.78125 0.5645833333333333 0.7828125 0.5666666666666667 0.784375 0.5666666666666667 0.7859375 0.56875 0.7875 0.56875 0.7890625 0.5708333333333333 0.7921875 0.5708333333333333 0.79375 0.5729166666666666 0.8015625 0.5729166666666666 0.803125 0.5708333333333333 0.80625 0.5708333333333333 0.8140625 0.5604166666666667 0.8140625 0.5583333333333333 0.815625 0.55625 0.815625 0.5520833333333334 0.8171875 0.55 0.8171875 0.5479166666666667 0.81875 0.5458333333333333 0.81875 0.5395833333333333 0.8203125 0.5375 0.8203125 0.5291666666666667 0.821875 0.5270833333333333 0.821875 0.5229166666666667 0.8234375 0.5208333333333334 0.8234375 0.51875 0.825 0.5166666666666667 0.825 0.5145833333333333 0.8265625 0.5125 0.8265625 0.5104166666666666 0.828125 0.5083333333333333 0.828125 0.5020833333333333 0.8296875 0.5 0.8296875 0.4979166666666667 0.828125 0.49583333333333335
0 0.9078125 0.35 0.90625 0.35208333333333336 0.903125 0.35208333333333336 0.9015625 0.3541666666666667 0.9 0.3541666666666667 0.896875 0.35833333333333334 0.89375 0.35833333333333334 0.890625 0.3625 0.8890625 0.3625 0.884375 0.36875 0.8828125 0.36875 0.88125 0.37083333333333335 0.8796875 0.37083333333333335 0.8765625 0.375 0.875 0.375 0.871875 0.37916666666666665 0.8703125 0.37916666666666665 0.86875 0.38125 0.8671875 0.38125 0.8640625 0.3854166666666667 0.8625 0.3854166666666667 0.8625 0.3875 0.8609375 0.38958333333333334 0.8609375 0.39166666666666666 0.859375 0.39375 0.859375 0.39791666666666664 0.8609375 0.4 0.8609375 0.41875 0.859375 0.42083333333333334 0.859375 0.42291666666666666 0.8578125 0.425 0.8357558139534884 0.41375968992248063 0.8408430232558141 0.433139534883721 0.8561046511627908 0.44670542635658916 0.8604651162790699 0.4496124031007752 0.8684593023255814 0.45251937984496127 0.865625 0.45 0.8671875 0.45 0.86875 0.45208333333333334 0.8703125 0.45208333333333334 0.871875 0.45416666666666666 0.8734375 0.45416666666666666 0.875 0.45625 0.8765625 0.45625 0.878125 0.4583333333333333 0.8796875 0.4583333333333333 0.8828125 0.4625 0.884375 0.4625 0.8859375 0.46458333333333335 0.8875 0.46458333333333335 0.8890625 0.4666666666666667 0.890625 0.4666666666666667 0.8921875 0.46875 0.89375 0.46875 0.8953125 0.4708333333333333 0.896875 0.4708333333333333 0.8984375 0.47291666666666665 0.9 0.47291666666666665 0.9015625 0.475 0.9109375 0.475 0.9125 0.47708333333333336 0.9171875 0.47708333333333336 0.91875 0.475 0.9203125 0.475 0.921875 0.47291666666666665 0.921875 0.4708333333333333 0.925 0.4666666666666667 0.925 0.46458333333333335 0.9265625 0.4625 0.9265625 0.46041666666666664 0.928125 0.4583333333333333 0.928125 0.4354166666666667 0.9296875 0.43333333333333335 0.9296875 0.42291666666666666 0.93125 0.42083333333333334 0.93125 0.4125 0.9328125 0.41041666666666665 0.9328125 0.40625 0.934375 0.4041666666666667 0.934375 0.39791666666666664 0.9359375 0.3958333333333333 0.9359375 0.39375 0.9375 0.39166666666666666 0.9375 0.3875 0.9359375 0.3854166666666667 0.9359375 0.38333333333333336 0.93125 0.3770833333333333 0.93125 0.375 0.9296875 0.3729166666666667 0.9296875 0.36666666666666664 0.928125 0.3645833333333333 0.928125 0.3625 0.9265625 0.36041666666666666 0.9265625 0.35833333333333334 0.925 0.35625 0.9234375 0.35625 0.921875 0.3541666666666667 0.9203125 0.3541666666666667 0.91875 0.35208333333333336 0.9171875 0.35208333333333336 0.915625 0.35
0 0.909375 0.55 0.9078125 0.5520833333333334 0.9046875 0.5520833333333334 0.903125 0.5541666666666667 0.9015625 0.5541666666666667 0.9 0.55625 0.8984375 0.55625 0.896875 0.5583333333333333 0.8953125 0.5583333333333333 0.89375 0.5604166666666667 0.890625 0.5604166666666667 0.8890625 0.5625 0.8859375 0.5625 0.884375 0.5645833333333333 0.8828125 0.5645833333333333 0.88125 0.5666666666666667 0.8796875 0.5666666666666667 0.878125 0.56875 0.875 0.56875 0.8734375 0.5708333333333333 0.871875 0.5708333333333333 0.8703125 0.5729166666666666 0.86875 0.5729166666666666 0.8640625 0.5791666666666667 0.8625 0.5791666666666667 0.859375 0.5833333333333334 0.8578125 0.5833333333333334 0.85625 0.5854166666666667 0.853125 0.5854166666666667 0.85 0.5895833333333333 0.846875 0.5895833333333333 0.84375 0.59375 0.84375 0.6145833333333334 0.846875 0.61875 0.846875 0.6208333333333333 0.8515625 0.6270833333333333 0.853125 0.6270833333333333 0.8546875 0.6291666666666667 0.85625 0.6291666666666667 0.878125 0.6583333333333333 0.8796875 0.6583333333333333 0.8828125 0.6625 0.8828125 0.6645833333333333 0.89375 0.6791666666666667 0.8953125 0.6791666666666667 0.8984375 0.6833333333333333 0.9015625 0.6833333333333333 0.903125 0.6854166666666667 0.9046875 0.6854166666666667 0.90625 0.6875 0.91875 0.6875 0.9265625 0.6770833333333334 0.9265625 0.675 0.9296875 0.6708333333333333 0.9296875 0.6666666666666666 0.93125 0.6645833333333333 0.93125 0.6583333333333333 0.9328125 0.65625 0.9328125 0.6479166666666667 0.934375 0.6458333333333334 0.934375 0.64375 0.9375 0.6395833333333333 0.9375 0.6375 0.94375 0.6291666666666667 0.94375 0.625 0.9453125 0.6229166666666667 0.9453125 0.6166666666666667 0.946875 0.6145833333333334 0.946875 0.6041666666666666 0.9484375 0.6020833333333333 0.9484375 0.5916666666666667 0.946875 0.5895833333333333 0.946875 0.5791666666666667 0.9453125 0.5770833333333333 0.9453125 0.575 0.9390625 0.5666666666666667 0.9390625 0.5645833333333333 0.9375 0.5625 0.9375 0.5604166666666667 0.9328125 0.5541666666666667 0.93125 0.5541666666666667 0.9296875 0.5520833333333334 0.925 0.5520833333333334 0.9234375 0.55