0 0.2953287760416667 0.28515625 0.07405598958333334 0.11718750000000003
0 0.3197428385416667 0.15549045138888884 0.0724283854166667 0.13780381944444448
0 0.344970703125 0.0567491319444444 0.0724283854166667 0.10959201388888888
0 0.4763997395833333 0.10937499999999996 0.0651041666666666 0.12586805555555555
0 0.49186197916666663 0.1880425347222222 0.0716145833333333 0.11176215277777776
0 0.5919596354166666 0.14301215277777773 0.0716145833333333 0.12369791666666667
0 0.7006022135416666 0.10503472222222218 0.08544921875 0.13237847222222224
0 0.7266438802083333 0.2086588541666666 0.0870768229166666 0.14431423611111108
0 0.7783203125 0.05891927083333329 0.0830078125 0.11610243055555557
0 0.8495279947916667 0.08441840277777773 0.0919596354166666 0.15625
0 0.9447428385416666 0.07465277777777773 0.09521484375 0.1410590277777778
0 0.9608072916666668 0.2609328330346475 0.07526041666666661 0.12516427718040615
0 0.265625 0.25625 0.265625 0.25833333333333336 0.2640625 0.2604166666666667 0.2640625 0.2625 0.2625 0.26458333333333334 0.2625 0.26666666666666666 0.2609375 0.26875 0.2609375 0.28125 0.2625 0.2833333333333333 0.2625 0.28541666666666665 0.2640625 0.2875 0.2640625 0.2916666666666667 0.265625 0.29375 0.265625 0.29583333333333334 0.2671875 0.29791666666666666 0.2671875 0.3 0.26875 0.3020833333333333 0.26875 0.30416666666666664 0.2703125 0.30625 0.2703125 0.3104166666666667 0.271875 0.3125 0.271875 0.3145833333333333 0.2734375 0.31666666666666665 0.2734375 0.31875 0.275 0.32083333333333336 0.275 0.3229166666666667 0.2765625 0.325 0.2765625 0.32708333333333334 0.278125 0.32916666666666666 0.278125 0.33125 0.2796875 0.3333333333333333 0.28125 0.3333333333333333 0.2828125 0.33541666666666664 0.284375 0.33541666666666664 0.2859375 0.3375 0.290625 0.3375 0.2921875 0.33541666666666664 0.29375 0.33541666666666664 0.2953125 0.3333333333333333 0.296875 0.3333333333333333 0.3140625 0.3104166666666667 0.3140625 0.30833333333333335 0.3203125 0.3 0.3203125 0.29791666666666666 0.321875 0.29583333333333334 0.321875 0.29375 0.3234375 0.2916666666666667 0.3234375 0.28958333333333336 0.325 0.2875 0.321875 0.2833333333333333 0.3203125 0.2833333333333333 0.31875 0.28541666666666665 0.3171875 0.28541666666666665 0.315625 0.2875 0.3109375 0.2875 0.309375 0.28541666666666665 0.3078125 0.28541666666666665 0.30625 0.2833333333333333 0.303125 0.2833333333333333 0.3015625 0.28125 0.2890625 0.28125 0.2875 0.2833333333333333 0.284375 0.2833333333333333 0.2828125 0.28125 0.278125 0.28125 0.2765625 0.2791666666666667 0.275 0.2791666666666667 0.2734375 0.27708333333333335 0.2734375 0.2604166666666667 0.2703125 0.25625
0 0.3 0.12083333333333333 0.29375 0.12916666666666668 0.29375 0.13125 0.2921875 0.13333333333333333 0.2921875 0.13541666666666666 0.290625 0.1375 0.290625 0.14166666666666666 0.2890625 0.14375 0.2890625 0.16875 0.290625 0.17083333333333334 0.290625 0.17291666666666666 0.2953125 0.17916666666666667 0.2953125 0.18125 0.303125 0.19166666666666668 0.3046875 0.19166666666666668 0.309375 0.19791666666666666 0.3109375 0.19791666666666666 0.3125 0.2 0.3125 0.20208333333333334 0.3203125 0.2125 0.321875 0.2125 0.325 0.21666666666666667 0.3265625 0.21666666666666667 0.328125 0.21875 0.33125 0.21875 0.3328125 0.21666666666666667 0.334375 0.21666666666666667 0.3375 0.2125 0.3375 0.21041666666666667 0.3390625 0.20833333333333334 0.3390625 0.20625 0.3421875 0.20208333333333334 0.3421875 0.2 0.34375 0.19791666666666666 0.34375 0.19583333333333333 0.3453125 0.19375 0.3453125 0.19166666666666668 0.346875 0.18958333333333333 0.346875 0.1875 0.3484375 0.18541666666666667 0.3484375 0.17916666666666667 0.35 0.17708333333333334 0.35 0.17083333333333334 0.3515625 0.16875 0.3515625 0.1625 0.353125 0.16041666666666668 0.353125 0.15833333333333333 0.3515625 0.15625 0.3515625 0.14583333333333334 0.35 0.14375 0.35 0.14166666666666666 0.3484375 0.13958333333333334 0.3484375 0.13541666666666666 0.3453125 0.13125 0.34375 0.13125 0.340625 0.12708333333333333 0.3375 0.12708333333333333 0.3359375 0.125 0.3328125 0.125 0.33125 0.12708333333333333 0.3296875 0.12708333333333333 0.3265625 0.13125 0.325 0.13125 0.3234375 0.13333333333333333 0.315625 0.13333333333333333 0.3125 0.12916666666666668 0.3125 0.12708333333333333 0.3109375 0.12708333333333333 0.3078125 0.12291666666666666 0.3078125 0.12083333333333333
0 0.3171875 0.029166666666666667 0.3171875 0.03125 0.315625 0.03333333333333333 0.315625 0.035416666666666666 0.3140625 0.0375 0.3140625 0.041666666666666664 0.3125 0.04375 0.3125 0.05 0.3109375 0.052083333333333336 0.3109375 0.06458333333333334 0.309375 0.06666666666666667 0.309375 0.07916666666666666 0.3109375 0.08125 0.3109375 0.08541666666666667 0.3203125 0.09791666666666667 0.321875 0.09791666666666667 0.325 0.10208333333333333 0.3265625 0.10208333333333333 0.328125 0.10416666666666667 0.33125 0.10416666666666667 0.334375 0.10833333333333334 0.34375 0.10833333333333334 0.3453125 0.10625 0.3484375 0.10625 0.35 0.10416666666666667 0.353125 0.10416666666666667 0.3546875 0.10208333333333333 0.35625 0.10208333333333333 0.359375 0.09791666666666667 0.3609375 0.09791666666666667 0.3625 0.09583333333333334 0.3640625 0.09583333333333334 0.365625 0.09375 0.3671875 0.09375 0.36875 0.09166666666666666 0.3703125 0.09166666666666666 0.3734375 0.0875 0.375 0.0875 0.38125 0.07916666666666666 0.38125 0.07083333333333333 0.3796875 0.06875 0.3796875 0.06666666666666667 0.3765625 0.0625 0.3765625 0.06041666666666667 0.371875 0.05416666666666667 0.371875 0.052083333333333336 0.36875 0.04791666666666667 0.3671875 0.04791666666666667 0.365625 0.04583333333333333 0.365625 0.04375 0.346875 0.01875 0.3453125 0.01875 0.34375 0.016666666666666666 0.328125 0.016666666666666666 0.325 0.020833333333333332 0.3234375 0.020833333333333332
0 0.496875 0.13958333333333334 0.484375 0.13958333333333334 0.4828125 0.14166666666666666 0.48125 0.14166666666666666 0.4796875 0.14375 0.4796875 0.14583333333333334 0.475 0.15208333333333332 0.475 0.15416666666666667 0.4734375 0.15625 0.4734375 0.15833333333333333 0.471875 0.16041666666666668 0.471875 0.1625 0.4703125 0.16458333333333333 0.4703125 0.16666666666666666 0.46875 0.16875 0.46875 0.17083333333333334 0.4671875 0.17291666666666666 0.4671875 0.175 0.465625 0.17708333333333334 0.465625 0.18333333333333332 0.4640625 0.18541666666666667 0.4640625 0.19583333333333333 0.4625 0.19791666666666666 0.4625 0.20416666666666666 0.4609375 0.20625 0.4609375 0.21041666666666667 0.459375 0.2125 0.459375 0.21875 0.4578125 0.22083333333333333 0.4578125 0.23125 0.4640625 0.23958333333333334 0.4703125 0.23958333333333334 0.471875 0.24166666666666667 0.475 0.24166666666666667 0.4765625 0.23958333333333334 0.4828125 0.23958333333333334 0.484375 0.2375 0.490625 0.2375 0.4921875 0.23541666666666666 0.5 0.23541666666666666 0.5015625 0.23333333333333334 0.5109375 0.23333333333333334 0.5125 0.23125 0.5140625 0.23125 0.5171875 0.22708333333333333 0.51875 0.22708333333333333 0.5234375 0.22083333333333333 0.5234375 0.21875 0.525 0.21666666666666667 0.525 0.2125 0.5265625 0.21041666666666667 0.5265625 0.2 0.5234375 0.19583333333333333 0.5234375 0.19375 0.521875 0.19166666666666668 0.521875 0.1875 0.5203125 0.18541666666666667 0.5203125 0.18125 0.51875 0.17916666666666667 0.51875 0.17708333333333334 0.5171875 0.175 0.5171875 0.17291666666666666 0.515625 0.17083333333333334 0.515625 0.16875 0.5140625 0.16666666666666666 0.5140625 0.16458333333333333 0.5125 0.1625 0.5125 0.16041666666666668 0.5109375 0.15833333333333333 0.5109375 0.15625 0.5 0.14166666666666666 0.4984375 0.14166666666666666
0 0.4625 0.05625 0.459375 0.06041666666666667 0.459375 0.0625 0.453125 0.07083333333333333 0.453125 0.075 0.4515625 0.07708333333333334 0.4515625 0.08125 0.45 0.08333333333333333 0.45 0.08541666666666667 0.4484375 0.0875 0.4484375 0.10625 0.446875 0.10833333333333334 0.446875 0.12083333333333333 0.4453125 0.12291666666666666 0.4453125 0.12708333333333333 0.446875 0.12916666666666668 0.446875 0.1375 0.4484375 0.13958333333333334 0.4484375 0.14166666666666666 0.453125 0.14791666666666667 0.453125 0.15 0.4609375 0.16041666666666668 0.4625 0.16041666666666668 0.4640625 0.1625 0.4671875 0.1625 0.471875 0.15625 0.471875 0.15416666666666667 0.4765625 0.14791666666666667 0.4765625 0.14583333333333334 0.4796875 0.14166666666666666 0.4796875 0.13958333333333334 0.4828125 0.13541666666666666 0.484375 0.13541666666666666 0.4859375 0.13333333333333333 0.4875 0.13333333333333333 0.4890625 0.13125 0.5 0.13125 0.503125 0.12708333333333333 0.503125 0.125 0.50625 0.12083333333333333 0.50625 0.11875 0.5078125 0.11666666666666667 0.5078125 0.11458333333333333 0.509375 0.1125 0.509375 0.10833333333333334 0.5109375 0.10625 0.5109375 0.10208333333333333 0.509375 0.1 0.5046875 0.1 0.5015625 0.10416666666666667 0.5 0.10208333333333333 0.5 0.1 0.4984375 0.09791666666666667 0.4984375 0.09583333333333334 0.496875 0.09375 0.4953125 0.09375 0.49375 0.09166666666666666 0.4921875 0.09166666666666666 0.4859375 0.08333333333333333 0.484375 0.08333333333333333 0.4828125 0.08125 0.48125 0.08125 0.475 0.07291666666666667 0.475 0.07083333333333333 0.4734375 0.06875 0.4734375 0.06458333333333334 0.46875 0.058333333333333334 0.4671875 0.058333333333333334 0.465625 0.05625
0 0.578125 0.1 0.5765625 0.10208333333333333 0.575 0.10208333333333333 0.5734375 0.10416666666666667 0.571875 0.10416666666666667 0.5625 0.11666666666666667 0.5625 0.11875 0.559375 0.12291666666666666 0.559375 0.12708333333333333 0.5578125 0.12916666666666668 0.5578125 0.1375 0.55625 0.13958333333333334 0.55625 0.14375 0.5578125 0.14583333333333334 0.5578125 0.16875 0.559375 0.17083333333333334 0.559375 0.175 0.5609375 0.17708333333333334 0.5609375 0.17916666666666667 0.5640625 0.18333333333333332 0.5640625 0.18541666666666667 0.5671875 0.18958333333333333 0.56875 0.18958333333333333 0.5703125 0.19166666666666668 0.575 0.19166666666666668 0.5765625 0.19375 0.5796875 0.19375 0.58125 0.19583333333333333 0.584375 0.19583333333333333 0.5859375 0.19791666666666666 0.5890625 0.19791666666666666 0.590625 0.2 0.596875 0.2 0.5984375 0.19791666666666666 0.6 0.19791666666666666 0.6015625 0.19583333333333333 0.603125 0.19583333333333333 0.609375 0.1875 0.609375 0.18541666666666667 0.6171875 0.175 0.6171875 0.17291666666666666 0.61875 0.17083333333333334 0.61875 0.16875 0.621875 0.16458333333333333 0.621875 0.16041666666666668 0.6234375 0.15833333333333333 0.6234375 0.15416666666666667 0.625 0.15208333333333332 0.625 0.14791666666666667 0.6265625 0.14583333333333334 0.6265625 0.13333333333333333 0.625 0.13125 0.625 0.12916666666666668 0.6234375 0.12708333333333333 0.6234375 0.125 0.621875 0.12291666666666666 0.621875 0.12083333333333333 0.6203125 0.11875 0.6203125 0.11666666666666667 0.61875 0.11458333333333333 0.61875 0.1125 0.6171875 0.11041666666666666 0.6171875 0.10833333333333334 0.6140625 0.10416666666666667 0.6125 0.10416666666666667 0.6109375 0.10208333333333333 0.6078125 0.10208333333333333 0.60625 0.1
0 0.725 0.041666666666666664 0.721875 0.041666666666666664 0.7203125 0.04375 0.7078125 0.04375 0.70625 0.04583333333333333 0.6953125 0.04583333333333333 0.69375 0.04791666666666667 0.690625 0.04791666666666667 0.6890625 0.05 0.6859375 0.05 0.684375 0.052083333333333336 0.6796875 0.052083333333333336 0.678125 0.05416666666666667 0.6765625 0.05416666666666667 0.675 0.05625 0.6734375 0.05625 0.6671875 0.06458333333333334 0.6671875 0.06666666666666667 0.665625 0.06875 0.665625 0.07083333333333333 0.6640625 0.07291666666666667 0.6640625 0.075 0.6625 0.07708333333333334 0.6625 0.07916666666666666 0.6609375 0.08125 0.6609375 0.08333333333333333 0.659375 0.08541666666666667 0.659375 0.09583333333333334 0.6578125 0.09791666666666667 0.6578125 0.10416666666666667 0.659375 0.10625 0.659375 0.12083333333333333 0.6609375 0.12291666666666666 0.6609375 0.125 0.6640625 0.12916666666666668 0.6640625 0.13125 0.6703125 0.13958333333333334 0.671875 0.13958333333333334 0.675 0.14375 0.6796875 0.14375 0.68125 0.14583333333333334 0.6828125 0.14583333333333334 0.684375 0.14791666666666667 0.6859375 0.14791666666666667 0.69375 0.15833333333333333 0.6953125 0.15833333333333333 0.6984375 0.1625 0.7 0.1625 0.7046875 0.16875 0.7078125 0.16875 0.7109375 0.17291666666666666 0.7171875 0.17291666666666666 0.71875 0.17083333333333334 0.7203125 0.17083333333333334 0.7234375 0.16666666666666666 0.725 0.16666666666666666 0.7265625 0.16458333333333333 0.7265625 0.1625 0.728125 0.16041666666666668 0.728125 0.15833333333333333 0.7296875 0.15625 0.7296875 0.15416666666666667 0.73125 0.15208333333333332 0.73125 0.15 0.7328125 0.14791666666666667 0.7328125 0.14166666666666666 0.734375 0.13958333333333334 0.734375 0.13333333333333333 0.7359375 0.13125 0.7359375 0.125 0.7375 0.12291666666666666 0.7375 0.1125 0.7390625 0.11041666666666666 0.7390625 0.10416666666666667 0.740625 0.10208333333333333 0.740625 0.09583333333333334 0.7421875 0.09375 0.7421875 0.08958333333333333 0.74375 0.0875 0.74375 0.06458333333333334 0.7421875 0.0625 0.7421875 0.058333333333333334 0.740625 0.058333333333333334 0.7390625 0.05625 0.7390625 0.052083333333333336 0.7375 0.05 0.7375 0.04791666666666667 0.7359375 0.04791666666666667 0.734375 0.04583333333333333 0.7296875 0.04583333333333333 0.728125 0.04375 0.7265625 0.04375
0 0.74375 0.15416666666666667 0.740625 0.15416666666666667 0.7390625 0.15625 0.734375 0.15625 0.721875 0.17291666666666666 0.7203125 0.17291666666666666 0.71875 0.175 0.715625 0.175 0.70625 0.1875 0.70625 0.18958333333333333 0.703125 0.19375 0.7015625 0.19375 0.6984375 0.19791666666666666 0.6921875 0.19791666666666666 0.6875 0.20416666666666666 0.6875 0.20625 0.6859375 0.20833333333333334 0.6859375 0.225 0.6875 0.22708333333333333 0.6875 0.23125 0.690625 0.23541666666666666 0.690625 0.2375 0.6984375 0.24791666666666667 0.6984375 0.25 0.703125 0.25625 0.7046875 0.25625 0.7125 0.26666666666666666 0.715625 0.26666666666666666 0.71875 0.2708333333333333 0.7203125 0.2708333333333333 0.721875 0.27291666666666664 0.725 0.27291666666666664 0.7265625 0.275 0.7375 0.275 0.7390625 0.27291666666666664 0.740625 0.27291666666666664 0.75 0.2604166666666667 0.7515625 0.2604166666666667 0.753125 0.25833333333333336 0.7546875 0.25833333333333336 0.7625 0.24791666666666667 0.7625 0.24583333333333332 0.7640625 0.24375 0.7640625 0.24166666666666667 0.765625 0.23958333333333334 0.765625 0.23333333333333334 0.7671875 0.23125 0.7671875 0.20833333333333334 0.765625 0.20625 0.765625 0.19166666666666668 0.7640625 0.18958333333333333 0.7640625 0.18333333333333332 0.7625 0.18125 0.7625 0.17708333333333334 0.75625 0.16875 0.75625 0.16666666666666666 0.75 0.15833333333333333 0.7484375 0.15833333333333333 0.746875 0.15625 0.7453125 0.15625
0 0.8125 0.0020833333333333333 0.803125 0.0020833333333333333 0.8015625 0 0.740625 0 0.740625 0.004166666666666667 0.7390625 0.00625 0.7390625 0.010416666666666666 0.7375 0.0125 0.7375 0.016666666666666666 0.7359375 0.01875 0.7359375 0.03125 0.7375 0.03333333333333333 0.7375 0.03958333333333333 0.7390625 0.041666666666666664 0.7390625 0.04375 0.740625 0.04583333333333333 0.740625 0.05416666666666667 0.74375 0.058333333333333334 0.74375 0.06458333333333334 0.7453125 0.06666666666666667 0.7453125 0.1 0.746875 0.10208333333333333 0.746875 0.10416666666666667 0.75 0.10833333333333334 0.7515625 0.10833333333333334 0.753125 0.11041666666666666 0.7609375 0.11041666666666666 0.7625 0.10833333333333334 0.7640625 0.10833333333333334 0.7703125 0.1 0.771875 0.1 0.7875 0.07916666666666666 0.7875 0.07708333333333334 0.7953125 0.06666666666666667 0.796875 0.06666666666666667 0.8046875 0.05625 0.8046875 0.05416666666666667 0.809375 0.04791666666666667 0.809375 0.04583333333333333 0.8109375 0.04375 0.8109375 0.041666666666666664 0.8125 0.03958333333333333 0.8125 0.0375 0.8140625 0.035416666666666666 0.8140625 0.03333333333333333 0.815625 0.03125 0.815625 0.029166666666666667 0.8171875 0.027083333333333334 0.8171875 0.0125 0.815625 0.010416666666666666 0.815625 0.00625
0 0.8890625 0.06458333333333334 0.8734375 0.04375 0.871875 0.04375 0.8703125 0.041666666666666664 0.86875 0.041666666666666664 0.8671875 0.03958333333333333 0.8625 0.03958333333333333 0.8609375 0.0375 0.8546875 0.0375 0.853125 0.035416666666666666 0.834375 0.035416666666666666 0.8328125 0.0375 0.83125 0.0375 0.8296875 0.03958333333333333 0.828125 0.03958333333333333 0.8171875 0.05416666666666667 0.8171875 0.05625 0.8109375 0.06458333333333334 0.8109375 0.06666666666666667 0.809375 0.06875 0.809375 0.07291666666666667 0.8078125 0.075 0.8078125 0.0875 0.80625 0.08958333333333333 0.80625 0.1 0.8046875 0.10208333333333333 0.8046875 0.10833333333333334 0.803125 0.11041666666666666 0.803125 0.11666666666666667 0.8015625 0.11875 0.8015625 0.12708333333333333 0.8 0.12916666666666668 0.8 0.14583333333333334 0.80625 0.15416666666666667 0.8203125 0.15416666666666667 0.821875 0.15208333333333332 0.825 0.15208333333333332 0.8265625 0.15 0.828125 0.15 0.8296875 0.14791666666666667 0.83125 0.14791666666666667 0.8328125 0.14583333333333334 0.8359375 0.14583333333333334 0.8375 0.14375 0.840625 0.14375 0.8421875 0.14166666666666666 0.8453125 0.14166666666666666 0.846875 0.13958333333333334 0.8515625 0.13958333333333334 0.853125 0.1375 0.85625 0.1375 0.8578125 0.13541666666666666 0.8609375 0.13541666666666666 0.8625 0.13333333333333333 0.8640625 0.13333333333333333 0.8671875 0.12916666666666668 0.86875 0.12916666666666668 0.8734375 0.12291666666666666 0.875 0.12291666666666666 0.8859375 0.10833333333333334 0.8859375 0.10625 0.8890625 0.10208333333333333 0.8890625 0.1 0.890625 0.09791666666666667 0.890625 0.09583333333333334 0.8921875 0.09375 0.8921875 0.09166666666666666 0.89375 0.08958333333333333 0.89375 0.07708333333333334 0.8921875 0.075 0.8921875 0.07291666666666667 0.890625 0.07083333333333333 0.890625 0.06875 0.8890625 0.06666666666666667
0 0.9453125 0.014583333333333334 0.94375 0.016666666666666666 0.9390625 0.016666666666666666 0.9375 0.01875 0.934375 0.01875 0.9328125 0.020833333333333332 0.93125 0.020833333333333332 0.9296875 0.022916666666666665 0.928125 0.022916666666666665 0.925 0.027083333333333334 0.9234375 0.027083333333333334 0.9203125 0.03125 0.91875 0.03125 0.9140625 0.0375 0.9125 0.0375 0.903125 0.05 0.903125 0.052083333333333336 0.9 0.05625 0.9 0.058333333333333334 0.8984375 0.06041666666666667 0.8984375 0.06875 0.9 0.07083333333333333 0.9 0.08541666666666667 0.9015625 0.0875 0.9015625 0.08958333333333333 0.9046875 0.09375 0.9046875 0.09583333333333334 0.90625 0.09791666666666667 0.90625 0.1 0.9125 0.10833333333333334 0.9140625 0.10833333333333334 0.9171875 0.1125 0.91875 0.1125 0.921875 0.11666666666666667 0.9234375 0.11666666666666667 0.925 0.11875 0.9265625 0.11875 0.9296875 0.12291666666666666 0.93125 0.12291666666666666 0.9359375 0.12916666666666668 0.9375 0.12916666666666668 0.9390625 0.13125 0.940625 0.13125 0.9421875 0.13333333333333333 0.95 0.13333333333333333 0.9515625 0.13541666666666666 0.953125 0.13541666666666666 0.9546875 0.1375 0.9625 0.1375 0.9640625 0.13541666666666666 0.9671875 0.13541666666666666 0.971875 0.12916666666666668 0.971875 0.12708333333333333 0.9734375 0.125 0.9734375 0.10208333333333333 0.975 0.1 0.975 0.09791666666666667 0.9765625 0.09583333333333334 0.9765625 0.09375 0.978125 0.09166666666666666 0.978125 0.0875 0.9796875 0.08541666666666667 0.9796875 0.07916666666666666 0.98125 0.07708333333333334 0.98125 0.07291666666666667 0.9828125 0.07083333333333333 0.9828125 0.06875 0.984375 0.06666666666666667 0.984375 0.06458333333333334 0.9859375 0.0625 0.9859375 0.06041666666666667 0.9890625 0.05625 0.9890625 0.03333333333333333 0.9875 0.03125 0.9875 0.029166666666666667 0.9828125 0.022916666666666665 0.98125 0.022916666666666665 0.9796875 0.020833333333333332 0.9765625 0.020833333333333332 0.971875 0.014583333333333334
0 0.996875 0.20625 0.99375 0.20625 0.9921875 0.20833333333333334 0.990625 0.20833333333333334 0.9890625 0.21041666666666667 0.9875 0.21041666666666667 0.9828125 0.21666666666666667 0.98125 0.21666666666666667 0.9796875 0.21875 0.9734375 0.21875 0.971875 0.21666666666666667 0.959375 0.21666666666666667 0.9578125 0.21875 0.9546875 0.21875 0.953125 0.22083333333333333 0.9515625 0.22083333333333333 0.95 0.22291666666666668 0.9484375 0.22291666666666668 0.94375 0.22916666666666666 0.9421875 0.22916666666666666 0.940625 0.23125 0.9390625 0.23125 0.9359375 0.23541666666666666 0.934375 0.23541666666666666 0.925 0.24791666666666667 0.925 0.25 0.9234375 0.2520833333333333 0.9234375 0.27291666666666664 0.9265625 0.27708333333333335 0.9265625 0.28125 0.93125 0.2875 0.9328125 0.2875 0.9359375 0.2916666666666667 0.9375 0.2916666666666667 0.9390625 0.29375 0.940625 0.29375 0.9421875 0.29583333333333334 0.9453125 0.29583333333333334 0.946875 0.29791666666666666 0.95 0.29791666666666666 0.9515625 0.3 0.9546875 0.3 0.95625 0.3020833333333333 0.9609375 0.3020833333333333 0.9625 0.30416666666666664 0.965625 0.30416666666666664 0.9671875 0.30625 0.9703125 0.30625 0.971875 0.30833333333333335 0.9734375 0.30833333333333335 0.975 0.3104166666666667 0.978125 0.3104166666666667 0.9796875 0.3125 0.984375 0.3125 0.9859375 0.3145833333333333 0.990625 0.3145833333333333 0.9921875 0.31666666666666665 0.996875 0.31666666666666665 0.9984375 0.3145833333333333 0.9984375 0.21458333333333332 0.996875 0.2125
0 0.996875 0.10833333333333334 0.99375 0.1125 0.99375 0.125 0.990625 0.12916666666666668 0.990625 0.13125 0.984375 0.13958333333333334 0.9828125 0.13958333333333334 0.9828125 0.14166666666666666 0.98125 0.14375 0.98125 0.14583333333333334 0.9796875 0.14791666666666667 0.9796875 0.16041666666666668 0.98125 0.16041666666666668 0.984375 0.16458333333333333 0.9859375 0.16458333333333333 0.9890625 0.16875 0.990625 0.16875 0.99375 0.17291666666666666 0.9953125 0.17291666666666666 0.996875 0.175 0.9984375 0.17291666666666666 0.9984375 0.12708333333333333 0.996875 0.125