0 0.17751736111111108 0.4282407407407407 0.10243055555555554 0.13425925925925922
0 0.24696180555555552 0.4924768518518518 0.09375 0.12384259259259256
0 0.12803819444444442 0.6076388888888888 0.0989583333333333 0.12731481481481488
0 0.06727430555555554 0.5185185185185185 0.109375 0.13888888888888892
0 0.33246527777777773 0.49247685185185186 0.08246527777777776 0.11689814814814821
0 0.38151041666666663 0.38483796296296297 0.10069444444444438 0.12615740740740744
0 0.4110243055555555 0.541087962962963 0.0833333333333334 0.13310185185185192
0 0.37760416666666663 0.6556712962962963 0.08940972222222224 0.11458333333333333
0 0.5177951388888888 0.4438657407407407 0.06944444444444446 0.13310185185185183
0 0.5889756944444444 0.4756944444444444 0.08506944444444446 0.11342592592592589
0 0.5768229166666666 0.6394675925925927 0.07465277777777768 0.14699074074074073
0 0.7256944444444444 0.4039351851851852 0.09288194444444446 0.15509259259259262
0 0.8250868055555554 0.3090277777777778 0.09374999999999992 0.14583333333333337
0 0.8285590277777779 0.5052083333333334 0.10590277777777794 0.14699074074074073
0 0.05070020746887969 0.4675829875518673 0.036436721991701275 0.471905255878285 0.02087655601659754 0.4736341632088521 0.009206431535269738 0.48832987551867224 0.01504149377593364 0.5211791147994468 0.03514004149377596 0.5436549100968189 0.050051867219917036 0.5600795297372062 0.0695020746887967 0.5782330567081605 0.0857105809128631 0.5834197786998616 0.0960840248962656 0.577368603042877 0.10580912863070542 0.5514349930843707 0.10969917012448135 0.5324170124481328 0.11488589211618261 0.503890041493776 0.1135892116182573 0.47968533886583686 0.10969917012448135 0.4675829875518673 0.09673236514522825 0.45980290456431544 0.08960062240663905 0.4632607192254496 0.07728215767634858 0.4727697095435685 0.06237033195020749 0.4727697095435685
0 0.12331431535269713 0.5574861687413555 0.10645746887966807 0.5704529737206087 0.09543568464730294 0.5799619640387275 0.0857105809128631 0.5937932226832642 0.0811721991701245 0.6084889349930844 0.091545643153527 0.6301002766251729 0.10645746887966807 0.643067081604426 0.12266597510373448 0.6568983402489627 0.14081950207468882 0.6646784232365145 0.15184128630705399 0.6629495159059474 0.15637966804979256 0.6551694329183956 0.16675311203319504 0.6456604426002766 0.17064315352697096 0.6197268326417704 0.17064315352697096 0.5877420470262794 0.1589730290456432 0.5652662517289073 0.149896265560166 0.5505705394190872 0.13692946058091288 0.5462482710926694 0.1297977178423237 0.5540283540802213
0 0.14600622406639008 0.37940871369294615 0.131094398340249 0.39064661134163214 0.12590767634854774 0.4062067773167359 0.13433609958506226 0.42868257261410797 0.14665456431535273 0.4554806362378977 0.1557313278008299 0.4779564315352698 0.16675311203319504 0.4909232365145229 0.18101659751037347 0.49178769017980645 0.1939834024896266 0.4753630705394192 0.2050051867219917 0.4563450899031813 0.21473029045643158 0.43992047026279396 0.21148858921161828 0.4295470262793915 0.20695020746887968 0.4183091286307055 0.19852178423236516 0.4113934993084371 0.189445020746888 0.40880013831258655 0.18101659751037347 0.4174446749654219 0.17323651452282157 0.4183091286307055 0.16934647302904565 0.4062067773167359 0.16804979253112035 0.39842669432918404 0.15832468879668055 0.38978215767634866
0 0.2218620331950208 0.44078492392807755 0.21213692946058096 0.4563450899031813 0.208246887966805 0.4762275242047027 0.208246887966805 0.49870331950207475 0.20630186721991706 0.5246369294605809 0.20759854771784236 0.5462482710926694 0.2231587136929461 0.5540283540802213 0.2406639004149378 0.5401970954356847 0.2594657676348548 0.5324170124481328 0.2769709543568465 0.5185857538035962 0.29058609958506226 0.4969744121715077 0.2886410788381743 0.4900587828492393 0.28021265560165975 0.4995677731673583 0.2659491701244813 0.4900587828492393 0.2581690871369295 0.47968533886583686 0.24260892116182572 0.4675829875518673 0.2374221991701245 0.45202282157676354
0 0.31587136929460585 0.4468360995850623 0.29642116182572614 0.4563450899031813 0.29577282157676354 0.47968533886583686 0.29901452282157676 0.49610995850622414 0.3087396265560166 0.5211791147994468 0.3307831950207469 0.5358748271092669 0.34569502074688796 0.54884163208852 0.35606846473029047 0.54884163208852 0.3599585062240664 0.5237724757952974 0.366441908713693 0.4900587828492393 0.366441908713693 0.471905255878285 0.3580134854771785 0.45029391424619647 0.34310165975103735 0.43992047026279396 0.32754149377593367 0.43992047026279396
0 0.35217842323651455 0.3405082987551868 0.3398599585062241 0.3560684647302905 0.33467323651452285 0.3768153526970955 0.33726659751037347 0.39842669432918404 0.34569502074688796 0.42349585062240674 0.3586618257261411 0.43300484094052566 0.3716286307053942 0.4364626556016598 0.39043049792531126 0.43992047026279396 0.40988070539419086 0.4381915629322269 0.4221991701244813 0.43473374827109273 0.42803423236514526 0.4139868603042878 0.4228475103734439 0.38978215767634866 0.4202541493775933 0.3681708160442601 0.40988070539419086 0.3465594744121716 0.39756224066390045 0.33532157676348556 0.38200207468879666 0.3301348547717843 0.362551867219917 0.3309993084370679
0 0.4021006224066389 0.5047544951590596 0.3807053941908714 0.5237724757952974 0.36968360995850624 0.5427904564315352 0.37098029045643155 0.5669951590594745 0.37940871369294604 0.5816908713692946 0.39691390041493774 0.59033540802213 0.4111773858921161 0.5937932226832642 0.4267375518672199 0.6007088520055325 0.441649377593361 0.6024377593360997 0.44813278008298757 0.5842842323651453 0.44553941908713685 0.5687240663900415 0.44553941908713685 0.547112724757953 0.44229771784232363 0.5177213001383126 0.4293309128630705 0.4978388658367912 0.41636410788381745 0.49178769017980645 0.40728734439834025 0.49178769017980645
0 0.34634336099585067 0.6249135546334716 0.34310165975103735 0.6465248962655602 0.34634336099585067 0.6603561549100968 0.3599585062240664 0.676780774550484 0.37227697095435686 0.684560857538036 0.3845954356846474 0.6949343015214385 0.3982105809128631 0.7035788381742738 0.41247406639004147 0.6949343015214385 0.41895746887966806 0.6638139695712311 0.41636410788381745 0.6370159059474413 0.4150674273858921 0.620591286307054 0.4085840248962655 0.6007088520055325 0.4021006224066389 0.6119467496542186 0.38783713692946054 0.6102178423236515 0.3761670124481328 0.6154045643153527 0.3716286307053942 0.6249135546334716 0.3632002074688797 0.6309647302904564 0.35347510373443985 0.6257780082987552
0 0.5032417012448132 0.4018845089903182 0.4850881742738589 0.40880013831258655 0.4831431535269709 0.43473374827109273 0.48379149377593356 0.46412517289073313 0.4909232365145228 0.48919432918395583 0.49935165975103735 0.5012966804979254 0.5097251037344398 0.5082123098201937 0.518801867219917 0.49265214384509 0.5337136929460581 0.483143153526971 0.5440871369294605 0.46931189488243436 0.5401970954356846 0.45807399723374836 0.5330653526970954 0.4442427385892117 0.5252852697095436 0.4312759336099586 0.5194502074688796 0.43559820193637633 0.5038900414937759 0.43559820193637633 0.49481327800829866 0.4295470262793915 0.4941649377593361 0.41485131396957126
0 0.5551089211618258 0.4589384508990319 0.5538122406639003 0.4822786998616875 0.560295643153527 0.4995677731673583 0.5667790456431534 0.5194502074688797 0.581042531120332 0.5306881051175657 0.5959543568464729 0.5272302904564315 0.6089211618257261 0.5237724757952974 0.6160529045643153 0.5142634854771785 0.6238329875518672 0.5056189488243431 0.6251296680497924 0.4762275242047027 0.6231846473029046 0.45980290456431544 0.618646265560166 0.4442427385892117 0.610866182572614 0.4312759336099586 0.6037344398340249 0.43386929460580925 0.5940093360995851 0.44251383125864463 0.5823392116182572 0.45115836791148006 0.57326244813278 0.45720954356846477
0 0.5401970954356846 0.6370159059474413 0.5434387966804979 0.6594917012448133 0.5460321576763485 0.686289764868603 0.5557572614107883 0.695798755186722 0.5654823651452282 0.7018499308437068 0.5726141078838174 0.707036652835408 0.5849325726141078 0.705307745504841 0.5966026970954357 0.676780774550484 0.6076244813278008 0.652576071922545 0.6082728215767634 0.6266424619640387 0.6017894190871369 0.6301002766251729 0.5894709543568465 0.6344225449515906 0.5803941908713692 0.6266424619640387 0.575207468879668 0.622320193637621 0.5609439834024895 0.6309647302904564 0.5479771784232365 0.63182918395574
0 0.6867219917012448 0.4027489626556017 0.6821836099585062 0.41571576763485485 0.6834802904564314 0.42868257261410797 0.686073651452282 0.4416493775933611 0.6977437759336099 0.4546161825726142 0.7048755186721991 0.460667358229599 0.7197873443983401 0.4684474412171509 0.7359958506224066 0.4779564315352698 0.7470176348547717 0.4779564315352698 0.7573910788381741 0.46412517289073313 0.7638744813278008 0.43041147994467505 0.7677645228215767 0.4113934993084371 0.7677645228215767 0.39669778699861696 0.7606327800829875 0.3854598893499309 0.754149377593361 0.3854598893499309 0.7528526970954357 0.3992911479944676 0.7509076763485477 0.40880013831258655 0.7372925311203319 0.40361341632088527 0.7243257261410788 0.40102005532503465 0.7133039419087137 0.4044778699861688 0.7068205394190871 0.4131224066390042 0.6990404564315352 0.4174446749654219 0.6977437759336099 0.4062067773167359
0 0.7820280082987551 0.49265214384509 0.7794346473029046 0.5108056708160443 0.783973029045643 0.5246369294605809 0.7930497925311204 0.5315525587828493 0.8027748962655602 0.5419260027662517 0.8125 0.5566217150760718 0.8261151452282158 0.5713174273858922 0.839081950207469 0.5799619640387275 0.8533454356846473 0.5721818810511756 0.8604771784232366 0.5574861687413555 0.8604771784232366 0.5427904564315352 0.8624221991701246 0.5358748271092669 0.870850622406639 0.515127939142462 0.8753890041493776 0.4935165975103735 0.8753890041493776 0.48141424619640394 0.8676089211618259 0.4675829875518673 0.8585321576763485 0.4563450899031813 0.848158713692946 0.449429460580913 0.8410269709543569 0.449429460580913 0.8319502074688797 0.45980290456431544 0.8222251037344399 0.46931189488243436 0.8118516597510373 0.4736341632088521 0.8014782157676349 0.4762275242047027 0.7969398340248962 0.4805497925311204
0 0.7982365145228216 0.30074343015214394 0.7936981327800828 0.31371023513139706 0.7885114107883816 0.33532157676348556 0.7794346473029046 0.32581258644536665 0.7794346473029046 0.34396611341632094 0.7911047717842323 0.355204011065007 0.8066649377593361 0.3586618257261412 0.8235217842323651 0.3681708160442601 0.8364885892116183 0.3776798063623791 0.852048755186722 0.3828665283540803 0.8585321576763485 0.3655774550484095 0.8611255186721992 0.3413727524204704 0.8624221991701246 0.3214903181189489 0.8650155601659751 0.30593015214384517 0.8663122406639004 0.2938278008298756 0.8643672199170125 0.2774031811894883 0.8585321576763485 0.26357192254495165 0.8475103734439834 0.2566562932226833 0.8371369294605809 0.2618430152143846 0.8267634854771785 0.2696230982019365 0.8125 0.2869121715076073