0 0.1778681506849315 0.34579528158295286 0.09917237442922375 0.10178843226788435
0 0.14076769406392692 0.48373287671232873 0.09774543378995434 0.12081430745814306
0 0.08583047945205477 0.6221461187214613 0.09203767123287673 0.11035007610350066
0 0.3494577625570776 0.4414003044140031 0.08133561643835611 0.11796042617960427
0 0.363013698630137 0.5422374429223744 0.08418949771689488 0.11415525114155252
0 0.48002283105022825 0.5308219178082193 0.08276255707762559 0.12366818873668191
0 0.6041666666666667 0.5365296803652968 0.09417808219178081 0.13318112633181134
0 0.6159389269406392 0.6207191780821918 0.09061073059360733 0.11510654490106541
0 0.6658818493150684 0.4499619482496195 0.08204908675799097 0.11986301369863016
0 0.72224600456621 0.5165525114155252 0.08632990867579923 0.10844748858447488
0 0.797160388127854 0.5208333333333334 0.07776826484018269 0.11510654490106541
0 0.8075057077625571 0.6673325722983258 0.08418949771689484 0.11700913242009131
0 0.8617294520547946 0.577435312024353 0.08704337899543368 0.10844748858447482
0 0.8731449771689498 0.42427701674277013 0.10559360730593603 0.1198630136986301
0 0.9327197488584474 0.48420852359208527 0.09346461187214619 0.10654490106544905
0 0.16544117647058826 0.29411764705882354 0.15625 0.2986326109391125 0.14512383900928794 0.30830753353973167 0.1417376160990712 0.31346749226006193 0.13254643962848298 0.33152734778121773 0.1296439628482972 0.34507223942208465 0.13061145510835914 0.36184210526315785 0.13593266253869968 0.37474200206398345 0.1431888544891641 0.38377192982456143 0.15479876160990713 0.38893188854489164 0.1659249226006192 0.39344685242518057 0.17124613003095973 0.39473684210526316 0.18479102167182662 0.39473684210526316 0.19494969040247678 0.38764189886480904 0.20510835913312694 0.3844169246646027 0.2196207430340557 0.3811919504643963 0.22639318885448917 0.37280701754385964 0.22639318885448917 0.36055211558307537 0.22397445820433437 0.35023219814241485 0.21865325077399383 0.3412022703818369 0.20946207430340555 0.3295923632610939 0.20027089783281732 0.31991744066047473 0.19253095975232198 0.3128224974200206 0.18624226006191952 0.30637254901960786 0.18188854489164086 0.3031475748194014 0.17463235294117646 0.2979876160990712
0 0.11029411764705883 0.42892156862745096 0.10061919504643964 0.4340815273477812 0.09191176470588235 0.4476264189886481 0.0914280185758514 0.4637512899896801 0.09965170278637771 0.4869711042311662 0.10884287925696594 0.49729102167182665 0.11464783281733745 0.5024509803921569 0.12190402476780186 0.5101909184726522 0.1286764705882353 0.5230908152734778 0.13641640866873067 0.5314757481940144 0.14367260061919504 0.5385706914344686 0.14851006191950464 0.5405056759545924 0.15576625386996906 0.5424406604747162 0.16302244582043343 0.534700722394221 0.16931114551083593 0.5205108359133127 0.17124613003095973 0.5108359133126935 0.17366486068111456 0.49600103199174406 0.17850232198142416 0.48374613003095973 0.1828560371517028 0.472781217750258 0.1852747678018576 0.4598813209494324 0.1852747678018576 0.4482714138286894 0.18092105263157893 0.440531475748194 0.17463235294117646 0.4373065015479876 0.168343653250774 0.4347265221878225 0.16157120743034056 0.4360165118679051 0.15576625386996906 0.4469814241486068 0.14996130030959753 0.4534313725490196 0.13980263157894737 0.4573013415892673 0.13157894736842107 0.4482714138286894 0.1286764705882353 0.4353715170278638 0.1286764705882353 0.43085655314757487 0.12093653250773995 0.4295665634674923
0 0.04789086687306501 0.5908152734778122 0.043537151702786374 0.5959752321981424 0.04111842105263158 0.6037151702786379 0.043053405572755415 0.6108101135190919 0.049825851393188854 0.625 0.05224458204334366 0.6346749226006192 0.05514705882352942 0.6443498452012384 0.05950077399380806 0.6559597523219814 0.06337074303405574 0.6656346749226006 0.06869195046439629 0.6707946336429309 0.07352941176470588 0.673374613003096 0.08997678018575851 0.6695046439628484 0.10255417956656347 0.6617647058823529 0.11319659442724458 0.6540247678018576 0.12190402476780186 0.6462848297213621 0.12529024767801858 0.6404798761609907 0.1165828173374613 0.6353199174406605 0.10545665634674924 0.629514963880289 0.09916795665634674 0.6243550051599588 0.09094427244582043 0.625 0.07643188854489165 0.632094943240454 0.07062693498452013 0.6333849329205367 0.06675696594427245 0.6308049535603715 0.06433823529411765 0.6166150670794633 0.06772445820433437 0.6050051599587203 0.06869195046439629 0.6004901960784313 0.06288699690402477 0.592750257997936 0.053695820433436535 0.5888802889576883
0 0.3270123839009288 0.39860681114551083 0.3212074303405573 0.40634674922600617 0.3149187306501548 0.4198916408668731 0.30911377708978327 0.43021155830753355 0.30863003095975233 0.4456914344685243 0.31056501547987614 0.4663312693498452 0.31927244582043346 0.4766511867905057 0.3226586687306502 0.4818111455108359 0.3255611455108359 0.4914860681114551 0.3318498452012384 0.4947110423116615 0.33620356037151705 0.4953560371517028 0.34345975232198145 0.49406604747162025 0.35313467492260064 0.4895510835913313 0.3642608359133127 0.4824561403508772 0.37780572755417957 0.47020123839009287 0.38506191950464397 0.46246130030959753 0.38748065015479877 0.45794633642930854 0.3869969040247678 0.4502063983488132 0.37248452012383904 0.4514963880288958 0.3657120743034056 0.44633642930856554 0.36135835913312697 0.4424664602683179 0.35265092879256965 0.4327915376676987 0.348297213622291 0.42505159958720334 0.34345975232198145 0.4166666666666667 0.3400735294117647 0.4069917440660475 0.33571981424148606 0.40183178534571723
0 0.360390866873065 0.4908410732714138 0.35216718266253866 0.4921310629514964 0.3420085139318886 0.5069659442724458 0.336687306501548 0.5147058823529412 0.3303986068111455 0.528250773993808 0.32846362229102166 0.541795665634675 0.32410990712074306 0.5592105263157895 0.3207236842105263 0.5727554179566564 0.3231424148606811 0.5824303405572755 0.3279798761609907 0.5888802889576883 0.33330108359133126 0.592750257997936 0.3449109907120743 0.5940402476780186 0.35748839009287925 0.5921052631578948 0.36958204334365324 0.5908152734778122 0.3836106811145511 0.5882352941176471 0.39473684210526316 0.5843653250773994 0.4019930340557275 0.5721104231166151 0.40247678018575855 0.548890608875129 0.3976393188854489 0.5359907120743034 0.3894156346749226 0.5185758513931888 0.38264318885448917 0.505030959752322 0.3758707430340557 0.49729102167182665 0.37103328173374617 0.49277605779153766
0 0.45665634674922606 0.4766511867905057 0.44794891640866874 0.4914860681114551 0.44214396284829716 0.5063209494324046 0.4406927244582043 0.5185758513931888 0.4426277089783282 0.5314757481940144 0.4484326625386997 0.548890608875129 0.4552051083591332 0.5592105263157895 0.4619775541795666 0.5637254901960784 0.46778250773993807 0.56953044375645 0.47407120743034054 0.576625386996904 0.48035990712074306 0.5817853457172343 0.4880998452012384 0.5837203302373581 0.492937306501548 0.5824303405572755 0.5006772445820433 0.5701754385964912 0.5074496904024768 0.5508255933952528 0.5142221362229102 0.5321207430340558 0.517124613003096 0.5134158926728586 0.5156733746130031 0.500515995872033 0.5059984520123839 0.4856811145510836 0.4982585139318886 0.4779411764705882 0.48084365325077394 0.47342621259029927 0.46778250773993807 0.4740712074303406
0 0.565499226006192 0.5011609907120743 0.5621130030959752 0.5101909184726522 0.5596942724458204 0.5230908152734778 0.56453173374613 0.5366357069143447 0.576625386996904 0.5559855521155831 0.5848490712074303 0.565015479876161 0.5935565015479877 0.5721104231166151 0.6017801857585139 0.5804953560371516 0.6080688854489165 0.5882352941176471 0.6129063467492261 0.5933952528379773 0.6225812693498451 0.5953302373581012 0.6288699690402477 0.5850103199174407 0.6351586687306502 0.5721104231166151 0.6390286377708978 0.5553405572755419 0.6433823529411764 0.534700722394221 0.6458010835913313 0.516640866873065 0.6448335913312693 0.505030959752322 0.6428986068111455 0.49793601651186786 0.6341911764705882 0.4947110423116615 0.625 0.49406604747162025 0.6220975232198143 0.49406604747162025 0.6129063467492261 0.4966460268317853 0.6051664086687307 0.49729102167182665 0.5969427244582043 0.4953560371517028 0.5901702786377709 0.49277605779153766 0.5790441176470588 0.49406604747162025 0.5732391640866873 0.49729102167182665
0 0.576141640866873 0.6172600619195047 0.5800116099071208 0.6308049535603715 0.5843653250773995 0.6398348813209495 0.5921052631578948 0.6488648090815273 0.5998452012383901 0.6578947368421052 0.6075851393188855 0.6675696594427245 0.6201625386996904 0.6740196078431373 0.6274187306501549 0.673374613003096 0.6332236842105263 0.6656346749226006 0.6361261609907121 0.6598297213622291 0.6409636222910217 0.6585397316821466 0.649671052631579 0.65015479876161 0.6545085139318886 0.6314499484004128 0.6525735294117647 0.6166150670794633 0.6525735294117647 0.59984520123839 0.6511222910216719 0.5837203302373581 0.6428986068111455 0.576625386996904 0.6380611455108359 0.5804953560371516 0.6322561919504645 0.5882352941176471 0.6269349845201239 0.5946852425180598 0.6182275541795665 0.6011351909184727 0.6119388544891641 0.6095201238390093 0.6075851393188855 0.6185500515995872 0.6017801857585139 0.6230650154798761 0.5964589783281734 0.6172600619195047 0.5940402476780186 0.6108101135190919 0.5921052631578948 0.6075851393188855 0.5838815789473684 0.6075851393188855 0.5790441176470588 0.6114551083591331
0 0.6409636222910217 0.3940918472652219 0.6370936532507739 0.3960268317853457 0.6279024767801857 0.41086171310629516 0.6269349845201239 0.4256965944272446 0.6279024767801857 0.4469814241486068 0.6308049535603716 0.46568627450980393 0.6341911764705882 0.47729618163054693 0.6428986068111455 0.4792311661506708 0.648703560371517 0.48503611971104227 0.6506385448916409 0.48890608875129 0.6458010835913313 0.4947110423116615 0.6433823529411764 0.4998710010319918 0.6467685758513932 0.509545923632611 0.6559597523219814 0.5076109391124871 0.6690208978328174 0.49019607843137253 0.673374613003096 0.48439112487100106 0.6893382352941176 0.4747162022703818 0.696594427244582 0.4663312693498452 0.7019156346749227 0.4540763673890609 0.698045665634675 0.4482714138286894 0.6878869969040248 0.43988648090815274 0.6849845201238389 0.43343653250773995 0.6815982972136223 0.4256965944272446 0.6757933436532507 0.4198916408668731 0.6680534055727554 0.41215170278637775 0.66031346749226 0.4050567595459237 0.6511222910216719 0.40054179566563464 0.6438660990712075 0.39925180598555216
0 0.7101393188854489 0.4663312693498452 0.696594427244582 0.47020123839009287 0.6888544891640866 0.47987616099071206 0.6874032507739938 0.49406604747162025 0.6869195046439629 0.5185758513931888 0.6840170278637772 0.5314757481940144 0.6835332817337461 0.5437306501547988 0.6835332817337461 0.5572755417956656 0.6878869969040248 0.565015479876161 0.6946594427244582 0.5682404540763674 0.7033668730650156 0.5682404540763674 0.7115905572755418 0.5656604747162023 0.7198142414860681 0.5630804953560371 0.7290054179566564 0.5605005159958721 0.7435178018575852 0.5527605779153767 0.7580301857585139 0.5372807017543859 0.7609326625386996 0.5263157894736842 0.7604489164086687 0.5089009287925697 0.757546439628483 0.4921310629514964 0.7469040247678018 0.48439112487100106 0.732875386996904 0.4747162022703818 0.7261029411764706 0.47084623323013414 0.7149767801857585 0.46762125902992774
0 0.7875386996904025 0.4766511867905057 0.7749613003095975 0.4779411764705882 0.7681888544891641 0.48439112487100106 0.7628676470588236 0.49277605779153766 0.7594814241486068 0.5063209494324046 0.7652863777089783 0.5243808049535603 0.7739938080495355 0.5359907120743034 0.7856037151702786 0.5456656346749226 0.7889899380804953 0.5553405572755419 0.7957623839009288 0.5598555211558307 0.803986068111455 0.5688854489164086 0.8117260061919505 0.5721104231166151 0.8184984520123839 0.5721104231166151 0.8209171826625387 0.5656604747162023 0.8218846749226006 0.5540505675954592 0.8243034055727554 0.5405056759545924 0.8267221362229102 0.5230908152734778 0.829624613003096 0.5114809081527347 0.83155959752322 0.4953560371517028 0.8320433436532507 0.48439112487100106 0.8228521671826625 0.4747162022703818 0.8160797213622292 0.47084623323013414 0.8131772445820433 0.472781217750258 0.8088235294117647 0.4818111455108359 0.7981811145510835 0.4876160990712074
0 0.7725425696594427 0.6456398348813209 0.7720588235294118 0.6533797729618164 0.7735100619195047 0.6630546955624355 0.7841524767801857 0.6785345717234262 0.7928599071207431 0.6862745098039216 0.8015673374613004 0.692079463364293 0.8102747678018576 0.698529411764706 0.8146284829721362 0.7036893704850361 0.8189821981424149 0.7101393188854489 0.8252708978328174 0.7146542827657378 0.8334945820433436 0.7146542827657378 0.8388157894736843 0.7075593395252838 0.8431695046439629 0.698529411764706 0.8455882352941175 0.6875644994840041 0.8470394736842104 0.6746646026831785 0.8470394736842104 0.6598297213622291 0.8441369969040247 0.6456398348813209 0.8431695046439629 0.6378998968008257 0.8407507739938082 0.6314499484004128 0.8305921052631579 0.6301599587203303 0.829140866873065 0.6378998968008257 0.829140866873065 0.6475748194014448 0.8218846749226006 0.6507997936016512 0.8078560371517028 0.6424148606811145 0.7996323529411764 0.6359649122807017 0.7947948916408669 0.6340299277605779 0.7846362229102167 0.6391898864809081 0.7793150154798762 0.6430598555211559
0 0.8194659442724458 0.5817853457172343 0.8243034055727554 0.5940402476780186 0.8349458204334365 0.6056501547987616 0.8475232198142415 0.6127450980392157 0.8591331269349846 0.6153250773993808 0.864938080495356 0.6191950464396285 0.8731617647058825 0.6237100103199175 0.8852554179566564 0.6256449948400412 0.8949303405572756 0.6262899896800825 0.8983165634674922 0.6185500515995872 0.901219040247678 0.6062951496388028 0.9007352941176471 0.5921052631578948 0.9007352941176471 0.5811403508771931 0.901702786377709 0.5656604747162023 0.8983165634674922 0.548890608875129 0.8905766253869969 0.5405056759545924 0.8799342105263157 0.5301857585139319 0.876547987616099 0.5276057791537668 0.8775154798761611 0.534700722394221 0.8779992260061918 0.5379256965944272 0.8692917956656346 0.54437564499484 0.8581656346749226 0.5476006191950464 0.8509094427244582 0.5527605779153767 0.8426857585139318 0.5566305469556243 0.8330108359133128 0.5701754385964912 0.8281733746130031 0.5772703818369452 0.8238196594427245 0.5785603715170279
0 0.8257546439628483 0.4315015479876161 0.8272058823529411 0.44956140350877194 0.8359133126934986 0.4605263157894737 0.8494582043343654 0.47020123839009287 0.8625193498452012 0.4747162022703818 0.87703173374613 0.4760061919504644 0.8886416408668731 0.4766511867905057 0.9002515479876161 0.4785861713106295 0.912828947368421 0.4779411764705882 0.9210526315789475 0.4695562435500516 0.9229876160990711 0.45472136222910214 0.9220201238390093 0.44117647058823534 0.9162151702786379 0.4166666666666667 0.9133126934984521 0.40441176470588236 0.9079914860681114 0.39473684210526316 0.901702786377709 0.38377192982456143 0.890092879256966 0.37474200206398345 0.8794504643962849 0.3702270381836945 0.8668730650154799 0.3721620227038184 0.8605843653250774 0.37861197110423117 0.8528444272445821 0.38828689370485037 0.8412345201238389 0.40441176470588236 0.8305921052631579 0.4186016511867905
0 0.9263738390092879 0.4360165118679051 0.9341137770897833 0.4385964912280702 0.9423374613003096 0.4476264189886481 0.9476586687306501 0.45601135190918474 0.9515286377708978 0.4637512899896801 0.9563660990712075 0.47084623323013414 0.9636222910216719 0.4747162022703818 0.9708784829721362 0.4760061919504644 0.973780959752322 0.48890608875129 0.9718459752321982 0.4966460268317853 0.9549148606811146 0.5108359133126935 0.9476586687306501 0.5185758513931888 0.9404024767801857 0.5269607843137255 0.9336300309597524 0.5321207430340558 0.9225038699690403 0.534700722394221 0.9055727554179567 0.532765737874097 0.8997678018575851 0.525670794633643 0.8944465944272446 0.5185758513931888 0.8905766253869969 0.505030959752322 0.8910603715170279 0.4895510835913313 0.8920278637770898 0.47987616099071206 0.8963815789473685 0.4779411764705882 0.9094427244582043 0.4779411764705882 0.9157314241486068 0.47536119711042313 0.9225038699690403 0.47084623323013414 0.9283088235294118 0.46439628482972134 0.9278250773993808 0.45278637770897834 0.9263738390092879 0.44375644994840047