0 0.16533430232558138 0.35901162790697677 0.09665697674418605 0.125
0 0.11627906976744187 0.48788759689922484 0.09156976744186049 0.15794573643410856
0 0.053052325581395346 0.6356589147286821 0.09738372093023256 0.13565891472868224
0 0.32594476744186046 0.4641472868217054 0.08066860465116284 0.12984496124031011
0 0.3324854651162791 0.5668604651162792 0.08793604651162794 0.12403100775193802
0 0.4534883720930233 0.5474806201550387 0.08139534883720927 0.13759689922480617
0 0.575218023255814 0.5547480620155039 0.09229651162790695 0.13856589147286816
0 0.6460755813953488 0.4786821705426357 0.07848837209302326 0.12984496124031011
0 0.7122093023255814 0.5436046511627908 0.08575581395348833 0.12403100775193797
0 0.5970203488372092 0.6623062015503877 0.09229651162790704 0.12112403100775188
0 0.7946947674418606 0.5557170542635659 0.07630813953488387 0.11918604651162798
0 0.8710029069767444 0.4399224806201551 0.1082848837209303 0.13953488372093023
0 0.9454941860465118 0.5198643410852714 0.09738372093023244 0.126937984496124
0 0.8699127906976745 0.6104651162790697 0.09447674418604653 0.13372093023255818
0 0.8168604651162792 0.7228682170542636 0.08720930232558155 0.1279069767441861
0 0.1171875 0.3770833333333333 0.1171875 0.39375 0.1203125 0.39791666666666664 0.1203125 0.4 0.1234375 0.4041666666666667 0.1234375 0.40625 0.125 0.4083333333333333 0.1265625 0.4083333333333333 0.1328125 0.4166666666666667 0.1375 0.4166666666666667 0.1390625 0.41875 0.14375 0.41875 0.1453125 0.42083333333333334 0.1484375 0.42083333333333334 0.15 0.42291666666666666 0.153125 0.42291666666666666 0.1546875 0.42083333333333334 0.15625 0.42083333333333334 0.1578125 0.42291666666666666 0.1671875 0.42291666666666666 0.16875 0.42083333333333334 0.1703125 0.42083333333333334 0.171875 0.41875 0.175 0.41875 0.1765625 0.4166666666666667 0.1859375 0.4166666666666667 0.1875 0.41458333333333336 0.2 0.41458333333333336 0.2015625 0.4125 0.2046875 0.4125 0.2078125 0.4083333333333333 0.209375 0.4083333333333333 0.209375 0.40625 0.2109375 0.4041666666666667 0.2109375 0.39166666666666666 0.209375 0.38958333333333334 0.209375 0.3875 0.2078125 0.3854166666666667 0.2078125 0.38333333333333336 0.2 0.3729166666666667 0.2 0.37083333333333335 0.190625 0.35833333333333334 0.190625 0.35625 0.184375 0.34791666666666665 0.184375 0.3458333333333333 0.1765625 0.33541666666666664 0.175 0.33541666666666664 0.1734375 0.3333333333333333 0.171875 0.3333333333333333 0.1703125 0.33125 0.16875 0.33125 0.1671875 0.32916666666666666 0.15 0.32916666666666666 0.1484375 0.33125 0.1453125 0.33125 0.14375 0.3333333333333333 0.1421875 0.3333333333333333 0.140625 0.33541666666666664 0.1390625 0.33541666666666664 0.128125 0.35 0.128125 0.35208333333333336 0.125 0.35625 0.125 0.35833333333333334 0.121875 0.3625 0.121875 0.3645833333333333 0.1203125 0.36666666666666664 0.1203125 0.36875 0.11875 0.37083333333333335 0.11875 0.375
0 0.090625 0.44583333333333336 0.084375 0.45416666666666666 0.0828125 0.45416666666666666 0.075 0.46458333333333335 0.075 0.46875 0.0734375 0.4708333333333333 0.0734375 0.4791666666666667 0.071875 0.48125 0.071875 0.49375 0.0734375 0.49583333333333335 0.0734375 0.5 0.075 0.5020833333333333 0.075 0.5041666666666667 0.0765625 0.50625 0.0765625 0.5083333333333333 0.0796875 0.5125 0.0796875 0.5145833333333333 0.0890625 0.5270833333333333 0.090625 0.5270833333333333 0.09375 0.53125 0.09375 0.5333333333333333 0.0953125 0.5354166666666667 0.0953125 0.5375 0.096875 0.5395833333333333 0.0984375 0.5395833333333333 0.1 0.5416666666666666 0.1 0.54375 0.103125 0.5479166666666667 0.103125 0.55 0.1109375 0.5604166666666667 0.1125 0.5604166666666667 0.115625 0.5645833333333333 0.1234375 0.5645833333333333 0.1265625 0.5604166666666667 0.128125 0.5604166666666667 0.13125 0.55625 0.1328125 0.55625 0.1359375 0.5520833333333334 0.1359375 0.55 0.1421875 0.5416666666666666 0.1421875 0.5395833333333333 0.14375 0.5375 0.14375 0.5354166666666667 0.1453125 0.5333333333333333 0.1453125 0.53125 0.146875 0.5291666666666667 0.146875 0.5270833333333333 0.1484375 0.525 0.1484375 0.5229166666666667 0.1515625 0.51875 0.1515625 0.5166666666666667 0.1546875 0.5125 0.1546875 0.5104166666666666 0.1578125 0.50625 0.1578125 0.5041666666666667 0.159375 0.5020833333333333 0.159375 0.5 0.1609375 0.4979166666666667 0.1609375 0.49375 0.1625 0.49166666666666664 0.1625 0.47708333333333336 0.1609375 0.475 0.1609375 0.47291666666666665 0.15625 0.4666666666666667 0.15625 0.46458333333333335 0.153125 0.46041666666666664 0.1515625 0.46041666666666664 0.15 0.4583333333333333 0.1484375 0.4583333333333333 0.146875 0.45625 0.14375 0.45625 0.1421875 0.45416666666666666 0.140625 0.45416666666666666 0.1390625 0.45625 0.1375 0.45625 0.1375 0.4583333333333333 0.1328125 0.46458333333333335 0.13125 0.46458333333333335 0.128125 0.46875 0.1265625 0.46875 0.125 0.4708333333333333 0.1234375 0.4708333333333333 0.121875 0.47291666666666665 0.1140625 0.47291666666666665 0.10625 0.4625 0.10625 0.46041666666666664 0.1046875 0.4583333333333333 0.1046875 0.45208333333333334 0.103125 0.45 0.103125 0.4479166666666667 0.1015625 0.44583333333333336
0 0.0046875 0.6166666666666667 0.0046875 0.6354166666666666 0.00625 0.6375 0.00625 0.64375 0.0078125 0.6458333333333334 0.0078125 0.65 0.009375 0.6520833333333333 0.009375 0.6541666666666667 0.0109375 0.65625 0.0109375 0.6583333333333333 0.0125 0.6604166666666667 0.0125 0.6645833333333333 0.0140625 0.6666666666666666 0.0140625 0.66875 0.015625 0.6708333333333333 0.015625 0.6729166666666667 0.0171875 0.675 0.0171875 0.68125 0.01875 0.6833333333333333 0.01875 0.6854166666666667 0.021875 0.6895833333333333 0.021875 0.6916666666666667 0.0265625 0.6979166666666666 0.028125 0.6979166666666666 0.0296875 0.7 0.034375 0.7 0.0359375 0.7020833333333333 0.0375 0.7 0.04375 0.7 0.0453125 0.6979166666666666 0.0484375 0.6979166666666666 0.05 0.6958333333333333 0.0515625 0.6958333333333333 0.053125 0.69375 0.0546875 0.69375 0.0578125 0.6895833333333333 0.059375 0.6895833333333333 0.0609375 0.6875 0.0625 0.6875 0.065625 0.6833333333333333 0.0671875 0.6833333333333333 0.06875 0.68125 0.0703125 0.68125 0.0734375 0.6770833333333334 0.075 0.6770833333333334 0.078125 0.6729166666666667 0.0796875 0.6729166666666667 0.096875 0.65 0.096875 0.6479166666666667 0.0984375 0.6458333333333334 0.0984375 0.64375 0.096875 0.64375 0.0953125 0.6416666666666667 0.09375 0.6416666666666667 0.090625 0.6458333333333334 0.090625 0.65 0.0890625 0.6520833333333333 0.0890625 0.6541666666666667 0.0875 0.65625 0.0859375 0.65625 0.084375 0.6583333333333333 0.08125 0.6583333333333333 0.0796875 0.65625 0.0765625 0.65625 0.075 0.6541666666666667 0.0734375 0.6541666666666667 0.071875 0.6520833333333333 0.0703125 0.6520833333333333 0.0671875 0.6479166666666667 0.065625 0.6479166666666667 0.0625 0.64375 0.0609375 0.64375 0.059375 0.6416666666666667 0.0578125 0.6416666666666667 0.05625 0.64375 0.053125 0.64375 0.0515625 0.6458333333333334 0.05 0.6458333333333334 0.0484375 0.6479166666666667 0.0453125 0.6479166666666667 0.04375 0.65 0.0234375 0.65 0.0203125 0.6458333333333334 0.0203125 0.6354166666666666 0.021875 0.6333333333333333 0.021875 0.6291666666666667 0.0265625 0.6229166666666667 0.0265625 0.6208333333333333 0.0296875 0.6166666666666667 0.0265625 0.6125 0.025 0.6125 0.0234375 0.6104166666666667 0.0203125 0.6104166666666667 0.01875 0.6083333333333333 0.0109375 0.6083333333333333
0 0.3046875 0.42291666666666666 0.303125 0.425 0.3015625 0.425 0.3 0.4270833333333333 0.3 0.42916666666666664 0.2953125 0.4354166666666667 0.2953125 0.4375 0.29375 0.4395833333333333 0.29375 0.44166666666666665 0.2921875 0.44375 0.2921875 0.4479166666666667 0.290625 0.45 0.290625 0.45416666666666666 0.2890625 0.45625 0.2890625 0.4625 0.2875 0.46458333333333335 0.2875 0.475 0.2859375 0.47708333333333336 0.2859375 0.48333333333333334 0.2875 0.48541666666666666 0.2875 0.49166666666666664 0.2890625 0.49375 0.2890625 0.49583333333333335 0.290625 0.4979166666666667 0.290625 0.5 0.29375 0.5041666666666667 0.29375 0.5083333333333333 0.2953125 0.5104166666666666 0.2953125 0.5125 0.296875 0.5145833333333333 0.296875 0.5166666666666667 0.3015625 0.5229166666666667 0.303125 0.5229166666666667 0.3046875 0.525 0.3125 0.525 0.3140625 0.5229166666666667 0.315625 0.5229166666666667 0.3171875 0.5208333333333334 0.31875 0.5208333333333334 0.321875 0.5166666666666667 0.3234375 0.5166666666666667 0.325 0.5145833333333333 0.325 0.5125 0.3265625 0.5104166666666666 0.328125 0.5104166666666666 0.3296875 0.5083333333333333 0.3328125 0.5083333333333333 0.334375 0.50625 0.34375 0.50625 0.346875 0.5020833333333333 0.3484375 0.5020833333333333 0.359375 0.4875 0.359375 0.48541666666666666 0.3609375 0.48333333333333334 0.3609375 0.47708333333333336 0.3546875 0.47708333333333336 0.353125 0.475 0.3515625 0.475 0.35 0.47291666666666665 0.3484375 0.47291666666666665 0.3453125 0.46875 0.34375 0.46875 0.3421875 0.4666666666666667 0.3390625 0.4666666666666667 0.3375 0.46458333333333335 0.334375 0.46458333333333335 0.325 0.45208333333333334 0.325 0.45 0.3234375 0.4479166666666667 0.3234375 0.44583333333333336 0.321875 0.44375 0.321875 0.44166666666666665 0.3078125 0.42291666666666666
0 0.340625 0.5125 0.33125 0.5125 0.3296875 0.5145833333333333 0.328125 0.5145833333333333 0.3265625 0.5166666666666667 0.325 0.5166666666666667 0.3234375 0.51875 0.321875 0.51875 0.315625 0.5270833333333333 0.315625 0.5291666666666667 0.3140625 0.53125 0.3125 0.53125 0.3109375 0.5333333333333333 0.3109375 0.5354166666666667 0.309375 0.5375 0.309375 0.5416666666666666 0.3046875 0.5479166666666667 0.3046875 0.5541666666666667 0.303125 0.55625 0.303125 0.5583333333333333 0.3015625 0.5604166666666667 0.3015625 0.5645833333333333 0.3 0.5666666666666667 0.3 0.56875 0.2984375 0.5708333333333333 0.2984375 0.5770833333333333 0.296875 0.5791666666666667 0.296875 0.58125 0.2953125 0.5833333333333334 0.2953125 0.5854166666666667 0.29375 0.5875 0.29375 0.5916666666666667 0.2921875 0.59375 0.2921875 0.5958333333333333 0.290625 0.5979166666666667 0.290625 0.6020833333333333 0.2890625 0.6041666666666666 0.2890625 0.6125 0.296875 0.6229166666666667 0.2984375 0.6229166666666667 0.3 0.625 0.3203125 0.625 0.321875 0.6229166666666667 0.3375 0.6229166666666667 0.3390625 0.6208333333333333 0.353125 0.6208333333333333 0.3546875 0.61875 0.359375 0.61875 0.3609375 0.6166666666666667 0.3625 0.6166666666666667 0.365625 0.6125 0.3671875 0.6125 0.3703125 0.6083333333333333 0.3703125 0.60625 0.371875 0.6041666666666666 0.371875 0.6020833333333333 0.3734375 0.6 0.3734375 0.5833333333333334 0.371875 0.58125 0.371875 0.5708333333333333 0.36875 0.5666666666666667 0.36875 0.5645833333333333 0.365625 0.5604166666666667 0.365625 0.5583333333333333 0.3640625 0.55625 0.3640625 0.5541666666666667 0.3625 0.5520833333333334 0.3625 0.55 0.3609375 0.5479166666666667 0.3609375 0.5458333333333333 0.359375 0.54375 0.359375 0.5416666666666666 0.3578125 0.5395833333333333 0.3578125 0.5375 0.353125 0.53125 0.353125 0.5291666666666667 0.35 0.525 0.35 0.5229166666666667 0.346875 0.51875 0.3453125 0.51875
0 0.4390625 0.5 0.4375 0.5020833333333333 0.434375 0.5020833333333333 0.4328125 0.5041666666666667 0.43125 0.5041666666666667 0.4265625 0.5104166666666666 0.425 0.5104166666666666 0.4203125 0.5166666666666667 0.4203125 0.51875 0.41875 0.5208333333333334 0.41875 0.5229166666666667 0.4171875 0.525 0.4171875 0.53125 0.415625 0.5333333333333333 0.415625 0.5520833333333334 0.4140625 0.5541666666666667 0.4140625 0.5645833333333333 0.415625 0.5666666666666667 0.415625 0.56875 0.4171875 0.5708333333333333 0.4171875 0.5729166666666666 0.41875 0.575 0.41875 0.5770833333333333 0.425 0.5854166666666667 0.425 0.5875 0.4265625 0.5875 0.4328125 0.5958333333333333 0.434375 0.5958333333333333 0.4375 0.6 0.4390625 0.6 0.446875 0.6104166666666667 0.4484375 0.6104166666666667 0.45 0.6125 0.4609375 0.6125 0.4625 0.6104166666666667 0.4640625 0.6104166666666667 0.46875 0.6041666666666666 0.46875 0.6020833333333333 0.4734375 0.5958333333333333 0.4734375 0.59375 0.4765625 0.5895833333333333 0.4765625 0.5875 0.478125 0.5854166666666667 0.478125 0.5833333333333334 0.48125 0.5791666666666667 0.48125 0.5770833333333333 0.4828125 0.575 0.4828125 0.5729166666666666 0.484375 0.5708333333333333 0.484375 0.56875 0.4890625 0.5625 0.4890625 0.5604166666666667 0.490625 0.5583333333333333 0.490625 0.55 0.4921875 0.5479166666666667 0.4921875 0.5416666666666666 0.490625 0.5395833333333333 0.490625 0.5354166666666667 0.4890625 0.5333333333333333 0.4890625 0.525 0.484375 0.51875 0.484375 0.5166666666666667 0.4796875 0.5104166666666666 0.478125 0.5104166666666666 0.475 0.50625 0.4734375 0.50625 0.471875 0.5041666666666667 0.4703125 0.5041666666666667 0.46875 0.5020833333333333 0.4625 0.5020833333333333 0.4609375 0.5
0 0.54375 0.50625 0.5390625 0.5125 0.5375 0.5125 0.534375 0.5166666666666667 0.534375 0.5208333333333334 0.5328125 0.5229166666666667 0.5328125 0.5270833333333333 0.53125 0.5291666666666667 0.53125 0.5375 0.5328125 0.5395833333333333 0.5328125 0.5541666666666667 0.534375 0.55625 0.534375 0.5583333333333333 0.540625 0.5666666666666667 0.540625 0.56875 0.55 0.58125 0.5515625 0.58125 0.55625 0.5875 0.5578125 0.5875 0.5671875 0.6 0.56875 0.6 0.584375 0.6208333333333333 0.5859375 0.6208333333333333 0.5875 0.6229166666666667 0.5890625 0.6229166666666667 0.590625 0.625 0.5921875 0.625 0.59375 0.6229166666666667 0.596875 0.6229166666666667 0.6 0.61875 0.6015625 0.61875 0.6046875 0.6145833333333334 0.6046875 0.6125 0.60625 0.6104166666666667 0.6078125 0.6104166666666667 0.6078125 0.6083333333333333 0.609375 0.60625 0.609375 0.6020833333333333 0.6109375 0.6 0.6109375 0.5895833333333333 0.6125 0.5875 0.6125 0.5708333333333333 0.6140625 0.56875 0.6140625 0.5625 0.615625 0.5604166666666667 0.615625 0.5541666666666667 0.6171875 0.5520833333333334 0.6171875 0.5479166666666667 0.61875 0.5458333333333333 0.61875 0.5416666666666666 0.6203125 0.5395833333333333 0.6203125 0.53125 0.621875 0.5291666666666667 0.621875 0.5270833333333333 0.6203125 0.525 0.6203125 0.5145833333333333 0.61875 0.5125 0.61875 0.50625 0.6125 0.50625 0.6109375 0.5041666666666667 0.6046875 0.5041666666666667 0.603125 0.5020833333333333 0.584375 0.5020833333333333 0.5828125 0.5041666666666667 0.571875 0.5041666666666667 0.5703125 0.5020833333333333 0.565625 0.5020833333333333 0.5640625 0.5 0.5609375 0.5 0.559375 0.5020833333333333 0.553125 0.5020833333333333 0.5515625 0.5041666666666667 0.5484375 0.5041666666666667 0.546875 0.50625
0 0.621875 0.425 0.6203125 0.4270833333333333 0.61875 0.4270833333333333 0.6125 0.4354166666666667 0.6125 0.4375 0.6109375 0.4395833333333333 0.6109375 0.44166666666666665 0.609375 0.44375 0.609375 0.44583333333333336 0.6078125 0.4479166666666667 0.6078125 0.47291666666666665 0.609375 0.475 0.609375 0.48125 0.6109375 0.48333333333333334 0.6109375 0.4875 0.6125 0.4895833333333333 0.6125 0.49166666666666664 0.6140625 0.49166666666666664 0.615625 0.49375 0.61875 0.49375 0.6234375 0.5 0.6234375 0.5041666666666667 0.621875 0.50625 0.621875 0.5083333333333333 0.6203125 0.5104166666666666 0.6203125 0.5145833333333333 0.621875 0.5166666666666667 0.621875 0.5395833333333333 0.6234375 0.5395833333333333 0.625 0.5416666666666666 0.6296875 0.5416666666666666 0.63125 0.5395833333333333 0.634375 0.5395833333333333 0.6359375 0.5375 0.6390625 0.5375 0.640625 0.5354166666666667 0.6421875 0.5354166666666667 0.6421875 0.5333333333333333 0.64375 0.53125 0.6453125 0.53125 0.646875 0.5291666666666667 0.6484375 0.5291666666666667 0.6546875 0.5208333333333334 0.65625 0.5208333333333334 0.6640625 0.5104166666666666 0.665625 0.5104166666666666 0.6671875 0.5083333333333333 0.66875 0.5083333333333333 0.6734375 0.5020833333333333 0.675 0.5020833333333333 0.678125 0.4979166666666667 0.678125 0.49583333333333335 0.68125 0.49166666666666664 0.68125 0.4895833333333333 0.684375 0.48541666666666666 0.684375 0.47708333333333336 0.68125 0.47291666666666665 0.68125 0.4708333333333333 0.6796875 0.4708333333333333 0.678125 0.46875 0.6765625 0.46875 0.675 0.4666666666666667 0.6734375 0.4666666666666667 0.671875 0.46458333333333335 0.6703125 0.46458333333333335 0.66875 0.4625 0.66875 0.46041666666666664 0.6671875 0.4583333333333333 0.6671875 0.45625 0.6640625 0.45208333333333334 0.6640625 0.45 0.6625 0.4479166666666667 0.6625 0.44583333333333336 0.6609375 0.44375 0.659375 0.44375 0.65625 0.4395833333333333 0.6546875 0.4395833333333333 0.6515625 0.4354166666666667 0.65 0.4354166666666667 0.6484375 0.43333333333333335 0.6453125 0.43333333333333335 0.64375 0.43125 0.6421875 0.43125 0.6390625 0.4270833333333333 0.6375 0.4270833333333333 0.6359375 0.425
0 0.7390625 0.5166666666666667 0.7375 0.5166666666666667 0.7328125 0.5104166666666666 0.73125 0.5104166666666666 0.7296875 0.5083333333333333 0.728125 0.5083333333333333 0.725 0.5041666666666667 0.7234375 0.5041666666666667 0.7203125 0.5 0.71875 0.5020833333333333 0.7171875 0.5020833333333333 0.715625 0.5 0.7140625 0.5 0.7109375 0.49583333333333335 0.7078125 0.49583333333333335 0.70625 0.49375 0.7 0.49375 0.6984375 0.49583333333333335 0.69375 0.49583333333333335 0.6921875 0.4979166666666667 0.690625 0.4979166666666667 0.6859375 0.5041666666666667 0.684375 0.5041666666666667 0.6796875 0.5104166666666666 0.678125 0.5104166666666666 0.6765625 0.5125 0.6765625 0.5145833333333333 0.675 0.5166666666666667 0.675 0.5229166666666667 0.6734375 0.525 0.6734375 0.54375 0.671875 0.5458333333333333 0.671875 0.5541666666666667 0.6703125 0.55625 0.6703125 0.5666666666666667 0.66875 0.56875 0.66875 0.5916666666666667 0.6703125 0.59375 0.6703125 0.5958333333333333 0.675 0.6020833333333333 0.678125 0.6020833333333333 0.6796875 0.6041666666666666 0.6921875 0.6041666666666666 0.69375 0.6020833333333333 0.696875 0.6020833333333333 0.7 0.5979166666666667 0.703125 0.5979166666666667 0.7046875 0.5958333333333333 0.7109375 0.5958333333333333 0.7125 0.59375 0.721875 0.59375 0.7234375 0.5916666666666667 0.725 0.5916666666666667 0.7265625 0.5895833333333333 0.7296875 0.5895833333333333 0.73125 0.5875 0.7328125 0.5875 0.734375 0.5854166666666667 0.7375 0.5854166666666667 0.740625 0.58125 0.7421875 0.58125 0.7453125 0.5770833333333333 0.7453125 0.575 0.7484375 0.5708333333333333 0.7484375 0.5645833333333333 0.75 0.5625 0.75 0.5604166666666667 0.7515625 0.5583333333333333 0.7515625 0.55625 0.753125 0.5541666666666667 0.753125 0.55 0.7515625 0.5479166666666667 0.7515625 0.54375 0.75 0.5416666666666666 0.75 0.5375 0.746875 0.5333333333333333 0.746875 0.53125 0.74375 0.5270833333333333 0.74375 0.525 0.7390625 0.51875
0 0.621875 0.6041666666666666 0.61875 0.6041666666666666 0.6171875 0.60625 0.615625 0.60625 0.6140625 0.6083333333333333 0.6125 0.6083333333333333 0.6109375 0.6104166666666667 0.609375 0.6104166666666667 0.5984375 0.625 0.596875 0.625 0.5953125 0.6270833333333333 0.590625 0.6270833333333333 0.5890625 0.6291666666666667 0.5875 0.6291666666666667 0.5859375 0.63125 0.5859375 0.6333333333333333 0.5828125 0.6375 0.5828125 0.6395833333333333 0.5765625 0.6479166666666667 0.571875 0.6479166666666667 0.56875 0.64375 0.5671875 0.64375 0.565625 0.6416666666666667 0.5609375 0.6416666666666667 0.559375 0.64375 0.5578125 0.64375 0.55625 0.6458333333333334 0.5546875 0.6458333333333334 0.553125 0.6479166666666667 0.553125 0.65625 0.5546875 0.6583333333333333 0.5546875 0.6625 0.55625 0.6645833333333333 0.55625 0.6666666666666666 0.559375 0.6708333333333333 0.559375 0.6729166666666667 0.5625 0.6770833333333334 0.5625 0.6791666666666667 0.56875 0.6875 0.56875 0.6895833333333333 0.58125 0.70625 0.5828125 0.70625 0.5859375 0.7104166666666667 0.5875 0.7104166666666667 0.5890625 0.7125 0.590625 0.7125 0.5921875 0.7145833333333333 0.59375 0.7145833333333333 0.5953125 0.7166666666666667 0.6 0.7166666666666667 0.6015625 0.71875 0.603125 0.71875 0.6046875 0.7166666666666667 0.6078125 0.7166666666666667 0.609375 0.7145833333333333 0.6109375 0.7145833333333333 0.615625 0.7083333333333334 0.6171875 0.7083333333333334 0.61875 0.70625 0.6203125 0.70625 0.621875 0.7041666666666667 0.6234375 0.7041666666666667 0.625 0.7020833333333333 0.628125 0.7020833333333333 0.634375 0.69375 0.634375 0.6916666666666667 0.6375 0.6875 0.6375 0.6791666666666667 0.6390625 0.6770833333333334 0.6390625 0.6666666666666666 0.640625 0.6645833333333333 0.6390625 0.6625 0.6390625 0.65 0.6375 0.6479166666666667 0.6375 0.63125 0.6359375 0.6291666666666667 0.6359375 0.6229166666666667 0.6296875 0.6145833333333334 0.6296875 0.6125 0.628125 0.6104166666666667 0.6265625 0.6104166666666667
0 0.7609375 0.5166666666666667 0.7578125 0.5208333333333334 0.7578125 0.5229166666666667 0.75625 0.525 0.75625 0.5333333333333333 0.7609375 0.5395833333333333 0.7625 0.5395833333333333 0.76875 0.5479166666666667 0.76875 0.5520833333333334 0.7671875 0.5541666666666667 0.765625 0.5541666666666667 0.7640625 0.55625 0.7625 0.55625 0.7609375 0.5583333333333333 0.7609375 0.5604166666666667 0.7625 0.5625 0.7625 0.5645833333333333 0.7640625 0.5666666666666667 0.7640625 0.56875 0.765625 0.5708333333333333 0.7671875 0.5708333333333333 0.7734375 0.5791666666666667 0.7734375 0.58125 0.775 0.58125 0.778125 0.5854166666666667 0.7796875 0.5854166666666667 0.7828125 0.5895833333333333 0.784375 0.5895833333333333 0.7859375 0.5916666666666667 0.7859375 0.59375 0.7875 0.59375 0.790625 0.5979166666666667 0.7921875 0.5979166666666667 0.79375 0.6 0.79375 0.6020833333333333 0.7953125 0.6041666666666666 0.796875 0.6041666666666666 0.7984375 0.60625 0.8 0.60625 0.8015625 0.6083333333333333 0.803125 0.6083333333333333 0.8046875 0.6104166666666667 0.8171875 0.6104166666666667 0.821875 0.6041666666666666 0.821875 0.5708333333333333 0.8234375 0.56875 0.8234375 0.5666666666666667 0.825 0.5645833333333333 0.825 0.5604166666666667 0.8265625 0.5583333333333333 0.8265625 0.55625 0.828125 0.5541666666666667 0.828125 0.55 0.8296875 0.5479166666666667 0.8296875 0.5291666666666667 0.828125 0.5270833333333333 0.828125 0.525 0.825 0.5208333333333334 0.825 0.51875 0.8171875 0.5083333333333333 0.815625 0.5083333333333333 0.8140625 0.50625 0.8109375 0.50625 0.809375 0.5041666666666667 0.80625 0.5041666666666667 0.8046875 0.5020833333333333 0.8 0.5020833333333333 0.8 0.5041666666666667 0.7984375 0.50625 0.79375 0.50625 0.790625 0.5020833333333333 0.7890625 0.5041666666666667 0.784375 0.5041666666666667 0.7828125 0.5020833333333333 0.78125 0.5041666666666667 0.7796875 0.5041666666666667 0.778125 0.50625 0.7765625 0.50625 0.775 0.5083333333333333 0.771875 0.5083333333333333 0.7703125 0.5104166666666666 0.76875 0.5104166666666666 0.7671875 0.5125 0.765625 0.5125 0.7625 0.5166666666666667
0 0.8171875 0.45625 0.8171875 0.4666666666666667 0.815625 0.46875 0.815625 0.4708333333333333 0.8171875 0.47291666666666665 0.8171875 0.475 0.821875 0.48125 0.821875 0.48333333333333334 0.8296875 0.49375 0.83125 0.49375 0.834375 0.4979166666666667 0.8375 0.4979166666666667 0.8390625 0.5 0.84375 0.5 0.8453125 0.5020833333333333 0.85 0.5020833333333333 0.8515625 0.5041666666666667 0.859375 0.5041666666666667 0.8609375 0.50625 0.86875 0.50625 0.8703125 0.5041666666666667 0.8890625 0.5041666666666667 0.890625 0.50625 0.90625 0.50625 0.9078125 0.5041666666666667 0.9109375 0.5041666666666667 0.9125 0.5020833333333333 0.915625 0.5020833333333333 0.921875 0.49375 0.921875 0.49166666666666664 0.9234375 0.4895833333333333 0.9234375 0.47291666666666665 0.921875 0.4708333333333333 0.921875 0.4666666666666667 0.9203125 0.46458333333333335 0.9203125 0.4625 0.91875 0.46041666666666664 0.91875 0.45625 0.9171875 0.45416666666666666 0.9171875 0.45208333333333334 0.915625 0.45 0.915625 0.44375 0.9140625 0.44166666666666665 0.9140625 0.4375 0.909375 0.43125 0.909375 0.42916666666666664 0.9078125 0.4270833333333333 0.9078125 0.425 0.9046875 0.42083333333333334 0.9046875 0.41875 0.903125 0.4166666666666667 0.903125 0.41458333333333336 0.89375 0.40208333333333335 0.890625 0.40208333333333335 0.8890625 0.4 0.8875 0.4 0.8859375 0.39791666666666664 0.884375 0.39791666666666664 0.8828125 0.3958333333333333 0.878125 0.3958333333333333 0.8765625 0.39375 0.86875 0.39375 0.8671875 0.39166666666666666 0.865625 0.39375 0.8625 0.39375 0.8609375 0.3958333333333333 0.8578125 0.3958333333333333 0.85625 0.39791666666666664 0.8546875 0.39791666666666664 0.853125 0.4 0.8515625 0.4 0.85 0.40208333333333335 0.8484375 0.40208333333333335 0.828125 0.42916666666666664 0.828125 0.43125 0.8234375 0.4375 0.8234375 0.4395833333333333 0.821875 0.44166666666666665 0.821875 0.44375 0.8203125 0.44583333333333336 0.8203125 0.45 0.81875 0.45208333333333334 0.81875 0.45416666666666666
0 0.825 0.6166666666666667 0.825 0.61875 0.8234375 0.6208333333333333 0.8234375 0.6291666666666667 0.825 0.63125 0.825 0.6333333333333333 0.8328125 0.64375 0.834375 0.64375 0.840625 0.6520833333333333 0.8421875 0.6520833333333333 0.84375 0.6541666666666667 0.8453125 0.6541666666666667 0.846875 0.65625 0.8515625 0.65625 0.853125 0.6583333333333333 0.8609375 0.6583333333333333 0.8625 0.6604166666666667 0.865625 0.6604166666666667 0.8671875 0.6625 0.871875 0.6625 0.8734375 0.6645833333333333 0.875 0.6645833333333333 0.8765625 0.6666666666666666 0.878125 0.6666666666666666 0.8796875 0.66875 0.8828125 0.66875 0.884375 0.6708333333333333 0.8859375 0.6708333333333333 0.8875 0.6729166666666667 0.890625 0.6729166666666667 0.8921875 0.675 0.9078125 0.675 0.9140625 0.6666666666666666 0.9140625 0.6625 0.915625 0.6604166666666667 0.915625 0.6479166666666667 0.9140625 0.6458333333333334 0.9140625 0.64375 0.9125 0.6416666666666667 0.9125 0.6395833333333333 0.9109375 0.6375 0.9109375 0.6333333333333333 0.909375 0.63125 0.909375 0.6270833333333333 0.9109375 0.625 0.9109375 0.6145833333333334 0.909375 0.6125 0.909375 0.60625 0.9078125 0.6041666666666666 0.9078125 0.6 0.90625 0.5979166666666667 0.90625 0.59375 0.9046875 0.5916666666666667 0.9046875 0.5895833333333333 0.903125 0.5875 0.903125 0.5854166666666667 0.896875 0.5770833333333333 0.896875 0.575 0.8953125 0.575 0.8921875 0.5708333333333333 0.890625 0.5708333333333333 0.8890625 0.56875 0.884375 0.56875 0.8796875 0.575 0.8765625 0.575 0.875 0.5770833333333333 0.8734375 0.5770833333333333 0.871875 0.5791666666666667 0.8703125 0.5791666666666667 0.8671875 0.5833333333333334 0.8640625 0.5833333333333334 0.8625 0.5854166666666667 0.859375 0.5854166666666667 0.8578125 0.5875 0.85625 0.5875 0.8546875 0.5895833333333333 0.8515625 0.5895833333333333 0.8453125 0.5979166666666667 0.8453125 0.6 0.84375 0.6020833333333333 0.8421875 0.6020833333333333 0.8375 0.6083333333333333 0.8359375 0.6083333333333333 0.834375 0.6104166666666667 0.83125 0.6104166666666667 0.8296875 0.6125 0.828125 0.6125
0 0.775 0.7041666666666667 0.775 0.7145833333333333 0.7765625 0.7166666666666667 0.7765625 0.71875 0.778125 0.7208333333333333 0.778125 0.725 0.7796875 0.7270833333333333 0.7796875 0.7291666666666666 0.790625 0.74375 0.7921875 0.74375 0.796875 0.75 0.7984375 0.75 0.8 0.7520833333333333 0.8015625 0.7520833333333333 0.803125 0.7541666666666667 0.8046875 0.7541666666666667 0.80625 0.75625 0.8078125 0.75625 0.809375 0.7583333333333333 0.8109375 0.7583333333333333 0.8140625 0.7625 0.815625 0.7625 0.8171875 0.7645833333333333 0.81875 0.7645833333333333 0.821875 0.76875 0.8234375 0.76875 0.825 0.7708333333333334 0.8265625 0.7708333333333334 0.8296875 0.775 0.83125 0.775 0.834375 0.7791666666666667 0.8359375 0.7791666666666667 0.8375 0.78125 0.8390625 0.78125 0.840625 0.7833333333333333 0.8484375 0.7833333333333333 0.85 0.78125 0.8515625 0.78125 0.85625 0.775 0.85625 0.7729166666666667 0.8578125 0.7708333333333334 0.8578125 0.7666666666666667 0.859375 0.7645833333333333 0.859375 0.6979166666666666 0.8578125 0.6958333333333333 0.8578125 0.69375 0.85625 0.6916666666666667 0.85625 0.6895833333333333 0.8546875 0.6875 0.8546875 0.6854166666666667 0.853125 0.6833333333333333 0.8515625 0.6833333333333333 0.85 0.68125 0.8390625 0.68125 0.8375 0.6833333333333333 0.8375 0.69375 0.8359375 0.6958333333333333 0.834375 0.6958333333333333 0.8328125 0.6979166666666666 0.828125 0.6979166666666666 0.8265625 0.6958333333333333 0.825 0.6958333333333333 0.8234375 0.69375 0.821875 0.69375 0.8203125 0.6916666666666667 0.81875 0.6916666666666667 0.8171875 0.6895833333333333 0.815625 0.6895833333333333 0.8125 0.6854166666666667 0.809375 0.6854166666666667 0.8078125 0.6833333333333333 0.803125 0.6833333333333333 0.8015625 0.6854166666666667 0.7984375 0.6854166666666667 0.796875 0.6875 0.7953125 0.6875 0.79375 0.6895833333333333 0.790625 0.6895833333333333 0.7890625 0.6916666666666667 0.7875 0.6916666666666667 0.7859375 0.69375 0.7828125 0.69375
0 0.9546875 0.4791666666666667 0.94375 0.4791666666666667 0.9421875 0.48125 0.9265625 0.48125 0.9265625 0.4875 0.925 0.4895833333333333 0.925 0.49166666666666664 0.9234375 0.49375 0.9234375 0.49583333333333335 0.91875 0.5020833333333333 0.9171875 0.5020833333333333 0.9140625 0.50625 0.9109375 0.50625 0.909375 0.5083333333333333 0.9078125 0.5083333333333333 0.9046875 0.5125 0.9046875 0.5166666666666667 0.903125 0.51875 0.903125 0.5229166666666667 0.9015625 0.525 0.9015625 0.53125 0.9 0.5333333333333333 0.9 0.54375 0.8984375 0.5458333333333333 0.8984375 0.5479166666666667 0.9 0.55 0.9 0.5604166666666667 0.9046875 0.5666666666666667 0.9046875 0.56875 0.90625 0.56875 0.9078125 0.5708333333333333 0.9109375 0.5708333333333333 0.9125 0.5729166666666666 0.9171875 0.5729166666666666 0.91875 0.575 0.9203125 0.575 0.9234375 0.5791666666666667 0.925 0.5791666666666667 0.9265625 0.58125 0.94375 0.58125 0.9453125 0.5791666666666667 0.9484375 0.5791666666666667 0.95 0.5770833333333333 0.9515625 0.5770833333333333 0.953125 0.575 0.9546875 0.575 0.95625 0.5729166666666666 0.9578125 0.5729166666666666 0.9609375 0.56875 0.9625 0.56875 0.9671875 0.5625 0.96875 0.5625 0.971875 0.5583333333333333 0.9734375 0.5583333333333333 0.9765625 0.5541666666666667 0.978125 0.5541666666666667 0.9828125 0.5479166666666667 0.9828125 0.5458333333333333 0.9890625 0.5375 0.9890625 0.5229166666666667 0.9875 0.5208333333333334 0.9875 0.5166666666666667 0.9828125 0.5104166666666666 0.975 0.5104166666666666 0.9734375 0.5083333333333333 0.96875 0.5083333333333333 0.9609375 0.4979166666666667 0.9609375 0.49375 0.959375 0.49166666666666664 0.959375 0.48541666666666666 0.9578125 0.48333333333333334 0.9578125 0.48125 0.95625 0.48125