0 0.30962171052631576 0.3580043859649123 0.1151315789473684 0.14144736842105263
0 0.2868009868421052 0.5054824561403508 0.09909539473684208 0.12719298245614036
0 0.2674753289473684 0.6115679824561403 0.10402960526315788 0.11129385964912283
0 0.4928042763157894 0.4539473684210526 0.09333881578947371 0.12609649122807015
0 0.5024671052631579 0.5603070175438596 0.08223684210526319 0.10416666666666667
0 0.6038240131578947 0.5570175438596491 0.10649671052631575 0.12390350877192985
0 0.7362253289473684 0.5792214912280701 0.11389802631578946 0.12335526315789469
0 0.7323190789473684 0.6387061403508771 0.10032894736842098 0.09210526315789475
0 0.8022203947368421 0.47121710526315785 0.09457236842105257 0.1277412280701754
0 0.8573190789473684 0.5400219298245614 0.109375 0.11074561403508773
0 0.91796875 0.6587171052631579 0.11225328947368425 0.11239035087719292
0 0.9198190789473685 0.5438596491228069 0.09292763157894743 0.11074561403508767
0 0.9706414473684211 0.4685767861683194 0.05559210526315787 0.09614480040681415
0 0.9663240131578947 0.5859860787252942 0.06422697368421063 0.1273699478125696
0 0.22738821138211382 0.5978997289972899 0.2190040650406504 0.6155149051490515 0.22942073170731705 0.6453252032520325 0.24110772357723578 0.6639566395663956 0.25863821138211385 0.6666666666666666 0.2632113821138211 0.6649728997289973 0.2700711382113821 0.6568428184281843 0.2850609756097561 0.6493902439024389 0.2736280487804878 0.6388888888888888 0.264989837398374 0.6514227642276423 0.2505081300813008 0.657520325203252 0.24822154471544713 0.6409214092140921 0.24847560975609753 0.6199186991869918 0.23602642276422764 0.6209349593495934 0.226880081300813 0.6134823848238482 0.23780487804878048 0.5995934959349594 0.23348577235772355 0.5948509485094851
0 0.25457317073170727 0.4766260162601626 0.2558434959349593 0.510840108401084 0.27489837398373984 0.5359078590785908 0.28785569105691056 0.5491192411924118 0.30309959349593496 0.5674119241192411 0.3158028455284553 0.5643631436314362 0.32139227642276424 0.5494579945799458 0.32444105691056907 0.5362466124661246 0.32647357723577236 0.5155826558265583 0.33434959349593496 0.49322493224932246 0.3315548780487805 0.4766260162601626 0.3130081300813008 0.46510840108401086 0.31377032520325204 0.4827235772357723 0.30386178861788615 0.5020325203252033 0.29547764227642276 0.5020325203252033 0.2886178861788618 0.4854336043360433 0.28760162601626016 0.46612466124661245 0.26829268292682923 0.4681571815718157
0 0.28074186991869915 0.3746612466124661 0.27540650406504064 0.3983739837398374 0.2842987804878049 0.41700542005420055 0.30335365853658536 0.42750677506775064 0.3254573170731707 0.421070460704607 0.3419715447154471 0.41327913279132794 0.3605182926829268 0.407520325203252 0.36509146341463417 0.3943089430894309 0.36128048780487804 0.3760162601626016 0.3241869918699187 0.33231707317073167 0.3094512195121951 0.3231707317073171 0.29598577235772355 0.33028455284552843
0 0.45630081300813 0.4285230352303523 0.44639227642276424 0.4583333333333333 0.445630081300813 0.48475609756097554 0.453760162601626 0.49457994579945797 0.45807926829268286 0.5125338753387534 0.47662601626016254 0.5165989159891599 0.4966971544715447 0.5128726287262872 0.5147357723577236 0.4993224932249322 0.5182926829268293 0.4898373983739837 0.509400406504065 0.4803523035230352 0.5025406504065041 0.4881436314363143 0.49212398373983735 0.46747967479674796 0.48119918699186986 0.45460704607046065 0.4758638211382114 0.46747967479674796 0.47459349593495936 0.44037940379403795
0 0.48323170731707316 0.5182926829268292 0.4717987804878049 0.5328590785907859 0.4672256097560975 0.5575880758807588 0.4639227642276422 0.5782520325203252 0.4621443089430894 0.5992547425474254 0.4725609756097561 0.6094173441734417 0.49364837398373984 0.611111111111111 0.5205792682926829 0.6050135501355013 0.5360772357723577 0.5934959349593496 0.5373475609756098 0.5826558265582656 0.5337906504065041 0.5657181571815717 0.5119410569105691 0.5206639566395663 0.4977134146341463 0.5128726287262872
0 0.5792682926829268 0.5121951219512195 0.5724085365853658 0.535230352303523 0.5721544715447153 0.5552168021680217 0.5818089430894309 0.5752032520325202 0.5970528455284552 0.5951897018970189 0.6130589430894309 0.6161924119241192 0.6234756097560975 0.6175474254742547 0.6316056910569106 0.6016260162601625 0.6349085365853658 0.5887533875338753 0.6397357723577235 0.570460704607046 0.6458333333333333 0.5531842818428184 0.6478658536585366 0.5331978319783197 0.642530487804878 0.5182926829268292 0.6300813008130082 0.5081300813008129 0.6171239837398373 0.5037262872628726 0.603150406504065 0.5023712737127372 0.589430894308943 0.5033875338753387
0 0.6941056910569106 0.5525067750677507 0.6915650406504065 0.5741869918699186 0.696900406504065 0.5823170731707317 0.6999491869918699 0.5894308943089431 0.7245934959349593 0.6236449864498644 0.736280487804878 0.6399051490514904 0.7571138211382114 0.6388888888888888 0.7647357723577235 0.6212737127371273 0.7700711382113821 0.5972222222222221 0.7771849593495934 0.5850271002710027 0.7807418699186991 0.5636856368563685 0.7627032520325203 0.5575880758807588 0.7614329268292683 0.5721544715447154 0.7479674796747967 0.5674119241192411 0.7375508130081301 0.5613143631436315 0.7322154471544715 0.5525067750677507 0.7134146341463414 0.5684281842818427 0.7083333333333333 0.5636856368563685 0.7032520325203252 0.5521680216802167 0.7068089430894309 0.5453929539295392
0 0.6999491869918699 0.6466802168021679 0.714430894308943 0.6697154471544715 0.7385670731707317 0.6825880758807588 0.7515243902439024 0.6761517615176152 0.7660060975609755 0.6707317073170731 0.7764227642276422 0.6476964769647696 0.7774390243902438 0.6182249322493225 0.7690548780487805 0.6036585365853658 0.7632113821138211 0.6236449864498644 0.7543191056910569 0.638550135501355 0.7390752032520325 0.6405826558265582 0.7322154471544715 0.6578590785907859 0.7245934959349593 0.657520325203252 0.715701219512195 0.6432926829268292 0.717479674796748 0.6324525745257452
0 0.7685467479674796 0.43157181571815717 0.7588922764227642 0.44783197831978316 0.756859756097561 0.46985094850948506 0.760670731707317 0.4942411924119241 0.760670731707317 0.5257452574525745 0.7766768292682926 0.5311653116531165 0.7931910569105691 0.5237127371273712 0.8061483739837397 0.5165989159891599 0.8183434959349594 0.5142276422764227 0.8353658536585366 0.4986449864498645 0.8239329268292682 0.48509485094850946 0.8198678861788616 0.46747967479674796 0.805640243902439 0.45088075880758804 0.7896341463414633 0.43970189701897017
0 0.8152947154471544 0.5159214092140921 0.8091971544715447 0.5416666666666666 0.8033536585365854 0.5724932249322492 0.8076727642276422 0.5901084010840109 0.8216463414634146 0.5941734417344173 0.8363821138211381 0.5860433604336044 0.8592479674796747 0.5846883468834688 0.8780487804878048 0.5735094850948509 0.8892276422764228 0.5491192411924118 0.8869410569105691 0.5331978319783197 0.8798272357723576 0.5206639566395663 0.8752540650406504 0.5210027100271002 0.8683943089430894 0.510840108401084 0.8455284552845528 0.49390243902439024 0.8371443089430894 0.4993224932249322
0 0.875 0.6514227642276423 0.8838922764227641 0.6724254742547425 0.9059959349593495 0.6944444444444444 0.9258130081300813 0.7127371273712736 0.9405487804878048 0.7123983739837398 0.946900406504065 0.7035907859078591 0.9598577235772356 0.6483739837398373 0.9418191056910569 0.6426151761517614 0.9441056910569106 0.662940379403794 0.9339430894308942 0.662940379403794 0.915650406504065 0.6432926829268292 0.8935467479674797 0.6581978319783198 0.8866869918699187 0.657520325203252 0.8866869918699187 0.6534552845528455 0.8953252032520325 0.6476964769647696 0.8930386178861788 0.6422764227642276
0 0.8887195121951219 0.5145663956639566 0.9115853658536585 0.5636856368563685 0.8922764227642276 0.5470867208672086 0.8945630081300813 0.5565718157181572 0.9237804878048779 0.5904471544715446 0.929369918699187 0.5982384823848238 0.9466463414634146 0.5958672086720866 0.9519817073170731 0.5857046070460704 0.9550304878048779 0.5592818428184282 0.9644308943089431 0.5372628726287263 0.9639227642276422 0.5128726287262872 0.9512195121951219 0.4983062330623306 0.938770325203252 0.4983062330623306 0.9466463414634146 0.5040650406504065 0.9471544715447153 0.5169376693766937 0.9453760162601625 0.5216802168021679 0.9268292682926829 0.5071138211382114 0.9184451219512194 0.5044037940379403 0.9004065040650406 0.5067750677506775
0 0.9390243902439023 0.6046747967479675 0.9509654471544715 0.6209349593495934 0.9740853658536585 0.6324525745257452 0.9979674796747966 0.6463414634146342 0.9979674796747966 0.5799457994579946 0.9776422764227641 0.5813008130081301 0.9659552845528454 0.6002710027100271 0.9509654471544715 0.5931571815718156
0 0.9646849593495934 0.4678184281842818 0.9623983739837397 0.48069105691056907 0.9715447154471544 0.497289972899729 0.9817073170731707 0.5030487804878049 0.9977134146341463 0.5138888888888888 0.9984375 0.46127201897018405 0.9984375 0.43970189701897017 0.9855182926829269 0.4630758807588075 0.9768800813008129 0.45731707317073167