0 0.23003472222222224 0.3680555555555555 0.0963541666666666 0.10879629629629631
0 0.1875 0.4756944444444444 0.1015625 0.13425925925925922
0 0.11414930555555555 0.6203703703703703 0.10243055555555558 0.14583333333333334
0 0.3962673611111111 0.44907407407407407 0.08506944444444438 0.11805555555555554
0 0.40842013888888895 0.5399305555555556 0.0885416666666667 0.1145833333333334
0 0.5243055555555556 0.5133101851851852 0.0859375 0.11921296296296298
0 0.6467013888888888 0.49537037037037035 0.08767361111111108 0.1296296296296296
0 0.6922743055555556 0.4519675925925926 0.078125 0.11226851851851852
0 0.6644965277777778 0.6012731481481481 0.09027777777777786 0.12615740740740738
0 0.7556423611111112 0.5040509259259259 0.078125 0.10763888888888887
0 0.8246527777777777 0.5127314814814815 0.06857638888888884 0.10648148148148155
0 0.8828125 0.4126157407407407 0.09635416666666644 0.10300925925925923
0 0.9383680555555556 0.4988425925925926 0.08072916666666678 0.10416666666666673
0 0.8980034722222223 0.5625 0.09201388888888892 0.10879629629629625
0 0.8589409722222223 0.6712962962962962 0.09548611111111108 0.12037037037037036
0 0.20565352697095438 0.32494813278008305 0.1965767634854772 0.33705048409405264 0.1920383817427386 0.3508817427385893 0.1875 0.3638485477178424 0.185554979253112 0.37854426002766256 0.1939834024896266 0.39756224066390045 0.20306016597510373 0.40966459197787003 0.21732365145228213 0.4139868603042878 0.2257520746887967 0.41658022130013844 0.2374221991701245 0.41485131396957126 0.24649896265560164 0.4131224066390042 0.26270746887966806 0.40880013831258655 0.26724585062240663 0.40534232365145234 0.27372925311203317 0.39842669432918404 0.2769709543568465 0.38632434301521446 0.27178423236514526 0.375950899031812 0.264652489626556 0.36471300138312596 0.25816908713692943 0.35174619640387284 0.25103734439834025 0.3387793914246197 0.24714730290456433 0.3309993084370679 0.2374221991701245 0.3214903181189489 0.22899377593360995 0.32062586445366537 0.21732365145228213 0.31976141078838183
0 0.17971991701244816 0.4174446749654219 0.1628630705394191 0.4183091286307055 0.15313796680497926 0.43041147994467505 0.14795124481327804 0.4381915629322269 0.14211618257261413 0.4468360995850623 0.13887448132780084 0.45720954356846477 0.14146784232365145 0.47449861687413564 0.15119294605809133 0.4969744121715077 0.15637966804979256 0.5064834024896266 0.16351141078838177 0.5159923928077456 0.17518153526970956 0.5280947441217152 0.1862033195020747 0.5393326417704011 0.1933350622406639 0.537603734439834 0.20111514522821577 0.5298236514522823 0.20695020746887968 0.5185857538035962 0.2121369294605809 0.5056189488243431 0.21797199170124482 0.49438105117565706 0.22251037344398342 0.483143153526971 0.22510373443983403 0.4727697095435685 0.22704875518672202 0.45807399723374836 0.2244553941908714 0.4468360995850623 0.2199170124481328 0.4381915629322269 0.2153786307053942 0.43300484094052566 0.206301867219917 0.43300484094052566 0.20046680497925312 0.43473374827109273 0.19463174273858921 0.4312759336099586 0.18685165975103737 0.42263139695712315
0 0.1006224066390042 0.5765041493775933 0.09802904564315354 0.5929287690179806 0.09738070539419089 0.6058955739972338 0.1090508298755187 0.6128112033195021 0.11942427385892121 0.6110822959889349 0.12850103734439836 0.6084889349930844 0.13952282157676352 0.6110822959889349 0.14795124481327804 0.6179979253112032 0.15443464730290457 0.622320193637621 0.15508298755186725 0.6352869986168741 0.14600622406639005 0.6482538035961273 0.13563278008298757 0.6594917012448133 0.12136929460580914 0.6690006915629322 0.10580912863070542 0.6759163208852005 0.09478734439834027 0.6828319502074689 0.08700726141078839 0.6854253112033195 0.07728215767634858 0.6715940525587829 0.07209543568464732 0.6491182572614107 0.06690871369294608 0.63182918395574 0.06496369294605811 0.6197268326417704 0.06301867219917015 0.6033022130013831 0.06301867219917015 0.59033540802213 0.06690871369294608 0.5808264177040111 0.07404045643153528 0.5747752420470263 0.08182053941908717 0.5687240663900415 0.09154564315352699 0.5721818810511756
0 0.4033973029045644 0.4105290456431536 0.3897821576763486 0.4027489626556017 0.3781120331950208 0.40361341632088527 0.36709024896265563 0.42176694329183967 0.36320020746887965 0.4252247579529738 0.3586618257261411 0.4442427385892117 0.3554201244813278 0.4554806362378977 0.3573651452282158 0.47709197786998625 0.3651452282157676 0.49610995850622414 0.37551867219917007 0.5030255878284925 0.383298755186722 0.5004322268326419 0.39367219917012447 0.49265214384509 0.4053423236514523 0.48832987551867224 0.40015560165975106 0.483143153526971 0.40080394190871377 0.47449861687413564 0.4131224066390041 0.4762275242047027 0.4144190871369295 0.46412517289073313 0.4144190871369295 0.45807399723374836 0.42284751037344404 0.4554806362378977 0.4286825726141079 0.4667185338865838 0.4319242738589212 0.45288727524204714 0.4260892116182573 0.44510719225449524 0.4196058091286307 0.43992047026279396 0.41377074688796683 0.4312759336099586 0.4111773858921162 0.42608921161825736
0 0.42479253112033194 0.49265214384509 0.4085840248962656 0.483143153526971 0.3982105809128631 0.48660096818810517 0.3871887966804979 0.49610995850622414 0.3742219917012448 0.5220435684647303 0.3716286307053942 0.5445193637621024 0.3677385892116182 0.558350622406639 0.3651452282157676 0.5739107883817428 0.37033195020746884 0.5868775933609959 0.3781120331950208 0.5929287690179806 0.38848547717842324 0.5937932226832642 0.39950726141078835 0.5929287690179806 0.41571576763485485 0.588606500691563 0.42479253112033194 0.588606500691563 0.4371109958506224 0.5834197786998616 0.44553941908713696 0.5730463347164592 0.4487811203319502 0.5609439834024896 0.4487811203319502 0.5445193637621024 0.44553941908713696 0.5315525587828493 0.4416493775933611 0.5229080221300139 0.4371109958506224 0.5116701244813279 0.43386929460580914 0.5030255878284925
0 0.5181535269709544 0.46498962655601667 0.5045383817427387 0.4667185338865838 0.4909232365145229 0.47968533886583686 0.48703319502074693 0.5047544951590596 0.48703319502074693 0.5255013831258645 0.4876815352697096 0.5419260027662517 0.49675829875518673 0.5505705394190872 0.5019450207468881 0.5557572614107884 0.5123184647302905 0.5600795297372062 0.5213952282157677 0.5661307053941909 0.5324170124481328 0.5661307053941909 0.5382520746887967 0.5652662517289073 0.545383817427386 0.5566217150760718 0.5525155601659751 0.5436549100968189 0.5564056016597511 0.5263658367911481 0.5577022821576764 0.515127939142462 0.558350622406639 0.5030255878284925 0.5577022821576764 0.4909232365145229 0.5505705394190872 0.48141424619640394 0.5440871369294606 0.4762275242047027 0.5304719917012448 0.47104080221300143 0.5272302904564315 0.4684474412171509
0 0.6536566390041494 0.4485650069156294 0.6478215767634855 0.4459716459197788 0.6296680497925311 0.44770055325034586 0.6199429460580913 0.45029391424619647 0.6115145228215768 0.46239626556016605 0.6089211618257262 0.47968533886583686 0.6089211618257262 0.49438105117565706 0.6128112033195021 0.5142634854771785 0.6270746887966805 0.5315525587828493 0.6361514522821576 0.5393326417704011 0.6510632780082988 0.5479771784232366 0.664030082987552 0.5548928077455049 0.673106846473029 0.5548928077455049 0.678941908713693 0.5410615491009682 0.6815352697095436 0.5280947441217152 0.6867219917012448 0.5159923928077456 0.6893153526970954 0.4952455048409406 0.6867219917012448 0.4788208852005533 0.6834802904564315 0.46931189488243436 0.6763485477178424 0.45807399723374836 0.6698651452282158 0.45115836791148006 0.6620850622406639 0.4468360995850623
0 0.6568983402489627 0.43300484094052566 0.6568983402489627 0.4122579529737207 0.6614367219917012 0.4062067773167359 0.6666234439834026 0.40102005532503465 0.6808869294605809 0.39756224066390045 0.7048755186721991 0.4139868603042878 0.7197873443983402 0.4269536652835409 0.7262707468879668 0.4381915629322269 0.7282157676348547 0.44770055325034586 0.7275674273858922 0.4615318118948825 0.7171939834024896 0.4753630705394192 0.7113589211618258 0.4822786998616875 0.7009854771784233 0.49265214384509 0.6964470954356846 0.4995677731673583 0.6899636929460582 0.5073478561549102 0.6880186721991701 0.5004322268326419 0.6860736514522822 0.4822786998616875 0.6834802904564315 0.4684474412171509 0.6795902489626556 0.4563450899031813 0.6679201244813278 0.4416493775933611
0 0.6380964730290457 0.5799619640387275 0.6277230290456431 0.5877420470262794 0.6238329875518672 0.5937932226832642 0.6218879668049793 0.6015733056708161 0.6296680497925311 0.620591286307054 0.6400414937759337 0.6370159059474413 0.6497665975103735 0.6499827109266944 0.6575466804979253 0.6577627939142462 0.6672717842323651 0.6629495159059474 0.6782935684647303 0.6620850622406639 0.6828319502074689 0.654304979253112 0.6893153526970954 0.6508471645919779 0.6957987551867221 0.6439315352697096 0.7022821576763485 0.6326936376210236 0.7048755186721991 0.6179979253112032 0.7029304979253113 0.5851486860304288 0.6970954356846473 0.5721818810511756 0.6932053941908713 0.5592150760719226 0.6867219917012448 0.5497060857538035 0.6815352697095436 0.5514349930843707 0.6724585062240664 0.5557572614107884 0.6685684647302905 0.5661307053941909 0.65625 0.5756396957123098
0 0.756094398340249 0.46498962655601667 0.7405342323651453 0.4632607192254496 0.7282157676348547 0.471905255878285 0.7249740663900415 0.47709197786998625 0.7210840248962656 0.49178769017980645 0.7210840248962656 0.5082123098201937 0.7210840248962656 0.5220435684647303 0.7210840248962656 0.5384681881051175 0.7249740663900415 0.54884163208852 0.7334024896265561 0.5540283540802213 0.7450726141078838 0.5566217150760718 0.7599844398340249 0.5497060857538035 0.7716545643153527 0.5436549100968189 0.7813796680497924 0.5393326417704011 0.789808091286307 0.5272302904564315 0.7911047717842324 0.5159923928077456 0.7917531120331951 0.5064834024896266 0.789808091286307 0.4952455048409406 0.7846213692946058 0.4848720608575381 0.7794346473029046 0.4762275242047027 0.7748962655601661 0.47104080221300143 0.7645228215767635 0.46498962655601667
0 0.8604771784232366 0.37854426002766256 0.8449170124481327 0.39756224066390045 0.8416753112033195 0.4139868603042878 0.8403786307053942 0.42781811894882443 0.8403786307053942 0.44510719225449524 0.8494553941908715 0.45807399723374836 0.8624221991701244 0.460667358229599 0.8792790456431536 0.460667358229599 0.8909491701244813 0.45980290456431544 0.9116960580912863 0.45720954356846477 0.9227178423236515 0.45202282157676354 0.929201244813278 0.4390560165975105 0.9279045643153527 0.4252247579529738 0.9214211618257261 0.4122579529737207 0.9136410788381744 0.39583333333333337 0.9078060165975105 0.3845954356846474 0.8974325726141078 0.3742219917012449 0.8896524896265561 0.3681708160442601 0.870850622406639 0.3655774550484095 0.8650155601659751 0.3698997233748272
0 0.85399377593361 0.49265214384509 0.85399377593361 0.5108056708160443 0.8552904564315353 0.5229080221300139 0.855938796680498 0.5410615491009682 0.8552904564315353 0.5453838174273858 0.8533454356846473 0.5566217150760718 0.8475103734439834 0.5644017980636238 0.8397302904564314 0.5652662517289073 0.8325985477178424 0.5566217150760718 0.8222251037344398 0.54884163208852 0.8144450207468881 0.5436549100968189 0.8073132780082988 0.5401970954356847 0.8014782157676349 0.5332814661134163 0.7936981327800829 0.5255013831258645 0.795643153526971 0.5125345781466114 0.8001815352697095 0.5142634854771785 0.8008298755186722 0.503890041493776 0.7982365145228216 0.49178769017980645 0.8105549792531119 0.4995677731673583 0.8157417012448134 0.5004322268326419 0.8150933609958507 0.49438105117565706 0.8073132780082988 0.48832987551867224 0.8021265560165975 0.4822786998616875 0.7949948132780082 0.47968533886583686 0.7962914937759337 0.4727697095435685 0.8034232365145229 0.4684474412171509 0.8137966804979253 0.4667185338865838 0.8313018672199171 0.46412517289073313 0.8397302904564314 0.4658540802213002 0.8488070539419088 0.4779564315352698
0 0.9162344398340249 0.5194502074688797 0.9246628630705395 0.5350103734439834 0.9285529045643154 0.5497060857538035 0.9382780082987552 0.579097510373444 0.9376296680497924 0.5920643153526971 0.9363329875518673 0.6050311203319503 0.9324429460580912 0.609353388658368 0.9181794605809129 0.6076244813278008 0.9052126556016598 0.6050311203319503 0.893542531120332 0.6007088520055325 0.878630705394191 0.5998443983402489 0.8702022821576764 0.5989799446749654 0.8598288381742739 0.5842842323651453 0.8572354771784232 0.5739107883817428 0.855938796680498 0.5669951590594745 0.8676089211618259 0.5592150760719226 0.870850622406639 0.5514349930843707 0.8773340248962656 0.5393326417704011 0.8864107883817427 0.5306881051175657 0.8928941908713692 0.5203146611341632 0.9058609958506224 0.5185857538035962
0 0.8377852697095436 0.6309647302904564 0.8241701244813278 0.6404737206085754 0.8163900414937759 0.652576071922545 0.8137966804979253 0.6715940525587829 0.8235217842323651 0.6880186721991701 0.8397302904564314 0.6992565698478561 0.855938796680498 0.7079011065006916 0.8669605809128631 0.7148167358229599 0.8825207468879668 0.7243257261410788 0.8896524896265561 0.7260546334716459 0.8967842323651452 0.7191390041493776 0.8974325726141078 0.7035788381742738 0.8974325726141078 0.6871542185338867 0.89548755186722 0.6681362378976486 0.8922458506224066 0.6499827109266944 0.8903008298755187 0.6352869986168741 0.8838174273858922 0.622320193637621 0.8773340248962656 0.6197268326417704 0.8766856846473029 0.6309647302904564 0.870850622406639 0.63182918395574 0.8624221991701244 0.63182918395574 0.8514004149377593 0.6283713692946058