0 0.11187499999999999 0.2916666666666667 0.11578124999999999 0.2833333333333333 0.12046874999999999 0.27625 0.1275 0.26979166666666665 0.13874999999999998 0.26791666666666664 0.15125 0.27666666666666667 0.15921875000000002 0.28562499999999996 0.16921875 0.296875 0.1753125 0.3075 0.18 0.315 0.18 0.32875000000000004 0.17484375000000002 0.3333333333333333 0.16765625 0.33666666666666667 0.15859375 0.335 0.14671875 0.33937500000000004 0.1265625 0.34145833333333336 0.11890624999999999 0.335 0.11468750000000001 0.33208333333333334 0.11078125000000001 0.323125 0.10828125 0.31125 0.10859375 0.303125
0 0.1065625 0.37041666666666667 0.10718749999999999 0.38145833333333334 0.1134375 0.38999999999999996 0.12234375 0.3904166666666667 0.12828124999999999 0.385 0.13265625 0.371875 0.14125000000000001 0.3735416666666667 0.1525 0.38625000000000004 0.15375 0.4008333333333333 0.145625 0.42562500000000003 0.13921875 0.44333333333333336 0.135 0.44937499999999997 0.1265625 0.44916666666666666 0.11109374999999999 0.42624999999999996 0.09890625 0.415 0.091875 0.399375 0.0896875 0.38875 0.09234375 0.3797916666666667 0.09765625 0.37083333333333335 0.10046875 0.36854166666666666
0 0.06609374999999999 0.48083333333333333 0.0821875 0.48791666666666667 0.07734375 0.49624999999999997 0.075625 0.50125 0.07828125 0.514375 0.099375 0.50625 0.09921875 0.5025 0.11109374999999999 0.5139583333333333 0.118125 0.515 0.12156249999999999 0.5122916666666667 0.12234375 0.5 0.12796875000000002 0.49895833333333334 0.12765625 0.5041666666666667 0.11953125 0.5172916666666667 0.10171875 0.5327083333333333 0.09421874999999999 0.53625 0.09 0.5333333333333333 0.08765625 0.5310416666666666 0.07171875 0.5075 0.06687499999999999 0.49395833333333333 0.06546874999999999 0.485625
0 0.23937499999999998 0.35583333333333333 0.23546874999999998 0.36645833333333333 0.23640625 0.37958333333333333 0.23890625000000001 0.39375 0.24546874999999999 0.404375 0.24625 0.41000000000000003 0.25609375 0.41770833333333335 0.26140625 0.4189583333333333 0.26640625 0.41354166666666664 0.2740625 0.41333333333333333 0.27468750000000003 0.40875 0.27828125 0.4064583333333333 0.2859375 0.40041666666666664 0.290625 0.38999999999999996 0.290625 0.38166666666666665 0.28531249999999997 0.3889583333333333 0.276875 0.3891666666666667 0.27375 0.3872916666666667 0.26984375 0.37875000000000003 0.26890625 0.3825 0.2571875 0.38395833333333335 0.25406249999999997 0.37875000000000003 0.25296875 0.37 0.2571875 0.3647916666666667 0.256875 0.36333333333333334 0.2515625 0.366875 0.24562499999999998 0.36374999999999996
0 0.27203125 0.41333333333333333 0.28312499999999996 0.429375 0.2815625 0.43479166666666663 0.28765625 0.45375000000000004 0.29546875 0.453125 0.2996875 0.4654166666666667 0.30046875 0.48208333333333336 0.29375 0.48812500000000003 0.254375 0.49166666666666664 0.2509375 0.48791666666666667 0.24671875000000001 0.48125 0.24796875 0.470625 0.25078125 0.45375000000000004 0.2534375 0.44 0.25656249999999997 0.42645833333333333 0.26234375 0.4185416666666667 0.26625 0.41375
0 0.33984375 0.404375 0.33453125 0.40729166666666666 0.32437499999999997 0.424375 0.325 0.43666666666666665 0.32890625 0.45249999999999996 0.33265625 0.461875 0.33828125 0.4689583333333333 0.34578125000000004 0.48812500000000003 0.35 0.491875 0.35703125 0.49125 0.3696875 0.474375 0.38125 0.44937499999999997 0.381875 0.4372916666666667 0.38140625 0.42645833333333333 0.371875 0.414375 0.3646875 0.40875 0.35609375 0.40687500000000004 0.3465625 0.403125
0 0.3975 0.43395833333333333 0.40062499999999995 0.4297916666666667 0.4078125 0.42604166666666665 0.4134375 0.43395833333333333 0.42265625 0.43354166666666666 0.42734375 0.42791666666666667 0.436875 0.431875 0.44984375 0.430625 0.45140624999999995 0.423125 0.45625 0.430625 0.4559375 0.4527083333333334 0.4525 0.4675 0.44749999999999995 0.4970833333333333 0.44296875 0.50375 0.43562500000000004 0.5068750000000001 0.42296875 0.49729166666666663 0.42109375 0.489375 0.40671875 0.47604166666666664 0.39546875 0.459375 0.39515625 0.4425
0 0.43515625 0.5077083333333333 0.42828125000000006 0.518125 0.42718749999999994 0.5210416666666666 0.42406249999999995 0.520625 0.425 0.5275 0.44078125 0.5470833333333334 0.45140624999999995 0.5570833333333333 0.46078125 0.5585416666666667 0.468125 0.5527083333333334 0.47484374999999995 0.550625 0.48171875000000003 0.5387500000000001 0.48187499999999994 0.5233333333333333 0.4809375 0.510625 0.47781250000000003 0.49895833333333334 0.47390625000000003 0.48874999999999996 0.47046875000000005 0.48354166666666665 0.46515625 0.48020833333333335 0.46015625 0.47875 0.4578125 0.48125 0.45906250000000004 0.484375 0.45906250000000004 0.49 0.45406250000000004 0.495 0.44749999999999995 0.49624999999999997 0.446875 0.49875 0.44296875 0.5035416666666667
0 0.4690625 0.35125 0.4690625 0.356875 0.46343750000000006 0.36125 0.46328125 0.3716666666666667 0.45984375 0.37625 0.45953125000000006 0.38666666666666666 0.4671875 0.408125 0.4703125 0.42562500000000003 0.47562499999999996 0.4322916666666667 0.48078125 0.4345833333333333 0.4878125 0.4322916666666667 0.50609375 0.41208333333333336 0.5128125 0.4077083333333333 0.5181250000000001 0.39437500000000003 0.51828125 0.384375 0.51359375 0.38125 0.51046875 0.3829166666666667 0.509375 0.38666666666666666 0.50484375 0.391875 0.5014062499999999 0.3908333333333333 0.49640625 0.3825 0.49609375 0.37124999999999997 0.48125 0.35583333333333333 0.47421875 0.3514583333333333
0 0.5237499999999999 0.40375 0.5157812500000001 0.4125 0.51328125 0.4189583333333333 0.51015625 0.44708333333333333 0.50625 0.46041666666666664 0.5065625 0.4766666666666667 0.510625 0.4829166666666667 0.52515625 0.4841666666666667 0.52859375 0.4791666666666667 0.54515625 0.47770833333333335 0.5578125 0.4702083333333333 0.56453125 0.46 0.56703125 0.4514583333333333 0.55265625 0.43 0.5484375 0.421875 0.53828125 0.41208333333333336 0.529375 0.40395833333333336
0 0.5878125 0.40979166666666667 0.59421875 0.4185416666666667 0.6009375 0.41812499999999997 0.60734375 0.4079166666666667 0.615 0.40875 0.62015625 0.41291666666666665 0.6285937500000001 0.425 0.628125 0.44333333333333336 0.6234375 0.453125 0.6178125 0.470625 0.61875 0.48500000000000004 0.6171875 0.490625 0.6107812499999999 0.4925 0.60484375 0.49 0.595 0.47625 0.58125 0.46041666666666664 0.575 0.44916666666666666 0.5739062500000001 0.4341666666666667 0.57734375 0.42375 0.5821875000000001 0.41583333333333333
0 0.629375 0.34979166666666667 0.63625 0.33958333333333335 0.64453125 0.335 0.6560937499999999 0.330625 0.6643749999999999 0.3310416666666667 0.671875 0.33666666666666667 0.6796875 0.3516666666666667 0.6840625 0.3614583333333333 0.688125 0.40687500000000004 0.68546875 0.41729166666666667 0.68015625 0.4216666666666667 0.67140625 0.424375 0.66109375 0.419375 0.64921875 0.41750000000000004 0.64 0.4141666666666667 0.634375 0.41270833333333334 0.61890625 0.3958333333333333 0.6184375 0.38208333333333333 0.6196875000000001 0.36541666666666667 0.62453125 0.35562499999999997
0 0.629375 0.4825 0.63734375 0.47458333333333336 0.6485937500000001 0.4739583333333333 0.65734375 0.4633333333333333 0.6575 0.450625 0.6640625 0.45041666666666663 0.67453125 0.45749999999999996 0.67671875 0.46770833333333334 0.681875 0.47291666666666665 0.68296875 0.53125 0.67890625 0.5366666666666667 0.6682812499999999 0.5377083333333333 0.6521874999999999 0.5252083333333333 0.63875 0.5204166666666666 0.63453125 0.5189583333333333 0.63453125 0.5147916666666666 0.6331249999999999 0.5152083333333334 0.62609375 0.5077083333333333 0.62546875 0.4952083333333333
0 0.6078125 0.536875 0.61625 0.5495833333333333 0.62578125 0.5466666666666666 0.62890625 0.5345833333333334 0.6478125 0.5383333333333333 0.649375 0.5549999999999999 0.6475 0.58125 0.64359375 0.6008333333333333 0.63453125 0.6039583333333333 0.61953125 0.5902083333333333 0.5959375 0.5691666666666666 0.595625 0.5545833333333333 0.5974999999999999 0.5402083333333334
0 0.740625 0.3889583333333333 0.7375 0.38395833333333335 0.7375 0.37916666666666665 0.72734375 0.37895833333333334 0.7189062500000001 0.38395833333333335 0.71328125 0.396875 0.7071875000000001 0.42916666666666664 0.70765625 0.44479166666666664 0.7159375 0.45083333333333336 0.71671875 0.45583333333333337 0.72265625 0.46145833333333336 0.72859375 0.46125 0.7378125 0.4579166666666667 0.75046875 0.4477083333333333 0.7620312499999999 0.4345833333333333 0.75828125 0.42083333333333334 0.75265625 0.40729166666666666 0.75203125 0.40687500000000004 0.7498437499999999 0.4141666666666667 0.7435937499999999 0.41625 0.73953125 0.41458333333333336 0.7329687500000001 0.4139583333333333 0.7301562500000001 0.40729166666666666 0.735 0.3904166666666667
0 0.766875 0.4370833333333334 0.76671875 0.46 0.774375 0.47333333333333333 0.7798437500000001 0.4825 0.78703125 0.48812500000000003 0.7943749999999999 0.48874999999999996 0.7996875 0.4864583333333333 0.8067187499999999 0.483125 0.81125 0.4829166666666667 0.81609375 0.47791666666666666 0.8225 0.4583333333333333 0.82296875 0.45208333333333334 0.8262499999999999 0.44604166666666667 0.82640625 0.43291666666666667 0.8243750000000001 0.4202083333333333 0.8201562499999999 0.411875 0.80890625 0.42583333333333334 0.79765625 0.4270833333333333 0.79765625 0.43145833333333333 0.790625 0.4379166666666666 0.77125 0.4320833333333333
0 0.7498437499999999 0.5460416666666668 0.746875 0.5558333333333334 0.7462500000000001 0.5970833333333334 0.749375 0.6077083333333333 0.760625 0.6152083333333334 0.7671875 0.6222916666666667 0.778125 0.6225 0.78671875 0.6154166666666666 0.8021874999999999 0.588125 0.8028124999999999 0.5741666666666667 0.79515625 0.5752083333333334 0.783125 0.5639583333333333 0.774375 0.5708333333333333 0.7690625 0.5704166666666667 0.76484375 0.5727083333333333 0.756875 0.573125 0.75453125 0.5697916666666667 0.754375 0.5652083333333333 0.7564062500000001 0.5539583333333333 0.76015625 0.55125
0 0.884375 0.41375 0.884375 0.42124999999999996 0.8875 0.4247916666666667 0.8871874999999999 0.4325 0.8862500000000001 0.4345833333333333 0.88671875 0.43979166666666664 0.9037499999999999 0.454375 0.9082812499999999 0.45583333333333337 0.9232812499999999 0.46791666666666665 0.9364062499999999 0.4670833333333333 0.938125 0.4625 0.944375 0.458125 0.9448437500000001 0.4516666666666667 0.94828125 0.44895833333333335 0.9493750000000001 0.44458333333333333 0.9625 0.4266666666666667 0.96359375 0.4095833333333333 0.9574999999999999 0.41083333333333333 0.95609375 0.42458333333333337 0.94765625 0.42624999999999996 0.9284375 0.41083333333333333 0.9232812499999999 0.41458333333333336 0.9096875000000001 0.42916666666666664 0.90171875 0.4239583333333333 0.899375 0.411875
0 0.959375 0.49645833333333333 0.9596875 0.5083333333333333 0.9640625 0.5152083333333334 0.9665625 0.5152083333333334 0.9909375 0.5522916666666667 0.9984375 0.558587962962963 0.9984375 0.4822916666666667 0.9878125000000001 0.4814583333333333 0.98140625 0.48625 0.96703125 0.4922916666666667
0 0.144375 0.290625 0.0721875 0.1
0 0.12132812500000001 0.39812500000000006 0.06390624999999998 0.10333333333333332
0 0.096796875 0.491875 0.06234375000000001 0.08916666666666669
0 0.273203125 0.4509375 0.05421874999999998 0.08020833333333334
0 0.263046875 0.3696875 0.05484374999999999 0.0972916666666667
0 0.35296875 0.4432291666666667 0.057500000000000016 0.09645833333333335
0 0.425625 0.45822916666666663 0.061562500000000055 0.09395833333333332
0 0.45296875 0.5117708333333333 0.05718749999999995 0.09270833333333327
0 0.4890625 0.3845833333333334 0.05906249999999993 0.09916666666666665
0 0.53640625 0.434375 0.061249999999999985 0.09833333333333331
0 0.601484375 0.44375 0.05484375000000004 0.09750000000000002
0 0.653203125 0.36614583333333334 0.06953125 0.11645833333333329
0 0.654296875 0.4860416666666667 0.057656249999999964 0.10374999999999997
0 0.62265625 0.5604166666666667 0.054062500000000034 0.0870833333333333
0 0.774453125 0.56625 0.05671874999999993 0.1120833333333333
0 0.7967187499999999 0.4427083333333333 0.05906249999999993 0.09166666666666666
0 0.734609375 0.4023958333333333 0.05453125000000005 0.11895833333333332
0 0.9239843750000001 0.4076041666666666 0.07921875000000007 0.12104166666666666
0 0.9785937499999999 0.5030208333333334 0.039374999999999896 0.1097916666666667