0 0.41666666666666663 0.4241898148148148 0.09982638888888884 0.10995370370370369
0 0.3763020833333333 0.5572916666666666 0.09375 0.13773148148148148
0 0.3151041666666667 0.6961805555555556 0.09288194444444446 0.15625
0 0.587673611111111 0.5208333333333334 0.08940972222222224 0.1296296296296296
0 0.61328125 0.6261574074074073 0.1041666666666666 0.13657407407407404
0 0.7309027777777778 0.6163194444444444 0.09461805555555572 0.13773148148148143
0 0.8914930555555556 0.6197916666666666 0.1137152777777775 0.14930555555555547
0 0.892361111111111 0.7239583333333334 0.10850694444444428 0.13310185185185192
0 0.9244791666666666 0.5190972222222222 0.09982638888888892 0.10995370370370369
0 0.9720920138888889 0.6052978946208114 0.052690972222222146 0.13883652998236365
0 0.40209044368600677 0.3796928327645051 0.39462457337883955 0.3853811149032992 0.3855588737201365 0.3946245733788396 0.37862627986348124 0.40742320819112626 0.3738267918088737 0.4195108077360637 0.3727602389078498 0.43870875995449377 0.37595989761092147 0.45008532423208186 0.38129266211604096 0.4600398179749715 0.3892918088737201 0.46928327645051193 0.40262372013651876 0.4714163822525597 0.4154223549488054 0.47070534698521044 0.4239547781569966 0.46786120591581337 0.4372866894197952 0.46501706484641636 0.448485494880546 0.4643060295790671 0.4575511945392491 0.4593287827076223 0.4607508532423208 0.4550625711035267 0.4612841296928328 0.4443970420932878 0.4559513651877133 0.43444254835039814 0.44955204778157 0.42377701934015927 0.4404863481228669 0.4060011376564277 0.43462030716723543 0.3946245733788396 0.4244880546075085 0.3804038680318544 0.40955631399317405 0.3782707622298066
0 0.3796928327645051 0.4963026166097838 0.3572952218430034 0.49488054607508525 0.3482295221843003 0.5005688282138794 0.33969709897610917 0.5119453924914675 0.3359641638225256 0.5218998862343571 0.3359641638225256 0.5361205915813424 0.33543088737201365 0.5553185437997725 0.341296928327645 0.5702502844141069 0.35196245733788395 0.5837599544937428 0.3572952218430034 0.5908703071672355 0.36956058020477817 0.6058020477815699 0.37489334470989755 0.614334470989761 0.3823592150170648 0.6200227531285551 0.3898250853242321 0.6221558589306029 0.3972909556313993 0.6079351535836177 0.4010238907849829 0.5972696245733788 0.4079564846416382 0.5830489192263937 0.4122226962457337 0.5688282138794084 0.41755546075085326 0.5531854379977247 0.4202218430034129 0.5410978384527872 0.4207551194539249 0.5297212741751991 0.4202218430034129 0.521188850967008 0.4090230375426621 0.5091012514220705 0.40262372013651876 0.5147895335608647 0.3930247440273037 0.5197667804323094 0.3855588737201365 0.5041240045506257
0 0.28636945392491464 0.6577076222980659 0.27197098976109213 0.6683731513083049 0.27037116040955633 0.676905574516496 0.27037116040955633 0.6939704209328782 0.27250426621160406 0.7167235494880546 0.273037542662116 0.7330773606370876 0.2741040955631399 0.7423208191126279 0.282636518771331 0.7679180887372012 0.29330204778156993 0.7686291240045506 0.3066339590443686 0.7608077360637088 0.3210324232081911 0.7515642775881682 0.34023037542662116 0.7387656427758816 0.3535622866894198 0.7245449374288965 0.35409556313993173 0.7181456200227531 0.3434300341296928 0.7096131968145619 0.33543088737201365 0.7046359499431172 0.32316552901023887 0.7117463026166096 0.3093003412969283 0.7117463026166096 0.3055674061433447 0.6982366325369738 0.3077005119453925 0.6804607508532423 0.3077005119453925 0.6726393629124005 0.30076791808873715 0.6648179749715586
0 0.5818046075085324 0.4735494880546075 0.565273037542662 0.4778156996587031 0.5551407849829351 0.491325369738339 0.546075085324232 0.5140784982935153 0.5423421501706485 0.5275881683731513 0.5444752559726962 0.5375426621160408 0.5487414675767918 0.5496302616609783 0.5556740614334471 0.5581626848691694 0.556740614334471 0.5638509670079636 0.5631399317406143 0.5738054607508531 0.5695392491467577 0.5802047781569966 0.5834044368600682 0.5823378839590443 0.5988694539249146 0.5794937428896473 0.6095349829351535 0.5709613196814562 0.6164675767918089 0.5617178612059157 0.6212670648464164 0.5482081911262798 0.6255332764505119 0.5318543799772468 0.6265998293515358 0.5204778156996587 0.6159343003412969 0.5112343572241183 0.6010025597269625 0.4934584755403868 0.5978029010238908 0.48705915813424344 0.5908703071672354 0.4806598407281001
0 0.6058020477815699 0.5723833902161547 0.5919368600682594 0.5752275312855518 0.5844709897610921 0.5844709897610921 0.5775383959044368 0.5972696245733788 0.5738054607508533 0.6136234357224117 0.5706058020477816 0.6313993174061434 0.5690059726962458 0.6406427758816837 0.565273037542662 0.6555745164960182 0.5636732081911262 0.6655290102389078 0.5668728668941979 0.6754835039817974 0.5722056313993173 0.68259385665529 0.5866040955631399 0.6904152445961319 0.596203071672355 0.6918373151308305 0.6100682593856656 0.6889931740614335 0.6207337883959043 0.6875711035267348 0.6308660409556314 0.6840159271899886 0.6409982935153583 0.6754835039817974 0.6484641638225256 0.666240045506257 0.6516638225255973 0.6520193401592719 0.6521970989761091 0.6377986348122866 0.6511305460750852 0.6200227531285551 0.6457977815699658 0.6036689419795221 0.6399317406143344 0.5901592718998862 0.6260665529010239 0.5745164960182024 0.6127346416382252 0.5716723549488054
0 0.702858361774744 0.5659840728100113 0.692726109215017 0.5830489192263937 0.6911262798634812 0.5937144482366324 0.6873933447098975 0.608646188850967 0.6916595563139931 0.630688282138794 0.6991254266211604 0.6456200227531285 0.7151237201365188 0.6555745164960182 0.7289889078498293 0.6612627986348123 0.7401877133105802 0.6676621160409556 0.7481868600682594 0.6761945392491467 0.7593856655290102 0.6740614334470989 0.7647184300341296 0.6669510807736063 0.7663182593856654 0.6548634812286689 0.7695179180887372 0.641353811149033 0.7721843003412969 0.630688282138794 0.7743174061433447 0.6065130830489192 0.7737841296928327 0.5908703071672355 0.7689846416382252 0.5745164960182024 0.7620520477815699 0.5666951080773607 0.7487201365187712 0.5617178612059157 0.7343216723549488 0.5553185437997725 0.722056313993174 0.5553185437997725 0.7119240614334471 0.559584755403868
0 0.889505119453925 0.5610068259385665 0.868707337883959 0.5666951080773607 0.8569752559726963 0.5659840728100113 0.850042662116041 0.5738054607508531 0.8383105802047781 0.5837599544937428 0.8377773037542662 0.5986916951080773 0.8361774744027303 0.6178896473265073 0.8452431740614333 0.6363765642775882 0.8553754266211604 0.6456200227531285 0.8676407849829351 0.649886234357224 0.8799061433447098 0.6548634812286689 0.8863054607508533 0.6626848691695107 0.9007039249146758 0.6740614334470989 0.9076365187713311 0.6818828213879408 0.9199018771331058 0.6847269624573379 0.9311006825938566 0.679749715585893 0.935366894197952 0.6648179749715586 0.9375 0.6427758816837315 0.9401663822525597 0.6285551763367463 0.9406996587030717 0.6136234357224117 0.9406996587030717 0.597980659840728 0.9390998293515358 0.5809158134243458 0.936433447098976 0.5695392491467576 0.9343003412969283 0.5659840728100113 0.9247013651877133 0.5659840728100113 0.9167022184300342 0.5681171786120591 0.9060366894197951 0.5688282138794084
0 0.8404436860068258 0.7131683731513083 0.8425767918088736 0.7281001137656428 0.8511092150170647 0.7416097838452786 0.8575085324232081 0.7515642775881682 0.8639078498293514 0.7608077360637088 0.8735068259385665 0.7736063708759954 0.8847056313993173 0.7842718998862342 0.898570819112628 0.7871160409556314 0.9087030716723549 0.783560864618885 0.9161689419795221 0.777872582480091 0.9252346416382252 0.7728953356086462 0.936433447098976 0.7657849829351535 0.9385665529010238 0.7458759954493742 0.9422994880546074 0.7245449374288965 0.9422994880546074 0.7096131968145619 0.9348336177474403 0.6996587030716722 0.9289675767918089 0.6840159271899886 0.9135025597269625 0.6889931740614335 0.9097696245733788 0.6889931740614335 0.9071032423208191 0.7010807736063709 0.9055034129692832 0.7096131968145619 0.8916382252559727 0.712457337883959 0.8799061433447098 0.7089021615472128 0.8724402730375426 0.7053469852104665 0.8660409556313994 0.7103242320819112 0.8564419795221843 0.715301478953356 0.8452431740614333 0.7017918088737201
0 0.9140358361774744 0.4820819112627986 0.8975042662116041 0.48350398179749715 0.8868387372013652 0.4891922639362912 0.8799061433447098 0.5019908987485778 0.8772397610921502 0.5190557451649601 0.8815059726962456 0.5368316268486917 0.8847056313993173 0.5439419795221843 0.9049701365187713 0.5474971558589306 0.9113694539249145 0.5496302616609783 0.9257679180887373 0.5524744027303754 0.9385665529010238 0.5546075085324232 0.9524317406143344 0.5581626848691694 0.9630972696245733 0.5645620022753128 0.9742960750853241 0.5574516496018201 0.9742960750853241 0.5425199089874858 0.9694965870307166 0.5282992036405005 0.9620307167235496 0.518344709897611 0.9486988054607508 0.5062571103526735 0.9380332764505119 0.49772468714448237 0.9241680887372012 0.48990329920364045
0 0.9945605802047781 0.5581626848691694 0.9716296928327643 0.5581626848691694 0.9641638225255973 0.5574516496018201 0.9550981228668942 0.5666951080773607 0.9492320819112627 0.5830489192263937 0.9492320819112627 0.602957906712173 0.9486988054607508 0.6178896473265073 0.9508319112627985 0.6399317406143344 0.9513651877133105 0.649886234357224 0.9550981228668942 0.6591296928327645 0.9598976109215016 0.6669510807736063 0.9716296928327643 0.6697952218430033 0.9833617747440272 0.6690841865756542 0.9945605802047781 0.6641069397042093 0.9977602389078498 0.6598407281001137 0.9984375 0.6449409840728086 0.9982935153583616 0.619311717861206 0.9982935153583616 0.5958475540386803 0.9982935153583616 0.5766496018202503