0 0.02265625 0.5390625 0.04140625 0.13229166666666667
0 0.086328125 0.5536458333333333 0.1046875 0.13020833333333334
0 0.152734375 0.6177083333333333 0.0984375 0.11041666666666666
0 0.187890625 0.4421875 0.09375 0.128125
0 0.2671875 0.5130208333333334 0.08671875 0.121875
0 0.351953125 0.5104166666666666 0.0734375 0.1125
0 0.40546875 0.41354166666666664 0.09921875 0.12916666666666668
0 0.43125 0.5588541666666667 0.07734375 0.115625
0 0.401171875 0.6447916666666667 0.0765625 0.1
0 0.535546875 0.4484375 0.0703125 0.11770833333333333
0 0.6046875 0.47708333333333336 0.07578125 0.11041666666666666
0 0.588671875 0.64375 0.071875 0.12083333333333333
0 0.74609375 0.43697916666666664 0.09140625 0.12604166666666666
0 0.8515625 0.3567708333333333 0.10078125 0.13229166666666667
0 0.835546875 0.5484375 0.090625 0.128125
0 0.005078125 0.48333333333333334 0.018359375 0.48541666666666666 0.025390625 0.49166666666666664 0.032421875 0.496875 0.037890625 0.5020833333333333 0.026171875 0.50625 0.018359375 0.5125 0.011328125 0.525 0.008203125 0.534375 0.019921875 0.5302083333333333 0.027734375 0.528125 0.030078125 0.5375 0.030859375 0.54375 0.030859375 0.5604166666666667 0.028515625 0.5697916666666667 0.026171875 0.5760416666666667 0.017578125 0.5885416666666666 0.012109375 0.5958333333333333 0.004296875 0.6041666666666666 0 0.580295138888889 0 0.490625 0 0.484375
0 0.038671875 0.53125 0.034765625 0.54375 0.033984375 0.5625 0.038671875 0.5729166666666666 0.048828125 0.5770833333333333 0.062109375 0.5885416666666666 0.069140625 0.5958333333333333 0.082421875 0.6020833333333333 0.092578125 0.6135416666666667 0.099609375 0.61875 0.109765625 0.6197916666666666 0.122265625 0.6166666666666667 0.128515625 0.60625 0.132421875 0.5947916666666667 0.136328125 0.575 0.135546875 0.5604166666666667 0.136328125 0.5479166666666667 0.136328125 0.5364583333333334 0.136328125 0.5270833333333333 0.134765625 0.5177083333333333 0.126953125 0.5020833333333333 0.112109375 0.5 0.109765625 0.5166666666666667 0.108984375 0.5260416666666666 0.099609375 0.5333333333333333 0.087890625 0.5302083333333333 0.073828125 0.5239583333333333 0.070703125 0.51875 0.060546875 0.53125 0.055859375 0.5354166666666667
0 0.161328125 0.565625 0.171484375 0.56875 0.180078125 0.575 0.189453125 0.5895833333333333 0.195703125 0.6041666666666666 0.202734375 0.634375 0.202734375 0.6489583333333333 0.198828125 0.6625 0.182421875 0.665625 0.173828125 0.6666666666666666 0.158984375 0.6666666666666666 0.154296875 0.665625 0.137109375 0.65625 0.128515625 0.6510416666666666 0.123046875 0.6427083333333333 0.116015625 0.634375 0.113671875 0.6291666666666667 0.120703125 0.6229166666666667 0.126953125 0.6197916666666666 0.131640625 0.6072916666666667 0.141015625 0.6072916666666667 0.147265625 0.6020833333333333 0.148828125 0.5875 0.149609375 0.578125
0 0.155078125 0.4 0.142578125 0.4125 0.140234375 0.4270833333333333 0.144140625 0.4479166666666667 0.148046875 0.4583333333333333 0.156640625 0.46979166666666666 0.164453125 0.4822916666666667 0.166015625 0.4895833333333333 0.176171875 0.4979166666666667 0.183203125 0.5020833333333333 0.191015625 0.503125 0.200390625 0.5010416666666667 0.212109375 0.4895833333333333 0.220703125 0.475 0.230859375 0.465625 0.234765625 0.4552083333333333 0.233203125 0.45 0.229296875 0.44583333333333336 0.223828125 0.44375 0.208203125 0.434375 0.205859375 0.44895833333333335 0.201171875 0.4583333333333333 0.191796875 0.45625 0.186328125 0.44166666666666665 0.187109375 0.428125 0.169921875 0.421875 0.163671875 0.41770833333333335 0.161328125 0.409375
0 0.237890625 0.4708333333333333 0.230859375 0.48020833333333335 0.226953125 0.49270833333333336 0.227734375 0.5072916666666667 0.228515625 0.5260416666666666 0.226953125 0.5375 0.227734375 0.5645833333333333 0.237890625 0.5625 0.252734375 0.5635416666666667 0.258203125 0.559375 0.273046875 0.5552083333333333 0.280859375 0.5541666666666667 0.293359375 0.54375 0.300390625 0.5385416666666667 0.302734375 0.53125 0.293359375 0.521875 0.287109375 0.5104166666666666 0.277734375 0.5072916666666667 0.269140625 0.50625 0.263671875 0.49895833333333334 0.262890625 0.484375 0.258203125 0.48020833333333335 0.249609375 0.47604166666666664
0 0.388671875 0.3645833333333333 0.379296875 0.371875 0.372265625 0.37604166666666666 0.366796875 0.3875 0.362890625 0.39791666666666664 0.361328125 0.4114583333333333 0.361328125 0.425 0.364453125 0.43854166666666666 0.368359375 0.4510416666666667 0.376171875 0.45625 0.380859375 0.459375 0.398046875 0.46458333333333335 0.404296875 0.46770833333333334 0.416015625 0.471875 0.435546875 0.47291666666666665 0.439453125 0.4739583333333333 0.448046875 0.46770833333333334 0.451171875 0.4583333333333333 0.451171875 0.4427083333333333 0.450390625 0.4239583333333333 0.450390625 0.4125 0.447265625 0.39895833333333336 0.444140625 0.3875 0.436328125 0.3729166666666667 0.430078125 0.36354166666666665 0.418359375 0.35625 0.408984375 0.35520833333333335 0.394140625 0.3541666666666667
0 0.326953125 0.46770833333333334 0.317578125 0.475 0.314453125 0.484375 0.315234375 0.5052083333333334 0.319921875 0.5166666666666667 0.329296875 0.5302083333333333 0.337109375 0.54375 0.351953125 0.5552083333333333 0.358203125 0.559375 0.369140625 0.5604166666666667 0.377734375 0.5625 0.381640625 0.5479166666666667 0.383203125 0.534375 0.383203125 0.5260416666666666 0.384765625 0.5166666666666667 0.387109375 0.50625 0.388671875 0.49895833333333334 0.389453125 0.49166666666666664 0.388671875 0.48020833333333335 0.385546875 0.47291666666666665 0.376953125 0.46458333333333335 0.367578125 0.459375 0.352734375 0.45729166666666665 0.348828125 0.46770833333333334 0.337890625 0.47708333333333336 0.333984375 0.48125
0 0.371484375 0.6145833333333334 0.367578125 0.625 0.367578125 0.6427083333333333 0.368359375 0.6510416666666666 0.387890625 0.6697916666666667 0.401171875 0.678125 0.412890625 0.690625 0.421484375 0.690625 0.431640625 0.6885416666666667 0.437109375 0.678125 0.437890625 0.6572916666666667 0.437109375 0.6427083333333333 0.438671875 0.6291666666666667 0.437890625 0.6229166666666667 0.437109375 0.6083333333333333 0.427734375 0.6010416666666667 0.426953125 0.6135416666666667 0.422265625 0.6166666666666667 0.408203125 0.6135416666666667 0.402734375 0.615625 0.398828125 0.63125 0.389453125 0.6375 0.381640625 0.625
0 0.430078125 0.5052083333333334 0.423828125 0.5125 0.422265625 0.5239583333333333 0.418359375 0.5333333333333333 0.412109375 0.5375 0.405078125 0.5395833333333333 0.398828125 0.5447916666666667 0.394921875 0.553125 0.394140625 0.5677083333333334 0.397265625 0.578125 0.402734375 0.5864583333333333 0.408984375 0.5885416666666666 0.416796875 0.5927083333333333 0.434765625 0.6020833333333333 0.451171875 0.609375 0.460546875 0.6104166666666667 0.466796875 0.6010416666666667 0.467578125 0.5885416666666666 0.464453125 0.5739583333333333 0.464453125 0.5625 0.465234375 0.5510416666666667 0.462890625 0.5260416666666666 0.452734375 0.5104166666666666 0.440234375 0.5010416666666667
0 0.520703125 0.39791666666666664 0.513671875 0.40208333333333335 0.508203125 0.41041666666666665 0.502734375 0.42083333333333334 0.499609375 0.44166666666666665 0.499609375 0.4625 0.501171875 0.4791666666666667 0.508984375 0.48541666666666666 0.511328125 0.49895833333333334 0.517578125 0.5052083333333334 0.531640625 0.5041666666666667 0.539453125 0.49583333333333335 0.550390625 0.48854166666666665 0.556640625 0.4791666666666667 0.563671875 0.471875 0.555078125 0.46041666666666664 0.551171875 0.44583333333333336 0.547265625 0.43854166666666666 0.540234375 0.45 0.533203125 0.453125 0.523046875 0.4510416666666667 0.519921875 0.44375 0.520703125 0.4270833333333333 0.524609375 0.421875 0.528515625 0.415625 0.525390625 0.41041666666666665
0 0.633984375 0.43645833333333334 0.638671875 0.45 0.640234375 0.4635416666666667 0.641015625 0.47708333333333336 0.638671875 0.4895833333333333 0.635546875 0.5052083333333334 0.632421875 0.5166666666666667 0.626953125 0.5239583333333333 0.619140625 0.521875 0.610546875 0.53125 0.596484375 0.5291666666666667 0.587109375 0.51875 0.580078125 0.5104166666666666 0.576953125 0.5020833333333333 0.573828125 0.49270833333333336 0.573828125 0.47604166666666664 0.573828125 0.46875 0.580078125 0.4864583333333333 0.589453125 0.48020833333333335 0.595703125 0.4739583333333333 0.600390625 0.46979166666666666 0.604296875 0.4635416666666667 0.598828125 0.4583333333333333 0.602734375 0.4510416666666667 0.612109375 0.4510416666666667 0.616796875 0.4552083333333333 0.625390625 0.4479166666666667
0 0.612890625 0.6291666666666667 0.621484375 0.6364583333333333 0.622265625 0.646875 0.616015625 0.6614583333333334 0.612890625 0.6729166666666667 0.608984375 0.6833333333333333 0.601171875 0.69375 0.593359375 0.696875 0.582421875 0.69375 0.573828125 0.6916666666666667 0.567578125 0.684375 0.560546875 0.6708333333333333 0.558203125 0.653125 0.572265625 0.6520833333333333 0.582421875 0.646875 0.587109375 0.6385416666666667 0.596484375 0.6447916666666667 0.603515625 0.65625 0.612109375 0.6541666666666667 0.614453125 0.6416666666666667
0 0.704296875 0.4427083333333333 0.706640625 0.45729166666666665 0.705078125 0.465625 0.710546875 0.475 0.719140625 0.48125 0.733203125 0.49375 0.745703125 0.49895833333333334 0.758203125 0.5020833333333333 0.767578125 0.49166666666666664 0.775390625 0.48020833333333335 0.779296875 0.465625 0.788671875 0.4510416666666667 0.788671875 0.4427083333333333 0.778515625 0.43854166666666666 0.780859375 0.4625 0.767578125 0.46041666666666664 0.749609375 0.44479166666666664 0.744921875 0.4427083333333333 0.730078125 0.465625 0.725390625 0.46145833333333336 0.719921875 0.4510416666666667 0.720703125 0.4395833333333333
0 0.891015625 0.30625 0.896484375 0.3229166666666667 0.898046875 0.33541666666666664 0.897265625 0.34479166666666666 0.891796875 0.36770833333333336 0.881640625 0.384375 0.883203125 0.39895833333333336 0.880859375 0.409375 0.875390625 0.41770833333333335 0.863671875 0.41875 0.844921875 0.41354166666666664 0.834765625 0.4 0.826171875 0.39375 0.826953125 0.378125 0.828515625 0.35208333333333336 0.834765625 0.3458333333333333 0.851171875 0.3489583333333333 0.856640625 0.3385416666666667 0.858203125 0.32916666666666666 0.861328125 0.31979166666666664 0.872265625 0.315625
0 0.875390625 0.5083333333333333 0.880078125 0.51875 0.880859375 0.5354166666666667 0.872265625 0.5645833333333333 0.858984375 0.590625 0.853515625 0.6020833333333333 0.844140625 0.609375 0.832421875 0.6010416666666667 0.816015625 0.5854166666666667 0.809765625 0.5677083333333334 0.798828125 0.5583333333333333 0.792578125 0.5479166666666667 0.801171875 0.540625 0.812109375 0.5322916666666667 0.818359375 0.5260416666666666 0.835546875 0.534375 0.841796875 0.5208333333333334 0.854296875 0.5114583333333333