0 0.28375345303867405 0.44014732965009207 0.13294198895027623 0.15768876611418048
0 0.2561291436464089 0.613950276243094 0.11740331491712715 0.16229281767955803
0 0.21037638121546962 0.76179788213628 0.13639502762430938 0.14963167587476983
0 0.4982734806629835 0.5587016574585636 0.1148135359116024 0.1461786372007367
0 0.5129488950276243 0.683011049723757 0.10272790055248623 0.12315837937384894
0 0.6182665745856354 0.6691988950276245 0.11136049723756916 0.13927255985267037
0 0.8228591160220994 0.5702117863720074 0.10100138121546962 0.12546040515653764
0 0.8772444751381215 0.650207182320442 0.10790745856353574 0.10589318600368322
0 0.9336584944751382 0.6386970534069983 0.0757078729281769 0.13121546961325994
0 0.9247237569060773 0.7762430939226521 0.11654005524861866 0.11625230202578246
0 0.9536041091160221 0.689341620626151 0.08966678176795587 0.12200736648250464
0 0.7762430939226519 0.689341620626151 0.13207872928176806 0.13581952117863724
0 0.7581146408839778 0.7532228360957643 0.10272790055248607 0.11625230202578282
0 0.9730188190607734 0.5676844276809747 0.050837361878453 0.09968745573027361
0 0.2759375 0.4083333333333333 0.2815625 0.4029166666666667 0.2934375 0.40249999999999997 0.3021875 0.40625 0.31437499999999996 0.41833333333333333 0.32625000000000004 0.4379166666666666 0.333125 0.45125 0.34249999999999997 0.46208333333333335 0.35031249999999997 0.48041666666666666 0.34875 0.49125 0.3434375 0.5025 0.3303125 0.50625 0.31656249999999997 0.50625 0.3075 0.51 0.289375 0.5170833333333333 0.275 0.5195833333333334 0.26437499999999997 0.515 0.2578125 0.5095833333333333 0.2484375 0.49375 0.24562499999999998 0.48791666666666667 0.24718749999999998 0.47541666666666665 0.253125 0.45916666666666667 0.25968749999999996 0.44916666666666666
0 0.2621875 0.5608333333333333 0.2521875 0.5679166666666667 0.2403125 0.5670833333333333 0.21812499999999999 0.57375 0.20875 0.5862499999999999 0.20750000000000002 0.6058333333333333 0.21156250000000001 0.6266666666666667 0.22374999999999998 0.64625 0.2375 0.6608333333333333 0.24125000000000002 0.66875 0.248125 0.66875 0.2521875 0.6787500000000001 0.26156250000000003 0.6891666666666667 0.26875 0.6962499999999999 0.2784375 0.6929166666666667 0.2846875 0.6804166666666667 0.2884375 0.6729166666666667 0.288125 0.6649999999999999 0.29500000000000004 0.6554166666666668 0.2946875 0.6408333333333334 0.30062500000000003 0.6283333333333334 0.3046875 0.615 0.3078125 0.6004166666666666 0.30625 0.5850000000000001 0.301875 0.575 0.2953125 0.5670833333333333 0.29031250000000003 0.56625 0.29031250000000003 0.58125 0.286875 0.5954166666666667 0.280625 0.6033333333333334 0.274375 0.60625 0.2671875 0.59625 0.263125 0.5858333333333333 0.260625 0.5741666666666667
0 0.175 0.7366666666666667 0.15812500000000002 0.7383333333333333 0.150625 0.7529166666666666 0.1446875 0.7666666666666667 0.14625 0.7825000000000001 0.15531250000000002 0.80875 0.16375 0.8304166666666667 0.1746875 0.8358333333333333 0.18843749999999998 0.8320833333333333 0.198125 0.8258333333333333 0.2071875 0.8208333333333333 0.2225 0.8158333333333334 0.231875 0.8037500000000001 0.23093750000000002 0.7975 0.21875 0.7866666666666667 0.2146875 0.7995833333333333 0.2078125 0.8075 0.19718750000000002 0.8166666666666667 0.1915625 0.8191666666666666 0.1871875 0.8 0.190625 0.7829166666666667 0.19125 0.7720833333333333 0.1896875 0.7679166666666667 0.17625 0.7670833333333333 0.1675 0.7629166666666667 0.1609375 0.7591666666666667
0 0.49093749999999997 0.5125 0.47531249999999997 0.5141666666666667 0.46218750000000003 0.5233333333333333 0.45218749999999996 0.5433333333333333 0.44718749999999996 0.5591666666666666 0.44406249999999997 0.57625 0.4446875 0.5916666666666667 0.45 0.6004166666666666 0.45406250000000004 0.6091666666666666 0.45906250000000004 0.6220833333333334 0.4646875 0.6270833333333333 0.4771875 0.6304166666666667 0.4878125 0.6283333333333334 0.5025000000000001 0.6225 0.516875 0.6129166666666667 0.52625 0.6041666666666666 0.5315624999999999 0.5958333333333333 0.5325 0.5908333333333334 0.52625 0.5870833333333334 0.5175 0.5775 0.5134375 0.5670833333333333 0.5084375 0.5579166666666667 0.5028125 0.5404166666666667 0.4959375 0.5366666666666667 0.4796875 0.5291666666666667 0.468125 0.52625 0.4640625 0.525 0.47406249999999994 0.5175
0 0.531875 0.6466666666666666 0.5178125 0.6262500000000001 0.505 0.6241666666666668 0.4915625 0.6308333333333334 0.48 0.6429166666666667 0.47562499999999996 0.6520833333333333 0.4728125 0.6645833333333333 0.4703125 0.675 0.46749999999999997 0.6870833333333334 0.4684375 0.69375 0.4646875 0.7008333333333333 0.4609375 0.71375 0.46312499999999995 0.7325 0.47000000000000003 0.7412500000000001 0.480625 0.7429166666666667 0.490625 0.7408333333333333 0.5025000000000001 0.74 0.514375 0.7379166666666667 0.52625 0.7379166666666667 0.5371875 0.72875 0.5465625000000001 0.7204166666666667 0.5503125 0.7129166666666666 0.5509375000000001 0.6966666666666667 0.5493750000000001 0.6829166666666667 0.5425 0.6637500000000001
0 0.623125 0.6108333333333333 0.6025 0.61875 0.5912499999999999 0.63125 0.5871875 0.64625 0.5875 0.6725 0.59875 0.6929166666666667 0.61375 0.7083333333333334 0.6246875000000001 0.7195833333333332 0.6331249999999999 0.7295833333333334 0.6434375 0.7375 0.65125 0.73875 0.6599999999999999 0.7229166666666667 0.661875 0.7054166666666667 0.6643749999999999 0.68375 0.6721874999999999 0.6629166666666666 0.6703125 0.645 0.666875 0.63125 0.66125 0.6225 0.6484375 0.6141666666666666 0.635625 0.6108333333333333 0.62625 0.61125
0 0.7303124999999999 0.7429166666666667 0.7203125 0.7475 0.719375 0.7604166666666666 0.7315625 0.7775 0.7428125 0.7970833333333334 0.7546875 0.8070833333333333 0.7709374999999999 0.8116666666666668 0.7815624999999999 0.8020833333333334 0.7934375 0.7991666666666667 0.8009375000000001 0.7879166666666666 0.8071875000000001 0.7658333333333334 0.8053125 0.745 0.805 0.7404166666666666 0.7996875 0.7525 0.7887500000000001 0.75625 0.780625 0.7533333333333334 0.779375 0.7620833333333333 0.7784375 0.7716666666666666 0.774375 0.7779166666666666 0.7671875 0.7779166666666666 0.7559375 0.765 0.7503124999999999 0.7558333333333334 0.7434375 0.7629166666666667 0.733125 0.77125 0.728125 0.7533333333333334
0 0.7262500000000001 0.66 0.7284375 0.685 0.735625 0.7016666666666667 0.7546875 0.7254166666666666 0.7765625 0.7475 0.7871875 0.7570833333333333 0.7990625 0.7545833333333333 0.8053125 0.7408333333333333 0.8128125 0.7158333333333334 0.81375 0.7058333333333333 0.81875 0.70125 0.8215625 0.6895833333333333 0.8259375 0.6758333333333333 0.825 0.6620833333333334 0.8159375000000001 0.65875 0.8150000000000001 0.6679166666666667 0.80625 0.6683333333333333 0.791875 0.6616666666666667 0.7828125 0.6516666666666667 0.778125 0.6595833333333334 0.77 0.6691666666666667 0.7615624999999999 0.6695833333333333 0.75625 0.6608333333333333 0.7496875000000001 0.6545833333333333 0.75125 0.6475000000000001 0.746875 0.6520833333333333 0.743125 0.6608333333333333 0.7384375000000001 0.6666666666666666 0.7340625000000001 0.6695833333333333 0.7315625 0.6704166666666667
0 0.7915625000000001 0.5283333333333333 0.7784375 0.5358333333333333 0.7765625 0.5441666666666667 0.7728125 0.5583333333333333 0.7728125 0.57375 0.7765625 0.5983333333333333 0.7775000000000001 0.61 0.776875 0.6191666666666666 0.778125 0.6233333333333333 0.786875 0.6220833333333334 0.796875 0.6275 0.8106249999999999 0.63125 0.8209375 0.6241666666666668 0.8271875 0.6216666666666666 0.8387499999999999 0.6179166666666667 0.8534375000000001 0.60625 0.859375 0.5975 0.85625 0.5904166666666666 0.8471875000000001 0.5754166666666667 0.8459375 0.56625 0.840625 0.55875 0.8328125 0.5516666666666666 0.8256249999999999 0.55 0.819375 0.5429166666666667 0.8099999999999999 0.5366666666666667
0 0.860625 0.5970833333333334 0.875625 0.6045833333333334 0.8915625 0.6204166666666667 0.9037499999999999 0.6308333333333334 0.9071875 0.6475000000000001 0.9046875 0.6649999999999999 0.8965624999999999 0.6825 0.8840625 0.6916666666666667 0.87625 0.6962499999999999 0.8659375 0.6958333333333333 0.85875 0.6954166666666667 0.851875 0.70125 0.843125 0.7045833333333333 0.8306250000000001 0.69875 0.8234375 0.6908333333333334 0.8240624999999999 0.6825 0.8262499999999999 0.6683333333333333 0.8265625 0.6616666666666667 0.84375 0.66125 0.8387499999999999 0.6533333333333334 0.83125 0.6445833333333333 0.8240624999999999 0.6425 0.8262499999999999 0.6233333333333333 0.840625 0.6170833333333333 0.8550000000000001 0.605
0 0.8971875 0.6174999999999999 0.9140625 0.61125 0.9290625 0.6054166666666667 0.93625 0.6041666666666666 0.9603125 0.6229166666666667 0.960625 0.61375 0.9534375 0.6058333333333333 0.9571875000000001 0.6045833333333334 0.9724999999999999 0.63625 0.9706250000000001 0.6533333333333334 0.9668749999999999 0.6649999999999999 0.9675 0.6862499999999999 0.9634375000000001 0.70125 0.9440625 0.70375 0.9328125 0.7020833333333333 0.925 0.6870833333333334 0.9175000000000001 0.6770833333333334 0.905 0.6695833333333333 0.90625 0.6545833333333333 0.9134375 0.6558333333333334 0.9090624999999999 0.64375 0.9375 0.6720833333333334 0.9106249999999999 0.6404166666666666 0.9246874999999999 0.6487499999999999 0.9296875 0.6479166666666667
0 0.97875 0.5575 0.9690625 0.5679166666666667 0.9625 0.5716666666666667 0.961875 0.5820833333333333 0.9659375000000001 0.58875 0.975625 0.5995833333333334 0.9878125000000001 0.6070833333333333 0.9984375 0.6104385964912281 0.9984375 0.54875 0.9953125 0.5591666666666666 0.9824999999999999 0.55875
0 0.9887499999999999 0.6862499999999999 0.9984375 0.6870328282828283 0.9984375 0.7495833333333334 0.9821875 0.74 0.9668749999999999 0.7341666666666666 0.9568749999999999 0.7270833333333333 0.9481249999999999 0.7174999999999999 0.9459375 0.7116666666666667 0.9528125 0.7045833333333333 0.9634375000000001 0.70375 0.9784375000000001 0.7045833333333333
0 0.9025000000000001 0.76375 0.8884375 0.7691666666666667 0.8821875 0.7708333333333334 0.8796875 0.7745833333333334 0.89 0.7904166666666667 0.9090624999999999 0.8075 0.9246874999999999 0.8195833333333333 0.9415625000000001 0.83375 0.9525 0.8325 0.9574999999999999 0.8291666666666667 0.9590624999999999 0.8079166666666667 0.9615625 0.79375 0.9653124999999999 0.7795833333333333 0.9662499999999999 0.7666666666666667 0.9568749999999999 0.7558333333333334 0.945625 0.7508333333333332 0.9565625000000001 0.7633333333333333 0.9596875 0.77625 0.9540625 0.7795833333333333 0.929375 0.7595833333333334 0.9153125 0.7729166666666667 0.9037499999999999 0.7737499999999999