0 0.23800872093023256 0.5503875968992248 0.09302325581395347 0.14341085271317838
0 0.3034156976744186 0.3909883720930233 0.09156976744186052 0.14437984496124034
0 0.3397529069767442 0.3057170542635659 0.09302325581395351 0.10755813953488375
0 0.5094476744186047 0.376453488372093 0.08357558139534885 0.125
0 0.5323401162790697 0.45639534883720934 0.09011627906976738 0.12403100775193797
0 0.640625 0.4408914728682171 0.08139534883720927 0.10658914728682169
0 0.7732558139534883 0.4011627906976744 0.08793604651162798 0.12209302325581396
0 0.7863372093023255 0.5150193798449613 0.08938953488372103 0.125
0 0.8626453488372092 0.4181201550387597 0.0821220930232558 0.10755813953488372
0 0.8012354651162792 0.3546511627906977 0.06540697674418591 0.07558139534883719
0 0.9645167151162791 0.33578003875969 0.06784156976744189 0.10760658914728681
0 0.9309593023255814 0.43168604651162795 0.06758720930232567 0.10174418604651159
0 0.9765079941860465 0.4710998062015504 0.04385901162790695 0.09530038759689922
0 0.96015625 0.5876453488372093 0.0765625 0.09970930232558134
0 0.303125 0.2916666666666667 0.303125 0.29791666666666666 0.30625 0.3020833333333333 0.30625 0.30416666666666664 0.3109375 0.3104166666666667 0.3109375 0.3125 0.3125 0.3145833333333333 0.3125 0.31875 0.3140625 0.32083333333333336 0.3140625 0.3333333333333333 0.315625 0.33541666666666664 0.3171875 0.33541666666666664 0.31875 0.3375 0.31875 0.33958333333333335 0.3265625 0.35 0.3296875 0.35 0.33125 0.35208333333333336 0.334375 0.35208333333333336 0.3359375 0.3541666666666667 0.346875 0.3541666666666667 0.3484375 0.35208333333333336 0.353125 0.35208333333333336 0.3546875 0.35 0.3578125 0.35 0.359375 0.34791666666666665 0.3640625 0.34791666666666665 0.365625 0.3458333333333333 0.371875 0.3458333333333333 0.3734375 0.34375 0.375 0.34375 0.3765625 0.3416666666666667 0.378125 0.3416666666666667 0.3796875 0.33958333333333335 0.38125 0.33958333333333335 0.38125 0.3375 0.3828125 0.33541666666666664 0.3828125 0.3229166666666667 0.38125 0.32083333333333336 0.38125 0.31875 0.375 0.3104166666666667 0.375 0.30833333333333335 0.371875 0.30416666666666664 0.371875 0.3020833333333333 0.3703125 0.3 0.36875 0.3 0.3625 0.2916666666666667 0.3625 0.28958333333333336 0.359375 0.28541666666666665 0.359375 0.2833333333333333 0.3578125 0.28125 0.3578125 0.2791666666666667 0.3484375 0.26666666666666666 0.346875 0.26666666666666666 0.34375 0.2625 0.340625 0.2625 0.3390625 0.2604166666666667 0.3265625 0.2604166666666667 0.325 0.2625 0.3234375 0.2625 0.321875 0.26458333333333334 0.3203125 0.26458333333333334 0.3109375 0.27708333333333335 0.3109375 0.2791666666666667 0.30625 0.28541666666666665 0.30625 0.2875
0 0.2875 0.34375 0.28125 0.35208333333333336 0.2796875 0.35208333333333336 0.278125 0.3541666666666667 0.2765625 0.3541666666666667 0.26875 0.3645833333333333 0.26875 0.36666666666666664 0.2640625 0.3729166666666667 0.2640625 0.3770833333333333 0.2625 0.37916666666666665 0.2625 0.40208333333333335 0.2640625 0.4041666666666667 0.2640625 0.4083333333333333 0.265625 0.41041666666666665 0.265625 0.41458333333333336 0.2671875 0.4166666666666667 0.2671875 0.41875 0.2734375 0.4270833333333333 0.2734375 0.42916666666666664 0.275 0.42916666666666664 0.2765625 0.43125 0.278125 0.43125 0.2828125 0.4375 0.284375 0.4375 0.2921875 0.4479166666666667 0.29375 0.4479166666666667 0.3 0.45625 0.3015625 0.45625 0.303125 0.4583333333333333 0.3046875 0.4583333333333333 0.30625 0.46041666666666664 0.3078125 0.46041666666666664 0.309375 0.4625 0.3171875 0.4625 0.321875 0.45625 0.3234375 0.45625 0.3265625 0.45208333333333334 0.3265625 0.45 0.328125 0.4479166666666667 0.328125 0.44583333333333336 0.3296875 0.44375 0.3296875 0.44166666666666665 0.3328125 0.4375 0.3328125 0.4354166666666667 0.334375 0.43333333333333335 0.334375 0.42916666666666664 0.3359375 0.4270833333333333 0.3359375 0.425 0.3375 0.42291666666666666 0.3375 0.42083333333333334 0.3421875 0.41458333333333336 0.3421875 0.4125 0.3453125 0.4083333333333333 0.3453125 0.4041666666666667 0.346875 0.40208333333333335 0.346875 0.3729166666666667 0.340625 0.3645833333333333 0.3390625 0.3645833333333333 0.3375 0.3625 0.334375 0.3625 0.3328125 0.36041666666666666 0.321875 0.36041666666666666 0.31875 0.35625 0.3171875 0.35625 0.3109375 0.34791666666666665 0.3109375 0.3458333333333333 0.309375 0.34375
0 0.2234375 0.4875 0.2203125 0.4875 0.215625 0.49375 0.2125 0.49375 0.2109375 0.49583333333333335 0.209375 0.49583333333333335 0.2078125 0.4979166666666667 0.20625 0.4979166666666667 0.2046875 0.5 0.203125 0.5 0.196875 0.5083333333333333 0.1953125 0.5083333333333333 0.1921875 0.5125 0.1921875 0.5458333333333333 0.19375 0.5479166666666667 0.19375 0.5520833333333334 0.1953125 0.5541666666666667 0.1953125 0.55625 0.196875 0.5583333333333333 0.196875 0.5770833333333333 0.1953125 0.5791666666666667 0.1953125 0.5833333333333334 0.196875 0.5854166666666667 0.196875 0.6 0.1984375 0.6020833333333333 0.1984375 0.6041666666666666 0.2 0.60625 0.2 0.6083333333333333 0.203125 0.6125 0.2046875 0.6125 0.20625 0.6145833333333334 0.209375 0.6145833333333334 0.2109375 0.6166666666666667 0.2125 0.6166666666666667 0.2140625 0.6145833333333334 0.21875 0.6145833333333334 0.2203125 0.6125 0.2234375 0.6125 0.225 0.6104166666666667 0.2265625 0.6104166666666667 0.228125 0.6083333333333333 0.2296875 0.6083333333333333 0.23125 0.60625 0.2328125 0.60625 0.2359375 0.6020833333333333 0.2375 0.6020833333333333 0.2390625 0.6 0.240625 0.6 0.24375 0.5958333333333333 0.2453125 0.5958333333333333 0.25 0.5895833333333333 0.2515625 0.5895833333333333 0.253125 0.5875 0.2546875 0.5875 0.25625 0.5854166666666667 0.2578125 0.5854166666666667 0.2640625 0.5770833333333333 0.265625 0.5770833333333333 0.275 0.5645833333333333 0.275 0.5625 0.278125 0.5583333333333333 0.278125 0.55625 0.2796875 0.5541666666666667 0.2796875 0.5520833333333334 0.28125 0.55 0.28125 0.5395833333333333 0.2828125 0.5375 0.28125 0.5354166666666667 0.28125 0.5333333333333333 0.2796875 0.53125 0.278125 0.53125 0.2765625 0.5291666666666667 0.275 0.5291666666666667 0.2734375 0.5270833333333333 0.271875 0.5270833333333333 0.2703125 0.525 0.26875 0.525 0.2671875 0.5229166666666667 0.25625 0.5229166666666667 0.2546875 0.5208333333333334 0.2453125 0.5208333333333334 0.24375 0.51875 0.2421875 0.51875 0.240625 0.5166666666666667 0.2390625 0.5166666666666667 0.2359375 0.5125 0.2359375 0.5083333333333333 0.234375 0.50625 0.234375 0.49583333333333335 0.23125 0.49166666666666664 0.2296875 0.49166666666666664 0.228125 0.4895833333333333 0.225 0.4895833333333333
0 0.515625 0.3375 0.5125 0.3375 0.5109375 0.33541666666666664 0.5015625 0.33541666666666664 0.5 0.3333333333333333 0.4953125 0.3333333333333333 0.49375 0.33541666666666664 0.490625 0.33541666666666664 0.4890625 0.3375 0.4875 0.3375 0.4859375 0.33958333333333335 0.484375 0.33958333333333335 0.48125 0.34375 0.48125 0.3458333333333333 0.4796875 0.34791666666666665 0.4796875 0.35 0.478125 0.35208333333333336 0.478125 0.3541666666666667 0.475 0.35833333333333334 0.475 0.36041666666666666 0.4734375 0.3625 0.4734375 0.3645833333333333 0.471875 0.36666666666666664 0.471875 0.36875 0.4703125 0.37083333333333335 0.4703125 0.375 0.46875 0.3770833333333333 0.46875 0.38125 0.4671875 0.38333333333333336 0.4671875 0.40208333333333335 0.46875 0.4041666666666667 0.46875 0.40625 0.4703125 0.4083333333333333 0.4703125 0.41041666666666665 0.4796875 0.42291666666666666 0.4796875 0.425 0.484375 0.43125 0.4875 0.43125 0.4890625 0.43333333333333335 0.4984375 0.43333333333333335 0.5 0.43125 0.5015625 0.43125 0.5015625 0.42916666666666664 0.5046875 0.425 0.50625 0.425 0.5171875 0.41041666666666665 0.5171875 0.40625 0.521875 0.4 0.5359375 0.4 0.5359375 0.39791666666666664 0.5375 0.3958333333333333 0.5375 0.39166666666666666 0.5390625 0.38958333333333334 0.5390625 0.3875 0.540625 0.3854166666666667 0.540625 0.38333333333333336 0.5421875 0.38125 0.5421875 0.3770833333333333 0.5390625 0.3729166666666667 0.5390625 0.37083333333333335 0.5359375 0.36666666666666664 0.5359375 0.3645833333333333 0.5328125 0.36041666666666666 0.5296875 0.36041666666666666 0.521875 0.35 0.521875 0.34791666666666665 0.51875 0.34375 0.51875 0.3416666666666667
0 0.51875 0.4125 0.515625 0.4166666666666667 0.5140625 0.4166666666666667 0.503125 0.43125 0.503125 0.43333333333333335 0.5015625 0.4354166666666667 0.5015625 0.4375 0.5 0.4395833333333333 0.5 0.44375 0.4984375 0.44583333333333336 0.4984375 0.4479166666666667 0.496875 0.45 0.496875 0.45625 0.4953125 0.4583333333333333 0.4953125 0.4625 0.49375 0.46458333333333335 0.49375 0.47291666666666665 0.4921875 0.475 0.4921875 0.48333333333333334 0.490625 0.48541666666666666 0.490625 0.4895833333333333 0.4890625 0.49166666666666664 0.4890625 0.4979166666666667 0.490625 0.5 0.490625 0.5041666666666667 0.4921875 0.50625 0.4921875 0.5083333333333333 0.49375 0.5104166666666666 0.4953125 0.5104166666666666 0.496875 0.5125 0.4984375 0.5125 0.5 0.5145833333333333 0.5359375 0.5145833333333333 0.5375 0.5125 0.5484375 0.5125 0.55 0.5104166666666666 0.5546875 0.5104166666666666 0.55625 0.5083333333333333 0.5578125 0.5083333333333333 0.559375 0.50625 0.5609375 0.50625 0.5703125 0.49375 0.5703125 0.49166666666666664 0.571875 0.4895833333333333 0.571875 0.4625 0.5703125 0.46041666666666664 0.5703125 0.45625 0.56875 0.45416666666666666 0.56875 0.4479166666666667 0.5671875 0.44583333333333336 0.5671875 0.44375 0.565625 0.44166666666666665 0.565625 0.4395833333333333 0.5640625 0.4375 0.5640625 0.4354166666666667 0.5609375 0.43125 0.5609375 0.42916666666666664 0.55625 0.42291666666666666 0.55625 0.42083333333333334 0.5546875 0.41875 0.553125 0.41875 0.55 0.41458333333333336 0.5484375 0.41458333333333336 0.546875 0.4125
0 0.628125 0.38958333333333334 0.6265625 0.39166666666666666 0.625 0.39166666666666666 0.6234375 0.39375 0.621875 0.39375 0.615625 0.40208333333333335 0.6140625 0.40208333333333335 0.6140625 0.4041666666666667 0.6109375 0.4083333333333333 0.6109375 0.41041666666666665 0.609375 0.4125 0.609375 0.41458333333333336 0.60625 0.41875 0.60625 0.42083333333333334 0.6046875 0.42291666666666666 0.6046875 0.425 0.603125 0.4270833333333333 0.603125 0.43125 0.6015625 0.43333333333333335 0.6015625 0.4395833333333333 0.6 0.44166666666666665 0.6 0.45416666666666666 0.6046875 0.46041666666666664 0.6046875 0.4625 0.609375 0.46875 0.6109375 0.46875 0.61875 0.4791666666666667 0.6203125 0.4791666666666667 0.621875 0.48125 0.621875 0.48333333333333334 0.6234375 0.48333333333333334 0.625 0.48541666666666666 0.628125 0.48541666666666666 0.6296875 0.4875 0.634375 0.4875 0.6359375 0.4895833333333333 0.65 0.4895833333333333 0.6515625 0.4875 0.653125 0.4875 0.6546875 0.48541666666666666 0.65625 0.48541666666666666 0.6578125 0.48333333333333334 0.6609375 0.48333333333333334 0.6625 0.48125 0.6640625 0.48125 0.665625 0.4791666666666667 0.6671875 0.4791666666666667 0.66875 0.47708333333333336 0.6703125 0.47708333333333336 0.6734375 0.47291666666666665 0.6734375 0.4708333333333333 0.675 0.46875 0.675 0.4666666666666667 0.6765625 0.46458333333333335 0.6765625 0.45 0.678125 0.4479166666666667 0.678125 0.42291666666666666 0.6765625 0.42083333333333334 0.6765625 0.41875 0.6734375 0.41458333333333336 0.6734375 0.4125 0.671875 0.41041666666666665 0.671875 0.4083333333333333 0.6640625 0.39791666666666664 0.6625 0.39791666666666664 0.6609375 0.3958333333333333 0.659375 0.3958333333333333 0.6578125 0.39375 0.65625 0.39375 0.6546875 0.39166666666666666 0.6515625 0.39166666666666666 0.65 0.38958333333333334
0 0.74375 0.3645833333333333 0.734375 0.3770833333333333 0.734375 0.37916666666666665 0.7328125 0.38125 0.7328125 0.38333333333333336 0.73125 0.3854166666666667 0.73125 0.3875 0.7296875 0.38958333333333334 0.7296875 0.39166666666666666 0.728125 0.39375 0.728125 0.4041666666666667 0.7296875 0.40625 0.7296875 0.4125 0.7359375 0.42083333333333334 0.7359375 0.42291666666666666 0.7390625 0.4270833333333333 0.7390625 0.42916666666666664 0.74375 0.4354166666666667 0.7453125 0.4354166666666667 0.7484375 0.4395833333333333 0.75 0.4395833333333333 0.7515625 0.44166666666666665 0.75625 0.44166666666666665 0.7578125 0.44375 0.7609375 0.44375 0.7625 0.44583333333333336 0.7640625 0.44583333333333336 0.765625 0.4479166666666667 0.76875 0.4479166666666667 0.7703125 0.45 0.771875 0.45 0.7734375 0.45208333333333334 0.778125 0.45208333333333334 0.78125 0.45625 0.7828125 0.45625 0.784375 0.4583333333333333 0.7859375 0.4583333333333333 0.7875 0.46041666666666664 0.7921875 0.46041666666666664 0.79375 0.4625 0.8 0.4625 0.8015625 0.46041666666666664 0.803125 0.46041666666666664 0.8046875 0.4583333333333333 0.80625 0.4583333333333333 0.809375 0.45416666666666666 0.809375 0.45 0.8109375 0.4479166666666667 0.8125 0.4479166666666667 0.8125 0.40625 0.815625 0.40208333333333335 0.815625 0.39791666666666664 0.8140625 0.3958333333333333 0.8140625 0.39375 0.8125 0.39166666666666666 0.8125 0.375 0.8109375 0.3729166666666667 0.8109375 0.37083333333333335 0.80625 0.3645833333333333 0.80625 0.3625 0.8 0.3541666666666667 0.7984375 0.3541666666666667 0.796875 0.35208333333333336 0.79375 0.35208333333333336 0.7921875 0.35 0.775 0.35 0.7734375 0.34791666666666665 0.771875 0.34791666666666665 0.7703125 0.35 0.7640625 0.35 0.7625 0.35208333333333336 0.7609375 0.35208333333333336 0.759375 0.3541666666666667 0.7578125 0.3541666666666667 0.75625 0.35625 0.7546875 0.35625 0.753125 0.35833333333333334 0.7515625 0.35833333333333334 0.75 0.36041666666666666 0.7484375 0.36041666666666666 0.7453125 0.3645833333333333
0 0.7671875 0.3375 0.7671875 0.33958333333333335 0.7703125 0.34375 0.775 0.34375 0.7765625 0.3416666666666667 0.7859375 0.3416666666666667 0.7875 0.34375 0.7890625 0.34375 0.790625 0.3458333333333333 0.79375 0.3458333333333333 0.7953125 0.34791666666666665 0.796875 0.34791666666666665 0.8078125 0.3625 0.8078125 0.3645833333333333 0.8140625 0.3729166666666667 0.8140625 0.375 0.815625 0.3770833333333333 0.815625 0.39166666666666666 0.8140625 0.39375 0.8140625 0.40208333333333335 0.815625 0.40208333333333335 0.8171875 0.4 0.81875 0.4 0.8203125 0.39791666666666664 0.821875 0.39791666666666664 0.83125 0.3854166666666667 0.83125 0.38333333333333336 0.834375 0.37916666666666665 0.834375 0.3770833333333333 0.8359375 0.375 0.8359375 0.36041666666666666 0.834375 0.35833333333333334 0.834375 0.3541666666666667 0.8328125 0.35208333333333336 0.8328125 0.35 0.825 0.33958333333333335 0.8234375 0.33958333333333335 0.821875 0.3375 0.8203125 0.3375 0.81875 0.33541666666666664 0.8171875 0.33541666666666664 0.8140625 0.33125 0.809375 0.33125 0.8078125 0.32916666666666666 0.80625 0.32916666666666666 0.8046875 0.32708333333333334 0.803125 0.32708333333333334 0.8015625 0.325 0.784375 0.325 0.7828125 0.32708333333333334 0.78125 0.32708333333333334 0.7796875 0.32916666666666666 0.7765625 0.32916666666666666 0.775 0.33125 0.7734375 0.33125 0.771875 0.3333333333333333 0.7703125 0.3333333333333333
0 0.8078125 0.4666666666666667 0.7984375 0.4666666666666667 0.7953125 0.4708333333333333 0.7953125 0.47708333333333336 0.790625 0.48333333333333334 0.7875 0.48333333333333334 0.7859375 0.48541666666666666 0.78125 0.48541666666666666 0.7796875 0.4875 0.7703125 0.4875 0.76875 0.48541666666666666 0.7578125 0.5 0.75625 0.5 0.7546875 0.5020833333333333 0.7515625 0.5020833333333333 0.7453125 0.5104166666666666 0.7453125 0.5125 0.74375 0.5145833333333333 0.74375 0.5208333333333334 0.7453125 0.5229166666666667 0.7453125 0.525 0.746875 0.5270833333333333 0.746875 0.5291666666666667 0.75 0.5333333333333333 0.75 0.5354166666666667 0.765625 0.55625 0.7671875 0.55625 0.7734375 0.5645833333333333 0.7765625 0.5645833333333333 0.778125 0.5666666666666667 0.7796875 0.5666666666666667 0.78125 0.56875 0.7828125 0.56875 0.784375 0.5708333333333333 0.7859375 0.5708333333333333 0.7875 0.5729166666666666 0.7890625 0.5729166666666666 0.790625 0.575 0.8046875 0.575 0.8078125 0.5708333333333333 0.809375 0.5708333333333333 0.81875 0.5583333333333333 0.8203125 0.5583333333333333 0.821875 0.55625 0.8234375 0.55625 0.828125 0.55 0.828125 0.5479166666666667 0.8296875 0.5458333333333333 0.8296875 0.54375 0.83125 0.5416666666666666 0.83125 0.5145833333333333 0.8296875 0.5125 0.8296875 0.5041666666666667 0.828125 0.5020833333333333 0.828125 0.4979166666666667 0.8265625 0.49583333333333335 0.8265625 0.49166666666666664 0.825 0.4895833333333333 0.825 0.4875 0.8234375 0.48541666666666666 0.8234375 0.48333333333333334 0.8125 0.46875 0.809375 0.46875
0 0.825 0.40625 0.825 0.4083333333333333 0.8234375 0.41041666666666665 0.8234375 0.4125 0.821875 0.41458333333333336 0.821875 0.42083333333333334 0.8203125 0.42291666666666666 0.8203125 0.4270833333333333 0.821875 0.42916666666666664 0.821875 0.4354166666666667 0.8234375 0.4375 0.8234375 0.4395833333333333 0.825 0.44166666666666665 0.825 0.44375 0.8265625 0.44583333333333336 0.8265625 0.4479166666666667 0.828125 0.45 0.828125 0.45416666666666666 0.8296875 0.45625 0.8296875 0.46041666666666664 0.8328125 0.46458333333333335 0.8328125 0.4666666666666667 0.8375 0.47291666666666665 0.8390625 0.47291666666666665 0.840625 0.475 0.85625 0.475 0.8578125 0.47291666666666665 0.8625 0.47291666666666665 0.8640625 0.4708333333333333 0.865625 0.4708333333333333 0.8671875 0.46875 0.8703125 0.46875 0.871875 0.4666666666666667 0.8734375 0.4666666666666667 0.875 0.46458333333333335 0.878125 0.46458333333333335 0.8796875 0.4625 0.8828125 0.4625 0.884375 0.46041666666666664 0.8859375 0.46041666666666664 0.8890625 0.45625 0.890625 0.45625 0.8984375 0.44583333333333336 0.8984375 0.44375 0.9 0.44166666666666665 0.9 0.4375 0.9015625 0.4354166666666667 0.9015625 0.42916666666666664 0.9 0.4270833333333333 0.9 0.42291666666666666 0.8984375 0.42083333333333334 0.8984375 0.4166666666666667 0.896875 0.41458333333333336 0.896875 0.41041666666666665 0.8953125 0.4083333333333333 0.8953125 0.40625 0.89375 0.4041666666666667 0.89375 0.4 0.8921875 0.39791666666666664 0.8921875 0.3958333333333333 0.8890625 0.39166666666666666 0.8875 0.39166666666666666 0.8859375 0.38958333333333334 0.884375 0.38958333333333334 0.88125 0.3854166666666667 0.8796875 0.3854166666666667 0.878125 0.38333333333333336 0.8671875 0.38333333333333336 0.865625 0.38125 0.846875 0.38125 0.8453125 0.38333333333333336 0.84375 0.38333333333333336 0.8421875 0.3854166666666667 0.840625 0.3854166666666667 0.83125 0.39791666666666664 0.8296875 0.39791666666666664 0.828125 0.4 0.828125 0.40208333333333335
0 0.9109375 0.3875 0.909375 0.38958333333333334 0.909375 0.39166666666666666 0.90625 0.3958333333333333 0.909375 0.3958333333333333 0.9109375 0.39791666666666664 0.9140625 0.39791666666666664 0.915625 0.4 0.91875 0.4 0.9203125 0.40208333333333335 0.921875 0.40208333333333335 0.9234375 0.4041666666666667 0.9265625 0.4041666666666667 0.928125 0.40625 0.928125 0.41041666666666665 0.925 0.41458333333333336 0.9046875 0.41458333333333336 0.903125 0.4166666666666667 0.903125 0.41875 0.9046875 0.42083333333333334 0.9046875 0.43125 0.903125 0.43333333333333335 0.903125 0.4375 0.9015625 0.4395833333333333 0.9015625 0.44375 0.9 0.44583333333333336 0.9 0.4479166666666667 0.896875 0.45208333333333334 0.896875 0.45416666666666666 0.903125 0.4625 0.9046875 0.4625 0.9078125 0.4666666666666667 0.909375 0.4666666666666667 0.9109375 0.46875 0.9125 0.46875 0.9140625 0.4708333333333333 0.915625 0.4708333333333333 0.91875 0.475 0.928125 0.475 0.9296875 0.47708333333333336 0.9375 0.47708333333333336 0.9390625 0.4791666666666667 0.94375 0.4791666666666667 0.9453125 0.48125 0.946875 0.4791666666666667 0.95625 0.4791666666666667 0.9578125 0.47708333333333336 0.959375 0.47708333333333336 0.9609375 0.475 0.9609375 0.47291666666666665 0.9625 0.4708333333333333 0.9625 0.46458333333333335 0.9640625 0.4625 0.9640625 0.46041666666666664 0.965625 0.4583333333333333 0.965625 0.45625 0.9671875 0.45416666666666666 0.9671875 0.4395833333333333 0.965625 0.4375 0.965625 0.4354166666666667 0.9640625 0.43333333333333335 0.9640625 0.43125 0.9625 0.42916666666666664 0.9625 0.42291666666666666 0.9609375 0.42083333333333334 0.9609375 0.4125 0.959375 0.41041666666666665 0.959375 0.4083333333333333 0.9484375 0.39375 0.9484375 0.39166666666666666 0.9453125 0.3875 0.94375 0.3875 0.9421875 0.3854166666666667 0.9390625 0.3854166666666667 0.9375 0.38333333333333336 0.934375 0.38333333333333336 0.9328125 0.3854166666666667 0.9265625 0.3854166666666667 0.925 0.38333333333333336 0.921875 0.38333333333333336 0.9203125 0.3854166666666667 0.915625 0.3854166666666667 0.9140625 0.3875
0 0.9953125 0.29375 0.99375 0.29375 0.9921875 0.2916666666666667 0.984375 0.2916666666666667 0.9828125 0.28958333333333336 0.9796875 0.28958333333333336 0.978125 0.2875 0.9734375 0.2875 0.971875 0.28958333333333336 0.96875 0.28958333333333336 0.9671875 0.2916666666666667 0.9640625 0.2916666666666667 0.9625 0.29375 0.9609375 0.29375 0.959375 0.29583333333333334 0.9578125 0.29583333333333334 0.95625 0.29791666666666666 0.9546875 0.29791666666666666 0.953125 0.3 0.953125 0.3020833333333333 0.9515625 0.30416666666666664 0.9515625 0.30625 0.9484375 0.3104166666666667 0.9484375 0.3125 0.9453125 0.31666666666666665 0.9453125 0.31875 0.94375 0.32083333333333336 0.94375 0.3229166666666667 0.9421875 0.325 0.9421875 0.32916666666666666 0.9390625 0.3333333333333333 0.9390625 0.33541666666666664 0.9375 0.3375 0.9375 0.33958333333333335 0.9359375 0.3416666666666667 0.9359375 0.34375 0.934375 0.3458333333333333 0.934375 0.34791666666666665 0.9328125 0.35 0.9328125 0.3645833333333333 0.934375 0.36666666666666664 0.9359375 0.36666666666666664 0.9375 0.36875 0.9390625 0.36875 0.940625 0.37083333333333335 0.940625 0.3770833333333333 0.946875 0.3854166666666667 0.978125 0.3854166666666667 0.9796875 0.38333333333333336 0.9859375 0.38333333333333336 0.9875 0.38125 0.990625 0.38125 0.9921875 0.37916666666666665 0.9953125 0.37916666666666665 0.9984375 0.375 0.9984375 0.3 0.996875 0.29791666666666666 0.996875 0.29583333333333334
0 0.996875 0.44375 0.9953125 0.44375 0.99375 0.44583333333333336 0.9921875 0.44583333333333336 0.9859375 0.45416666666666666 0.9859375 0.45625 0.9796875 0.46458333333333335 0.978125 0.46458333333333335 0.971875 0.47291666666666665 0.9703125 0.47291666666666665 0.965625 0.4791666666666667 0.9640625 0.4791666666666667 0.9640625 0.48125 0.9625 0.48333333333333334 0.9625 0.48541666666666666 0.9609375 0.4875 0.9609375 0.4895833333333333 0.959375 0.49166666666666664 0.959375 0.49375 0.9578125 0.49583333333333335 0.9578125 0.5020833333333333 0.9671875 0.5145833333333333 0.96875 0.5145833333333333 0.9703125 0.5166666666666667 0.9734375 0.5166666666666667 0.975 0.51875 0.978125 0.51875 0.9796875 0.5208333333333334 0.9828125 0.5208333333333334 0.984375 0.51875 0.990625 0.51875 0.9921875 0.5208333333333334 0.996875 0.5208333333333334 0.9984375 0.51875 0.9984375 0.44583333333333336
0 0.925 0.5708333333333333 0.925 0.5791666666666667 0.9234375 0.58125 0.9234375 0.5916666666666667 0.925 0.59375 0.925 0.5958333333333333 0.9265625 0.5979166666666667 0.9265625 0.6 0.934375 0.6104166666666667 0.9359375 0.6104166666666667 0.940625 0.6166666666666667 0.9421875 0.6166666666666667 0.94375 0.61875 0.946875 0.61875 0.9484375 0.6208333333333333 0.9515625 0.6208333333333333 0.953125 0.6229166666666667 0.95625 0.6229166666666667 0.9578125 0.625 0.965625 0.625 0.9671875 0.6270833333333333 0.971875 0.6270833333333333 0.9734375 0.6291666666666667 0.98125 0.6291666666666667 0.9828125 0.63125 0.9875 0.63125 0.9890625 0.6333333333333333 0.99375 0.6333333333333333 0.9953125 0.6354166666666666 0.996875 0.6354166666666666 0.996875 0.6291666666666667 0.9984375 0.6270833333333333 0.9984375 0.5479166666666667 0.996875 0.5458333333333333 0.996875 0.54375 0.9953125 0.54375 0.99375 0.5416666666666666 0.9828125 0.5416666666666666 0.98125 0.5395833333333333 0.975 0.5395833333333333 0.9734375 0.5416666666666666 0.9578125 0.5416666666666666 0.95625 0.54375 0.953125 0.54375 0.9515625 0.5458333333333333 0.95 0.5458333333333333 0.940625 0.5583333333333333 0.9390625 0.5583333333333333 0.9375 0.5604166666666667 0.9359375 0.5604166666666667 0.9328125 0.5645833333333333 0.93125 0.5645833333333333 0.928125 0.56875 0.9265625 0.56875