0 0.41150155601659755 0.42219917012448144 0.08882261410788388 0.09076763485477178
0 0.3891338174273859 0.539764868603043 0.07391078838174278 0.12361687413554628
0 0.34569502074688796 0.6568983402489627 0.07261410788381739 0.10719225449515904
0 0.5651581950207469 0.49610995850622414 0.07455912863070538 0.10892116182572605
0 0.5846084024896265 0.5924965421853389 0.0823392116182573 0.09768326417704003
0 0.6769968879668051 0.5739107883817428 0.08947095435684646 0.1123789764868602
0 0.8086099585062241 0.5834197786998617 0.08687759336099576 0.11756569847856149
0 0.8073132780082988 0.6616528354080221 0.09595435684647305 0.09076763485477173
0 0.8523729253112033 0.49438105117565706 0.08363589211618265 0.09854771784232359
0 0.9097510373443983 0.5648340248962657 0.08039419087136927 0.10459889349930838
0 0.9732203060165976 0.5619230262951087 0.050434387966804904 0.09704798896642756
0 0.9670610736514522 0.6938302990216605 0.06275285269709538 0.09288189818163346
0 0.3981584821428572 0.3878613945578231 0.3905851403061225 0.4043367346938775 0.38899075255102045 0.41230867346938777 0.3834103954081633 0.4245323129251701 0.38141741071428575 0.43250425170068024 0.3802216198979592 0.44100765306122447 0.3826132015306123 0.4505739795918367 0.3965640943877552 0.462266156462585 0.41171077806122447 0.462266156462585 0.4232700892857143 0.461203231292517 0.43921396683673475 0.45535714285714285 0.4455915178571429 0.4532312925170068 0.44997608418367346 0.45163690476190477 0.45316485969387754 0.44366496598639454 0.4535634566326531 0.4378188775510204 0.45157047193877553 0.4271896258503401 0.44399713010204084 0.4197491496598639 0.4404097576530613 0.4101828231292517 0.4364237882653061 0.4032738095238095 0.43124202806122447 0.3958333333333333 0.4260602678571429 0.3883928571428571 0.4180883290816326 0.3809523809523809 0.413703762755102 0.3809523809523809 0.40931919642857145 0.38201530612244894 0.40533322704081637 0.38148384353741494
0 0.37304687500000006 0.499468537414966 0.3598931760204082 0.5085034013605442 0.3575015943877552 0.5116921768707482 0.35550860969387765 0.5170068027210885 0.35351562500000006 0.5260416666666666 0.3531170280612245 0.5430484693877552 0.35590720663265313 0.5515518707482994 0.3590959821428572 0.5526147959183674 0.3650749362244899 0.5589923469387756 0.37503985969387765 0.5712159863945578 0.37982302295918374 0.578125 0.38500478316326536 0.5834396258503401 0.3921795280612245 0.5892857142857143 0.39616549744897966 0.5935374149659864 0.4021444515306123 0.5935374149659864 0.40852200255102045 0.5829081632653061 0.41330516581632654 0.574404761904762 0.4152981505102041 0.5621811224489797 0.4192841198979592 0.5441113945578232 0.4200813137755103 0.538265306122449 0.42366868622448983 0.5271045918367346 0.42406728316326536 0.5175382653061225 0.42366868622448983 0.5111607142857142 0.4192841198979592 0.50265731292517 0.4164939413265306 0.503720238095238 0.412906568877551 0.5127551020408163 0.4061304209183674 0.5207270408163265 0.4013472576530613 0.5260416666666666 0.39696269132653067 0.5260416666666666 0.390983737244898 0.5201955782312925 0.389389349489796 0.5058460884353742 0.38859215561224497 0.49627976190476186 0.3869977678571429 0.4925595238095238
0 0.3224250637755103 0.6280824829931972 0.31883769132653067 0.6339285714285714 0.31485172193877553 0.6397746598639457 0.3124601403061225 0.6450892857142858 0.31086575255102045 0.65359268707483 0.312858737244898 0.6636904761904763 0.31644610969387765 0.6806972789115646 0.3184390943877552 0.692389455782313 0.3200334821428572 0.6987670068027211 0.3224250637755103 0.7040816326530612 0.3276068239795919 0.7093962585034014 0.33398437500000006 0.7093962585034014 0.34235491071428575 0.7067389455782312 0.3471380739795919 0.7030187074829932 0.3523198341836735 0.6966411564625851 0.36029177295918374 0.6897321428571429 0.369858099489796 0.6860119047619048 0.37503985969387765 0.6812287414965986 0.37743144132653067 0.6759141156462586 0.3718510841836735 0.6711309523809524 0.3662707270408164 0.6690051020408164 0.3622847576530613 0.6674107142857143 0.3547114158163266 0.6679421768707484 0.3479352678571429 0.6721938775510204 0.3455436862244899 0.6737882653061225 0.3419563137755103 0.6716624149659864 0.33996332908163274 0.653061224489796 0.3411591198979592 0.6424319727891157 0.3391661352040817 0.6413690476190477 0.32999840561224497 0.6381802721088436 0.3252152423469388 0.6339285714285714
0 0.5512197066326531 0.46014030612244894 0.5412547831632654 0.462797619047619 0.5396603954081634 0.46811224489795916 0.5348772321428571 0.48299319727891155 0.5296954719387755 0.4925595238095238 0.527702487244898 0.49893707482993194 0.5281010841836735 0.5127551020408163 0.5332828443877551 0.5233843537414965 0.5352758290816327 0.5286989795918368 0.5368702168367347 0.537202380952381 0.5416533801020409 0.5462372448979592 0.5460379464285714 0.5504889455782312 0.5568000637755103 0.5504889455782312 0.5587930484693878 0.5504889455782312 0.5679607780612245 0.5467687074829932 0.5779257015306123 0.5441113945578232 0.584701849489796 0.5403911564625851 0.591079400510204 0.5318877551020408 0.5958625637755103 0.5228528911564625 0.5978555484693878 0.5175382653061225 0.5986527423469388 0.5111607142857142 0.5958625637755103 0.5085034013605442 0.589485012755102 0.503720238095238 0.5831074617346939 0.49840561224489793 0.5803172831632654 0.49574829931972786 0.5763313137755103 0.49096513605442177 0.571548150510204 0.48458758503401356 0.5703523596938775 0.4776785714285714 0.565170599489796 0.4734268707482993 0.5587930484693878 0.46864370748299317
0 0.5771285076530612 0.5483630952380952 0.5747369260204083 0.5488945578231292 0.5679607780612245 0.5526147959183674 0.5631776147959184 0.5568664965986394 0.5579958545918368 0.5643069727891157 0.5556042729591837 0.5696215986394558 0.5540098852040816 0.5887542517006803 0.5524154974489796 0.5961947278911565 0.5476323341836735 0.6121386054421769 0.5440449617346939 0.6227678571428572 0.5476323341836735 0.6307397959183674 0.548828125 0.6381802721088436 0.5532126913265306 0.6403061224489797 0.5635762117346939 0.6408375850340137 0.5703523596938775 0.6403061224489797 0.5763313137755103 0.6376488095238096 0.5874920280612245 0.6339285714285714 0.5930723852040816 0.6318027210884354 0.6014429209183674 0.6318027210884354 0.6098134566326531 0.6280824829931972 0.6173867984693878 0.6211734693877552 0.6193797831632654 0.6121386054421769 0.6189811862244898 0.6004464285714286 0.6173867984693878 0.5903486394557824 0.6137994260204083 0.579719387755102 0.6098134566326531 0.5738732993197279 0.6038345025510204 0.5680272108843538 0.5994499362244898 0.5621811224489797 0.5922751913265306 0.5531462585034014 0.5870934311224489 0.5488945578231292 0.5819116709183674 0.5478316326530612
0 0.6576450892857143 0.5451743197278912 0.6512675382653061 0.5547406462585034 0.648078762755102 0.5669642857142858 0.6484773596938775 0.579187925170068 0.6528619260204083 0.5908801020408164 0.6556521045918368 0.5983205782312926 0.6640226403061225 0.6062925170068028 0.6696029974489796 0.6105442176870749 0.6763791454081634 0.613732993197279 0.6827566964285714 0.6174532312925171 0.6883370535714286 0.6238307823129252 0.6923230229591837 0.6280824829931972 0.6987005739795918 0.6296768707482994 0.701889349489796 0.6264880952380952 0.7070711096938775 0.6195790816326531 0.7106584821428572 0.615327380952381 0.7126514668367347 0.6089498299319728 0.7142458545918368 0.5940688775510204 0.7162388392857143 0.581313775510204 0.7178332270408163 0.5728103741496599 0.7202248086734694 0.5616496598639457 0.7174346301020409 0.5499574829931972 0.7150430484693878 0.5414540816326531 0.7102598852040817 0.535607993197279 0.7006935586734694 0.5292304421768708 0.6903300382653061 0.5281675170068028 0.6859454719387755 0.5271045918367346 0.6795679209183674 0.5276360544217688 0.6723931760204083 0.5297619047619048 0.6680086096938775 0.5313562925170068 0.6648198341836735 0.5324192176870748 0.6608338647959184 0.537202380952381
0 0.7720424107142858 0.6466836734693878 0.7700494260204083 0.654655612244898 0.7720424107142858 0.6615646258503403 0.7788185586734694 0.6743197278911565 0.786391900510204 0.6870748299319728 0.7935666454081634 0.694515306122449 0.7999441964285714 0.6971726190476191 0.8083147321428573 0.7035501700680272 0.8154894770408164 0.7062074829931972 0.8246572066326532 0.7072704081632654 0.8302375637755104 0.7019557823129252 0.8326291454081634 0.695046768707483 0.8362165178571429 0.6907950680272109 0.8409996811224492 0.691326530612245 0.8453842474489797 0.6881377551020409 0.8509646045918368 0.6705994897959184 0.8509646045918368 0.657844387755102 0.8509646045918368 0.6514668367346939 0.8505660076530613 0.6434948979591837 0.8489716198979593 0.6323341836734694 0.8465800382653063 0.6211734693877552 0.8421954719387756 0.6185161564625851 0.8398038903061226 0.6227678571428572 0.8378109056122451 0.6312712585034014 0.8334263392857144 0.6376488095238096 0.8218670280612246 0.6413690476190477 0.8158880739795918 0.654655612244898 0.8091119260204083 0.659970238095238 0.8067203443877553 0.658375850340136 0.799545599489796 0.6519982993197279 0.7939652423469388 0.6466836734693878 0.7871890943877551 0.6509353741496599 0.7804129464285714 0.655718537414966 0.7780213647959184 0.65625 0.7748325892857143 0.6519982993197279
0 0.7692522321428572 0.5621811224489797 0.7676578443877551 0.576530612244898 0.7680564413265306 0.579187925170068 0.7744339923469388 0.5898171768707484 0.7780213647959184 0.5924744897959184 0.7879862882653061 0.6036352040816326 0.7927694515306123 0.6084183673469388 0.7991470025510204 0.614795918367347 0.8055245535714286 0.6217049319727892 0.8115035076530613 0.6270195578231292 0.8162866709183675 0.6318027210884354 0.8202726403061226 0.6344600340136054 0.8278459821428573 0.6355229591836735 0.8314333545918368 0.6360544217687075 0.8358179209183675 0.6349914965986394 0.8406010841836735 0.6291454081632654 0.8433912627551022 0.6222363945578232 0.8437898596938777 0.6174532312925171 0.8441884566326532 0.6094812925170069 0.8441884566326532 0.6031037414965986 0.8433912627551022 0.5961947278911565 0.8445870535714286 0.5914115646258504 0.8477758290816327 0.5829081632653061 0.8497688137755104 0.57546768707483 0.8501674107142858 0.5706845238095238 0.8505660076530613 0.5616496598639457 0.8493702168367347 0.5526147959183674 0.8473772321428573 0.5494260204081632 0.8433912627551022 0.5467687074829932 0.8334263392857144 0.5526147959183674 0.8258529974489797 0.5531462585034014 0.8182796556122451 0.5526147959183674 0.8123007015306124 0.5499574829931972 0.8079161352040817 0.5483630952380952 0.8055245535714286 0.5488945578231292 0.7951610331632654 0.5542091836734694 0.7907764668367347 0.5558035714285714 0.7840003188775511 0.5563350340136054 0.7808115433673469 0.5510204081632654
0 0.8258529974489797 0.45588860544217685 0.8218670280612246 0.461734693877551 0.8182796556122451 0.46811224489795916 0.8138950892857144 0.4760841836734694 0.8134964923469388 0.4877763605442177 0.8158880739795918 0.5095663265306122 0.8182796556122451 0.5228528911564625 0.8206712372448981 0.5281675170068028 0.8334263392857144 0.5292304421768708 0.8374123086734695 0.5302933673469388 0.8465800382653063 0.5345450680272109 0.8529575892857144 0.537202380952381 0.8605309311224492 0.537733843537415 0.8625239158163266 0.536139455782313 0.8720902423469388 0.5308248299319728 0.8780691964285715 0.5297619047619048 0.8832509566326532 0.5297619047619048 0.8908242984693878 0.5164753401360545 0.8908242984693878 0.5122236394557823 0.8908242984693878 0.50265731292517 0.8860411352040817 0.4930909863945578 0.8748804209183675 0.4877763605442177 0.8728874362244898 0.4824617346938775 0.8677056760204083 0.4750212585034014 0.8605309311224492 0.46864370748299317 0.8529575892857144 0.461734693877551 0.8489716198979593 0.4590773809523809 0.8425940688775512 0.45695153061224486 0.8354193239795918 0.4542942176870748 0.8322305484693878 0.4532312925170068
0 0.8728874362244898 0.5334821428571429 0.8728874362244898 0.538265306122449 0.8728874362244898 0.5589923469387756 0.8724888392857144 0.5728103741496599 0.8724888392857144 0.581845238095238 0.8716916454081634 0.5898171768707484 0.8732860331632655 0.5967261904761905 0.8776705994897961 0.6052295918367346 0.8808593750000002 0.6084183673469388 0.8916214923469388 0.6084183673469388 0.8979990433673471 0.6073554421768708 0.9075653698979593 0.6036352040816326 0.9111527423469388 0.6004464285714286 0.9223134566326532 0.5972576530612245 0.9290896045918368 0.5940688775510204 0.9390545280612246 0.5850340136054423 0.9434390943877553 0.576530612244898 0.9446348852040817 0.5674957482993198 0.9446348852040817 0.5563350340136054 0.9418447066326532 0.5467687074829932 0.9370615433673471 0.537733843537415 0.9318797831632655 0.5329506802721088 0.9255022321428573 0.5286989795918368 0.9171316964285715 0.5260416666666666 0.9099569515306124 0.5217899659863945 0.9027822066326532 0.5180697278911565 0.8956074617346941 0.5159438775510204 0.8892299107142858 0.5170068027210885 0.8856425382653063 0.5212585034013605 0.8820551658163266 0.5255102040816326 0.8784677933673471 0.5276360544217688
0 0.9458306760204083 0.6838860544217688 0.9502152423469388 0.6961096938775511 0.9545998086734695 0.7035501700680272 0.9633689413265307 0.7104591836734694 0.9717394770408164 0.7147108843537416 0.9761240433673471 0.7184311224489797 0.9809072066326532 0.7232142857142858 0.9876833545918368 0.7290603741496599 0.9944595025510206 0.735969387755102 0.9984375 0.7274829931972792 0.9964524872448981 0.7189625850340137 0.9956552933673471 0.7030187074829932 0.9956552933673471 0.6822916666666666 0.9944595025510206 0.6759141156462586 0.9888791454081634 0.6679421768707484 0.9832987882653063 0.6700680272108844 0.9785156250000002 0.6748511904761905 0.9697464923469388 0.6775085034013606 0.9637675382653063 0.6785714285714286 0.9557955994897961 0.6780399659863946 0.9510124362244898 0.6785714285714286
0 0.9677535076530613 0.5260416666666666 0.9589843750000002 0.5255102040816326 0.9530054209183675 0.5281675170068028 0.9494180484693878 0.5324192176870748 0.9458306760204083 0.5393282312925171 0.9462292729591837 0.5526147959183674 0.9514110331632655 0.5674957482993198 0.9565927933673471 0.577593537414966 0.9669563137755104 0.5882227891156463 0.9745296556122451 0.5961947278911565 0.9840959821428573 0.6015093537414966 0.9920679209183675 0.6073554421768708 0.9968510841836735 0.6100127551020409 0.9976482780612246 0.5993835034013606 0.9984375 0.5893866921768719 0.9984375 0.581845238095238 0.9984375 0.5696215986394558 0.9984375 0.5563350340136054 0.9984375 0.5435799319727892 0.9960538903061226 0.535607993197279 0.9904735331632655 0.5324192176870748 0.9840959821428573 0.5308248299319728 0.9773198341836735 0.5276360544217688