0 0.6375 0.44947916666666665 0.1067708333333333 0.12534722222222233
0 0.7814397172319463 0.42262737652561877 0.10871276779722568 0.138310308606793
0 0.8045090930018416 0.5450714799433929 0.12275264732965 0.14180148455765884
0 0.8440793314089777 0.36505806390821927 0.10065866281795532 0.13983835003866077
0 0.9360677083333332 0.4197916666666667 0.1278645833333334 0.14652777777777767
0 0.7744791666666667 0.3652777777777778 0.7630208333333333 0.36736111111111114 0.7537436694290975 0.3749366942909761 0.7472332527624308 0.38500613873542056 0.7377604166666667 0.3993055555555556 0.7361979166666667 0.4184027777777778 0.7390625 0.4340277777777778 0.7518229166666667 0.4548611111111112 0.7637267288558357 0.4631124148263229 0.78203125 0.4732638888888889 0.79609375 0.4829861111111111 0.8057291666666666 0.48993055555555554 0.82421875 0.4913194444444445 0.8296875 0.4822916666666667 0.83515625 0.4690972222222222 0.8354166666666666 0.4552083333333333 0.8348958333333334 0.4395833333333333 0.8263020833333332 0.42569444444444454 0.8292645027624307 0.40792280540208725 0.8245770027624306 0.3905616942909761 0.8182291666666665 0.37326388888888895 0.8104166666666668 0.36458333333333337 0.7953125 0.36006944444444444
0 0.8140625 0.490625 0.811378212494216 0.4961735492513501 0.8013020833333334 0.5125 0.79140625 0.5180555555555555 0.7822916666666667 0.51875 0.7809895833333333 0.5121527777777778 0.7638020833333333 0.5288194444444445 0.7611979166666667 0.5385416666666667 0.7619791666666667 0.5524305555555556 0.7622395833333333 0.5621527777777777 0.771875 0.576388888888889 0.7856770833333333 0.5913194444444444 0.7953125 0.601388888888889 0.8067708333333334 0.6100694444444444 0.81796875 0.6163194444444444 0.8314302958275492 0.6124929936957944 0.8452323791608828 0.5999929936957946 0.8558011935486588 0.5882374302753032 0.8625607609363461 0.5736783620556695 0.8649006111859302 0.5473333814677604 0.8641206611027356 0.5275746460268286 0.8576210770761131 0.5092024885115762 0.8452323791608828 0.4940902159180168 0.8333333333333334 0.48368055555555556 0.8294270833333334 0.48194444444444445 0.8233573791608828 0.49061799369579456
0 0.8604166666666666 0.32743055555555556 0.8544270833333334 0.3222222222222222 0.8434895833333333 0.3180555555555556 0.83671875 0.31388888888888894 0.828125 0.3118055555555556 0.8200520833333333 0.31562500000000004 0.80859375 0.3229166666666667 0.7981770833333333 0.3375 0.79453125 0.3527777777777778 0.8171875 0.3597222222222223 0.818524046689373 0.3685739518441231 0.8250236307159954 0.3883326872850549 0.8272225824324411 0.4043581095401668 0.8293059157657743 0.4116497762068335 0.8268229166666666 0.425 0.8338541666666666 0.43506944444444445 0.8502604166666666 0.41979166666666673 0.8622395833333334 0.4079861111111111 0.8677083333333334 0.39583333333333337 0.87265625 0.38750000000000007 0.87890625 0.37951388888888893 0.8841145833333333 0.3687500000000001 0.88359375 0.3614583333333334 0.8791666666666668 0.34826388888888893 0.8734375 0.34166666666666673 0.8690104166666666 0.33576388888888886 0.8643229166666666 0.33229166666666665
0 0.9119007790499565 0.3778062498659384 0.8991403623832896 0.37676458319927175 0.8928903623832897 0.3816256943103829 0.8869791666666667 0.38645833333333335 0.8799479166666666 0.3920138888888889 0.8739583333333332 0.4059027777777778 0.8739583333333332 0.41458333333333336 0.8747395833333332 0.4253472222222222 0.8739583333333334 0.43854166666666666 0.8749216123832898 0.44968124986593844 0.8738799457166231 0.46079236097704956 0.8779185621991277 0.4745527200930717 0.88515625 0.4881944444444445 0.90078125 0.4913194444444445 0.9151041666666666 0.48680555555555555 0.93046875 0.47881944444444446 0.9434895833333334 0.4722222222222222 0.9596354166666666 0.4642361111111111 0.96875 0.4513888888888889 0.97265625 0.4357638888888889 0.971875 0.4256944444444445 0.9690104166666667 0.4166666666666667 0.9638020833333334 0.4065972222222222 0.9604166666666666 0.39791666666666664 0.9552083333333334 0.3902777777777778 0.9481770833333334 0.38576388888888885 0.9419270833333334 0.38298611111111114 0.9346354166666666 0.3795138888888889 0.92578125 0.3767361111111111
0 0.6036458333333333 0.4809027777777778 0.6028645833333333 0.4625 0.6059895833333333 0.43819444444444444 0.6130208333333333 0.4236111111111111 0.6252604166666667 0.4076388888888889 0.6346354166666667 0.40381944444444445 0.6440104166666667 0.4024305555555555 0.6528645833333333 0.40625 0.659947717489727 0.4062669172721136 0.6758331341563938 0.415629784715264 0.6821475219324455 0.4330151385965074 0.6865672390705486 0.4545070964445384 0.6829274720156402 0.47114603155269147 0.6800676550439263 0.48015878806960777 0.6731770833333333 0.5010416666666667 0.6606770833333334 0.509375 0.6499095851603988 0.5117034358788147 0.6387303006346084 0.5065037686575168 0.6288509329141425 0.5009574569547991 0.6203125 0.49930555555555556 0.6096354166666667 0.490625
0 0.5169270833333333 0.39079861111111114 0.0994791666666666 0.13229166666666667
0 0.5260416666666667 0.4741319444444444 0.09270833333333339 0.14409722222222215
0 0.490625 0.34930555555555554 0.4825520833333333 0.3572916666666667 0.4760416666666667 0.3684027777777778 0.4716145833333333 0.3885416666666667 0.4682291666666667 0.4059027777777778 0.46796875 0.4232638888888889 0.4739583333333333 0.4357638888888889 0.4809895833333333 0.44895833333333335 0.4895833333333333 0.4559027777777778 0.5015625 0.4534722222222222 0.5106770833333334 0.43993055555555555 0.5205729166666667 0.4319444444444444 0.5104166666666667 0.425 0.53203125 0.4197916666666666 0.5330729166666667 0.3996527777777778 0.5442708333333333 0.42152777777777767 0.5450520833333333 0.4125 0.5471354166666667 0.403125 0.5463541666666667 0.39861111111111114 0.54453125 0.39618055555555554 0.5401041666666667 0.3909722222222222 0.5361979166666667 0.38819444444444445 0.5333333333333333 0.38333333333333336 0.5278645833333333 0.37743055555555555 0.5234375 0.37083333333333335 0.5182291666666667 0.36701388888888886 0.5169803344372332 0.3642048173496392 0.5125 0.35729166666666656 0.50078125 0.346875
0 0.51953125 0.434375 0.51015625 0.44375 0.5014439322660513 0.4559785192777743 0.4970168489327181 0.4657007414999965 0.49232934893271807 0.48410351927777423 0.4894647655993848 0.49660351927777424 0.48347518226605135 0.5052840748333298 0.4811314322660514 0.5157007414999966 0.4826939322660514 0.5323674081666632 0.4822916666666667 0.5402777777777777 0.4940104166666667 0.545138888888889 0.5104166666666667 0.5440972222222222 0.5213541666666667 0.5402777777777777 0.5299479166666667 0.5402777777777777 0.5356770833333333 0.5395833333333333 0.5440104166666667 0.539236111111111 0.5518229166666667 0.5350694444444444 0.559375 0.528125 0.5653645833333333 0.5201388888888888 0.5661458333333333 0.5107638888888889 0.5653645833333333 0.5020833333333333 0.5666666666666667 0.49444444444444446 0.5643229166666667 0.4878472222222222 0.5630208333333333 0.4826388888888889 0.5614583333333333 0.47708333333333336 0.5614583333333333 0.4715277777777778 0.5588541666666667 0.4642361111111111 0.5518229166666667 0.4527777777777778 0.5447916666666667 0.44236111111111115 0.5338541666666667 0.4340277777777778
0 0.33671875 0.3171875 0.11406250000000004 0.1267361111111111
0 0.3037760416666667 0.41944444444444445 0.09296874999999996 0.16180555555555548
0 0.31141656363090375 0.30856052591394134 0.3056969296874761 0.32658603894777377 0.30699684649280057 0.3394118847603085 0.3116765469919686 0.3563974643498814 0.3221354166666667 0.3736111111111111 0.34027471670910675 0.3796226446050117 0.3543138182066109 0.3803159335678515 0.36796875000000007 0.37291666666666673 0.37942708333333336 0.36631944444444453 0.3914914388388904 0.36298370949685865 0.39114583333333336 0.35243055555555564 0.3885416666666667 0.33715277777777786 0.38046875 0.32291666666666674 0.36979166666666663 0.3069444444444445 0.3576936019004544 0.28880179047300947 0.3441744671250801 0.28464205669597126 0.3316952657939653 0.28464205669597126 0.3215559147124345 0.2919215908057883
0 0.2861979166666667 0.4649305555555555 0.2755208333333333 0.4545138888888889 0.26927083333333335 0.43611111111111106 0.27109375 0.41527777777777775 0.27734375 0.3986111111111111 0.28645833333333337 0.3798611111111111 0.3026041666666667 0.3795138888888889 0.3057151285227506 0.400451474113637 0.32365398043622823 0.3973316737808583 0.33301338143456427 0.39282529552240025 0.34471263268248437 0.4035712744464158 0.34895833333333337 0.4236111111111111 0.34817708333333336 0.43854166666666666 0.34401041666666665 0.453125 0.3363931651284079 0.4677005035090891 0.32552083333333337 0.4902777777777778 0.3143229166666667 0.49895833333333334 0.303125 0.48368055555555556 0.2947916666666667 0.4753472222222222
0 0.20625 0.553125 0.21380208333333334 0.5368055555555556 0.22552083333333334 0.5270833333333333 0.23307291666666666 0.5381944444444444 0.2328125 0.553125 0.234375 0.560763888888889 0.24140625 0.5638888888888889 0.26145833333333335 0.5611111111111111 0.26979166666666665 0.5666666666666667 0.27578125 0.571875 0.28046874999999993 0.5746527777777778 0.29140625 0.575 0.28489583333333335 0.5916666666666667 0.2796875 0.5993055555555556 0.26510416666666664 0.6197916666666666 0.24843750000000003 0.6340277777777777 0.2354166666666667 0.6409722222222222 0.2236979166666667 0.6392361111111111 0.21796875000000004 0.6309027777777777
0 0.26071089433701655 0.571663021792511 0.11086987799263359 0.14417395641497835