0 0.10894097222222224 0.5763888888888888 0.11284722222222224 0.1319444444444444
0 0.1814236111111111 0.6394675925925927 0.09288194444444442 0.11921296296296298
0 0.2109375 0.45138888888888895 0.09635416666666666 0.14814814814814817
0 0.2960069444444445 0.5225694444444444 0.08767361111111108 0.11921296296296298
0 0.3810763888888889 0.5179398148148148 0.07899305555555562 0.13310185185185183
0 0.4366319444444445 0.42129629629629634 0.10329861111111116 0.13888888888888887
0 0.46484375 0.568287037037037 0.08506944444444446 0.11574074074074071
0 0.43229166666666663 0.65625 0.0755208333333333 0.10648148148148143
0 0.5659722222222221 0.453125 0.07725694444444438 0.1284722222222222
0 0.638454861111111 0.4774305555555556 0.0729166666666666 0.12615740740740744
0 0.6271701388888888 0.6469907407407407 0.07986111111111108 0.1388888888888888
0 0.7860243055555557 0.4241898148148148 0.09375000000000008 0.15625
0 0.8815104166666666 0.5387731481481481 0.10243055555555536 0.1493055555555556
0 0.8949652777777779 0.33275462962962965 0.10503472222222214 0.1608796296296296
0 0.03472222222222223 0.5503472222222221 0.06684027777777776 0.17013888888888892
0 0.008246527777777768 0.5092592592592592 0.02387152777777777 0.5092592592592592 0.03168402777777777 0.5092592592592592 0.04383680555555558 0.5115740740740741 0.05425347222222223 0.5150462962962963 0.06119791666666665 0.5185185185185185 0.05946180555555558 0.525462962962963 0.03255208333333335 0.545138888888889 0.02821180555555558 0.568287037037037 0.04383680555555558 0.5659722222222222 0.04991319444444446 0.5740740740740741 0.05078125 0.5821759259259259 0.04904513888888888 0.5914351851851851 0.03949652777777777 0.607638888888889 0.025607638888888885 0.6203703703703703 0.015190972222222232 0.6261574074074073 0.00477430555555558 0.6238425925925927 0.0021701388888888838 0.6099537037037037 0.0021701388888888838 0.5983796296296297 0.0021701388888888838 0.5868055555555556 0.0021701388888888838 0.5671296296296297 0.0013020833333333482 0.525462962962963
0 0.05946180555555558 0.5601851851851851 0.06032986111111112 0.579861111111111 0.06553819444444446 0.5902777777777778 0.07421875 0.6053240740740741 0.08463541666666666 0.6168981481481481 0.09852430555555554 0.6284722222222222 0.10807291666666666 0.6342592592592593 0.12282986111111112 0.638888888888889 0.13324652777777776 0.6400462962962963 0.14105902777777776 0.638888888888889 0.14539930555555552 0.630787037037037 0.15147569444444448 0.6122685185185185 0.15755208333333334 0.59375 0.1584201388888889 0.5717592592592593 0.1584201388888889 0.5555555555555556 0.15755208333333334 0.5405092592592593 0.14887152777777776 0.5231481481481481 0.1384548611111111 0.5208333333333334 0.13151041666666666 0.525462962962963 0.12890625 0.545138888888889 0.11241319444444446 0.5509259259259259 0.10112847222222224 0.5439814814814814 0.09157986111111112 0.5405092592592593 0.08203125 0.5520833333333334 0.07335069444444446 0.556712962962963
0 0.13758680555555552 0.65625 0.15321180555555552 0.6689814814814814 0.16883680555555552 0.6793981481481481 0.1775173611111111 0.6851851851851851 0.18880208333333331 0.6909722222222222 0.21397569444444448 0.6828703703703703 0.22005208333333331 0.6759259259259259 0.22439236111111108 0.6574074074074073 0.22178819444444448 0.6458333333333334 0.21484375 0.6226851851851851 0.20529513888888892 0.6099537037037037 0.19574652777777776 0.5983796296296297 0.18619791666666669 0.5902777777777778 0.1775173611111111 0.5914351851851851 0.17057291666666666 0.6018518518518517 0.16883680555555552 0.611111111111111 0.15581597222222224 0.6296296296296297 0.14887152777777776 0.630787037037037 0.1427951388888889 0.6412037037037037
0 0.1775173611111111 0.42129629629629634 0.16449652777777776 0.4386574074074074 0.16276041666666666 0.4479166666666667 0.16449652777777776 0.4618055555555555 0.18012152777777776 0.4884259259259259 0.19314236111111108 0.5092592592592592 0.20095486111111108 0.517361111111111 0.20963541666666669 0.5208333333333334 0.22178819444444448 0.5138888888888888 0.23307291666666669 0.5034722222222222 0.24001736111111108 0.4930555555555555 0.2530381944444445 0.46759259259259256 0.24088541666666669 0.45486111111111105 0.23307291666666669 0.4513888888888889 0.23046875 0.4722222222222222 0.21744791666666669 0.47800925925925924 0.21397569444444448 0.46296296296296297 0.21223958333333331 0.44907407407407407 0.19314236111111108 0.4351851851851852 0.18619791666666669 0.4282407407407407
0 0.2660590277777778 0.4872685185185185 0.2573784722222222 0.49189814814814814 0.24696180555555552 0.5150462962962963 0.24782986111111108 0.5416666666666666 0.24956597222222224 0.5648148148148148 0.26345486111111105 0.5787037037037037 0.26953125 0.5833333333333334 0.30251736111111105 0.5706018518518517 0.3172743055555555 0.5601851851851851 0.3268229166666667 0.5532407407407407 0.3268229166666667 0.5462962962962963 0.31467013888888895 0.5358796296296297 0.3077256944444445 0.5231481481481481 0.29470486111111105 0.5208333333333334 0.2886284722222222 0.5034722222222222 0.2842881944444445 0.49652777777777773
0 0.3936631944444445 0.3854166666666667 0.3841145833333333 0.4039351851851852 0.38064236111111105 0.4189814814814815 0.3910590277777778 0.44212962962962965 0.4049479166666667 0.46296296296296297 0.4144965277777778 0.47337962962962965 0.43532986111111105 0.47800925925925924 0.45529513888888884 0.47800925925925924 0.47092013888888884 0.4791666666666667 0.4778645833333333 0.47685185185185186 0.47873263888888884 0.4618055555555555 0.48046875 0.43634259259259256 0.4769965277777778 0.42129629629629634 0.4717881944444445 0.40509259259259256 0.4657118055555555 0.3877314814814815 0.45876736111111105 0.3715277777777778 0.4457465277777778 0.3645833333333333 0.4309895833333333 0.3634259259259259 0.4144965277777778 0.3657407407407407 0.40407986111111105 0.3761574074074074
0 0.3441840277777778 0.4884259259259259 0.3433159722222222 0.5034722222222222 0.3467881944444445 0.525462962962963 0.3528645833333333 0.5416666666666666 0.36328125 0.5555555555555556 0.3745659722222222 0.5659722222222222 0.3893229166666667 0.576388888888889 0.3988715277777778 0.579861111111111 0.4092881944444445 0.5729166666666666 0.4092881944444445 0.5532407407407407 0.4092881944444445 0.5335648148148148 0.41623263888888884 0.517361111111111 0.4188368055555555 0.5034722222222222 0.41623263888888884 0.49189814814814814 0.4049479166666667 0.47800925925925924 0.3997395833333333 0.47453703703703703 0.3893229166666667 0.47337962962962965 0.3815104166666667 0.47337962962962965 0.3745659722222222 0.47800925925925924 0.3658854166666667 0.48611111111111105 0.36154513888888895 0.4872685185185185 0.3546006944444445 0.48495370370370366
0 0.4466145833333333 0.548611111111111 0.4327256944444445 0.556712962962963 0.4266493055555555 0.5613425925925927 0.4266493055555555 0.599537037037037 0.43532986111111105 0.6041666666666666 0.44921875 0.6099537037037037 0.4578993055555555 0.6145833333333334 0.4683159722222222 0.619212962962963 0.4830729166666667 0.6238425925925927 0.4934895833333333 0.6215277777777778 0.49782986111111105 0.6018518518518517 0.4926215277777778 0.5590277777777778 0.4917534722222222 0.5428240740740741 0.4874131944444445 0.53125 0.48046875 0.5219907407407407 0.4700520833333333 0.5150462962962963 0.4639756944444445 0.5138888888888888 0.4596354166666667 0.5208333333333334
0 0.39626736111111105 0.6412037037037037 0.3988715277777778 0.6550925925925927 0.3997395833333333 0.6666666666666666 0.40234375 0.6747685185185185 0.4136284722222222 0.6828703703703703 0.4214409722222222 0.6909722222222222 0.4309895833333333 0.6979166666666666 0.44140625 0.704861111111111 0.4535590277777778 0.7083333333333334 0.4605034722222222 0.701388888888889 0.46310763888888884 0.6851851851851851 0.46484375 0.6678240740740741 0.46484375 0.6493055555555556 0.4605034722222222 0.6331018518518517 0.44748263888888884 0.6365740740740741 0.4361979166666667 0.6331018518518517 0.4309895833333333 0.6331018518518517 0.4266493055555555 0.6354166666666666 0.42404513888888884 0.6458333333333334 0.4188368055555555 0.65625 0.4092881944444445 0.6516203703703703
0 0.55078125 0.4085648148148148 0.5403645833333333 0.4131944444444444 0.5282118055555556 0.4305555555555555 0.5282118055555556 0.44675925925925924 0.5282118055555556 0.4583333333333333 0.52734375 0.48032407407407407 0.53515625 0.49884259259259256 0.5438368055555556 0.5127314814814815 0.55078125 0.5138888888888888 0.5646701388888888 0.5104166666666666 0.5716145833333333 0.505787037037037 0.5820312499999999 0.4976851851851852 0.5889756944444444 0.4895833333333333 0.5915798611111112 0.4814814814814815 0.5924479166666667 0.47337962962962965 0.5802951388888888 0.46064814814814814 0.575954861111111 0.45370370370370366 0.55859375 0.4571759259259259 0.5516493055555556 0.4560185185185185 0.5490451388888888 0.4444444444444444 0.5516493055555556 0.4282407407407407 0.5542534722222222 0.42129629629629634
0 0.6601562499999999 0.44212962962962965 0.6705729166666667 0.45370370370370366 0.6723090277777778 0.4710648148148148 0.6714409722222222 0.4895833333333333 0.6671006944444444 0.5127314814814815 0.6584201388888888 0.5231481481481481 0.6506076388888888 0.53125 0.6393229166666667 0.5347222222222222 0.6245659722222222 0.53125 0.6141493055555556 0.5185185185185185 0.6106770833333333 0.505787037037037 0.6080729166666667 0.49421296296296297 0.6080729166666667 0.4884259259259259 0.6184895833333333 0.4895833333333333 0.6332465277777778 0.4710648148148148 0.6410590277777778 0.4594907407407407
0 0.6236979166666667 0.650462962962963 0.6141493055555556 0.6527777777777778 0.6080729166666667 0.6550925925925927 0.6011284722222222 0.6574074074074073 0.5933159722222222 0.6608796296296297 0.5872395833333333 0.6689814814814814 0.5933159722222222 0.6944444444444444 0.6019965277777778 0.7002314814814814 0.6080729166666667 0.704861111111111 0.6193576388888888 0.7118055555555556 0.6289062499999999 0.7118055555555556 0.6419270833333333 0.6979166666666666 0.6488715277777778 0.681712962962963 0.6532118055555556 0.6689814814814814 0.6549479166666667 0.6597222222222222 0.6558159722222222 0.650462962962963 0.6549479166666667 0.6435185185185185 0.6453993055555556 0.6400462962962963 0.6462673611111112 0.6585648148148148
0 0.7443576388888888 0.44328703703703703 0.7434895833333333 0.45486111111111105 0.7452256944444444 0.4699074074074074 0.7530381944444444 0.48032407407407407 0.7660590277777778 0.4884259259259259 0.7808159722222222 0.4930555555555555 0.7886284722222222 0.49652777777777773 0.7999131944444444 0.49537037037037035 0.8111979166666667 0.4791666666666667 0.8207465277777779 0.46064814814814814 0.825954861111111 0.44675925925925924 0.8276909722222221 0.4351851851851852 0.8276909722222221 0.4282407407407407 0.814670138888889 0.4282407407407407 0.814670138888889 0.4409722222222222 0.814670138888889 0.4502314814814815 0.806857638888889 0.4502314814814815 0.7955729166666667 0.44328703703703703 0.7877604166666667 0.4386574074074074 0.7625868055555556 0.46064814814814814 0.7547743055555556 0.4444444444444444
0 0.8346354166666667 0.5416666666666666 0.8389756944444443 0.556712962962963 0.8485243055555557 0.5648148148148148 0.853732638888889 0.5729166666666666 0.8580729166666667 0.5787037037037037 0.8658854166666667 0.587962962962963 0.872829861111111 0.5960648148148148 0.880642361111111 0.6006944444444444 0.8953993055555557 0.599537037037037 0.904079861111111 0.5868055555555556 0.9153645833333333 0.5717592592592593 0.9188368055555557 0.5532407407407407 0.9214409722222221 0.5335648148148148 0.92578125 0.517361111111111 0.9171006944444443 0.5034722222222222 0.91015625 0.5034722222222222 0.8980034722222221 0.5034722222222222 0.8936631944444443 0.5081018518518519 0.888454861111111 0.5196759259259259 0.872829861111111 0.5277777777777778 0.86328125 0.525462962962963 0.853732638888889 0.525462962962963 0.8433159722222221 0.5324074074074073
0 0.845920138888889 0.35300925925925924 0.8528645833333333 0.3634259259259259 0.8606770833333333 0.36921296296296297 0.8667534722222221 0.3726851851851852 0.8667534722222221 0.35185185185185186 0.8658854166666667 0.33796296296296297 0.89453125 0.3298611111111111 0.8997395833333333 0.31828703703703703 0.90234375 0.30787037037037035 0.9327256944444443 0.2916666666666667 0.9379340277777779 0.3136574074074074 0.9388020833333333 0.32754629629629634 0.9388020833333333 0.3449074074074074 0.93359375 0.3645833333333333 0.92578125 0.38425925925925924 0.9223090277777779 0.3969907407407407 0.91015625 0.40509259259259256 0.900607638888889 0.4039351851851852 0.8736979166666667 0.3935185185185185 0.8528645833333333 0.38425925925925924 0.8424479166666667 0.37037037037037035