0 0.44043508287292815 0.3774171270718233 0.13898480662983417 0.16804788213627983
0 0.40374654696132595 0.5633057090239412 0.11395027624309395 0.18301104972375704
0 0.35713052486187846 0.7169371546961325 0.13121546961325956 0.1565953038674035
0 0.6752417127071823 0.5166896869244936 0.1320787292817677 0.16344383057090237
0 0.6925069060773481 0.6594152854511972 0.12862569060773482 0.14042357274401454
0 0.8168162983425414 0.656537753222836 0.14243784530386722 0.17610497237569062
0 0.9738000690607734 0.6703499079189685 0.052399861878453004 0.10244014732964975
0 0.9635229627071823 0.776243093922652 0.06982907458563545 0.14157458563535907
0 0.4315883977900553 0.33677025782688763 0.4250258977900554 0.348853591160221 0.41627589779005536 0.37218692449355434 0.40690089779005534 0.3834369244935543 0.39908839779005534 0.40427025782688764 0.3969008977900554 0.42718692449355433 0.40096339779005535 0.43968692449355434 0.41190089779005534 0.4567702578268876 0.4234633977900554 0.46010359116022104 0.44471339779005536 0.46177025782688763 0.46658839779005545 0.4542702578268877 0.48221339779005545 0.451353591160221 0.5019008977900553 0.4471869244935543 0.5078383977900554 0.433853591160221 0.5075258977900553 0.4180202578268876 0.49627589779005543 0.3971869244935543 0.4800258977900553 0.37177025782688766 0.46627589779005535 0.3421869244935543 0.45596339779005535 0.33510359116022104 0.4419008977900553 0.33510359116022104
0 0.41002589779005516 0.505718232044199 0.3797133977900552 0.5098848987108656 0.36346339779005515 0.519468232044199 0.3559633977900552 0.5332182320441989 0.3547133977900552 0.5632182320441989 0.3625258977900552 0.5886348987108657 0.3797133977900552 0.6065515653775323 0.3934633977900552 0.6257182320441989 0.40565089779005514 0.6415515653775323 0.41533839779005516 0.6536348987108657 0.4265883977900552 0.6528015653775322 0.43752589779005524 0.6373848987108656 0.44127589779005516 0.6165515653775323 0.4456508977900551 0.6015515653775323 0.4515883977900552 0.5819682320441989 0.46033839779005525 0.5636348987108657 0.4597133977900551 0.541968232044199 0.45377589779005517 0.5232182320441989 0.44502589779005514 0.5132182320441989 0.4456508977900551 0.5253015653775323 0.4362758977900551 0.5398848987108656 0.4325258977900551 0.5511348987108655 0.4237758977900551 0.551968232044199 0.41408839779005524 0.5365515653775322 0.40940089779005523 0.5182182320441989
0 0.322705455801105 0.6876611418047883 0.307080455801105 0.6784944751381217 0.303642955801105 0.6847444751381216 0.303642955801105 0.6930778084714551 0.293642955801105 0.708077808471455 0.294267955801105 0.7326611418047884 0.304267955801105 0.7634944751381216 0.312705455801105 0.789327808471455 0.32645545580110497 0.7951611418047884 0.343330455801105 0.7864111418047882 0.357392955801105 0.7784944751381216 0.377705455801105 0.7709944751381216 0.381455455801105 0.7589111418047882 0.372080455801105 0.7476611418047884 0.365205455801105 0.7397444751381216 0.36801795580110497 0.7539111418047884 0.35770545580110497 0.7626611418047883 0.341142955801105 0.7709944751381216 0.33426795580110497 0.7514111418047883 0.33739295580110495 0.7376611418047883 0.340205455801105 0.7239111418047882 0.338330455801105 0.7189111418047883 0.319267955801105 0.7134944751381216 0.30833045580110496 0.7043278084714549
0 0.6812016574585634 0.48540055248618796 0.6377641574585635 0.470400552486188 0.6333891574585635 0.4708172191528546 0.6302641574585635 0.4845672191528546 0.6205766574585635 0.4987338858195213 0.6127641574585635 0.5162338858195213 0.6087016574585634 0.5345672191528547 0.6105766574585634 0.5483172191528547 0.6177641574585635 0.5620672191528546 0.6227641574585634 0.564150552486188 0.6258891574585634 0.5795672191528547 0.6305766574585634 0.5912338858195213 0.6421391574585634 0.596650552486188 0.6662016574585634 0.5912338858195213 0.6827641574585634 0.5820672191528546 0.7024516574585634 0.5737338858195213 0.7149516574585635 0.556650552486188 0.7152641574585634 0.5491505524861879 0.7012016574585634 0.5362338858195214 0.6933891574585634 0.530400552486188 0.6887016574585634 0.5104005524861879
0 0.7221391574585636 0.6353222836095764 0.7012016574585636 0.5982389502762431 0.6893266574585637 0.590738950276243 0.6783891574585637 0.591988950276243 0.6649516574585637 0.6003222836095764 0.6577641574585635 0.6124056169429097 0.6508891574585636 0.615738950276243 0.6458891574585637 0.6286556169429097 0.6455766574585636 0.6361556169429097 0.6415141574585637 0.650738950276243 0.6371391574585636 0.665738950276243 0.6371391574585636 0.6749056169429097 0.6327641574585636 0.681988950276243 0.6274516574585636 0.7011556169429096 0.6299516574585636 0.716988950276243 0.6412016574585636 0.729488950276243 0.6568266574585636 0.728238950276243 0.6780766574585636 0.7278222836095763 0.6977641574585636 0.7261556169429096 0.7249516574585636 0.7115722836095764 0.7346391574585637 0.700738950276243 0.7371391574585636 0.6836556169429097 0.7337016574585636 0.6628222836095764
0 0.8209202348066297 0.5900253222836095 0.8068577348066297 0.5916919889502761 0.7977952348066297 0.6033586556169428 0.7859202348066298 0.6187753222836094 0.7812327348066297 0.6337753222836094 0.7796702348066298 0.6508586556169429 0.7862327348066297 0.6696086556169428 0.7943577348066297 0.6858586556169428 0.8031077348066298 0.6929419889502761 0.8174827348066296 0.7062753222836095 0.8293577348066297 0.7158586556169428 0.8406077348066298 0.7266919889502762 0.8465452348066297 0.7333586556169428 0.8618577348066297 0.7387753222836095 0.8721702348066298 0.7279419889502762 0.8768577348066298 0.7141919889502761 0.8784202348066298 0.6937753222836095 0.8793577348066297 0.6766919889502762 0.8856077348066297 0.6546086556169428 0.8868577348066298 0.6358586556169428 0.8827952348066297 0.6150253222836094 0.8743577348066298 0.6004419889502761 0.8599827348066297 0.5916919889502761 0.8446702348066297 0.5875253222836094
0 0.9803124999999999 0.6458333333333334 0.975 0.6470833333333333 0.969375 0.6595833333333334 0.971875 0.675 0.974375 0.6879166666666666 0.9875 0.7116666666666667 0.9984375 0.7228846153846155 0.9984375 0.6591666666666666 0.990625 0.66625 0.984375 0.66
0 0.968125 0.76 0.9553125 0.76375 0.9506249999999999 0.76375 0.9506249999999999 0.77875 0.95875 0.7933333333333333 0.9690625 0.8133333333333332 0.975625 0.82625 0.9846875 0.8354166666666667 0.9984375 0.8464930555555557 0.9984375 0.7804166666666668 0.9818749999999999 0.7941666666666667 0.975625 0.7895833333333333 0.9696875 0.7766666666666667