0 0.17939574688796683 0.3335926694329185 0.10567946058091282 0.10892116182572611
0 0.1417920124481328 0.47363416320885204 0.1004927385892116 0.12448132780082985
0 0.09705653526970956 0.6123789764868603 0.10308609958506221 0.11843015214384517
0 0.35315093360995853 0.43300484094052566 0.08363589211618261 0.11583679114799447
0 0.36709024896265563 0.5324170124481328 0.09206431535269707 0.1123789764868602
0 0.485088174273859 0.519017980636238 0.08169087136929454 0.12015905947441213
0 0.6118386929460581 0.5246369294605809 0.09011929460580914 0.12793914246196395
0 0.62448132780083 0.6115145228215767 0.09076763485477182 0.11324343015214376
0 0.6747276970954357 0.4368948824343016 0.08363589211618257 0.12015905947441219
0 0.7337883959044369 0.5041240045506257 0.08532423208191124 0.11234357224118317
0 0.8121800341296929 0.5062571103526735 0.07572525597269628 0.12087599544937433
0 0.8785729522184299 0.5613623435722412 0.09012372013651877 0.11305460750853236
0 0.8228455631399317 0.6562855517633674 0.08319112627986343 0.11234357224118317
0 0.8916382252559727 0.4049345847554039 0.10558873720136504 0.1144766780432309
0 0.9513651877133105 0.4703498293515358 0.09385665529010226 0.1087883959044369
0 0.15151186342592596 0.2887731481481482 0.1428313078703704 0.30179398148148157 0.14102285879629634 0.30902777777777785 0.13849103009259262 0.3152970679012347 0.13523582175925927 0.3215663580246914 0.13161892361111113 0.33651620370370383 0.1301721643518519 0.3538773148148149 0.13451244212962965 0.3649691358024692 0.13885271990740744 0.3736496913580247 0.147533275462963 0.3804012345679013 0.15766059027777782 0.38233024691358036 0.16778790509259262 0.38281250000000006 0.17574508101851855 0.38281250000000006 0.18514901620370372 0.3804012345679013 0.1945529513888889 0.37557870370370383 0.20106336805555558 0.37413194444444453 0.2155309606481482 0.37413194444444453 0.22384982638888892 0.3702739197530865 0.22963686342592596 0.3606288580246914 0.22963686342592596 0.3529128086419754 0.22710503472222224 0.34471450617283955 0.21878616898148148 0.3355516975308643 0.2133608217592593 0.3273533950617285 0.20504195601851855 0.3152970679012347 0.20033998842592596 0.30565200617283955 0.1945529513888889 0.2984182098765433 0.18768084490740744 0.29166666666666674 0.18080873842592596 0.287326388888889 0.17321325231481483 0.28443287037037046 0.16380931712962965 0.28443287037037046 0.157298900462963 0.28443287037037046
0 0.12691695601851855 0.4170524691358025 0.11751302083333337 0.41898148148148157 0.10630063657407411 0.42476851851851855 0.09870515046296299 0.43152006172839513 0.0936414930555556 0.45032793209876554 0.09544994212962966 0.4585262345679013 0.1012369791666667 0.4782986111111112 0.10666232638888892 0.4874614197530865 0.11715133101851856 0.49469521604938277 0.1236617476851852 0.5004822530864198 0.12981047453703706 0.5086805555555556 0.1355975115740741 0.5154320987654322 0.1399377893518519 0.5270061728395062 0.14210792824074076 0.531346450617284 0.14608651620370375 0.5337577160493828 0.15440538194444448 0.5337577160493828 0.1601924189814815 0.5284529320987655 0.16597945601851855 0.5212191358024693 0.1724898726851852 0.5101273148148149 0.17574508101851855 0.49710648148148157 0.1818938078703704 0.4836033950617285 0.18551070601851855 0.46961805555555564 0.18768084490740744 0.4575617283950618 0.18804253472222227 0.44888117283950624 0.18406394675925927 0.4353780864197532 0.17574508101851855 0.42814429012345684 0.16634114583333337 0.42235725308641986 0.16344762731481483 0.42380401234567905 0.16055410879629634 0.43055555555555564 0.14861834490740744 0.4426118827160495 0.13812934027777782 0.4440586419753087 0.13451244212962965 0.4402006172839507 0.13234230324074076 0.4344135802469137 0.1301721643518519 0.4257330246913581 0.12908709490740744 0.42187500000000006
0 0.05132378472222225 0.5824652777777779 0.046621817129629664 0.5896990740740742 0.04372829861111114 0.5940393518518519 0.046983506944444475 0.6104359567901235 0.0524088541666667 0.6249035493827162 0.05530237268518522 0.6335841049382717 0.06181278935185188 0.6475694444444445 0.06759982638888892 0.65625 0.07266348379629632 0.6639660493827162 0.07953559027777782 0.6673418209876544 0.08966290509259263 0.6649305555555556 0.09689670138888892 0.6601080246913581 0.10955584490740744 0.6514274691358025 0.11895978009259263 0.6446759259259259 0.12619357638888892 0.6393711419753086 0.128002025462963 0.6340663580246915 0.1276403356481482 0.6282793209876544 0.11895978009259263 0.6244212962962963 0.11027922453703706 0.6200810185185186 0.10304542824074077 0.613329475308642 0.09798177083333336 0.6118827160493828 0.08821614583333337 0.6181520061728396 0.07374855324074078 0.6282793209876544 0.06976996527777782 0.6258680555555556 0.06759982638888892 0.6094714506172839 0.06940827546296299 0.6012731481481483 0.07338686342592596 0.5945216049382717 0.0744719328703704 0.5896990740740742 0.06651475694444448 0.5868055555555556 0.06072771990740744 0.5853587962962963 0.054940682870370405 0.5839120370370371
0 0.32729311342592593 0.3876350308641976 0.3193359375 0.39824459876543217 0.3139105902777778 0.4127121913580247 0.31246383101851855 0.42235725308641986 0.31354890046296297 0.43634259259259267 0.31680410879629634 0.453221450617284 0.3204210069444445 0.4585262345679013 0.32331452546296297 0.46624228395061734 0.3251229745370371 0.47395833333333337 0.3316333912037037 0.4821566358024692 0.34067563657407407 0.48697916666666674 0.3508029513888889 0.4850501543209877 0.3594835069444445 0.4802276234567902 0.3659939236111111 0.4749228395061729 0.37431278935185186 0.4657600308641976 0.3826316550925926 0.4561149691358025 0.3898654513888889 0.44695216049382724 0.3902271412037037 0.4430941358024692 0.37937644675925924 0.4416473765432099 0.3703342013888889 0.4324845679012347 0.36671730324074076 0.4291087962962964 0.35803674768518523 0.4286265432098766 0.3533347800925926 0.42139274691358036 0.34790943287037035 0.41174768518518523 0.3442925347222222 0.4049961419753087 0.34031394675925924 0.3963155864197532 0.33742042824074076 0.3910108024691359
0 0.3641854745370371 0.4768518518518519 0.35586660879629634 0.4797453703703704 0.3486328125 0.48794367283950624 0.34212239583333337 0.5009645061728396 0.33416521990740744 0.527488425925926 0.3316333912037037 0.5453317901234569 0.32837818287037035 0.5578703703703705 0.3280164930555556 0.5733024691358025 0.32982494212962965 0.5790895061728396 0.3366970486111111 0.5848765432098766 0.35044126157407407 0.5858410493827162 0.3594835069444445 0.5848765432098766 0.3685257523148148 0.5834297839506173 0.3790147569444445 0.5824652777777779 0.3876953125 0.5805362654320988 0.3974609375 0.5747492283950618 0.40397135416666663 0.5646219135802469 0.4072265625 0.5540123456790125 0.40758825231481477 0.5458140432098766 0.40505642361111105 0.5356867283950618 0.4010778356481481 0.5270061728395062 0.39673755787037035 0.5183256172839507 0.3942057291666667 0.5130208333333334 0.3898654513888889 0.5004822530864198 0.38516348379629634 0.4918016975308642 0.38118489583333337 0.4840856481481482 0.37720630787037035 0.4802276234567902 0.3725043402777778 0.4778163580246914 0.36888744212962965 0.47733410493827166
0 0.46690538194444436 0.46238425925925936 0.4549696180555555 0.4681712962962964 0.44773582175925924 0.4797453703703704 0.44484230324074076 0.49710648148148157 0.44737413194444436 0.5110918209876544 0.44845920138888884 0.521701388888889 0.45279947916666663 0.5390625000000001 0.4589482060185185 0.5472608024691359 0.4658203125 0.5573881172839507 0.4730541087962963 0.5641396604938272 0.48137297453703703 0.5689621913580248 0.48679832175925924 0.5728202160493828 0.4933087384259259 0.5752314814814815 0.4994574652777778 0.5704089506172839 0.5059678819444444 0.55883487654321 0.5092230902777778 0.5487075617283952 0.5113932291666666 0.5400270061728396 0.5142867476851851 0.5303819444444445 0.5171802662037036 0.5192901234567902 0.5193504050925926 0.5091628086419754 0.5200737847222221 0.49903549382716056 0.5193504050925926 0.4874614197530865 0.5153718171296295 0.4787808641975309 0.5099464699074073 0.4715470679012347 0.5030743634259258 0.46431327160493835 0.4922236689814814 0.46141975308641986 0.48716001157407407 0.46141975308641986 0.48209635416666663 0.46141975308641986 0.4745008680555555 0.46141975308641986
0 0.5739655671296295 0.4855324074074075 0.5678168402777778 0.4908371913580247 0.5631148726851851 0.49951774691358036 0.5638382523148148 0.5149498456790124 0.571072048611111 0.527488425925926 0.5775824652777778 0.5347222222222222 0.5844545717592593 0.5438850308641976 0.5931351273148148 0.556905864197531 0.6010923032407407 0.5655864197530865 0.6079644097222221 0.5713734567901235 0.6151982060185185 0.5786072530864198 0.6195384837962963 0.5863233024691359 0.6231553819444444 0.5872878086419753 0.6332826967592592 0.5858410493827162 0.6401548032407407 0.5786072530864198 0.6437717013888888 0.5694444444444445 0.6437717013888888 0.5559413580246915 0.6441333912037036 0.5443672839506173 0.6455801504629629 0.5323109567901235 0.6484736689814814 0.5207368827160495 0.6524522569444444 0.5096450617283952 0.6542607060185185 0.5009645061728396 0.6549840856481481 0.4874614197530865 0.6528139467592592 0.4821566358024692 0.6470269097222221 0.4797453703703704 0.639431423611111 0.4778163580246914 0.6343677662037036 0.4782986111111112 0.629665798611111 0.4797453703703704 0.6260489004629629 0.482638888888889 0.619900173611111 0.4831211419753087 0.6108579282407407 0.4778163580246914 0.6050708912037036 0.47733410493827166 0.5992838541666666 0.4768518518518519 0.588794849537037 0.4807098765432099 0.5822844328703703 0.4840856481481482
0 0.5848162615740741 0.6094714506172839 0.5877097800925926 0.6205632716049383 0.5895182291666666 0.6249035493827162 0.5953052662037036 0.6326195987654322 0.5992838541666666 0.6374421296296297 0.6025390624999999 0.6422646604938272 0.6086877893518519 0.6514274691358025 0.6155598958333333 0.6572145061728396 0.6217086226851851 0.6625192901234569 0.6303891782407407 0.6649305555555556 0.6383463541666666 0.6625192901234569 0.6452184606481481 0.6548032407407408 0.6484736689814814 0.6509452160493828 0.6564308449074073 0.6451581790123458 0.6640263310185185 0.6326195987654322 0.6665581597222221 0.6195987654320988 0.6658347800925926 0.6032021604938272 0.6658347800925926 0.5954861111111112 0.6640263310185185 0.5839120370370371 0.6611328124999999 0.5708912037037038 0.657154224537037 0.5631751543209877 0.6510054976851851 0.5573881172839507 0.6488353587962963 0.5641396604938272 0.6459418402777778 0.5699266975308642 0.6416015624999999 0.574266975308642 0.6397931134259258 0.5800540123456791 0.6361762152777778 0.5848765432098766 0.6271339699074073 0.5906635802469136 0.6238787615740741 0.5930748456790125 0.619900173611111 0.5974151234567902 0.6162832754629629 0.6022376543209876 0.6123046874999999 0.6070601851851852 0.6057942708333333 0.6099537037037038 0.6014539930555556 0.6036844135802469 0.5992838541666666 0.5983796296296297 0.5974754050925926 0.5935570987654322 0.590603298611111 0.5983796296296297 0.5855396412037036 0.6046489197530865
0 0.6538990162037036 0.3779899691358025 0.647388599537037 0.3784722222222223 0.6397931134259258 0.38377700617283955 0.6343677662037036 0.39245756172839513 0.6318359374999999 0.41078317901234573 0.6336443865740741 0.42525077160493835 0.6361762152777778 0.4421296296296297 0.6368995949074073 0.4537037037037038 0.6416015624999999 0.46190200617283955 0.647388599537037 0.46431327160493835 0.6538990162037036 0.46624228395061734 0.6600477430555556 0.47540509259259267 0.6593243634259258 0.482638888888889 0.6564308449074073 0.486496913580247 0.657154224537037 0.4966242283950618 0.6600477430555556 0.49710648148148157 0.6672815393518519 0.4932484567901235 0.6705367476851851 0.48601466049382724 0.6799406828703703 0.47540509259259267 0.686451099537037 0.4686535493827161 0.6965784143518519 0.46527777777777785 0.7012803819444444 0.46334876543209885 0.7070674189814814 0.4575617283950618 0.7103226273148148 0.44791666666666674 0.7117693865740741 0.4387538580246914 0.7124927662037036 0.4320023148148149 0.7041739004629629 0.42717978395061734 0.6987485532407407 0.4170524691358025 0.6947699652777778 0.410300925925926 0.6907913773148148 0.4030671296296297 0.6813874421296295 0.3963155864197532 0.6763237847222221 0.3900462962962964 0.6723451967592592 0.38811728395061734 0.6643880208333333 0.38570601851851855 0.6586009837962963 0.3813657407407408
0 0.725513599537037 0.453221450617284 0.7218967013888888 0.453221450617284 0.7117693865740741 0.45900848765432106 0.7045355902777778 0.46286651234567905 0.7005570023148148 0.4691358024691359 0.6983868634259258 0.482638888888889 0.6954933449074073 0.5188078703703705 0.6940465856481481 0.5245949074074076 0.6936848958333333 0.5380979938271605 0.696216724537037 0.5487075617283952 0.7005570023148148 0.5564236111111112 0.7106843171296295 0.5578703703703705 0.7197265624999999 0.5559413580246915 0.7287688078703703 0.5482253086419753 0.7349175347222221 0.5458140432098766 0.7446831597222221 0.5434027777777779 0.754810474537037 0.5380979938271605 0.7671079282407407 0.5284529320987655 0.7703631365740741 0.5212191358024693 0.7739800347222221 0.5048225308641976 0.7747034143518519 0.494212962962963 0.7714482060185184 0.48601466049382724 0.7631293402777777 0.4729938271604939 0.7540870949074073 0.46383101851851855 0.7483000578703703 0.46045524691358036 0.7414279513888888 0.4565972222222223 0.7338324652777777 0.4527391975308642
0 0.8025535300925926 0.46045524691358036 0.795681423611111 0.46141975308641986 0.7848307291666666 0.4667245370370371 0.7757884837962963 0.4744405864197532 0.7728949652777777 0.4831211419753087 0.7739800347222221 0.494212962962963 0.7790436921296295 0.5144675925925927 0.7826605902777777 0.5207368827160495 0.7877242476851851 0.5250771604938272 0.7945963541666666 0.5318287037037037 0.801830150462963 0.5380979938271605 0.8083405671296295 0.5443672839506173 0.8137659143518517 0.5516010802469136 0.8177445023148147 0.5554591049382717 0.8220847800925926 0.5583526234567902 0.8307653356481481 0.5597993827160495 0.8358289930555556 0.556905864197531 0.8394458912037036 0.5467785493827162 0.840892650462963 0.5371334876543211 0.840892650462963 0.525559413580247 0.840892650462963 0.5173611111111112 0.8416160300925926 0.5091628086419754 0.8448712384259259 0.49903549382716056 0.8474030671296295 0.4918016975308642 0.8488498263888887 0.4836033950617285 0.8459563078703702 0.4729938271604939 0.834743923611111 0.4575617283950618 0.8304036458333333 0.4561149691358025 0.8275101273148147 0.4561149691358025 0.8253399884259259 0.46093750000000006 0.824978298611111 0.46334876543209885 0.8166594328703702 0.46334876543209885 0.8105107060185185 0.4594907407407408 0.8061704282407407 0.4585262345679013
0 0.8155743634259259 0.6224922839506173 0.8090639467592592 0.6253858024691359 0.7996600115740741 0.6282793209876544 0.7917028356481481 0.6321373456790125 0.7862774884259258 0.6355131172839507 0.784107349537037 0.6393711419753086 0.7826605902777777 0.6466049382716049 0.7851924189814814 0.6533564814814815 0.7895326967592592 0.6591435185185186 0.7917028356481481 0.6634837962962963 0.7964048032407407 0.6683063271604939 0.8029152199074072 0.6745756172839507 0.8065321180555556 0.6798804012345679 0.811595775462963 0.6837384259259259 0.8202763310185185 0.6880787037037038 0.8282335069444444 0.6943479938271605 0.834743923611111 0.7001350308641976 0.8452329282407407 0.7073688271604939 0.8513816550925926 0.7088155864197532 0.8578920717592592 0.7039930555555556 0.862232349537037 0.6929012345679013 0.862232349537037 0.6813271604938272 0.8633174189814815 0.6687885802469136 0.8636791087962962 0.6552854938271605 0.8633174189814815 0.6437114197530865 0.8629557291666666 0.6306905864197532 0.8615089699074072 0.6234567901234569 0.8589771412037036 0.6195987654320988 0.8535517939814815 0.6195987654320988 0.8481264467592592 0.6195987654320988 0.8470413773148147 0.6297260802469136 0.8452329282407407 0.63695987654321 0.8398075810185185 0.6384066358024693 0.832935474537037 0.6364776234567902 0.8282335069444444 0.6302083333333335 0.8191912615740741 0.6229745370370371
0 0.8387225115740741 0.5636574074074076 0.8383608217592592 0.5704089506172839 0.8405309606481481 0.5800540123456791 0.8470413773148147 0.5858410493827162 0.8517433449074072 0.5916280864197532 0.8578920717592592 0.5950038580246915 0.8651258680555556 0.5969328703703705 0.8727213541666666 0.5988618827160495 0.8777850115740741 0.6017554012345679 0.8861038773148147 0.6065779320987655 0.8900824652777777 0.6099537037037038 0.8980396412037036 0.6123649691358025 0.9063585069444444 0.613329475308642 0.912868923611111 0.6128472222222222 0.9186559606481481 0.6046489197530865 0.9219111689814815 0.595968364197531 0.9204644097222221 0.5868055555555556 0.9182942708333333 0.5771604938271605 0.9186559606481481 0.5679976851851852 0.9193793402777777 0.5578703703703705 0.9172092013888887 0.5448495370370371 0.9139539930555556 0.5361689814814815 0.9103370949074072 0.5308641975308642 0.9067201967592592 0.5260416666666667 0.9016565393518517 0.51977237654321 0.8973162615740741 0.5130208333333334 0.889720775462963 0.5077160493827161 0.8853804976851851 0.5077160493827161 0.8918909143518517 0.5149498456790124 0.8955078125 0.517843364197531 0.8965928819444444 0.5231481481481483 0.8926142939814815 0.527488425925926 0.8821252893518517 0.531346450617284 0.8766999421296295 0.5337577160493828 0.8698278356481481 0.5361689814814815 0.8658492476851851 0.5395447530864198 0.8633174189814815 0.5458140432098766 0.8571686921296295 0.5559413580246915 0.8477647569444444 0.5564236111111112 0.8423394097222221 0.5564236111111112
0 0.8861038773148147 0.3538773148148149 0.8745298032407407 0.36014660493827166 0.8676576967592592 0.3659336419753087 0.8618706597222221 0.3736496913580247 0.8557219328703702 0.38377700617283955 0.8488498263888887 0.39583333333333337 0.8434244791666666 0.404513888888889 0.840892650462963 0.41126543209876554 0.8405309606481481 0.42525077160493835 0.8463179976851851 0.4397183641975309 0.8528284143518517 0.449363425925926 0.8571686921296295 0.45225694444444453 0.8651258680555556 0.455150462962963 0.873806423611111 0.4565972222222223 0.8900824652777777 0.46045524691358036 0.9041883680555556 0.46093750000000006 0.9150390625 0.46190200617283955 0.9276982060185185 0.46238425925925936 0.9342086226851851 0.46045524691358036 0.9407190393518517 0.4537037037037038 0.9436125578703702 0.4459876543209877 0.9439742476851851 0.43489583333333337 0.9436125578703702 0.42428626543209885 0.938548900462963 0.4011381172839507 0.9349320023148147 0.39245756172839513 0.9316767939814815 0.38088348765432106 0.9284215856481481 0.375096450617284 0.9219111689814815 0.365451388888889 0.9157624421296295 0.35677083333333337 0.9125072337962962 0.3529128086419754 0.9005714699074072 0.3509837962962964 0.8955078125 0.3519483024691359
0 0.9446976273148147 0.42139274691358036 0.9493995949074072 0.4204282407407408 0.9569950810185185 0.4194637345679013 0.9682074652777777 0.42476851851851855 0.9700159143518517 0.43152006172839513 0.9707392939814815 0.4377893518518519 0.9747178819444443 0.44695216049382724 0.9758029513888887 0.45081018518518523 0.9852068865740741 0.4527391975308642 0.9895471643518517 0.4527391975308642 0.9931640625 0.4565972222222223 0.997142650462963 0.46238425925925936 0.9967809606481481 0.4768518518518519 0.9953342013888887 0.4811921296296297 0.9862919560185185 0.48794367283950624 0.9761646412037036 0.49807098765432106 0.9685691550925926 0.5043402777777779 0.9642288773148147 0.5077160493827161 0.9577184606481481 0.5130208333333334 0.9450593171296295 0.5188078703703705 0.9349320023148147 0.5159143518518519 0.9273365162037036 0.5144675925925927 0.9197410300925926 0.5096450617283952 0.9143156828703702 0.5067515432098766 0.911060474537037 0.5024112654320988 0.9078052662037036 0.4908371913580247 0.9074435763888887 0.4811921296296297 0.9081669560185185 0.4710648148148149 0.9106987847222221 0.46334876543209885 0.9132306134259258 0.46093750000000006 0.9258897569444444 0.4594907407407408 0.9338469328703702 0.45900848765432106 0.9392722800925926 0.4561149691358025 0.9425274884259258 0.44984567901234573 0.9457826967592592 0.4411651234567902 0.9465060763888887 0.4358603395061729 0.9454210069444444 0.42621527777777785