0 0.230224609375 0.42133246527777773 0.12776692708333331 0.17903645833333334
0 0.18709309895833331 0.6133897569444444 0.11962890625000004 0.19205729166666666
0 0.12849934895833331 0.7821180555555555 0.11149088541666666 0.16059027777777773
0 0.45361328125 0.5455729166666666 0.1009114583333333 0.17361111111111108
0 0.4825032552083333 0.6877170138888888 0.10986328125 0.15625
0 0.628173828125 0.6746961805555555 0.1066080729166667 0.17361111111111108
0 0.8715006510416667 0.548828125 0.1163736979166666 0.15625
0 0.8125 0.6974826388888888 0.1302083333333332 0.17795138888888892
0 0.8072102864583334 0.7794053819444444 0.11474609375 0.14214409722222215
0 0.9429036458333332 0.6331464162611515 0.11106770833333339 0.16646644363341434
0 0.9844075520833332 0.785680487472767 0.028059895833333393 0.09610055827886725
0 0.1703125 0.45208333333333334 0.1703125 0.46458333333333335 0.16875 0.4666666666666667 0.16875 0.47291666666666665 0.1703125 0.475 0.1703125 0.47708333333333336 0.1796875 0.4895833333333333 0.1796875 0.49166666666666664 0.1828125 0.49583333333333335 0.184375 0.49583333333333335 0.1859375 0.4979166666666667 0.1875 0.4979166666666667 0.1890625 0.5 0.190625 0.5 0.19375 0.5041666666666667 0.1953125 0.5041666666666667 0.196875 0.50625 0.215625 0.50625 0.2171875 0.5041666666666667 0.221875 0.5041666666666667 0.2234375 0.5020833333333333 0.228125 0.5020833333333333 0.2296875 0.5 0.234375 0.5 0.2359375 0.4979166666666667 0.2390625 0.4979166666666667 0.240625 0.49583333333333335 0.24375 0.49583333333333335 0.2453125 0.49375 0.2484375 0.49375 0.25 0.49166666666666664 0.2625 0.49166666666666664 0.2640625 0.4895833333333333 0.2703125 0.4895833333333333 0.271875 0.4875 0.278125 0.4875 0.2796875 0.48541666666666666 0.2828125 0.48541666666666666 0.290625 0.475 0.290625 0.47291666666666665 0.2921875 0.4708333333333333 0.2921875 0.46041666666666664 0.290625 0.4583333333333333 0.290625 0.45625 0.2890625 0.45416666666666666 0.2890625 0.45208333333333334 0.2875 0.45 0.2875 0.4479166666666667 0.278125 0.4354166666666667 0.278125 0.43333333333333335 0.2734375 0.4270833333333333 0.271875 0.4270833333333333 0.2703125 0.425 0.2703125 0.42291666666666666 0.2671875 0.41875 0.265625 0.41875 0.2609375 0.4125 0.2609375 0.41041666666666665 0.25625 0.4041666666666667 0.2546875 0.4041666666666667 0.2421875 0.3875 0.240625 0.3875 0.2375 0.38333333333333336 0.2359375 0.38333333333333336 0.234375 0.38125 0.2328125 0.38125 0.23125 0.37916666666666665 0.2296875 0.37916666666666665 0.228125 0.3770833333333333 0.2265625 0.3770833333333333 0.225 0.375 0.2203125 0.375 0.21875 0.3770833333333333 0.209375 0.3770833333333333 0.2078125 0.37916666666666665 0.20625 0.37916666666666665 0.2046875 0.38125 0.203125 0.38125 0.190625 0.39791666666666664 0.190625 0.4 0.1890625 0.40208333333333335 0.1890625 0.4041666666666667 0.1875 0.40625 0.1875 0.4083333333333333 0.1828125 0.41458333333333336 0.1828125 0.4166666666666667 0.18125 0.41875 0.18125 0.42291666666666666 0.1796875 0.425 0.1796875 0.4270833333333333 0.178125 0.42916666666666664 0.178125 0.43125 0.1765625 0.43333333333333335 0.1765625 0.4354166666666667 0.175 0.4375 0.175 0.44166666666666665 0.1734375 0.44375 0.1734375 0.44583333333333336 0.171875 0.4479166666666667 0.171875 0.45
0 0.1390625 0.575 0.1359375 0.5791666666666667 0.1359375 0.58125 0.1328125 0.5854166666666667 0.1328125 0.5875 0.13125 0.5895833333333333 0.13125 0.5916666666666667 0.1296875 0.59375 0.1296875 0.5958333333333333 0.128125 0.5979166666666667 0.128125 0.60625 0.1296875 0.6083333333333333 0.1296875 0.6145833333333334 0.13125 0.6166666666666667 0.13125 0.6208333333333333 0.1328125 0.6229166666666667 0.1328125 0.625 0.1375 0.63125 0.1375 0.6354166666666666 0.1484375 0.65 0.1484375 0.6520833333333333 0.15 0.6541666666666667 0.1515625 0.6541666666666667 0.1546875 0.6583333333333333 0.15625 0.6583333333333333 0.1609375 0.6645833333333333 0.1625 0.6645833333333333 0.1640625 0.6666666666666666 0.165625 0.6666666666666666 0.1671875 0.66875 0.1671875 0.6708333333333333 0.1703125 0.675 0.171875 0.675 0.190625 0.7 0.1921875 0.7 0.1953125 0.7041666666666667 0.1984375 0.7041666666666667 0.2 0.70625 0.20625 0.70625 0.2078125 0.7041666666666667 0.2109375 0.7041666666666667 0.21875 0.69375 0.21875 0.6916666666666667 0.221875 0.6875 0.221875 0.6854166666666667 0.2234375 0.6833333333333333 0.2234375 0.6770833333333334 0.225 0.675 0.225 0.6708333333333333 0.228125 0.6666666666666666 0.228125 0.6645833333333333 0.2296875 0.6625 0.2296875 0.65625 0.23125 0.6541666666666667 0.23125 0.6479166666666667 0.2328125 0.6458333333333334 0.2328125 0.64375 0.234375 0.6416666666666667 0.234375 0.6375 0.2359375 0.6354166666666666 0.2359375 0.63125 0.2375 0.6291666666666667 0.2375 0.6270833333333333 0.2390625 0.625 0.2390625 0.6229166666666667 0.240625 0.6208333333333333 0.240625 0.61875 0.2421875 0.6166666666666667 0.2421875 0.6145833333333334 0.24375 0.6125 0.24375 0.6020833333333333 0.2453125 0.6 0.2453125 0.5979166666666667 0.24375 0.5958333333333333 0.24375 0.5854166666666667 0.2421875 0.5833333333333334 0.2421875 0.58125 0.240625 0.5791666666666667 0.2390625 0.5791666666666667 0.234375 0.5729166666666666 0.23125 0.5729166666666666 0.2296875 0.5708333333333333 0.228125 0.5708333333333333 0.2265625 0.56875 0.2234375 0.56875 0.221875 0.5666666666666667 0.2203125 0.5666666666666667 0.2171875 0.5708333333333333 0.2171875 0.5791666666666667 0.215625 0.58125 0.215625 0.5854166666666667 0.2109375 0.5916666666666667 0.2109375 0.59375 0.1984375 0.6104166666666667 0.196875 0.6104166666666667 0.1953125 0.6125 0.190625 0.6125 0.1890625 0.6104166666666667 0.1875 0.6104166666666667 0.18125 0.6020833333333333 0.18125 0.6 0.1796875 0.5979166666666667 0.1796875 0.5958333333333333 0.178125 0.59375 0.178125 0.5916666666666667 0.1765625 0.5895833333333333 0.1765625 0.5854166666666667 0.175 0.5833333333333334 0.175 0.5791666666666667 0.1734375 0.5770833333333333 0.1734375 0.5645833333333333 0.165625 0.5645833333333333 0.1640625 0.5666666666666667 0.15 0.5666666666666667 0.1453125 0.5729166666666666 0.1421875 0.5729166666666666 0.140625 0.575
0 0.0703125 0.7875 0.0703125 0.7916666666666666 0.071875 0.79375 0.071875 0.7979166666666667 0.0734375 0.8 0.0734375 0.8041666666666667 0.075 0.80625 0.075 0.8104166666666667 0.0765625 0.8125 0.0765625 0.8166666666666667 0.078125 0.81875 0.078125 0.8208333333333333 0.0890625 0.8354166666666667 0.0890625 0.8375 0.1046875 0.8583333333333333 0.10625 0.8583333333333333 0.1078125 0.8604166666666667 0.115625 0.8604166666666667 0.1171875 0.8625 0.11875 0.8625 0.1203125 0.8604166666666667 0.1265625 0.8604166666666667 0.128125 0.8583333333333333 0.1296875 0.8583333333333333 0.13125 0.85625 0.1328125 0.85625 0.134375 0.8541666666666666 0.1359375 0.8541666666666666 0.1375 0.8520833333333333 0.1390625 0.8520833333333333 0.140625 0.85 0.1421875 0.85 0.14375 0.8479166666666667 0.1453125 0.8479166666666667 0.146875 0.8458333333333333 0.1484375 0.8458333333333333 0.15 0.84375 0.153125 0.84375 0.1546875 0.8416666666666667 0.159375 0.8416666666666667 0.1625 0.8375 0.1625 0.8354166666666667 0.1640625 0.8333333333333334 0.1625 0.8333333333333334 0.159375 0.8291666666666667 0.1578125 0.8291666666666667 0.1546875 0.825 0.153125 0.825 0.15 0.8208333333333333 0.1484375 0.8208333333333333 0.146875 0.81875 0.14375 0.8229166666666666 0.14375 0.825 0.1375 0.8333333333333334 0.1359375 0.8333333333333334 0.1328125 0.8375 0.13125 0.8375 0.128125 0.8416666666666667 0.1265625 0.8416666666666667 0.125 0.84375 0.1234375 0.84375 0.11875 0.85 0.1140625 0.85 0.1125 0.8520833333333333 0.1078125 0.8520833333333333 0.1046875 0.8479166666666667 0.1046875 0.8395833333333333 0.103125 0.8375 0.103125 0.8229166666666666 0.1046875 0.8208333333333333 0.1046875 0.8104166666666667 0.10625 0.8083333333333333 0.10625 0.8041666666666667 0.1078125 0.8020833333333334 0.1078125 0.8 0.10625 0.7979166666666667 0.103125 0.7979166666666667 0.1015625 0.7958333333333333 0.090625 0.7958333333333333 0.0890625 0.79375 0.0859375 0.79375 0.084375 0.7916666666666666 0.08125 0.7916666666666666 0.078125 0.7875 0.078125 0.7854166666666667 0.0765625 0.7833333333333333 0.0734375 0.7833333333333333
0 0.4171875 0.5145833333333333 0.4171875 0.5166666666666667 0.415625 0.51875 0.415625 0.5208333333333334 0.4140625 0.5229166666666667 0.4140625 0.525 0.4125 0.5270833333333333 0.4125 0.53125 0.4109375 0.5333333333333333 0.4109375 0.5354166666666667 0.409375 0.5375 0.409375 0.5395833333333333 0.4078125 0.5416666666666666 0.4078125 0.54375 0.40625 0.5458333333333333 0.40625 0.55625 0.4046875 0.5583333333333333 0.4046875 0.58125 0.40625 0.5833333333333334 0.40625 0.5854166666666667 0.409375 0.5895833333333333 0.409375 0.5916666666666667 0.415625 0.6 0.415625 0.6020833333333333 0.4171875 0.6041666666666666 0.4171875 0.60625 0.41875 0.6083333333333333 0.41875 0.6125 0.4203125 0.6145833333333334 0.4203125 0.6166666666666667 0.4234375 0.6208333333333333 0.425 0.6208333333333333 0.4265625 0.6229166666666667 0.428125 0.6229166666666667 0.43125 0.6270833333333333 0.45 0.6270833333333333 0.4515625 0.625 0.45625 0.625 0.4578125 0.6229166666666667 0.4609375 0.6229166666666667 0.4625 0.6208333333333333 0.4671875 0.6208333333333333 0.46875 0.61875 0.471875 0.61875 0.4765625 0.6125 0.478125 0.6125 0.4796875 0.6104166666666667 0.48125 0.6104166666666667 0.4828125 0.6083333333333333 0.4859375 0.6083333333333333 0.4890625 0.6041666666666666 0.490625 0.6041666666666666 0.4984375 0.59375 0.4984375 0.5916666666666667 0.5 0.5895833333333333 0.5 0.5875 0.4984375 0.5854166666666667 0.4984375 0.5833333333333334 0.496875 0.5833333333333334 0.4953125 0.58125 0.49375 0.58125 0.4921875 0.5791666666666667 0.484375 0.5791666666666667 0.4828125 0.5770833333333333 0.48125 0.5770833333333333 0.471875 0.5645833333333333 0.471875 0.5625 0.4703125 0.5604166666666667 0.4703125 0.5583333333333333 0.4671875 0.5541666666666667 0.4671875 0.5520833333333334 0.465625 0.5520833333333334 0.45625 0.5395833333333333 0.45625 0.5375 0.453125 0.5333333333333333 0.453125 0.53125 0.4515625 0.5291666666666667 0.4515625 0.5270833333333333 0.4484375 0.5229166666666667 0.4484375 0.5208333333333334 0.446875 0.51875 0.4453125 0.51875 0.44375 0.5166666666666667 0.43125 0.5166666666666667 0.4296875 0.5145833333333333 0.4234375 0.5145833333333333 0.421875 0.5125 0.41875 0.5125
0 0.496875 0.6291666666666667 0.49375 0.6291666666666667 0.490625 0.625 0.4890625 0.625 0.4875 0.6229166666666667 0.484375 0.6229166666666667 0.4828125 0.6208333333333333 0.471875 0.6208333333333333 0.4703125 0.6229166666666667 0.465625 0.6229166666666667 0.4640625 0.625 0.4625 0.625 0.4453125 0.6479166666666667 0.4453125 0.65 0.44375 0.6520833333333333 0.44375 0.6541666666666667 0.4421875 0.65625 0.4421875 0.6604166666666667 0.440625 0.6625 0.440625 0.66875 0.4390625 0.6708333333333333 0.4390625 0.675 0.4375 0.6770833333333334 0.4375 0.6833333333333333 0.4359375 0.6854166666666667 0.4359375 0.6895833333333333 0.434375 0.6916666666666667 0.434375 0.69375 0.4328125 0.6958333333333333 0.4328125 0.7083333333333334 0.43125 0.7104166666666667 0.43125 0.7145833333333333 0.4296875 0.7166666666666667 0.4296875 0.7208333333333333 0.428125 0.7229166666666667 0.428125 0.7270833333333333 0.4265625 0.7291666666666666 0.4265625 0.74375 0.428125 0.7458333333333333 0.428125 0.7479166666666667 0.4359375 0.7583333333333333 0.4390625 0.7583333333333333 0.440625 0.7604166666666666 0.4640625 0.7604166666666666 0.465625 0.7583333333333333 0.4765625 0.7583333333333333 0.478125 0.75625 0.4859375 0.75625 0.4875 0.7541666666666667 0.496875 0.7541666666666667 0.4984375 0.7520833333333333 0.5015625 0.7520833333333333 0.503125 0.75 0.50625 0.75 0.5078125 0.7479166666666667 0.5109375 0.7479166666666667 0.5125 0.7458333333333333 0.5140625 0.7458333333333333 0.5171875 0.7416666666666667 0.51875 0.7416666666666667 0.5203125 0.7395833333333334 0.521875 0.7395833333333334 0.525 0.7354166666666667 0.5265625 0.7354166666666667 0.528125 0.7333333333333333 0.528125 0.73125 0.5296875 0.7291666666666666 0.5296875 0.7270833333333333 0.5328125 0.7229166666666667 0.5328125 0.7208333333333333 0.534375 0.71875 0.534375 0.7145833333333333 0.5328125 0.7125 0.5328125 0.7 0.53125 0.6979166666666666 0.53125 0.69375 0.5265625 0.6875 0.5265625 0.6854166666666667 0.525 0.6833333333333333 0.525 0.68125 0.5234375 0.6791666666666667 0.5234375 0.6770833333333334 0.521875 0.675 0.521875 0.6729166666666667 0.5125 0.6604166666666667 0.5125 0.6583333333333333 0.509375 0.6541666666666667 0.509375 0.6520833333333333 0.50625 0.6479166666666667 0.50625 0.6458333333333334 0.503125 0.6416666666666667 0.503125 0.6395833333333333 0.496875 0.63125
0 0.6015625 0.60625 0.6 0.6083333333333333 0.5984375 0.6083333333333333 0.59375 0.6145833333333334 0.59375 0.6166666666666667 0.590625 0.6208333333333333 0.5890625 0.6208333333333333 0.5859375 0.625 0.5859375 0.6270833333333333 0.584375 0.6291666666666667 0.584375 0.63125 0.5828125 0.6333333333333333 0.5828125 0.6354166666666666 0.58125 0.6375 0.58125 0.6416666666666667 0.5796875 0.64375 0.5796875 0.6541666666666667 0.578125 0.65625 0.578125 0.675 0.5796875 0.6770833333333334 0.5796875 0.6791666666666667 0.58125 0.68125 0.58125 0.6854166666666667 0.5828125 0.6875 0.5828125 0.6895833333333333 0.6015625 0.7145833333333333 0.603125 0.7145833333333333 0.6046875 0.7166666666666667 0.60625 0.7166666666666667 0.609375 0.7208333333333333 0.609375 0.7229166666666667 0.6140625 0.7291666666666666 0.615625 0.7291666666666666 0.6171875 0.73125 0.61875 0.73125 0.6328125 0.75 0.634375 0.75 0.6359375 0.7520833333333333 0.6375 0.7520833333333333 0.640625 0.75625 0.6421875 0.75625 0.64375 0.7583333333333333 0.646875 0.7583333333333333 0.6484375 0.75625 0.6515625 0.75625 0.6578125 0.7479166666666667 0.6578125 0.7458333333333333 0.6609375 0.7416666666666667 0.6609375 0.7395833333333334 0.6625 0.7375 0.6625 0.7333333333333333 0.6640625 0.73125 0.6640625 0.7208333333333333 0.665625 0.71875 0.665625 0.7166666666666667 0.6671875 0.7145833333333333 0.6671875 0.7041666666666667 0.66875 0.7020833333333333 0.66875 0.6958333333333333 0.6703125 0.69375 0.6703125 0.6895833333333333 0.671875 0.6875 0.671875 0.6833333333333333 0.6734375 0.68125 0.6734375 0.6770833333333334 0.675 0.675 0.675 0.6729166666666667 0.6765625 0.6708333333333333 0.6765625 0.6666666666666666 0.678125 0.6645833333333333 0.678125 0.64375 0.6765625 0.6416666666666667 0.6765625 0.6354166666666666 0.6734375 0.63125 0.6734375 0.6270833333333333 0.6640625 0.6145833333333334 0.6625 0.6145833333333334 0.6609375 0.6125 0.6578125 0.6125 0.65625 0.6104166666666667 0.6546875 0.6104166666666667 0.653125 0.6083333333333333 0.6515625 0.6083333333333333 0.65 0.60625 0.6390625 0.60625 0.6375 0.6041666666666666 0.60625 0.6041666666666666 0.6046875 0.60625
0 0.7640625 0.65625 0.7625 0.6583333333333333 0.7625 0.6604166666666667 0.7609375 0.6625 0.7609375 0.6645833333333333 0.7515625 0.6770833333333334 0.7515625 0.6791666666666667 0.75 0.68125 0.75 0.6895833333333333 0.7515625 0.6916666666666667 0.7515625 0.69375 0.753125 0.6958333333333333 0.753125 0.6979166666666666 0.75625 0.7020833333333333 0.75625 0.70625 0.7578125 0.7083333333333334 0.7578125 0.7104166666666667 0.759375 0.7104166666666667 0.7640625 0.7166666666666667 0.7640625 0.71875 0.7734375 0.73125 0.775 0.73125 0.7796875 0.7375 0.78125 0.7375 0.7859375 0.74375 0.7875 0.74375 0.790625 0.7479166666666667 0.7921875 0.7479166666666667 0.7953125 0.7520833333333333 0.796875 0.7520833333333333 0.8 0.75625 0.8 0.7583333333333333 0.803125 0.7625 0.8046875 0.7625 0.815625 0.7770833333333333 0.8171875 0.7770833333333333 0.8203125 0.78125 0.821875 0.78125 0.8234375 0.7833333333333333 0.8390625 0.7833333333333333 0.840625 0.78125 0.8421875 0.78125 0.846875 0.775 0.8484375 0.775 0.85 0.7729166666666667 0.85 0.7708333333333334 0.8515625 0.76875 0.8515625 0.7666666666666667 0.853125 0.7645833333333333 0.853125 0.7604166666666666 0.8546875 0.7583333333333333 0.8546875 0.75625 0.85625 0.7541666666666667 0.85625 0.7479166666666667 0.8578125 0.7458333333333333 0.8578125 0.7395833333333334 0.859375 0.7375 0.859375 0.73125 0.8609375 0.7291666666666666 0.8609375 0.725 0.86875 0.7145833333333333 0.86875 0.7104166666666667 0.8703125 0.7083333333333334 0.8703125 0.7 0.871875 0.6979166666666666 0.871875 0.69375 0.8734375 0.6916666666666667 0.8734375 0.6895833333333333 0.875 0.6875 0.875 0.6770833333333334 0.8734375 0.675 0.8734375 0.6729166666666667 0.875 0.6708333333333333 0.8734375 0.66875 0.8734375 0.6666666666666666 0.865625 0.6666666666666666 0.865625 0.675 0.8640625 0.6770833333333334 0.8625 0.6770833333333334 0.8609375 0.6791666666666667 0.853125 0.6791666666666667 0.8515625 0.6770833333333334 0.84375 0.6770833333333334 0.8421875 0.675 0.8375 0.675 0.8359375 0.6729166666666667 0.834375 0.6729166666666667 0.8328125 0.6708333333333333 0.83125 0.6708333333333333 0.8296875 0.66875 0.828125 0.66875 0.8265625 0.6666666666666666 0.825 0.6666666666666666 0.8234375 0.6645833333333333 0.821875 0.6645833333333333 0.81875 0.6604166666666667 0.8125 0.6604166666666667 0.80625 0.66875 0.8046875 0.66875 0.8 0.675 0.7984375 0.675 0.796875 0.6770833333333334 0.79375 0.6770833333333334 0.7921875 0.6791666666666667 0.7875 0.6791666666666667 0.7859375 0.6770833333333334 0.784375 0.6770833333333334 0.7703125 0.6583333333333333 0.7703125 0.65625
0 0.821875 0.50625 0.821875 0.5083333333333333 0.8203125 0.5104166666666666 0.8203125 0.5125 0.81875 0.5145833333333333 0.81875 0.5166666666666667 0.8171875 0.51875 0.8171875 0.5229166666666667 0.815625 0.525 0.815625 0.5270833333333333 0.8140625 0.5291666666666667 0.8140625 0.5458333333333333 0.815625 0.5479166666666667 0.815625 0.55625 0.8171875 0.5583333333333333 0.8171875 0.5666666666666667 0.81875 0.56875 0.81875 0.5791666666666667 0.8203125 0.58125 0.8203125 0.5854166666666667 0.821875 0.5875 0.821875 0.6041666666666666 0.8234375 0.60625 0.8234375 0.6083333333333333 0.825 0.6083333333333333 0.8265625 0.6104166666666667 0.828125 0.6104166666666667 0.8296875 0.6125 0.83125 0.6125 0.8359375 0.61875 0.8453125 0.61875 0.846875 0.6208333333333333 0.8546875 0.6208333333333333 0.85625 0.6229166666666667 0.8671875 0.6229166666666667 0.8703125 0.61875 0.871875 0.61875 0.875 0.6145833333333334 0.8765625 0.6145833333333334 0.878125 0.6125 0.88125 0.6125 0.8828125 0.6104166666666667 0.8890625 0.6104166666666667 0.890625 0.6083333333333333 0.896875 0.6083333333333333 0.8984375 0.60625 0.9 0.60625 0.9015625 0.6041666666666666 0.9046875 0.6041666666666666 0.90625 0.6020833333333333 0.9078125 0.6020833333333333 0.909375 0.6 0.9109375 0.6 0.9140625 0.5958333333333333 0.9171875 0.5958333333333333 0.9203125 0.5916666666666667 0.9203125 0.5895833333333333 0.925 0.5833333333333334 0.925 0.58125 0.9265625 0.5791666666666667 0.9265625 0.5708333333333333 0.921875 0.5645833333333333 0.921875 0.5625 0.9171875 0.55625 0.9171875 0.5541666666666667 0.9140625 0.55 0.9140625 0.5479166666666667 0.9109375 0.54375 0.9109375 0.5416666666666666 0.9078125 0.5375 0.90625 0.5375 0.9 0.5291666666666667 0.8984375 0.5291666666666667 0.896875 0.5270833333333333 0.8953125 0.5270833333333333 0.89375 0.525 0.8921875 0.525 0.8890625 0.5208333333333334 0.8875 0.5208333333333334 0.8828125 0.5145833333333333 0.88125 0.5145833333333333 0.8796875 0.5125 0.878125 0.5125 0.8765625 0.5104166666666666 0.8734375 0.5104166666666666 0.871875 0.5083333333333333 0.8703125 0.5083333333333333 0.86875 0.50625 0.8671875 0.50625 0.865625 0.5041666666666667 0.8625 0.5041666666666667 0.8609375 0.5020833333333333 0.8546875 0.5020833333333333 0.853125 0.5 0.85 0.5 0.8484375 0.4979166666666667 0.8453125 0.4979166666666667 0.84375 0.49583333333333335 0.8390625 0.49583333333333335 0.8375 0.49375 0.834375 0.49375 0.8328125 0.49583333333333335 0.83125 0.49583333333333335 0.828125 0.5 0.8265625 0.5
0 0.9953125 0.61875 0.99375 0.61875 0.990625 0.6145833333333334 0.9890625 0.6145833333333334 0.98125 0.6041666666666666 0.978125 0.6041666666666666 0.9765625 0.6020833333333333 0.975 0.6020833333333333 0.9734375 0.6 0.9734375 0.5979166666666667 0.9703125 0.59375 0.96875 0.59375 0.9671875 0.5958333333333333 0.965625 0.59375 0.965625 0.5895833333333333 0.9640625 0.5875 0.9609375 0.5875 0.959375 0.5854166666666667 0.9515625 0.5854166666666667 0.95 0.5833333333333334 0.9484375 0.5833333333333334 0.946875 0.58125 0.9453125 0.58125 0.94375 0.5791666666666667 0.9359375 0.5791666666666667 0.934375 0.5770833333333333 0.93125 0.5770833333333333 0.928125 0.58125 0.928125 0.5833333333333334 0.921875 0.5916666666666667 0.921875 0.59375 0.9203125 0.5958333333333333 0.91875 0.5958333333333333 0.9171875 0.5979166666666667 0.915625 0.5979166666666667 0.9125 0.6020833333333333 0.9109375 0.6020833333333333 0.909375 0.6041666666666666 0.9078125 0.6041666666666666 0.90625 0.60625 0.9046875 0.60625 0.903125 0.6083333333333333 0.9 0.6083333333333333 0.8984375 0.6104166666666667 0.8953125 0.6104166666666667 0.89375 0.6125 0.890625 0.6125 0.8890625 0.6145833333333334 0.8890625 0.6166666666666667 0.8875 0.61875 0.8875 0.6416666666666667 0.8890625 0.64375 0.8890625 0.6458333333333334 0.896875 0.65625 0.896875 0.6583333333333333 0.8984375 0.6604166666666667 0.8984375 0.6645833333333333 0.8953125 0.66875 0.8890625 0.66875 0.8859375 0.6729166666666667 0.8859375 0.6875 0.8875 0.6895833333333333 0.8875 0.6958333333333333 0.8890625 0.6979166666666666 0.8890625 0.7 0.8953125 0.7083333333333334 0.896875 0.7083333333333334 0.8984375 0.7104166666666667 0.9015625 0.7104166666666667 0.903125 0.7125 0.9171875 0.7125 0.91875 0.7104166666666667 0.9234375 0.7104166666666667 0.925 0.7083333333333334 0.928125 0.7083333333333334 0.9296875 0.70625 0.93125 0.70625 0.9328125 0.7041666666666667 0.934375 0.7041666666666667 0.9359375 0.7020833333333333 0.9578125 0.7020833333333333 0.959375 0.7 0.9625 0.7 0.9640625 0.6979166666666666 0.965625 0.6979166666666666 0.9671875 0.6958333333333333 0.96875 0.6958333333333333 0.9703125 0.69375 0.971875 0.69375 0.9734375 0.6916666666666667 0.9765625 0.6916666666666667 0.978125 0.6895833333333333 0.9796875 0.6895833333333333 0.9828125 0.6854166666666667 0.984375 0.6854166666666667 0.9890625 0.6791666666666667 0.9890625 0.6770833333333334 0.9921875 0.6729166666666667 0.9921875 0.6708333333333333 0.99375 0.66875 0.99375 0.6666666666666666 0.9953125 0.6645833333333333 0.9953125 0.6625 0.996875 0.6604166666666667 0.996875 0.6229166666666667 0.9953125 0.6208333333333333
0 0.8609375 0.7645833333333333 0.8578125 0.7645833333333333 0.85625 0.7666666666666667 0.85625 0.76875 0.8546875 0.7708333333333334 0.853125 0.7708333333333334 0.84375 0.7833333333333333 0.8421875 0.7833333333333333 0.840625 0.7854166666666667 0.8390625 0.7854166666666667 0.8375 0.7875 0.8234375 0.7875 0.8203125 0.7916666666666666 0.8203125 0.79375 0.81875 0.7958333333333333 0.81875 0.7979166666666667 0.8171875 0.8 0.8171875 0.8083333333333333 0.8125 0.8145833333333333 0.803125 0.8145833333333333 0.8015625 0.8125 0.8 0.8125 0.796875 0.8083333333333333 0.796875 0.80625 0.7859375 0.7916666666666666 0.7859375 0.7895833333333333 0.784375 0.7875 0.7796875 0.7875 0.7765625 0.7916666666666666 0.775 0.7916666666666666 0.7734375 0.79375 0.771875 0.79375 0.7703125 0.7958333333333333 0.76875 0.7958333333333333 0.765625 0.8 0.7625 0.8 0.7609375 0.7979166666666667 0.7609375 0.8 0.7625 0.8020833333333334 0.7625 0.8041666666666667 0.7640625 0.80625 0.7640625 0.8083333333333333 0.76875 0.8145833333333333 0.76875 0.8166666666666667 0.7765625 0.8270833333333333 0.778125 0.8270833333333333 0.7828125 0.8333333333333334 0.784375 0.8333333333333334 0.790625 0.8416666666666667 0.79375 0.8416666666666667 0.7953125 0.84375 0.7984375 0.84375 0.8 0.8458333333333333 0.803125 0.8458333333333333 0.8046875 0.8479166666666667 0.815625 0.8479166666666667 0.8171875 0.8458333333333333 0.8203125 0.8458333333333333 0.8234375 0.8416666666666667 0.825 0.8416666666666667 0.828125 0.8375 0.83125 0.8375 0.8328125 0.8354166666666667 0.8390625 0.8354166666666667 0.840625 0.8333333333333334 0.8421875 0.8333333333333334 0.84375 0.83125 0.8453125 0.83125 0.8546875 0.81875 0.8546875 0.8166666666666667 0.8578125 0.8125 0.8578125 0.8083333333333333 0.859375 0.80625 0.859375 0.8 0.8609375 0.7979166666666667
0 0.9765625 0.7979166666666667 0.975 0.8 0.9765625 0.8020833333333334 0.9765625 0.80625 0.9890625 0.8229166666666666 0.990625 0.8229166666666666 0.996875 0.83125 0.9984375 0.8291666666666667 0.9984375 0.7958333333333333 0.996875 0.79375 0.990625 0.79375 0.9890625 0.7958333333333333 0.9828125 0.7958333333333333 0.98125 0.7979166666666667