0 0.3260700992555831 0.2938637303556658 0.3355691687344913 0.2943806865177833 0.3439050868486352 0.3005841604631927 0.3687189826302729 0.34375 0.36833126550868484 0.35770781637717125 0.36135235732009924 0.3639112903225807 0.3448743796526054 0.3641697684036394 0.33382444168734493 0.3688223738626964 0.3278148263027295 0.3693393300248139 0.3177341811414392 0.3693393300248139 0.3099798387096774 0.36572063688999173 0.308235111662531 0.35848325062034736 0.3012562034739454 0.3517628205128205 0.30009305210918114 0.34013130686517784 0.3020316377171216 0.32875827129859386 0.31676488833746896 0.29903329197684037
0 0.30734374999999997 0.38708333333333333 0.30874999999999997 0.39729166666666665 0.3146875 0.40729166666666666 0.31890625 0.408125 0.32921875 0.3983333333333333 0.33046875 0.39791666666666664 0.33765625 0.40354166666666663 0.34015625 0.4239583333333333 0.3309375 0.44458333333333333 0.325 0.4670833333333333 0.31578125 0.47854166666666664 0.31234375000000003 0.47791666666666666 0.30625 0.47270833333333334 0.30062500000000003 0.4625 0.2834375 0.44416666666666665 0.2759375 0.42541666666666667 0.27453125 0.41750000000000004 0.27468750000000003 0.41229166666666667 0.27671875 0.4058333333333334 0.27953125 0.40020833333333333 0.28671875 0.39166666666666666 0.291875 0.38666666666666666
0 0.26 0.513125 0.2584375 0.520625 0.26156250000000003 0.5366666666666667 0.26453125 0.5381250000000001 0.27734375 0.5358333333333333 0.27859375000000003 0.5310416666666666 0.27984375 0.528125 0.28375 0.5354166666666667 0.29375 0.5410416666666666 0.28875 0.5535416666666666 0.275 0.5635416666666667 0.25859375 0.5764583333333333 0.24921875 0.5779166666666666 0.2440625 0.5745833333333333 0.24093749999999997 0.5685416666666666 0.2384375 0.5535416666666666 0.23890625000000001 0.5483333333333333 0.23500000000000001 0.5391666666666667 0.2325 0.515625 0.23390624999999998 0.5122916666666667 0.23984375 0.50625 0.240625 0.5002083333333334 0.2446875 0.4997916666666667 0.2496875 0.5072916666666667
0 0.46234374999999994 0.37062500000000004 0.44734375000000004 0.3672916666666667 0.44125 0.3729166666666667 0.43078125 0.39770833333333333 0.429375 0.41041666666666665 0.429375 0.4235416666666667 0.43624999999999997 0.4322916666666667 0.43703125 0.4379166666666666 0.44343750000000004 0.4479166666666667 0.4503125 0.44854166666666667 0.4603125 0.44375 0.46515625 0.43625 0.468125 0.43354166666666666 0.4771875 0.43479166666666663 0.4771875 0.43166666666666664 0.4803125 0.43104166666666666 0.48265624999999995 0.42624999999999996 0.48453125 0.42645833333333333 0.4884375 0.41916666666666663 0.4890625 0.40854166666666664 0.478125 0.4010416666666667 0.47265625 0.39499999999999996 0.47000000000000003 0.385 0.46578125000000004 0.3804166666666667
0 0.465625 0.4370833333333334 0.45921874999999995 0.44458333333333333 0.4515625 0.4547916666666667 0.44749999999999995 0.46979166666666666 0.4409375 0.49895833333333334 0.440625 0.5127083333333333 0.446875 0.5202083333333333 0.45406250000000004 0.5216666666666667 0.49203125 0.5164583333333334 0.5028125 0.5041666666666667 0.50328125 0.4827083333333333 0.49375 0.4535416666666666 0.48875 0.4454166666666667 0.479375 0.4375 0.47265625 0.43520833333333336
0 0.55390625 0.42541666666666667 0.54015625 0.43125 0.53328125 0.44395833333333334 0.530625 0.45249999999999996 0.53 0.476875 0.538125 0.49354166666666666 0.5615625 0.5102083333333334 0.571875 0.5097916666666666 0.5828125 0.4839583333333334 0.58671875 0.47833333333333333 0.586875 0.4510416666666667 0.5817187500000001 0.4389583333333333 0.57265625 0.43145833333333333
0 0.65015625 0.43145833333333333 0.6328125 0.4375 0.62203125 0.44604166666666667 0.6212500000000001 0.46499999999999997 0.626875 0.47979166666666667 0.658125 0.5147916666666666 0.66515625 0.5166666666666667 0.67265625 0.5129166666666667 0.6760937499999999 0.5068750000000001 0.67890625 0.49937499999999996 0.6799999999999999 0.47729166666666667 0.6876562500000001 0.45583333333333337 0.6876562500000001 0.4497916666666667 0.6853125 0.4422916666666667 0.6784375 0.43374999999999997 0.6603125000000001 0.435
0 0.7103125 0.39166666666666666 0.69640625 0.38 0.69265625 0.3766666666666667 0.68640625 0.3747916666666667 0.68078125 0.37604166666666666 0.67578125 0.3775 0.6704687500000001 0.38145833333333334 0.66625 0.3925 0.6653125 0.4047916666666667 0.66671875 0.416875 0.66875 0.423125 0.6915625000000001 0.43104166666666666 0.6925 0.4341666666666667 0.67859375 0.43354166666666666 0.6849999999999999 0.44145833333333334 0.68828125 0.4502083333333333 0.6876562500000001 0.45875 0.72109375 0.4266666666666667 0.72359375 0.4216666666666667 0.7215625 0.40854166666666664 0.71546875 0.4041666666666667 0.7109375 0.3983333333333333
0 0.6810937499999999 0.5047916666666666 0.68921875 0.5152083333333334 0.690625 0.526875 0.68953125 0.55875 0.683125 0.5710416666666667 0.6760937499999999 0.57375 0.6653125 0.5847916666666666 0.65890625 0.583125 0.64515625 0.5710416666666667 0.63015625 0.5466666666666666 0.6296875 0.5379166666666666 0.64234375 0.5254166666666666 0.65125 0.5347916666666667 0.6578125 0.5302083333333333 0.6640625 0.5170833333333333 0.6732812499999999 0.5133333333333333 0.67671875 0.5066666666666666
0 0.72921875 0.42562500000000003 0.713125 0.43875 0.70984375 0.45958333333333334 0.70703125 0.4922916666666667 0.7095312500000001 0.5004166666666666 0.7146874999999999 0.5054166666666666 0.7267187500000001 0.5047916666666666 0.73234375 0.4997916666666667 0.74546875 0.4970833333333333 0.7584375 0.49145833333333333 0.7646875 0.48208333333333336 0.76515625 0.4741666666666667 0.76890625 0.46937500000000004 0.7665625 0.45770833333333333 0.76234375 0.44645833333333335 0.7576562499999999 0.44020833333333337 0.74828125 0.43333333333333335 0.74046875 0.4272916666666667
0 0.7675 0.45125 0.7732812499999999 0.44854166666666667 0.77171875 0.44208333333333333 0.776875 0.4379166666666666 0.7896875 0.4345833333333333 0.79765625 0.43833333333333335 0.8060937499999999 0.4341666666666667 0.813125 0.4379166666666666 0.81875 0.44937499999999997 0.8192187499999999 0.46791666666666665 0.8135937500000001 0.4789583333333333 0.8139062499999999 0.49770833333333336 0.81171875 0.5085416666666667 0.80796875 0.5114583333333333 0.8 0.5122916666666667 0.7892187500000001 0.5004166666666666 0.7720312500000001 0.4827083333333333 0.7690625 0.47708333333333336 0.7684375 0.4702083333333333 0.7698437499999999 0.4691666666666666 0.77609375 0.47541666666666665 0.775625 0.46416666666666667 0.78359375 0.46979166666666666 0.78359375 0.466875 0.7748437499999999 0.4579166666666667
0 0.7984375 0.556875 0.788125 0.5602083333333333 0.7770312500000001 0.5679166666666667 0.77234375 0.5783333333333334 0.77609375 0.5947916666666667 0.81875 0.6285416666666667 0.8271875 0.6254166666666666 0.83140625 0.6147916666666667 0.8331250000000001 0.5989583333333334 0.8334374999999999 0.5691666666666666 0.8300000000000001 0.55875 0.8271875 0.556875 0.81953125 0.5560416666666667 0.8215625 0.5620833333333334 0.8201562499999999 0.5670833333333333 0.8114062499999999 0.5666666666666667 0.80828125 0.5610416666666667
0 0.85578125 0.4791666666666667 0.8328125 0.49333333333333335 0.8279687499999999 0.49937499999999996 0.8253125000000001 0.50125 0.8243750000000001 0.5072916666666667 0.8178124999999999 0.5083333333333333 0.8110937500000001 0.5129166666666667 0.8106249999999999 0.525 0.8209375 0.5381250000000001 0.828125 0.5422916666666667 0.8365625 0.5422916666666667 0.8573437500000001 0.5535416666666666 0.86625 0.5522916666666667 0.8724999999999999 0.5425 0.8721875000000001 0.5322916666666667 0.87015625 0.5270833333333333 0.86984375 0.5177083333333333 0.8712500000000001 0.5152083333333334 0.8699999999999999 0.5035416666666667 0.8676562499999999 0.49416666666666664 0.8651562500000001 0.4872916666666667 0.86203125 0.4825
0 0.8353125 0.3647916666666667 0.8159375000000001 0.393125 0.813125 0.4 0.81125 0.40708333333333335 0.8121875 0.41458333333333336 0.81734375 0.42604166666666665 0.8215625 0.430625 0.843125 0.43812500000000004 0.85640625 0.43666666666666665 0.86546875 0.4395833333333333 0.87421875 0.4377083333333333 0.87984375 0.43354166666666666 0.8840625 0.426875 0.8840625 0.41604166666666664 0.8825 0.40625 0.87921875 0.3927083333333333 0.8735937500000001 0.3747916666666667 0.869375 0.36645833333333333 0.858125 0.3608333333333333 0.84765625 0.3579166666666667 0.8423437500000001 0.3589583333333334
0 0.8670312499999999 0.43854166666666666 0.8615625 0.4585416666666667 0.8604687500000001 0.4702083333333333 0.8631249999999999 0.48041666666666666 0.8673437500000001 0.484375 0.8739062499999999 0.484375 0.8784375000000001 0.489375 0.88734375 0.49125 0.89671875 0.48666666666666664 0.9073437500000001 0.47875 0.91796875 0.46791666666666665 0.92421875 0.45749999999999996 0.9237500000000001 0.445 0.9204687500000001 0.43979166666666664 0.91234375 0.4389583333333333 0.9065625 0.43333333333333335 0.90625 0.42604166666666665 0.8982812499999999 0.41916666666666663 0.88453125 0.4164583333333333 0.88453125 0.428125 0.8800000000000001 0.43291666666666667 0.8746875 0.4375
0 0.9390625 0.5595833333333334 0.9400000000000001 0.568125 0.94796875 0.578125 0.9629687499999999 0.57625 0.97 0.5691666666666666 0.97984375 0.5727083333333333 0.9839062500000001 0.5835416666666667 0.98359375 0.5966666666666666 0.9689062500000001 0.6235416666666667 0.95625 0.634375 0.9418749999999999 0.6331249999999999 0.9385937500000001 0.630625 0.9256249999999999 0.6277083333333333 0.9196875 0.61375 0.9175000000000001 0.605625 0.9171875 0.5722916666666666 0.9203125 0.5652083333333333 0.9284375 0.5556249999999999
0 0.3346847160356347 0.3209678916109874 0.06838112472160356 0.09720675575352633
0 0.30771506124721604 0.4163186711210096 0.06559716035634744 0.1241184112843356
0 0.2632586302895323 0.5262852635486265 0.061247216035634724 0.1027746844840386
0 0.4593541202672606 0.40077487008166296 0.05915924276169262 0.09488678544914624
0 0.47222995545657015 0.47338994060876016 0.06298719376391979 0.09488678544914629
0 0.5585328507795101 0.46225408314773564 0.056375278396436544 0.09488678544914624
0 0.6549276169265033 0.47002598366740905 0.06681514476614706 0.09187082405345208
0 0.6606695434298441 0.5346371566443949 0.06089922048997769 0.09952672605790643
0 0.6943381124721604 0.4113307349665924 0.05794125835189305 0.09233481811432813
0 0.7378375556792873 0.46213808463251665 0.061769209354120225 0.08630289532293987
0 0.7934298440979954 0.46585003711952483 0.0518513363028954 0.09233481811432813
0 0.8415402282850778 0.5072615070527097 0.062117204899777255 0.09256681514476621
0 0.803173719376392 0.5839365256124722 0.06124721603563481 0.08769487750556794
0 0.8480651447661469 0.3875510393466964 0.07307906458797327 0.10416666666666667
0 0.8924345768374163 0.4367344097995545 0.0633351893095769 0.10880660727542692
0 0.9491006055122494 0.47143954157386786 0.06195121102449867 0.08662908314773568
0 0.9508108296213809 0.581268559762435 0.06664114699331858 0.10602264291017072
0 0.91828125 0.46625 0.9225 0.48500000000000004 0.936875 0.51 0.9465625 0.515 0.9534375 0.509375 0.965625 0.504375 0.97265625 0.48874999999999996 0.9731249999999999 0.48000000000000004 0.9793749999999999 0.4654166666666667 0.97625 0.45395833333333335 0.9703125 0.44625 0.95765625 0.45583333333333337 0.94984375 0.46020833333333333 0.9400000000000001 0.453125 0.9278124999999999 0.458125