0 0.37060546875 0.22167968749999994 0.06835937499999996 0.12478298611111108
0 0.4092610677083333 0.09364149305555551 0.07405598958333334 0.126953125
0 0.4357096354166667 0.02039930555555551 0.09114583333333326 0.034722222222222224
0 0.5862630208333333 0.052951388888888846 0.0764973958333334 0.10199652777777778
0 0.596435546875 0.12348090277777773 0.0789388020833333 0.13888888888888887
0 0.7119954427083333 0.08387586805555552 0.0838216145833334 0.14214409722222224
0 0.8483072916666667 0.06217447916666662 0.1253255208333334 0.12044270833333333
0 0.862548828125 0.16525607638888887 0.10172526041666678 0.15516493055555555
0 0.9742350260416668 0.05367345328282817 0.04840494791666661 0.10561079545454533
0 0.346875 0.19166666666666668 0.3453125 0.19375 0.34375 0.19375 0.34375 0.19583333333333333 0.3421875 0.19791666666666666 0.3421875 0.2 0.3390625 0.20416666666666666 0.3390625 0.20625 0.3375 0.20833333333333334 0.3375 0.2125 0.3390625 0.21458333333333332 0.3390625 0.22083333333333333 0.340625 0.22291666666666668 0.340625 0.22916666666666666 0.3421875 0.23125 0.3421875 0.23333333333333334 0.34375 0.23541666666666666 0.34375 0.23958333333333334 0.346875 0.24375 0.346875 0.24791666666666667 0.3484375 0.25 0.3484375 0.25833333333333336 0.3515625 0.2625 0.3515625 0.2708333333333333 0.353125 0.27291666666666664 0.353125 0.275 0.3546875 0.275 0.35625 0.27708333333333335 0.3578125 0.27708333333333335 0.359375 0.2791666666666667 0.3640625 0.2791666666666667 0.365625 0.27708333333333335 0.371875 0.27708333333333335 0.3734375 0.275 0.375 0.275 0.38125 0.26666666666666666 0.3828125 0.26666666666666666 0.4 0.24375 0.4 0.24166666666666667 0.4015625 0.23958333333333334 0.4015625 0.23541666666666666 0.403125 0.23333333333333334 0.403125 0.22708333333333333 0.4015625 0.225 0.3953125 0.225 0.39375 0.22291666666666668 0.3921875 0.22291666666666668 0.390625 0.22083333333333333 0.3890625 0.22083333333333333 0.3875 0.21875 0.3859375 0.21875 0.384375 0.21666666666666667 0.3828125 0.21666666666666667 0.38125 0.21458333333333332 0.375 0.21458333333333332 0.3734375 0.21666666666666667 0.359375 0.21666666666666667 0.3546875 0.21041666666666667 0.3546875 0.20833333333333334 0.353125 0.20625 0.353125 0.19583333333333333 0.3515625 0.19375 0.3515625 0.19166666666666668
0 0.390625 0.04375 0.3890625 0.04583333333333333 0.3875 0.04583333333333333 0.3859375 0.04791666666666667 0.3859375 0.05 0.384375 0.052083333333333336 0.384375 0.05416666666666667 0.3796875 0.06041666666666667 0.3796875 0.0625 0.378125 0.06458333333333334 0.378125 0.06875 0.3765625 0.07083333333333333 0.3765625 0.075 0.375 0.07708333333333334 0.375 0.09375 0.3765625 0.09583333333333334 0.3765625 0.10208333333333333 0.378125 0.10416666666666667 0.378125 0.10833333333333334 0.38125 0.1125 0.38125 0.11458333333333333 0.4 0.13958333333333334 0.4015625 0.13958333333333334 0.4046875 0.14375 0.4046875 0.14583333333333334 0.40625 0.14791666666666667 0.4078125 0.14791666666666667 0.4109375 0.15208333333333332 0.4125 0.15208333333333332 0.4140625 0.15416666666666667 0.41875 0.15416666666666667 0.425 0.14583333333333334 0.425 0.14375 0.428125 0.13958333333333334 0.428125 0.13541666666666666 0.43125 0.13125 0.43125 0.12916666666666668 0.4328125 0.12708333333333333 0.4328125 0.125 0.434375 0.12291666666666666 0.434375 0.12083333333333333 0.4359375 0.11875 0.4359375 0.11666666666666667 0.4375 0.11458333333333333 0.4375 0.11041666666666666 0.4390625 0.10833333333333334 0.4390625 0.10625 0.440625 0.10416666666666667 0.440625 0.10208333333333333 0.4421875 0.1 0.4421875 0.09583333333333334 0.44375 0.09375 0.44375 0.08333333333333333 0.4421875 0.08125 0.4421875 0.07916666666666666 0.440625 0.07708333333333334 0.440625 0.075 0.4390625 0.07291666666666667 0.4390625 0.06875 0.4375 0.06666666666666667 0.4375 0.0625 0.4328125 0.05625 0.43125 0.05625 0.4296875 0.05416666666666667 0.4234375 0.05416666666666667 0.4203125 0.058333333333333334 0.4171875 0.058333333333333334 0.415625 0.06041666666666667 0.4109375 0.06041666666666667 0.409375 0.058333333333333334 0.4078125 0.058333333333333334 0.403125 0.052083333333333336 0.403125 0.05 0.4015625 0.04791666666666667 0.4015625 0.04583333333333333 0.4 0.04375
0 0.609375 0.07708333333333334 0.6078125 0.07708333333333334 0.60625 0.075 0.59375 0.075 0.5921875 0.07708333333333334 0.5890625 0.07708333333333334 0.5796875 0.08958333333333333 0.5796875 0.09166666666666666 0.578125 0.09375 0.578125 0.09583333333333334 0.5765625 0.09791666666666667 0.5765625 0.1 0.571875 0.10625 0.571875 0.10833333333333334 0.56875 0.1125 0.56875 0.11875 0.5671875 0.12083333333333333 0.5671875 0.12708333333333333 0.565625 0.12916666666666668 0.565625 0.13333333333333333 0.5640625 0.13541666666666666 0.5640625 0.13958333333333334 0.5625 0.14166666666666666 0.5625 0.14583333333333334 0.5609375 0.14791666666666667 0.5609375 0.15 0.559375 0.15208333333333332 0.559375 0.15833333333333333 0.5578125 0.16041666666666668 0.5578125 0.16458333333333333 0.55625 0.16666666666666666 0.55625 0.175 0.5578125 0.17708333333333334 0.5578125 0.17916666666666667 0.5625 0.18541666666666667 0.58125 0.18541666666666667 0.5828125 0.18333333333333332 0.5921875 0.18333333333333332 0.59375 0.18125 0.6046875 0.18125 0.60625 0.17916666666666667 0.615625 0.17916666666666667 0.6171875 0.17708333333333334 0.61875 0.17708333333333334 0.6203125 0.175 0.621875 0.175 0.6234375 0.17291666666666666 0.625 0.17291666666666666 0.625 0.17083333333333334 0.63125 0.1625 0.63125 0.15416666666666667 0.6328125 0.15208333333333332 0.6328125 0.13541666666666666 0.63125 0.13333333333333333 0.63125 0.12916666666666668 0.6296875 0.12708333333333333 0.6296875 0.12291666666666666 0.628125 0.12083333333333333 0.628125 0.11666666666666667 0.6265625 0.11458333333333333 0.6265625 0.1125 0.625 0.11041666666666666 0.625 0.10416666666666667 0.621875 0.1 0.621875 0.09583333333333334 0.6171875 0.08958333333333333 0.6171875 0.0875
0 0.60625 0 0.5609375 0 0.5609375 0.0020833333333333333 0.559375 0.004166666666666667 0.559375 0.00625 0.5578125 0.008333333333333333 0.5578125 0.010416666666666666 0.55625 0.0125 0.55625 0.014583333333333334 0.5546875 0.016666666666666666 0.5546875 0.020833333333333332 0.553125 0.022916666666666665 0.553125 0.027083333333333334 0.5515625 0.029166666666666667 0.5515625 0.035416666666666666 0.55 0.0375 0.55 0.04583333333333333 0.5484375 0.04791666666666667 0.5484375 0.06458333333333334 0.546875 0.06666666666666667 0.546875 0.07083333333333333 0.5484375 0.07291666666666667 0.5484375 0.07708333333333334 0.5515625 0.08125 0.5515625 0.08333333333333333 0.5546875 0.0875 0.5546875 0.08958333333333333 0.55625 0.09166666666666666 0.55625 0.09375 0.5578125 0.09583333333333334 0.5578125 0.09791666666666667 0.559375 0.09791666666666667 0.5609375 0.1 0.5625 0.1 0.5640625 0.10208333333333333 0.571875 0.10208333333333333 0.575 0.09791666666666667 0.575 0.09583333333333334 0.5765625 0.09375 0.5765625 0.09166666666666666 0.5859375 0.07916666666666666 0.5859375 0.07708333333333334 0.5890625 0.07291666666666667 0.5921875 0.07291666666666667 0.59375 0.07083333333333333 0.6 0.07083333333333333 0.6015625 0.06875 0.60625 0.06875 0.6078125 0.06666666666666667 0.609375 0.06666666666666667 0.6109375 0.06458333333333334 0.6109375 0.0625 0.6140625 0.058333333333333334 0.6140625 0.05625 0.615625 0.05416666666666667 0.615625 0.05 0.6171875 0.04791666666666667 0.6171875 0.04375 0.61875 0.041666666666666664 0.61875 0.03958333333333333 0.6234375 0.03333333333333333 0.6234375 0.03125 0.615625 0.020833333333333332 0.6140625 0.020833333333333332 0.6109375 0.016666666666666666 0.6109375 0.0125 0.609375 0.010416666666666666 0.609375 0.00625 0.60625 0.0020833333333333333
0 0.7359375 0.0375 0.728125 0.0375 0.7265625 0.035416666666666666 0.71875 0.035416666666666666 0.7171875 0.03333333333333333 0.70625 0.03333333333333333 0.7046875 0.035416666666666666 0.696875 0.035416666666666666 0.6890625 0.04583333333333333 0.6875 0.04583333333333333 0.6875 0.04791666666666667 0.6828125 0.05416666666666667 0.68125 0.05416666666666667 0.68125 0.05625 0.678125 0.06041666666666667 0.678125 0.0625 0.6765625 0.06458333333333334 0.6765625 0.06666666666666667 0.675 0.06875 0.675 0.07291666666666667 0.6734375 0.075 0.6734375 0.08125 0.671875 0.08333333333333333 0.671875 0.09791666666666667 0.6703125 0.1 0.6703125 0.11875 0.671875 0.12083333333333333 0.671875 0.125 0.6796875 0.13541666666666666 0.68125 0.13541666666666666 0.6828125 0.1375 0.6859375 0.1375 0.6875 0.13958333333333334 0.6890625 0.13958333333333334 0.690625 0.14166666666666666 0.69375 0.14166666666666666 0.6953125 0.14375 0.6984375 0.14375 0.7 0.14583333333333334 0.7046875 0.14583333333333334 0.70625 0.14791666666666667 0.7109375 0.14791666666666667 0.7125 0.14583333333333334 0.7171875 0.14583333333333334 0.721875 0.13958333333333334 0.7234375 0.13958333333333334 0.7296875 0.13125 0.73125 0.13125 0.7375 0.12291666666666666 0.7375 0.12083333333333333 0.740625 0.11666666666666667 0.740625 0.11458333333333333 0.7421875 0.1125 0.7421875 0.11041666666666666 0.74375 0.10833333333333334 0.74375 0.10625 0.7453125 0.10416666666666667 0.7453125 0.10208333333333333 0.746875 0.1 0.746875 0.09791666666666667 0.7484375 0.09583333333333334 0.7484375 0.08958333333333333 0.75 0.0875 0.75 0.08333333333333333 0.7515625 0.08125 0.7515625 0.07291666666666667 0.75 0.07083333333333333 0.75 0.06458333333333334 0.7484375 0.0625 0.7484375 0.06041666666666667 0.746875 0.058333333333333334 0.746875 0.05416666666666667 0.74375 0.05 0.74375 0.04791666666666667 0.7421875 0.04583333333333333 0.7421875 0.04375 0.7390625 0.03958333333333333 0.7375 0.03958333333333333
0 0.8125 0 0.8125 0.0020833333333333333 0.8078125 0.008333333333333333 0.8078125 0.010416666666666666 0.80625 0.0125 0.80625 0.014583333333333334 0.8046875 0.016666666666666666 0.8046875 0.01875 0.803125 0.020833333333333332 0.803125 0.022916666666666665 0.8015625 0.025 0.8015625 0.029166666666666667 0.8 0.03125 0.8 0.03333333333333333 0.7984375 0.035416666666666666 0.7984375 0.05625 0.8 0.058333333333333334 0.8 0.0625 0.803125 0.06666666666666667 0.803125 0.06875 0.80625 0.07291666666666667 0.80625 0.075 0.8078125 0.075 0.8125 0.08125 0.8140625 0.08125 0.825 0.09583333333333334 0.8265625 0.09583333333333334 0.828125 0.09791666666666667 0.8296875 0.09791666666666667 0.8328125 0.10208333333333333 0.834375 0.10208333333333333 0.8359375 0.10416666666666667 0.840625 0.10416666666666667 0.84375 0.10833333333333334 0.8453125 0.10833333333333334 0.846875 0.11041666666666666 0.8484375 0.11041666666666666 0.85 0.1125 0.8515625 0.1125 0.853125 0.11458333333333333 0.85625 0.11458333333333333 0.8578125 0.11666666666666667 0.865625 0.11666666666666667 0.8671875 0.11458333333333333 0.8703125 0.11458333333333333 0.878125 0.10416666666666667 0.878125 0.10208333333333333 0.8828125 0.09583333333333334 0.8828125 0.09375 0.884375 0.09166666666666666 0.884375 0.08958333333333333 0.8859375 0.0875 0.8859375 0.08125 0.8875 0.07916666666666666 0.8875 0.07291666666666667 0.8890625 0.07083333333333333 0.8890625 0.06875 0.890625 0.06666666666666667 0.890625 0.06458333333333334 0.8921875 0.0625 0.8921875 0.058333333333333334 0.89375 0.05625 0.89375 0.05416666666666667 0.8953125 0.052083333333333336 0.8953125 0.04375 0.896875 0.041666666666666664 0.896875 0.03958333333333333 0.8984375 0.0375 0.8984375 0.035416666666666666 0.9 0.03333333333333333 0.9 0.03125 0.9015625 0.029166666666666667 0.9015625 0.025 0.903125 0.022916666666666665 0.903125 0.014583333333333334 0.9046875 0.0125 0.9046875 0
0 0.890625 0.10416666666666667 0.884375 0.10416666666666667 0.8828125 0.10625 0.88125 0.10625 0.875 0.11458333333333333 0.8734375 0.11458333333333333 0.8703125 0.11875 0.86875 0.11875 0.8671875 0.12083333333333333 0.8640625 0.12083333333333333 0.8625 0.12291666666666666 0.8609375 0.12291666666666666 0.8578125 0.12708333333333333 0.85625 0.12708333333333333 0.84375 0.14375 0.8421875 0.14375 0.840625 0.14583333333333334 0.8375 0.14583333333333334 0.8359375 0.14791666666666667 0.83125 0.14791666666666667 0.8296875 0.15 0.8265625 0.15 0.825 0.15208333333333332 0.821875 0.15208333333333332 0.81875 0.15625 0.81875 0.15833333333333333 0.8171875 0.16041666666666668 0.8171875 0.1625 0.815625 0.16458333333333333 0.815625 0.16875 0.8140625 0.17083333333333334 0.8140625 0.18541666666666667 0.815625 0.1875 0.815625 0.18958333333333333 0.8171875 0.19166666666666668 0.8171875 0.19375 0.8234375 0.20208333333333334 0.8234375 0.20416666666666666 0.8375 0.22291666666666668 0.8390625 0.22291666666666668 0.8421875 0.22708333333333333 0.84375 0.22708333333333333 0.8453125 0.22916666666666666 0.846875 0.22916666666666666 0.85 0.23333333333333334 0.8515625 0.23333333333333334 0.853125 0.23541666666666666 0.85625 0.23541666666666666 0.8578125 0.2375 0.8703125 0.2375 0.871875 0.23541666666666666 0.8734375 0.23541666666666666 0.88125 0.225 0.8828125 0.225 0.884375 0.22291666666666668 0.8859375 0.22291666666666668 0.8875 0.22083333333333333 0.8890625 0.22083333333333333 0.890625 0.21875 0.8921875 0.21875 0.89375 0.21666666666666667 0.8953125 0.21666666666666667 0.903125 0.20625 0.903125 0.20416666666666666 0.90625 0.2 0.90625 0.19791666666666666 0.9078125 0.19583333333333333 0.9078125 0.19375 0.909375 0.19166666666666668 0.909375 0.1875 0.9109375 0.18541666666666667 0.9109375 0.17916666666666667 0.9125 0.17708333333333334 0.9125 0.13541666666666666 0.9109375 0.13333333333333333 0.9109375 0.12916666666666668 0.909375 0.12708333333333333 0.909375 0.125 0.9046875 0.11875 0.9046875 0.11666666666666667 0.903125 0.11458333333333333 0.903125 0.1125 0.9015625 0.1125 0.9 0.11041666666666666 0.8984375 0.11041666666666666 0.896875 0.10833333333333334 0.8953125 0.10833333333333334 0.89375 0.10625 0.8921875 0.10625
0 0.996875 0 0.9734375 0 0.9734375 0.0020833333333333333 0.971875 0.004166666666666667 0.971875 0.00625 0.96875 0.010416666666666666 0.96875 0.0125 0.9671875 0.014583333333333334 0.9671875 0.01875 0.965625 0.020833333333333332 0.965625 0.022916666666666665 0.9640625 0.025 0.9640625 0.029166666666666667 0.9625 0.03125 0.9625 0.0375 0.9609375 0.03958333333333333 0.9609375 0.04583333333333333 0.959375 0.04791666666666667 0.959375 0.052083333333333336 0.9578125 0.05416666666666667 0.9578125 0.06041666666666667 0.95625 0.0625 0.95625 0.06666666666666667 0.9546875 0.06875 0.9546875 0.07708333333333334 0.953125 0.07916666666666666 0.953125 0.08333333333333333 0.9515625 0.08541666666666667 0.9515625 0.09791666666666667 0.95625 0.10416666666666667 0.978125 0.10416666666666667 0.9796875 0.10208333333333333 0.9828125 0.10208333333333333 0.984375 0.1 0.9859375 0.1 0.9875 0.09791666666666667 0.990625 0.09791666666666667 0.9921875 0.09583333333333334 0.996875 0.09583333333333334 0.996875 0.09166666666666666 0.9984375 0.08958333333333333 0.9984375 0.004166666666666667 0.996875 0.0020833333333333333