0 0.39828441025814865 0.42606867205925464 0.09874367948370266 0.11591821143704628
0 0.4969022838891902 0.39290562383749605 0.11007930114940426 0.13108714731637156
0 0.5309413846685083 0.5072242577211706 0.10009639732964999 0.13694037344654758
0 0.580548733186785 0.35057190753542533 0.08084485926234057 0.13478288500647076
0 0.6534580049307784 0.39850763486066293 0.09933399013844299 0.1335402858342297
0 0.7273555119728323 0.4006740575355787 0.08196784230855263 0.13706709658243027
0 0.7938340564988371 0.28800008733142735 0.10971297836938439 0.12132556849694952
0 0.8023412648367664 0.45091215218088543 0.11771330365980023 0.1349812511937848
0 0.7629270968831108 0.5771563457262247 0.10658336043288807 0.13556269145244915
0 0.8926299816259273 0.37023865451125554 0.08296920341481204 0.15813380208859998
0 0.49784131218916905 0.3342929703818784 0.48942075276243086 0.3350061387354205 0.4748374194290975 0.34090891651319827 0.46832700276243083 0.35097836095764273 0.46389991942909753 0.3641728054020872 0.4633790860957642 0.38083947206875385 0.4637267288558357 0.39470963704854506 0.4729166666666667 0.42083333333333334 0.48482047885583573 0.42908463704854505 0.49653922885583573 0.4426263037152117 0.5046121455225023 0.4533901926041006 0.5159671175151603 0.45867251187145625 0.5277020027624308 0.45306169429097604 0.5339520027624308 0.4471589165131983 0.5402020027624308 0.4384783609576427 0.5411458333333333 0.4222222222222222 0.54453125 0.40625 0.5473958333333333 0.39166666666666666 0.5503582527624309 0.3738950276243094 0.5456707527624308 0.35653391651319827 0.5350808955225024 0.34714019260410056 0.5270079788558355 0.3401957481596562 0.5139871455225024 0.3349874148263228
0 0.5270032124942161 0.45971521591801684 0.5206170851106044 0.46554366622439175 0.5137219624942161 0.46909021591801686 0.4999198791608828 0.48124299369579465 0.4926282124942161 0.49096521591801684 0.4915865458275495 0.5034652159180169 0.4975761291608828 0.520826327029128 0.5053886291608828 0.5385346603624612 0.5163261291608828 0.5517291048069057 0.5228365458275495 0.5621457714735724 0.5329927958275495 0.5729096603624612 0.5470552958275495 0.5760346603624612 0.5608573791608829 0.5635346603624615 0.5714261935486589 0.55177909694197 0.5781857609363462 0.5372200287223362 0.5805256111859303 0.5108750481344271 0.5797456611027356 0.4911163126934953 0.5732460770761132 0.472744155178243 0.5608573791608829 0.4576318825846835 0.5496594624942162 0.4541596603624613 0.5389823791608828 0.4541596603624613
0 0.5876802790698747 0.3230719353052871 0.5855559157657744 0.3126914428735001 0.580347582432441 0.3033164428735001 0.5671073624032079 0.2980719353052871 0.5603365290698745 0.2977247130830649 0.5535656957365412 0.30050249086084263 0.5465344457365412 0.3112663797497316 0.5423677790698745 0.32237749086084266 0.54296875 0.3416666666666667 0.5445657133560398 0.35468506295523416 0.551065297382662 0.374443798396166 0.5532642490991077 0.3904692206512779 0.555347582432441 0.39776088731794457 0.5610767490991077 0.4126914428735001 0.5715344457365412 0.41682193530528716 0.5818844168558849 0.40835658341070585 0.5886439842435721 0.3979572489681102 0.5977434018808434 0.3868646255626748 0.6039584788857125 0.37537396108797594 0.6099480622190459 0.3670406277546426 0.6162022205164506 0.35670655567914733 0.6180221040439049 0.3442273543480326 0.6116386124032079 0.3261969353052871 0.6038261124032079 0.31716915752750935 0.5947115290698747 0.31716915752750935
0 0.6428903623832899 0.35801458319927176 0.6301299457166232 0.3569729165326051 0.6238799457166232 0.36183402764371625 0.6191924457166232 0.3694729165326051 0.6150257790499566 0.3781534720881607 0.6143768955324611 0.3898304978708495 0.6137236957166233 0.40141736097704955 0.6126820290499566 0.4094034720881607 0.6082549457166233 0.41843124986593844 0.6059111957166233 0.4298895831992718 0.6048695290499566 0.4410006943103829 0.6089081455324611 0.45476105342640505 0.6151581455324611 0.4592749423152939 0.6272653623832899 0.45905624986593857 0.63976536238329 0.4552368054214941 0.6520049457166233 0.45454236097704964 0.6628914736565515 0.45121081385229644 0.6701710077663685 0.44635779111241847 0.6782304919593801 0.4345718787441434 0.6839501259028078 0.4245191887829676 0.6860299927913269 0.4071869647119748 0.6828664788657945 0.39816383120418286 0.6792141459484345 0.3901569214241867 0.6770833333333333 0.3802083333333333 0.6744791666666667 0.375 0.6658854166666667 0.3659722222222222 0.6560370626151012 0.36099025475752
0 0.7097633447591948 0.36837309913700206 0.7009091780925281 0.3763592102481132 0.697002928092528 0.3923314324703354 0.6980445947591948 0.4079564324703354 0.7011695947591947 0.4235814324703354 0.7068987614258614 0.4312203213592243 0.7133587542478311 0.44247776687411705 0.726690428092528 0.45031754358144654 0.7381465613825023 0.466325362297746 0.7510416666666667 0.46770833333333334 0.7581986447158356 0.46285314007552375 0.7610632280491689 0.45625591785330155 0.7608028113825023 0.44410314007552376 0.7589820947591949 0.4364286546925576 0.7656154098218744 0.42722540969164335 0.7661353765440041 0.41751936421188746 0.7679552600714584 0.4050401628807726 0.7671753099882637 0.38978780569829896 0.760284178092528 0.37705365469255764 0.7561175114258615 0.3704564324703354 0.7480445947591947 0.36385921024811313 0.7350237614258612 0.3589980991370021 0.7274716780925281 0.35969254358144653 0.7167945947591947 0.36142865469255764
0 0.7616622048159454 0.2551972604999443 0.750203871482612 0.2770722604999443 0.74664088091364 0.2924763751890904 0.7487242142469733 0.3185180418557571 0.75601588091364 0.3348374863002015 0.7643492142469733 0.34629581963353484 0.7807554642469733 0.3546291529668682 0.8050979481327929 0.346623858307568 0.8258075475803066 0.3421291529668682 0.83492213091364 0.33310137518909044 0.8424710542282199 0.3250642345630211 0.844550921116739 0.30981187738054744 0.8406511707007658 0.2949061646794936 0.8357114868405328 0.27826722957134054 0.828328871482612 0.2673500382777221 0.8197351214826121 0.2534611493888332 0.8080163714826121 0.24200281605549984 0.794735121482612 0.23401670494438873 0.7840580381492789 0.2361000382777221 0.7749434548159455 0.2392250382777221 0.7689538714826122 0.24825281605549987
0 0.7826267938373124 0.43197696071822184 0.7763767938373124 0.439963071829333 0.7729913771706457 0.44968529405155516 0.769605960503979 0.4635741829404441 0.766480960503979 0.47642140516266634 0.7698663771706457 0.4903102940515553 0.7768976271706457 0.5010741829404441 0.7862726271706457 0.5076714051626663 0.7964288771706457 0.5125325162737775 0.8050226271706457 0.5114908496071108 0.8151041666666666 0.5107638888888889 0.8249999999999998 0.5142361111111111 0.8385416666666666 0.5173611111111112 0.8520721511760632 0.5175559502067866 0.8622395833333332 0.5097222222222223 0.8611979166666666 0.49618055555555557 0.8570312499999998 0.4815972222222223 0.8526041666666666 0.47326388888888893 0.8520833333333332 0.4590277777777778 0.8481770833333332 0.4458333333333334 0.8421874999999999 0.4277777777777778 0.8335937499999998 0.4156250000000001 0.8213541666666666 0.4086805555555556 0.8102309605039789 0.41357418294044407 0.8008559605039791 0.4156575162737774 0.7899184605039788 0.42537973849599964
0 0.7644307666703437 0.5371223554154166 0.7594910828101107 0.5398955112667756 0.7540795243616378 0.5438721012094637 0.7488711910283045 0.5445665456539082 0.7392357743616378 0.5508165456539081 0.7361107743616379 0.559844323431686 0.7352645452790469 0.5709328451966182 0.7340274410283045 0.5820665456539078 0.7366316076949712 0.593177656765019 0.7407982743616378 0.602552656765019 0.7483503576949712 0.6091498789872412 0.7564232743616379 0.618177656765019 0.7686628576949711 0.6254693234316857 0.7802416667432731 0.6329822073707725 0.7901041666666667 0.6354166666666666 0.7973377272915305 0.6431597468001458 0.8093715670705361 0.6372051734422576 0.8137795203206443 0.624316095335276 0.8148194537649038 0.6021308485244052 0.8145594704038389 0.5837586910091529 0.8119757337372029 0.5708857289978131 0.8093715670705361 0.5483162845533687 0.7988711910283046 0.5379693234316859 0.786892024361638 0.5338026567650191 0.7733503576949711 0.5324137678761304 0.767881607694971 0.5355387678761303
0 0.8950905613495616 0.3526762709531587 0.8867044126118836 0.3507839336219868 0.8807148292785503 0.34661726695532014 0.873943995945217 0.3455756002886534 0.8671731626118836 0.3473117113997645 0.8617044126118836 0.35356171139976456 0.8580585792785502 0.3643256002886534 0.8564960792785502 0.3799506002886534 0.8544127124298667 0.3931980915529571 0.8538918790965331 0.4060453137751793 0.8538918790965331 0.42340642488629043 0.8544127124298667 0.4327814248862904 0.8583189624298665 0.4400730915529571 0.8658710457632 0.4463230915529571 0.8744647957631999 0.4494480915529571 0.8909152572983027 0.44756519916672544 0.9033944586294176 0.4368192202427099 0.9143137597941429 0.42676653028153405 0.9234131774314142 0.4132473955061597 0.9309895833333334 0.40138888888888885 0.9346354166666666 0.3892361111111111 0.9348958333333334 0.38229166666666664 0.93046875 0.3690972222222222 0.9203125 0.3576388888888889 0.9054543790965331 0.3546564248862904
0 0.36302083333333335 0.4461805555555555 0.36276041666666664 0.43506944444444445 0.36197916666666663 0.42256944444444444 0.36197916666666663 0.3996527777777778 0.3765625 0.3854166666666667 0.3848958333333333 0.37743055555555555 0.39322916666666663 0.3788194444444445 0.40078125 0.38229166666666664 0.4078643841563937 0.37814191727211355 0.4237498008230604 0.38750478471526395 0.4300641885991121 0.40489013859650735 0.4344839057372152 0.42638209644453834 0.4308441386823068 0.4430210315526914 0.4279843217105929 0.4520337880696077 0.4188849040733217 0.4655529228449821 0.40859375 0.48125 0.3978262518270654 0.4835784358788146 0.38664696730127507 0.4783787686575167 0.3767675995808092 0.47283245695479903 0.3702680155541869 0.465899567326402 0.36848958333333337 0.4590277777777778
0 0.28303603062958294 0.36000954772534827 0.0781987720741674 0.12928646010485903
0 0.2921476514453351 0.4448181182579881 0.09262863622400355 0.13199734762708737
0 0.26302083333333337 0.33298611111111115 0.25546875 0.340625 0.2500532511038998 0.34788537290519483 0.2503136677705665 0.368371484016306 0.2542199177705665 0.37913537290519483 0.25026041666666665 0.38819444444444445 0.25104166666666666 0.40868055555555555 0.2612416230775595 0.4240800706618496 0.27294087432547964 0.4185337589591319 0.28260533443723307 0.40587148401630596 0.2833333333333333 0.396875 0.29036458333333337 0.39548611111111115 0.30859375 0.40208333333333335 0.31484375 0.3940972222222222 0.32005208333333335 0.3847222222222222 0.32057291666666665 0.37986111111111115 0.32103779612248456 0.3758964877444896 0.31635809562331657 0.36965688707893224 0.30647872790285063 0.37000353156035204 0.2984907511038998 0.3600381506829727 0.29276158443723305 0.35205203957186154 0.28833450110389974 0.34614926179408373 0.28130325110389975 0.34476037290519485 0.27682291666666664 0.3378472222222222 0.2698449177705665 0.3301770395718615
0 0.28619791666666666 0.40729166666666666 0.27682291666666664 0.4166666666666667 0.26811059893271805 0.4288951859444409 0.26368351559938474 0.43861740816666317 0.25899601559938473 0.45702018594444094 0.2561314322660514 0.46952018594444095 0.250141848932718 0.47820074149999653 0.24779809893271804 0.48861740816666316 0.24936059893271803 0.5052840748333298 0.2557291666666667 0.5090277777777777 0.2640625 0.5111111111111112 0.27578125 0.5086805555555556 0.2890625 0.5083333333333333 0.30104166666666665 0.5072916666666667 0.31276041666666665 0.5045138888888888 0.31901041666666663 0.5013888888888889 0.32421875 0.4940972222222222 0.32473958333333336 0.4875 0.32942708333333337 0.4822916666666667 0.32734375 0.4756944444444445 0.3263020833333333 0.47291666666666665 0.32291666666666663 0.46944444444444444 0.321235598932718 0.4702146303888854 0.32201684893271804 0.45875629705555204 0.3191522655993847 0.44903407483332985 0.3139439322660514 0.4389646303888854 0.3092564322660514 0.43063129705555203 0.30456893226605136 0.4222979637222187 0.29661458333333335 0.4097222222222222
0 0.12994791666666666 0.2972222222222222 0.11510416666666665 0.11874999999999997
0 0.098828125 0.3914930555555556 0.08515625 0.15034722222222222
0 0.10620823029757036 0.2859910814694968 0.10048859635414273 0.30401659450332924 0.1017885131594672 0.31684244031586395 0.10646821365863526 0.33382801990543687 0.12076729851720432 0.34700051019939143 0.13506638337577334 0.3570532001605672 0.14910548487327752 0.35774648912340695 0.16276041666666669 0.3503472222222222 0.17421875 0.34375 0.18628310550555705 0.3404142650524141 0.1859375 0.3298611111111111 0.18333333333333332 0.3145833333333333 0.17526041666666667 0.3003472222222222 0.16458333333333333 0.284375 0.1524852685671211 0.266232346028565 0.13896613379174674 0.2620726122515267 0.12648693246063192 0.2620726122515267 0.11634758137910114 0.26935214636134375
0 0.0609375 0.4232638888888889 0.0546875 0.40486111111111106 0.05651041666666666 0.38402777777777775 0.06276041666666667 0.3673611111111111 0.07213541666666666 0.3572916666666667 0.08229166666666667 0.35798611111111106 0.09113179518941728 0.369201474113637 0.10907064710289482 0.3660816737808583 0.1184300481012309 0.36157529552240025 0.13012929934915105 0.3723212744464158 0.13922871698642228 0.3917333654059277 0.1389687336253574 0.4090655894769205 0.13376906640405953 0.4218914352894551 0.12180983179507451 0.4364505035090891 0.10907064710289482 0.45170286069156274 0.09581149568858534 0.46244883961557826 0.08905192830089814 0.46175555065273854 0.07969252730256204 0.453436083098662
0 0.0007812499999999983 0.5267361111111111 0.012239583333333331 0.5284722222222222 0.029947916666666664 0.5263888888888889 0.04244791666666666 0.5340277777777778 0.055208333333333325 0.5430555555555555 0.0625 0.5340277777777778 0.07421875 0.5381944444444444 0.07239583333333333 0.5534722222222221 0.06536458333333332 0.5645833333333333 0.047135416666666666 0.5791666666666667 0.03046875 0.5934027777777777 0.017447916666666667 0.6003472222222221 0.0057291666666666645 0.5986111111111111 -1.908195823574488e-18 0.5902777777777778
0 0.05325520833333334 0.5335069444444444 0.10442708333333332 0.13645833333333326
0 0.9678385416666668 0.4009877158034529 0.0643229166666666 0.1353087649402391
0 0.9739583333333333 0.5580493979200875 0.05208333333333339 0.1535987958401752
0 0.9388020833333334 0.3951388888888889 0.9354166666666666 0.4034722222222222 0.9375 0.4166666666666667 0.9408854166666666 0.4288194444444445 0.9546875 0.4434027777777778 0.9661458333333334 0.45625 0.9747395833333334 0.465625 0.9859375 0.4684027777777778 0.9963541666666667 0.465625 0.9984375 0.4619212962962962 0.9984375 0.36180555555555555
0 0.9979166666666666 0.5329861111111112 0.9890625 0.5333333333333333 0.9830729166666666 0.525 0.978125 0.5170138888888889 0.9682291666666666 0.5194444444444445 0.95703125 0.5298611111111111 0.9528645833333333 0.5413194444444444 0.9505208333333334 0.5541666666666667 0.9546875 0.5631944444444444 0.9567708333333333 0.578125 0.9596354166666666 0.590625 0.9619791666666666 0.607638888888889 0.9671875 0.6166666666666667 0.9736979166666666 0.6288194444444444 0.9841145833333333 0.6336805555555556 0.9916666666666666 0.6336805555555556 0.9981770833333334 0.6309027777777777