0 0.03484375 0.37604166666666666 0.050937500000000004 0.37625 0.06890625 0.3697916666666667 0.0840625 0.36791666666666667 0.09171875 0.3647916666666667 0.0953125 0.35854166666666665 0.095 0.35020833333333334 0.091875 0.345 0.08234375000000001 0.3314583333333333 0.07390624999999999 0.31979166666666664 0.06484375 0.3104166666666667 0.0528125 0.30333333333333334 0.041249999999999995 0.301875 0.0325 0.3045833333333333 0.02328125 0.3158333333333333 0.017343749999999998 0.32895833333333335 0.014374999999999999 0.34729166666666667 0.02109375 0.36541666666666667 0.0278125 0.3716666666666667
0 0.0690625 0.43479166666666663 0.054843750000000004 0.4829166666666667 0.048593750000000005 0.48895833333333333 0.03875 0.48854166666666665 0.02953125 0.48041666666666666 0.024375 0.4716666666666667 0.0109375 0.45729166666666665 0 0.44208333333333333 0.00015625 0.41604166666666664 0.00421875 0.41083333333333333 0.0109375 0.40979166666666667 0.0128125 0.41875 0.01796875 0.435 0.028125 0.43333333333333335 0.03375 0.42583333333333334 0.037343749999999995 0.424375 0.040781250000000005 0.41916666666666663 0.0415625 0.40979166666666667 0.06828125 0.4214583333333334
0 0.0465625 0.5416666666666666 0.039531250000000004 0.5552083333333333 0.021249999999999998 0.5725 0.00609375 0.5741666666666667 0 0.5683333333333334 0.00015625 0.5558333333333334 0.01171875 0.5483333333333333 0.0328125 0.5614583333333333 0.03796875 0.5543750000000001 0.038125 0.5408333333333334
0 0.15031250000000002 0.40229166666666666 0.15031250000000002 0.41604166666666664 0.1540625 0.4272916666666667 0.16421875 0.44333333333333336 0.1653125 0.44854166666666667 0.17265625 0.4564583333333333 0.181875 0.45749999999999996 0.18578125 0.4552083333333333 0.19234374999999998 0.4529166666666667 0.20109375 0.44479166666666664 0.20812499999999998 0.4360416666666667 0.21031249999999999 0.42895833333333333 0.210625 0.4252083333333333 0.20375000000000001 0.4214583333333334 0.20218750000000002 0.43354166666666666 0.19109375 0.43312500000000004 0.1871875 0.42791666666666667 0.1871875 0.4247916666666667 0.18265625000000002 0.42291666666666666 0.16921875 0.426875 0.16499999999999998 0.42 0.16453125 0.41020833333333334 0.15796875 0.408125
0 0.19859374999999999 0.4766666666666667 0.19765625 0.4897916666666667 0.205 0.5010416666666667 0.2134375 0.5002083333333334 0.22218749999999998 0.5254166666666666 0.21359374999999997 0.5320833333333334 0.17703125 0.534375 0.17171875 0.5335416666666667 0.16578125 0.5245833333333334 0.1675 0.5095833333333333 0.17093750000000002 0.489375 0.17234375 0.4791666666666667 0.1784375 0.46270833333333333 0.18390625 0.4579166666666667
0 0.24203125 0.47604166666666664 0.24937499999999999 0.5002083333333334 0.255 0.509375 0.2571875 0.52125 0.2640625 0.5360416666666666 0.26796875 0.5399999999999999 0.27578125 0.5399999999999999 0.28171875 0.5335416666666667 0.29500000000000004 0.5122916666666667 0.29890625000000004 0.500625 0.30421875 0.493125 0.30359375 0.48895833333333333 0.29375 0.4925 0.2940625 0.48666666666666664 0.30062500000000003 0.4766666666666667 0.30640625 0.4716666666666667 0.301875 0.46458333333333335 0.29375 0.45708333333333334 0.28671875 0.4533333333333333 0.27796875 0.45041666666666663 0.26359374999999996 0.44854166666666667 0.25578124999999996 0.45125 0.2515625 0.45687500000000003
0 0.31140625 0.49125 0.30953125 0.4985416666666667 0.30921875 0.5160416666666666 0.32578125 0.5358333333333333 0.33265625 0.5408333333333334 0.34500000000000003 0.556875 0.35171874999999997 0.561875 0.3565625 0.5629166666666666 0.3625 0.5602083333333333 0.368125 0.5479166666666667 0.37140625 0.5416666666666666 0.37421875 0.485625 0.3725 0.4766666666666667 0.36828125 0.4720833333333333 0.36578125 0.47229166666666667 0.36578125 0.4891666666666667 0.35984375 0.49166666666666664 0.35078125 0.49083333333333334 0.34187500000000004 0.48520833333333335 0.33875 0.4864583333333333 0.3325 0.49270833333333336 0.3246875 0.4922916666666667 0.321875 0.4897916666666667 0.32125 0.4841666666666667 0.31765625000000003 0.4847916666666666
0 0.34796875 0.5741666666666667 0.36265625 0.5947916666666667 0.3734375 0.6039583333333333 0.38578125 0.61 0.39203125 0.6083333333333333 0.40328125000000004 0.5989583333333334 0.40843749999999995 0.588125 0.40765624999999994 0.5697916666666667 0.4059375 0.5566666666666666 0.39984375 0.5391666666666667 0.39296875 0.5314583333333334 0.38625 0.5277083333333333 0.37984375 0.5322916666666667 0.3778125 0.544375 0.3721875 0.5504166666666667 0.36796875 0.5497916666666666 0.36265625 0.56 0.356875 0.5633333333333332 0.35281250000000003 0.5622916666666666
0 0.393125 0.4 0.3859375 0.40687500000000004 0.38406250000000003 0.4166666666666667 0.37953125 0.42291666666666666 0.3821875 0.43833333333333335 0.39249999999999996 0.4585416666666667 0.39734375 0.47541666666666665 0.401875 0.4814583333333333 0.409375 0.48208333333333336 0.41640625 0.47791666666666666 0.43140625000000005 0.46041666666666664 0.4378125 0.45666666666666667 0.44171875 0.44875000000000004 0.44453125 0.44166666666666665 0.44312500000000005 0.4354166666666667 0.4340625 0.43 0.43187499999999995 0.43166666666666664 0.43093750000000003 0.4425 0.4225 0.4427083333333333 0.41578125000000005 0.431875 0.415625 0.42104166666666665 0.41046875 0.41875 0.4 0.40229166666666666
0 0.449375 0.455625 0.44375 0.459375 0.44000000000000006 0.4672916666666667 0.4378125 0.47708333333333336 0.43671875 0.5016666666666667 0.4346875 0.5022916666666667 0.43296875 0.5247916666666667 0.43671875 0.531875 0.44484375 0.534375 0.4528125 0.5335416666666667 0.45499999999999996 0.5291666666666667 0.46796875 0.5291666666666667 0.47609375 0.5264583333333334 0.48656249999999995 0.5197916666666667 0.4925 0.5108333333333334 0.49234375 0.50625 0.4803125 0.489375 0.47375 0.48895833333333333 0.47000000000000003 0.4702083333333333
0 0.50953125 0.46625 0.50609375 0.47104166666666664 0.5042187499999999 0.4789583333333333 0.5059375 0.4995833333333334 0.5103125000000001 0.5091666666666667 0.53046875 0.5375 0.5365624999999999 0.5422916666666667 0.5403125 0.5422916666666667 0.54390625 0.5441666666666667 0.5478125 0.5429166666666667 0.5509375000000001 0.5347916666666667 0.55140625 0.5166666666666667 0.56046875 0.4897916666666667 0.5621875000000001 0.4860416666666667 0.56125 0.4766666666666667 0.5553125 0.46458333333333335 0.5478125 0.4579166666666667 0.53625 0.4583333333333333 0.52640625 0.470625 0.52046875 0.47104166666666664 0.51453125 0.46125
0 0.5615625 0.3935416666666667 0.57765625 0.38 0.59421875 0.3797916666666667 0.6046875 0.38833333333333336 0.61484375 0.41541666666666666 0.6171875 0.4325 0.61921875 0.461875 0.615625 0.47375 0.6090625000000001 0.47729166666666667 0.59921875 0.4775 0.589375 0.47375 0.56296875 0.4675 0.55734375 0.46020833333333333 0.5478125 0.44895833333333335 0.545625 0.43395833333333333 0.5467187499999999 0.4185416666666667 0.54953125 0.4077083333333333
0 0.59421875 0.5004166666666666 0.60046875 0.5 0.60859375 0.5060416666666667 0.61625 0.5239583333333333 0.6170312499999999 0.5877083333333334 0.6129687500000001 0.5920833333333333 0.603125 0.5910416666666667 0.59953125 0.5879166666666666 0.5862499999999999 0.5785416666666666 0.57921875 0.5779166666666666 0.57078125 0.5747916666666666 0.5665625000000001 0.5716666666666667 0.5587500000000001 0.5560416666666667 0.56125 0.5395833333333333 0.5684375 0.5297916666666667 0.58109375 0.5291666666666667 0.58890625 0.5175 0.58921875 0.50625
0 0.53203125 0.5916666666666667 0.5303125 0.6179166666666667 0.54640625 0.6360416666666667 0.55 0.6358333333333334 0.5675 0.653125 0.57484375 0.6547916666666667 0.5815625 0.6497916666666667 0.585 0.6429166666666667 0.586875 0.5954166666666667 0.56421875 0.5879166666666666 0.5587500000000001 0.6029166666666667 0.54640625 0.6033333333333334 0.54078125 0.5875
0 0.67765625 0.4370833333333334 0.67375 0.423125 0.66921875 0.42250000000000004 0.6625 0.42645833333333333 0.6564062500000001 0.43625 0.651875 0.45541666666666664 0.6498437499999999 0.47854166666666664 0.6503125 0.489375 0.6578125 0.4985416666666667 0.65859375 0.501875 0.6625 0.509375 0.6681250000000001 0.5104166666666666 0.676875 0.5089583333333334 0.6900000000000001 0.4975 0.70359375 0.4845833333333333 0.6984375 0.475625 0.693125 0.4579166666666667 0.690625 0.4579166666666667 0.68921875 0.46437500000000004 0.68265625 0.4685416666666667 0.67234375 0.46625 0.66859375 0.463125 0.6678124999999999 0.45687500000000003 0.66984375 0.44895833333333335 0.67375 0.4391666666666667
0 0.70921875 0.4891666666666667 0.7096875 0.513125 0.7201562499999999 0.52625 0.72203125 0.5322916666666667 0.73140625 0.5399999999999999 0.7420312499999999 0.5397916666666667 0.7465625 0.5352083333333333 0.754375 0.5352083333333333 0.76125 0.5295833333333333 0.76125 0.526875 0.7684375 0.51375 0.76796875 0.509375 0.7715625 0.49624999999999997 0.77171875 0.47833333333333333 0.7693749999999999 0.46875 0.7659374999999999 0.46166666666666667 0.7592187499999999 0.46875 0.7581249999999999 0.47312499999999996 0.7434375 0.4775 0.73953125 0.48020833333333335 0.73046875 0.490625 0.7212500000000001 0.4860416666666667 0.720625 0.48000000000000004 0.71390625 0.48125
0 0.6910937500000001 0.6052083333333333 0.6884375 0.60875 0.6884375 0.6497916666666667 0.69234375 0.6641666666666667 0.70375 0.6731250000000001 0.70546875 0.6783333333333333 0.71546875 0.6810416666666667 0.72609375 0.6764583333333333 0.7268749999999999 0.671875 0.7345312500000001 0.6652083333333334 0.7421875 0.650625 0.74265625 0.6277083333333333 0.73890625 0.6383333333333333 0.7321875 0.638125 0.7229687499999999 0.6252083333333334 0.7173437500000001 0.625 0.7125 0.6322916666666667 0.69234375 0.6329166666666667 0.69265625 0.619375 0.6954687500000001 0.61125 0.6990624999999999 0.609375
0 0.83203125 0.47375 0.83203125 0.498125 0.8703125 0.5254166666666666 0.8821875 0.525 0.8892187500000001 0.519375 0.890625 0.51375 0.8949999999999999 0.5070833333333333 0.90859375 0.48874999999999996 0.90859375 0.47333333333333333 0.90234375 0.47291666666666665 0.90015625 0.475625 0.8996875 0.49 0.8921875 0.490625 0.8739062499999999 0.475 0.8684375 0.47479166666666667 0.8520312499999999 0.490625 0.8453125 0.4860416666666667 0.84296875 0.47229166666666667
0 0.9081250000000001 0.57375 0.9178124999999999 0.588125 0.934375 0.6139583333333333 0.9432812500000001 0.6270833333333333 0.9515625 0.63 0.9571875000000001 0.6291666666666667 0.95828125 0.625625 0.9634375000000001 0.624375 0.9701562499999999 0.6127083333333334 0.9715624999999999 0.6052083333333333 0.9770312499999999 0.6 0.97828125 0.59625 0.9824999999999999 0.594375 0.9832812499999999 0.5872916666666667 0.98734375 0.5860416666666667 0.9923437500000001 0.5733333333333334 0.99375 0.560625 0.9917187500000001 0.5504166666666667 0.9881249999999999 0.5375 0.9709375 0.5395833333333333 0.96328125 0.543125 0.9535937499999999 0.5545833333333333 0.945625 0.5558333333333334 0.93828125 0.5516666666666666 0.93125 0.5508333333333333 0.925 0.5572916666666666 0.909375 0.5614583333333333
0 0.9292187500000001 0.39958333333333335 0.9278124999999999 0.4164583333333333 0.9337500000000001 0.4272916666666667 0.945 0.4375 0.9603125 0.44875000000000004 0.98015625 0.46291666666666664 0.9923437500000001 0.4625 0.9984375 0.45516768292682935 0.9984375 0.3747916666666667 0.9854687500000001 0.37770833333333337 0.9765625 0.39729166666666665 0.9517187500000001 0.40020833333333333 0.95015625 0.425 0.9428124999999999 0.42854166666666665
0 0.054609374999999995 0.3233333333333333 0.08078125 0.10541666666666666
0 0.034375 0.4397916666666667 0.0684375 0.09875000000000002
0 0.023046875 0.5294791666666667 0.04609375 0.0889583333333333
0 0.19390625 0.4910416666666667 0.05625 0.08708333333333336
0 0.180234375 0.40656249999999994 0.06046874999999998 0.10187500000000001
0 0.27390625 0.4904166666666666 0.06374999999999997 0.09916666666666665
0 0.34164062500000003 0.5125 0.06484375 0.10125000000000005
0 0.3784375 0.5632291666666667 0.05999999999999996 0.09270833333333339
0 0.41187500000000005 0.42895833333333333 0.06437499999999999 0.10666666666666665
0 0.462734375 0.48302083333333334 0.059531249999999945 0.1022916666666666
0 0.5330468749999999 0.494375 0.057968749999999944 0.09916666666666671
0 0.582421875 0.4170833333333333 0.07296875000000007 0.12083333333333333
0 0.58828125 0.5375 0.0578125 0.10833333333333334
0 0.558515625 0.6115625 0.05703125 0.08562500000000005
0 0.6765625 0.4482291666666667 0.05343750000000007 0.12395833333333334
0 0.7403124999999999 0.49333333333333335 0.06218750000000002 0.09375
0 0.71546875 0.6215625 0.05437500000000002 0.11812499999999998
0 0.8702343750000001 0.46229166666666666 0.0770312500000001 0.12708333333333333
0 0.963125 0.3905208333333333 0.07062500000000008 0.14520833333333336
0 0.9509375 0.5734375 0.0859375 0.11312499999999996