0 0.15234375 0.35358796296296297 0.09375 0.14236111111111113
0 0.15538194444444442 0.4513888888888889 0.09809027777777776 0.11574074074074071
0 0.27994791666666663 0.4195601851851852 0.0885416666666667 0.12384259259259262
0 0.3871527777777778 0.3929398148148148 0.0963541666666666 0.13541666666666666
0 0.4175347222222222 0.5081018518518517 0.09288194444444446 0.13425925925925922
0 0.4657118055555555 0.3524305555555555 0.078125 0.13078703703703703
0 0.5321180555555556 0.4074074074074074 0.08246527777777776 0.11805555555555554
0 0.6098090277777778 0.4091435185185185 0.07465277777777786 0.1168981481481481
0 0.6666666666666666 0.3020833333333333 0.0911458333333334 0.11574074074074074
0 0.6840277777777778 0.4600694444444444 0.09288194444444428 0.11921296296296292
0 0.64453125 0.572337962962963 0.08159722222222232 0.11921296296296292
0 0.75390625 0.3993055555555555 0.07465277777777768 0.11574074074074071
0 0.8276909722222223 0.41203703703703703 0.0677083333333333 0.11342592592592596
0 0.8446180555555557 0.5549768518518517 0.0859375 0.12384259259259256
0 0.9551649305555555 0.34279334644378884 0.08654513888888893 0.11845706325794811
0 0.13065273037542663 0.3128555176336746 0.12425341296928327 0.3185437997724687 0.11465443686006824 0.32992036405005687 0.1093216723549488 0.338452787258248 0.10825511945392492 0.35338452787258245 0.11198805460750853 0.3811149032992036 0.11678754266211604 0.39533560864618883 0.1199872013651877 0.40671217292377704 0.12531996587030717 0.4173777019340159 0.12958617747440274 0.4209328782707622 0.13598549488054607 0.4152445961319681 0.14771757679180886 0.40671217292377704 0.15305034129692832 0.4038680318543799 0.15305034129692832 0.3967576791808874 0.15571672354948804 0.3889362912400455 0.15571672354948804 0.37044937428896474 0.16051621160409554 0.3690273037542662 0.16851535836177473 0.38964732650739475 0.16958191126279862 0.39391353811149027 0.17224829351535836 0.4017349260523322 0.18024744027303755 0.3967576791808874 0.18664675767918087 0.3860921501706484 0.18984641638225255 0.3796928327645051 0.19144624573378838 0.3718714448236632 0.18984641638225255 0.3626279863481229 0.18291382252559726 0.357650739476678 0.17598122866894197 0.35551763367463024 0.1631825938566553 0.3491183162684869 0.15838310580204779 0.3455631399317406 0.15358361774744028 0.33916382252559724 0.1493174061433447 0.33205346985210465 0.14505119453924914 0.3263651877133106 0.14025170648464164 0.3199658703071672
0 0.15944965870307165 0.3988907849829351 0.1493174061433447 0.40244596131968147 0.13491894197952217 0.4166666666666667 0.13011945392491467 0.42448805460750855 0.11838737201365188 0.4429749715585893 0.11465443686006824 0.4600398179749715 0.11358788395904436 0.46999431171786116 0.1103882252559727 0.4820819112627986 0.1093216723549488 0.48990329920364045 0.11305460750853243 0.5005688282138794 0.12052047781569966 0.5055460750853242 0.13331911262798635 0.507679180887372 0.14345136518771331 0.5083902161547212 0.15145051194539247 0.507679180887372 0.16158276450511944 0.5069681456200227 0.1775810580204778 0.5055460750853242 0.18771331058020477 0.5027019340159272 0.19784556313993173 0.4934584755403868 0.2021117747440273 0.48279294653014787 0.19784556313993173 0.4643060295790671 0.19357935153583616 0.45221843003412965 0.18931313993174062 0.4408418657565415 0.18664675767918087 0.43230944254835035 0.18291382252559726 0.42519908987485777 0.18024744027303755 0.4187997724687144 0.17651450511945393 0.41382252559726956 0.17224829351535836 0.40742320819112626 0.16531569965870305 0.40244596131968147
0 0.2591723549488055 0.374004550625711 0.2479735494880546 0.3811149032992036 0.24157423208191126 0.39106939704209326 0.2405076791808874 0.40244596131968147 0.2405076791808874 0.4166666666666667 0.2405076791808874 0.43017633674630257 0.2405076791808874 0.44226393629124 0.24530716723549487 0.45435153583617743 0.25490614334470985 0.46786120591581337 0.263438566552901 0.4714163822525597 0.26823805460750855 0.47283845278725817 0.27570392491467577 0.4756825938566553 0.2890358361774744 0.4756825938566553 0.2981015358361775 0.46786120591581337 0.3045008532423208 0.4536405005688282 0.3098336177474402 0.44510807736063707 0.31569965870307165 0.4337315130830489 0.31783276450511944 0.4209328782707622 0.3172994880546075 0.4060011376564277 0.3114334470989761 0.3889362912400455 0.3066339590443686 0.3839590443686006 0.29703498293515357 0.3775597269624573 0.2885025597269625 0.374004550625711 0.27570392491467577 0.36973833902161546 0.2693046075085324 0.36973833902161546
0 0.361028156996587 0.3441410693970421 0.35409556313993173 0.3491183162684869 0.3455631399317406 0.3633390216154721 0.3434300341296928 0.374004550625711 0.3434300341296928 0.39604664391353805 0.35676194539249145 0.4202218430034129 0.37062713310580203 0.43088737201365185 0.37862627986348124 0.4408418657565415 0.3871587030716723 0.4515073947667804 0.3935580204778157 0.46075085324232085 0.4074232081911263 0.4600398179749715 0.4159556313993174 0.45292946530147893 0.41915529010238906 0.43444254835039814 0.42288822525597264 0.4187997724687144 0.42555460750853236 0.4038680318543799 0.42875426621160406 0.3889362912400455 0.43035409556313986 0.374004550625711 0.4276877133105802 0.3626279863481229 0.4164889078498294 0.3491183162684869 0.4084897610921502 0.3405858930602958 0.39995733788395904 0.33347554038680316 0.3855588737201365 0.3313424345847554 0.37116040955631396 0.33418657565415244
0 0.45861774744027295 0.29721274175199086 0.44581911262798635 0.2950796359499431 0.43781996587030714 0.30290102389078494 0.4319539249146757 0.31925483503981794 0.4276877133105802 0.32565415244596135 0.43088737201365185 0.35125142207053467 0.4367534129692833 0.38253697383390217 0.4399530716723549 0.3996018202502844 0.44581911262798635 0.4102673492605233 0.45861774744027295 0.40955631399317405 0.4714163822525597 0.3988907849829351 0.48154863481228666 0.3775597269624573 0.49328071672354945 0.3612059158134243 0.49861348122866894 0.3434300341296928 0.5002133105802048 0.3292093287827076 0.4959470989761092 0.3206769055745165 0.48954778156996587 0.322098976109215 0.4778156996587031 0.31498862343572237 0.4719496587030717 0.305745164960182
0 0.5162116040955631 0.35338452787258245 0.5050127986348123 0.35978384527872576 0.49808020477815695 0.374004550625711 0.4938139931740614 0.39533560864618883 0.4911476109215017 0.41311149032992034 0.4911476109215017 0.4287542662116041 0.4927474402730375 0.44724118316268485 0.49808020477815695 0.458617747440273 0.5060793515358362 0.4621729237770193 0.5194112627986348 0.458617747440273 0.527410409556314 0.4550625711035267 0.5503412969283276 0.4408418657565415 0.5572738907849829 0.43230944254835035 0.5647397610921502 0.42306598407281 0.5668728668941979 0.40671217292377704 0.5642064846416381 0.39533560864618883 0.5578071672354948 0.3832480091012514 0.5503412969283276 0.374004550625711 0.5402090443686006 0.3654721274175199 0.5311433447098975 0.36191695108077354 0.5226109215017065 0.35693970420932875
0 0.3935580204778157 0.46999431171786116 0.3855588737201365 0.4785267349260523 0.37809300341296925 0.4877701934015927 0.37542662116040953 0.5140784982935153 0.3871587030716723 0.5325654152445961 0.3930247440273037 0.5432309442548351 0.3994240614334471 0.5560295790671217 0.4084897610921502 0.5652730375426621 0.41915529010238906 0.5709613196814562 0.42822098976109213 0.5723833902161547 0.43355375426621157 0.5695392491467576 0.4399530716723549 0.5631399317406144 0.4468856655290102 0.5560295790671217 0.4575511945392491 0.5432309442548351 0.4639505119453925 0.524032992036405 0.46235068259385664 0.5005688282138794 0.45915102389078494 0.4756825938566553 0.45381825938566556 0.46075085324232085 0.4436860068259385 0.4515073947667804 0.42822098976109213 0.4486632536973834 0.42235494880546076 0.4507963594994312 0.41488907849829354 0.455773606370876 0.4084897610921502 0.458617747440273 0.40155716723549484 0.46359499431171786
0 0.5919368600682594 0.3612059158134243 0.5828711604095563 0.37116040955631396 0.575938566552901 0.3832480091012514 0.5748720136518771 0.3974687144482366 0.5780716723549488 0.4152445961319681 0.5850042662116041 0.42733219567690556 0.596203071672355 0.43799772468714443 0.6031356655290102 0.44510807736063707 0.6100682593856656 0.45292946530147893 0.6218003412969283 0.4600398179749715 0.6303327645051194 0.4621729237770193 0.6351322525597269 0.455773606370876 0.6340656996587031 0.43799772468714443 0.6340656996587031 0.425910125142207 0.6377986348122866 0.4102673492605233 0.6399317406143344 0.3946245733788396 0.6399317406143344 0.3868031854379977 0.6377986348122866 0.3789817974971558 0.6329991467576791 0.3725824800910125 0.6260665529010239 0.36618316268486917 0.6186006825938566 0.3640500568828214 0.5999360068259385 0.3626279863481229
0 0.644731228668942 0.2652161547212742 0.6351322525597269 0.28299203640500564 0.6276663822525597 0.29650170648464164 0.6234001706484642 0.305745164960182 0.625 0.3242320819112628 0.6292662116040956 0.3434300341296928 0.6372653583617747 0.357650739476678 0.6532636518771331 0.3612059158134243 0.6671288395904437 0.36191695108077354 0.6815273037542662 0.357650739476678 0.6969923208191127 0.35409556313993173 0.7055247440273037 0.3469852104664391 0.7119240614334471 0.3327645051194539 0.712990614334471 0.31925483503981794 0.7087244027303754 0.3064562002275313 0.702325085324232 0.2901023890784983 0.6964590443686006 0.2773037542662116 0.6900597269624573 0.2680602957906712 0.6809940273037542 0.25881683731513083 0.6697952218430034 0.25455062571103526 0.6628626279863481 0.25312855517633676 0.653796928327645 0.25668373151308305
0 0.6687286689419795 0.42448805460750855 0.6585964163822525 0.43586461888509664 0.654330204778157 0.44368600682593856 0.6495307167235495 0.45435153583617743 0.6463310580204777 0.4643060295790671 0.6436646757679181 0.4785267349260523 0.6511305460750852 0.49203640500568824 0.6617960750853242 0.5005688282138794 0.683127133105802 0.5041240045506257 0.6953924914675768 0.504835039817975 0.7049914675767918 0.5126564277588168 0.7151237201365188 0.5126564277588168 0.7199232081911262 0.4998577929465301 0.7231228668941979 0.48705915813424344 0.7151237201365188 0.4593287827076223 0.712990614334471 0.4486632536973834 0.7113907849829351 0.43870875995449377 0.7097909556313993 0.43017633674630257 0.7071245733788396 0.42519908987485777 0.7017918088737201 0.4187997724687144 0.6932593856655289 0.41311149032992034 0.6873933447098975 0.41311149032992034 0.6761945392491467 0.4187997724687144
0 0.6329991467576791 0.5325654152445961 0.6212670648464164 0.5375426621160408 0.6122013651877133 0.546075085324232 0.6100682593856656 0.5503412969283276 0.6079351535836177 0.5674061433447098 0.6111348122866894 0.5858930602957906 0.615401023890785 0.597980659840728 0.6223336177474402 0.6065130830489192 0.6415315699658704 0.6186006825938566 0.6484641638225256 0.6221558589306029 0.6617960750853242 0.6257110352673492 0.673528156996587 0.6292662116040956 0.6841936860068258 0.6200227531285551 0.6863267918088737 0.6079351535836177 0.6852602389078497 0.5915813424345847 0.6841936860068258 0.5702502844141069 0.6788609215017065 0.5503412969283276 0.6767278156996587 0.5375426621160408 0.6703284982935153 0.5247440273037542 0.66339590443686 0.5204778156996587 0.6596629692832765 0.5190557451649601 0.6575298634812287 0.5311433447098975 0.6516638225255973 0.5325654152445961 0.6452645051194539 0.5325654152445961 0.6399317406143344 0.5325654152445961
0 0.7540529010238908 0.35267349260523323 0.7369880546075085 0.35267349260523323 0.7241894197952219 0.3640500568828214 0.722056313993174 0.37329351535836175 0.7193899317406143 0.3924914675767918 0.7183233788395904 0.4102673492605233 0.7188566552901023 0.4280432309442548 0.7183233788395904 0.43870875995449377 0.7231228668941979 0.44226393629124 0.7327218430034129 0.44653014789533557 0.7465870307167235 0.44937428896473264 0.7519197952218429 0.4486632536973834 0.7663182593856654 0.43088737201365185 0.7721843003412969 0.42448805460750855 0.7764505119453925 0.4145335608646189 0.7823165529010239 0.4052901023890785 0.7844496587030716 0.3974687144482366 0.7849829351535835 0.38751422070534697 0.7849829351535835 0.3796928327645051 0.7823165529010239 0.374004550625711 0.7769837883959043 0.36973833902161546 0.7705844709897611 0.3647610921501706 0.7663182593856654 0.36191695108077354 0.761518771331058 0.35693970420932875
0 0.8281783276450512 0.3782707622298066 0.8180460750853242 0.38751422070534697 0.8063139931740613 0.39106939704209326 0.800981228668942 0.39320250284414104 0.7972482935153583 0.4081342434584755 0.7972482935153583 0.4202218430034129 0.7977815699658704 0.425910125142207 0.8052474402730375 0.4415529010238908 0.8121800341296928 0.45435153583617743 0.818579351535836 0.4621729237770193 0.8260452218430034 0.46715017064846415 0.8420435153583619 0.4628839590443686 0.8468430034129693 0.4621729237770193 0.8495093856655289 0.4579067121729237 0.8505759385665529 0.4443970420932878 0.8527090443686006 0.42662116040955633 0.8543088737201364 0.4187997724687144 0.8564419795221843 0.40671217292377704 0.8569752559726963 0.39391353811149027 0.8511092150170647 0.3839590443686006 0.8457764505119453 0.3761376564277588 0.8404436860068258 0.3747155858930603
0 0.8223122866894197 0.5147895335608647 0.8164462457337883 0.5197667804323094 0.8116467576791809 0.5233219567690557 0.8068472696245733 0.5304323094425484 0.8047141638225256 0.5418088737201364 0.8047141638225256 0.5553185437997725 0.8052474402730375 0.5674061433447098 0.8073805460750852 0.5880261660978384 0.8121800341296928 0.6058020477815699 0.8153796928327643 0.611490329920364 0.8297781569965871 0.6150455062571104 0.8345776450511945 0.6136234357224117 0.848442832764505 0.6100682593856654 0.8543088737201364 0.6100682593856654 0.8617747440273037 0.6058020477815699 0.8708404436860068 0.5915813424345847 0.8788395904436859 0.5794937428896473 0.8815059726962456 0.5638509670079636 0.8825725255972696 0.546075085324232 0.8815059726962456 0.5389647326507395 0.8772397610921502 0.5311433447098975 0.8740401023890785 0.5247440273037542 0.8649744027303754 0.5155005688282138 0.858575085324232 0.5169226393629124 0.8521757679180887 0.5204778156996587 0.839377133105802 0.526877133105802 0.8335110921501705 0.5275881683731513 0.8271117747440272 0.521188850967008