0 0.2240625 0.34375 0.20968749999999997 0.37437499999999996 0.206875 0.38708333333333333 0.20796874999999998 0.3975 0.21218750000000003 0.40208333333333335 0.2125 0.40687500000000004 0.22734375 0.41958333333333336 0.23578125 0.41958333333333336 0.25921875 0.413125 0.27265625 0.41270833333333334 0.28140624999999997 0.41041666666666665 0.28703124999999996 0.40562499999999996 0.2884375 0.3958333333333333 0.28640625000000003 0.3875 0.27984375 0.37625 0.25828125 0.34375 0.24703124999999998 0.333125 0.2340625 0.3333333333333333 0.22953125000000002 0.335625 0.22593749999999999 0.3385416666666667
0 0.21578124999999998 0.4516666666666667 0.2165625 0.4683333333333334 0.2228125 0.4825 0.23046875 0.4829166666666667 0.240625 0.4689583333333333 0.24093749999999997 0.455625 0.2534375 0.46499999999999997 0.254375 0.48625 0.24421875 0.51 0.2396875 0.5358333333333333 0.23343750000000002 0.54375 0.22828125 0.5481250000000001 0.22484375 0.5485416666666667 0.2090625 0.5266666666666667 0.1915625 0.508125 0.18562499999999998 0.5 0.18171874999999998 0.490625 0.18062499999999998 0.47791666666666666 0.18125 0.4666666666666667 0.195625 0.454375
0 0.1471875 0.5706249999999999 0.13874999999999998 0.5891666666666667 0.1409375 0.6022916666666667 0.14781249999999999 0.62 0.15 0.620625 0.14906250000000001 0.625 0.153125 0.6364583333333333 0.15796875 0.6425 0.16265625 0.6439583333333334 0.17203125 0.643125 0.1759375 0.6408333333333334 0.19078124999999999 0.6314583333333333 0.20125 0.628125 0.20109375 0.61875 0.19265625 0.61125 0.18796875 0.6177083333333333 0.17921875 0.624375 0.17359375 0.6262500000000001 0.16765625 0.6239583333333333 0.16625 0.6122916666666666 0.1671875 0.6033333333333334 0.16828125 0.5954166666666667 0.15890625 0.5916666666666667 0.14546874999999998 0.58375 0.15796875 0.57375 0.15 0.5677083333333334
0 0.37046875 0.43312500000000004 0.36484375 0.445625 0.36062500000000003 0.45687500000000003 0.35921875000000003 0.46770833333333334 0.35890625 0.48062499999999997 0.36765625 0.49166666666666664 0.36734374999999997 0.49937499999999996 0.37640625 0.51 0.38875000000000004 0.5108333333333334 0.39609375 0.508125 0.4 0.5025 0.40703125 0.501875 0.41328125 0.4985416666666667 0.4178125 0.49395833333333333 0.42109375 0.48874999999999996 0.42171875 0.48374999999999996 0.41593749999999996 0.47625 0.41359375 0.47625 0.41265625000000006 0.47979166666666667 0.40671875 0.478125 0.40140624999999996 0.46812499999999996 0.40078125 0.45875 0.39765625 0.4579166666666667 0.390625 0.44479166666666664 0.3890625 0.4375 0.3796875 0.43625 0.3746875 0.43291666666666667
0 0.38093750000000004 0.5275 0.36984374999999997 0.5702083333333333 0.36953125 0.5833333333333334 0.37578125 0.5924999999999999 0.3796875 0.59375 0.39437500000000003 0.5939583333333334 0.4146875 0.59125 0.4253125 0.5870833333333334 0.43890624999999994 0.5775 0.436875 0.5589583333333333 0.4328125 0.5420833333333334 0.42390625000000004 0.5264583333333334 0.41656250000000006 0.515 0.41156249999999994 0.5079166666666667 0.40499999999999997 0.5060416666666667 0.39859374999999997 0.5068750000000001 0.39296875 0.51 0.38875000000000004 0.5147916666666666
0 0.4671875 0.544375 0.47109375 0.5575 0.47796874999999994 0.56875 0.48968749999999994 0.58 0.49578125 0.5920833333333333 0.5065625 0.598125 0.5131249999999999 0.589375 0.5198437499999999 0.5683333333333334 0.5290625 0.5435416666666666 0.53078125 0.5387500000000001 0.53046875 0.529375 0.5240625 0.5152083333333334 0.5171875 0.509375 0.509375 0.5045833333333333 0.49390625000000005 0.50125 0.48484375 0.5025 0.47734375 0.5079166666666667 0.4721875 0.5175 0.46828125 0.526875
0 0.56640625 0.5435416666666666 0.56640625 0.5616666666666668 0.5740624999999999 0.5747916666666666 0.5959375 0.6052083333333333 0.6025 0.615625 0.61265625 0.6166666666666667 0.61765625 0.6125 0.6253124999999999 0.5997916666666666 0.6246875000000001 0.5810416666666666 0.6340625 0.5575 0.63359375 0.546875 0.6215625 0.5425 0.6173437500000001 0.5504166666666667 0.6128125 0.55 0.60359375 0.546875 0.5979687499999999 0.536875 0.58328125 0.5475 0.5740624999999999 0.546875 0.5734375 0.535
0 0.5740624999999999 0.625625 0.57921875 0.638125 0.5909375 0.6545833333333333 0.6056250000000001 0.6616666666666667 0.61453125 0.6608333333333333 0.6331249999999999 0.6439583333333334 0.63375 0.6345833333333334 0.63515625 0.63 0.63453125 0.6008333333333333 0.6314062500000001 0.5933333333333334 0.6285937500000001 0.588125 0.6251562500000001 0.5862499999999999 0.62578125 0.6 0.6173437500000001 0.6129166666666667 0.6134375000000001 0.6168750000000001 0.6046875 0.6158333333333333 0.6003125 0.6225 0.59875 0.63125 0.5923437500000001 0.6316666666666666 0.5860937500000001 0.6214583333333333 0.5859375 0.614375
0 0.63078125 0.445625 0.6212500000000001 0.45958333333333334 0.6209374999999999 0.47291666666666665 0.62109375 0.49 0.62328125 0.4985416666666667 0.62265625 0.5210416666666666 0.628125 0.5239583333333333 0.63453125 0.53375 0.63875 0.53375 0.65140625 0.5243749999999999 0.666875 0.515 0.6759375000000001 0.511875 0.6795312499999999 0.5066666666666666 0.6795312499999999 0.49875 0.66796875 0.4864583333333333 0.66734375 0.47479166666666667 0.65140625 0.45749999999999996
0 0.6671875 0.5154166666666666 0.658125 0.565 0.658125 0.5739583333333333 0.66015625 0.5808333333333333 0.665 0.5850000000000001 0.67421875 0.5850000000000001 0.68125 0.5833333333333334 0.6832812500000001 0.58 0.6953125 0.58 0.70703125 0.574375 0.71640625 0.5675 0.7196875 0.55625 0.72265625 0.5529166666666666 0.72109375 0.5345833333333334 0.711875 0.5233333333333333 0.69921875 0.509375 0.68875 0.501875 0.6793750000000001 0.5022916666666667 0.6798437500000001 0.5068750000000001 0.67640625 0.5114583333333333
0 0.72390625 0.53375 0.7307812499999999 0.541875 0.7309375 0.5472916666666666 0.7390625 0.559375 0.7275 0.5514583333333333 0.72703125 0.5541666666666667 0.73921875 0.571875 0.74328125 0.575 0.7462500000000001 0.5793750000000001 0.74765625 0.58375 0.7509375 0.5868749999999999 0.7590625 0.59125 0.76828125 0.5827083333333333 0.76875 0.56875 0.7740625 0.5529166666666666 0.7770312500000001 0.541875 0.7776562499999999 0.529375 0.7753125 0.52375 0.7731250000000001 0.51625 0.76734375 0.5114583333333333 0.7615624999999999 0.5116666666666666 0.76390625 0.5147916666666666 0.76328125 0.5247916666666667 0.75984375 0.525 0.7542187499999999 0.51875 0.7501562500000001 0.518125 0.7503124999999999 0.5135416666666667 0.7301562500000001 0.516875 0.72953125 0.521875 0.72453125 0.52625
0 0.7307812499999999 0.64125 0.74390625 0.6327083333333333 0.74734375 0.6322916666666667 0.7603125000000001 0.6472916666666666 0.76734375 0.6454166666666666 0.766875 0.63125 0.7790625 0.6354166666666666 0.77859375 0.6493749999999999 0.7753125 0.6620833333333334 0.7748437499999999 0.681875 0.7671875 0.6935416666666666 0.75859375 0.69375 0.7471875 0.6825 0.73625 0.6735416666666667 0.7267187500000001 0.6622916666666666 0.72140625 0.6525 0.7203125 0.6402083333333334
0 0.7625 0.593125 0.76265625 0.5991666666666667 0.76875 0.6083333333333333 0.77671875 0.6172916666666667 0.7896875 0.6220833333333334 0.8060937499999999 0.6331249999999999 0.81484375 0.6333333333333333 0.82125 0.626875 0.82265625 0.615625 0.8209375 0.613125 0.8204687500000001 0.605625 0.82328125 0.6047916666666667 0.82296875 0.589375 0.8221875000000001 0.58125 0.81953125 0.5710416666666667 0.8153124999999999 0.560625 0.8065625000000001 0.553125 0.79984375 0.556875 0.8104687500000001 0.5625 0.8103125 0.5752083333333334 0.79953125 0.5793750000000001 0.78859375 0.5766666666666667 0.78125 0.5924999999999999 0.76859375 0.589375
0 0.7753125 0.4891666666666667 0.775625 0.4947916666666667 0.78125 0.5075 0.7903125 0.51625 0.8032812500000001 0.521875 0.82546875 0.528125 0.8345312500000001 0.5308333333333334 0.84296875 0.5291666666666667 0.84859375 0.5216666666666667 0.849375 0.51 0.84734375 0.4897916666666667 0.8417187500000001 0.46020833333333333 0.8346875 0.45083333333333336 0.8282812500000001 0.44479166666666664 0.82203125 0.44145833333333334 0.8125 0.4427083333333333 0.7993750000000001 0.4583333333333333 0.798125 0.465625 0.7846875 0.48041666666666666 0.781875 0.479375
0 0.8234375 0.5270833333333333 0.8231249999999999 0.5383333333333333 0.8279687499999999 0.5439583333333334 0.8328125 0.5458333333333333 0.83625 0.5541666666666667 0.8471875000000001 0.5577083333333334 0.85875 0.55625 0.8834375 0.5389583333333333 0.8839062500000001 0.5341666666666666 0.8881249999999999 0.5285416666666667 0.8878125000000001 0.5202083333333333 0.8821875 0.5145833333333333 0.88109375 0.5195833333333334 0.8751562500000001 0.520625 0.8712500000000001 0.5152083333333334 0.8721875000000001 0.4945833333333333 0.8684375 0.4864583333333333 0.8631249999999999 0.48541666666666666 0.8574999999999999 0.47833333333333333 0.8504687499999999 0.47875 0.8462500000000001 0.4814583333333333 0.84796875 0.49 0.849375 0.5114583333333333 0.8484375 0.5225000000000001 0.843125 0.5295833333333333 0.834375 0.5304166666666666
0 0.8817187499999999 0.54125 0.8817187499999999 0.5504166666666667 0.8862500000000001 0.5658333333333334 0.8904687499999999 0.57625 0.8978125 0.5808333333333333 0.9081250000000001 0.5814583333333334 0.9196875 0.5745833333333333 0.92671875 0.5720833333333334 0.93 0.566875 0.93 0.5633333333333332 0.93984375 0.5470833333333334 0.94046875 0.5308333333333334 0.9384375 0.5258333333333334 0.92421875 0.5320833333333334 0.9204687500000001 0.5308333333333334 0.9203125 0.535 0.9126562500000001 0.5427083333333333 0.90359375 0.5420833333333334 0.90359375 0.528125 0.896875 0.5308333333333334 0.88984375 0.5341666666666666
0 0.87265625 0.6360416666666667 0.8653124999999999 0.6391666666666667 0.860625 0.6627083333333333 0.8609375 0.689375 0.866875 0.6983333333333334 0.875625 0.7002083333333334 0.883125 0.7095833333333333 0.9046875 0.7064583333333334 0.9220312500000001 0.6870833333333334 0.9253125000000001 0.6697916666666667 0.9129687499999999 0.6585416666666667 0.9084375 0.66125 0.9067187499999999 0.6664583333333333 0.900625 0.6672916666666667 0.8971875 0.6683333333333333 0.8901562500000001 0.6679166666666667 0.88640625 0.6608333333333333 0.88671875 0.6454166666666666
0 0.24804202853598012 0.359775641025641 0.0812267369727047 0.11941687344913152
0 0.21760623449131514 0.4888854425144748 0.07308467741935483 0.11967535153019035
0 0.169432382133995 0.5918889578163772 0.06319789081885856 0.10442514474772532
0 0.39023728287841186 0.4561879652605459 0.06242245657568235 0.10804383788254755
0 0.4042920285359801 0.5502739867659223 0.0692075062034739 0.08788254755996695
0 0.499185794044665 0.5458798593879239 0.06319789081885858 0.10597601323407778
0 0.6000891749379653 0.5668165839536807 0.0680443548387097 0.10028949545078583
0 0.6042571339950371 0.6154104631927214 0.06125930521091814 0.09305210918114154
0 0.6502985421836228 0.4822942514474773 0.05873914392059554 0.10339123242349052
0 0.690524193548387 0.5394179073614557 0.06513647642679894 0.09150124069478913
0 0.7508142059553349 0.5451044251447478 0.05311724565756819 0.09046732837055421
0 0.7929784429280395 0.5851685277088504 0.05990229528535975 0.09770471464019852
0 0.7496510545905707 0.6497880479735318 0.058545285359801455 0.0878825475599669
0 0.8930094602977668 0.6571546732837057 0.06455490074441687 0.1046836228287841
0 0.9107475186104217 0.5409687758478081 0.05932071960297769 0.07909429280397025
0 0.8557886166253101 0.501809346567411 0.06455490074441687 0.11088709677419353
0 0.8126550868486351 0.4775124069478908 0.07405397022332512 0.10623449131513645