0 0.11979166666666667 0.3466435185185185 0.08767361111111112 0.12384259259259262
0 0.11935763888888888 0.44155092592592593 0.09722222222222224 0.11921296296296292
0 0.2404513888888889 0.41550925925925924 0.08940972222222224 0.12037037037037036
0 0.3376736111111111 0.38715277777777773 0.09288194444444438 0.1354166666666666
0 0.4270833333333333 0.3466435185185185 0.07899305555555554 0.13541666666666666
0 0.3706597222222222 0.5069444444444444 0.09288194444444446 0.13657407407407404
0 0.49435763888888884 0.40162037037037035 0.09375 0.12037037037037036
0 0.576388888888889 0.40625 0.07899305555555562 0.12731481481481483
0 0.634548611111111 0.3009259259259259 0.09461805555555554 0.12499999999999997
0 0.6506076388888888 0.46527777777777773 0.09201388888888892 0.12037037037037042
0 0.611111111111111 0.5833333333333334 0.08593750000000008 0.12268518518518524
0 0.732204861111111 0.3981481481481481 0.07465277777777768 0.11342592592592589
0 0.810763888888889 0.4230324074074074 0.07552083333333348 0.10995370370370369
0 0.8207465277777777 0.5671296296296297 0.09548611111111098 0.14351851851851857
0 0.9499565972222221 0.3505441845354126 0.09696180555555571 0.12701429499675107
0 0.10127074688796682 0.30333679114799456 0.0928423236514523 0.30852351313969584 0.08376556016597513 0.3145746887966806 0.07857883817427389 0.3223547717842325 0.07663381742738593 0.3361860304287691 0.07598547717842327 0.355204011065007 0.07922717842323654 0.3681708160442601 0.08506224066390043 0.38200207468879677 0.08700726141078839 0.3932399723374828 0.09154564315352699 0.3992911479944676 0.11488589211618261 0.39669778699861696 0.11488589211618261 0.39064661134163214 0.11423755186721993 0.37940871369294615 0.11942427385892121 0.3742219917012449 0.11229253112033195 0.35433955739972345 0.12072095435684652 0.3569329183955741 0.13044605809128634 0.3742219917012449 0.1323910788381743 0.38113762102351323 0.13692946058091288 0.38632434301521446 0.14406120331950206 0.38373098201936384 0.15313796680497926 0.3768153526970955 0.15637966804979256 0.36903526970954365 0.15702800829875518 0.36211964038727534 0.15573132780082988 0.3569329183955741 0.15248962655601664 0.3482883817427387 0.14406120331950206 0.34396611341632094 0.1382261410788382 0.3413727524204704 0.1323910788381743 0.33532157676348556 0.12720435684647305 0.3318637621023514 0.12072095435684652 0.3275414937759337 0.11553423236514523 0.3223547717842325 0.1077541493775934 0.3102524204702629
0 0.10969917012448134 0.3941044260027663 0.10386410788381743 0.39669778699861696 0.09673236514522823 0.40102005532503465 0.08765560165975107 0.4183091286307055 0.08635892116182574 0.43041147994467505 0.08052385892116184 0.44078492392807755 0.07728215767634858 0.45029391424619647 0.07079875518672202 0.4589384508990319 0.06820539419087139 0.4675829875518673 0.06885373443983404 0.483143153526971 0.07857883817427389 0.49265214384509 0.0928423236514523 0.4952455048409406 0.11229253112033195 0.4935165975103735 0.13887448132780084 0.49178769017980645 0.15378630705394195 0.48746542185338876 0.16026970954356848 0.47968533886583686 0.16675311203319504 0.47104080221300143 0.16480809128630708 0.4667185338865838 0.15897302904564317 0.4632607192254496 0.15378630705394195 0.45720954356846477 0.15378630705394195 0.44770055325034586 0.15248962655601664 0.43559820193637633 0.14600622406639005 0.4252247579529738 0.13887448132780084 0.4044778699861688 0.13433609958506226 0.39669778699861696 0.12525933609958506 0.39064661134163214 0.12072095435684652 0.38978215767634866 0.11747925311203322 0.39064661134163214
0 0.2212136929460581 0.36644190871369303 0.206301867219917 0.375950899031812 0.19722510373443983 0.38632434301521446 0.1965767634854772 0.40966459197787003 0.20241182572614108 0.4381915629322269 0.20695020746887968 0.45029391424619647 0.21602697095435683 0.46239626556016605 0.22769709543568464 0.46931189488243436 0.23807053941908712 0.47017634854771795 0.24714730290456433 0.4675829875518673 0.2562240663900415 0.4589384508990319 0.26011410788381745 0.4546161825726142 0.27372925311203317 0.43992047026279396 0.27761929460580914 0.4243603042876903 0.27891597510373445 0.41485131396957126 0.27048755186721996 0.39151106500691574 0.2678941908713693 0.3854598893499309 0.2516856846473029 0.36903526970954365 0.23936721991701243 0.3638485477178424
0 0.3210580912863071 0.3284059474412172 0.31522302904564314 0.3309993084370679 0.3100363070539419 0.33532157676348556 0.30160788381742737 0.34310165975103746 0.2970695020746888 0.3508817427385893 0.29382780082987553 0.3698997233748272 0.29771784232365145 0.39151106500691574 0.31262966804979253 0.41571576763485485 0.3217064315352697 0.42608921161825736 0.3288381742738589 0.4312759336099586 0.3398599585062241 0.44337828492392817 0.3476400414937759 0.45115836791148006 0.35801348547717843 0.45288727524204714 0.3651452282157676 0.4442427385892117 0.37033195020746884 0.42868257261410797 0.37940871369294604 0.4105290456431536 0.3826504149377593 0.37940871369294615 0.3826504149377593 0.36125518672199175 0.37940871369294604 0.3508817427385893 0.37033195020746884 0.3396438450899033 0.36190352697095435 0.3335926694329185 0.3482883817427386 0.3301348547717843 0.34180497925311204 0.3309993084370679
0 0.3547717842323651 0.4615318118948825 0.3476400414937759 0.4684474412171509 0.34050829875518673 0.4762275242047027 0.3340248962655602 0.4822786998616875 0.32948651452282157 0.4909232365145229 0.32818983402489627 0.502161134163209 0.3353215767634855 0.5237724757952974 0.3463433609958506 0.5393326417704011 0.3528267634854772 0.54884163208852 0.36060684647302904 0.5592150760719226 0.3664419087136929 0.5644017980636238 0.3774636929460581 0.569588520055325 0.38459543568464727 0.5687240663900415 0.3943205394190871 0.5574861687413555 0.40145228215767637 0.54884163208852 0.4131224066390041 0.5246369294605809 0.4131224066390041 0.5064834024896266 0.40923236514522826 0.4822786998616875 0.40469398340248963 0.4667185338865838 0.39950726141078835 0.4554806362378977 0.39302385892116176 0.449429460580913 0.37292531120331945 0.44770055325034586 0.3657935684647303 0.45202282157676354
0 0.42803423236514526 0.3016078838174275 0.42284751037344404 0.2972856154910098 0.4150674273858922 0.291234439834025 0.405990663900415 0.2920988934993085 0.39691390041493774 0.2998789764868604 0.3897821576763486 0.31284578146611347 0.39107883817427386 0.32494813278008305 0.3962655601659751 0.34223720608575386 0.40015560165975106 0.36471300138312596 0.40015560165975106 0.37854426002766256 0.40145228215767637 0.38891770401106507 0.4085840248962656 0.4044778699861688 0.4150674273858922 0.40966459197787003 0.42284751037344404 0.40966459197787003 0.4306275933609959 0.4027489626556017 0.4461877593360996 0.38113762102351323 0.4526711618257262 0.36471300138312596 0.4578578838174274 0.35174619640387284 0.4598029045643154 0.34310165975103746 0.4617479253112034 0.33532157676348556 0.4598029045643154 0.32494813278008305 0.45656120331950206 0.31976141078838183 0.45331950207468885 0.3171680497925312 0.4487811203319502 0.3163035961272477 0.4416493775933611 0.3171680497925312 0.4351659751037345 0.3093879668049793
0 0.4844398340248963 0.35174619640387284 0.4734180497925312 0.3526106500691564 0.46563796680497926 0.3629840940525588 0.4617479253112034 0.37162863070539426 0.45720954356846477 0.3828665283540803 0.45331950207468885 0.4001556016597511 0.45331950207468885 0.4139868603042878 0.45137448132780084 0.42263139695712315 0.4507261410788382 0.44510719225449524 0.45396784232365145 0.4563450899031813 0.4636929460580913 0.460667358229599 0.4753630705394191 0.45720954356846477 0.4876815352697096 0.4537517289073306 0.5 0.45202282157676354 0.5123184647302905 0.4442427385892117 0.5259336099585062 0.43386929460580925 0.5317686721991701 0.4200380359612726 0.5304719917012448 0.40880013831258655 0.5285269709543569 0.39756224066390045 0.5220435684647303 0.39064661134163214 0.5181535269709544 0.38113762102351323 0.5129668049792532 0.3750864453665284 0.507780082987552 0.3698997233748272 0.5032417012448133 0.3655774550484095 0.49221991701244816 0.3586618257261412
0 0.5577022821576764 0.36039073305670827 0.5440871369294606 0.3707641770401107 0.5382520746887967 0.38200207468879677 0.5369553941908715 0.3941044260027663 0.54149377593361 0.4113934993084371 0.5499221991701245 0.4243603042876903 0.558350622406639 0.43992047026279396 0.5654823651452283 0.449429460580913 0.5739107883817428 0.45980290456431544 0.5875259336099585 0.46412517289073313 0.5953060165975104 0.4615318118948825 0.599844398340249 0.4563450899031813 0.599844398340249 0.449429460580913 0.6004927385892117 0.4390560165975105 0.6024377593360997 0.4295470262793915 0.6043827800829875 0.41485131396957126 0.6050311203319503 0.4018845089903182 0.6069761410788381 0.38200207468879677 0.6011410788381742 0.3724930843706778 0.5920643153526971 0.3655774550484095 0.5706690871369295 0.3569329183955741
0 0.6082728215767635 0.25924965421853396 0.6004927385892117 0.2687586445366529 0.5940093360995851 0.2791320885200554 0.5901192946058091 0.29036998616874143 0.5901192946058091 0.30593015214384517 0.5907676348547718 0.32494813278008305 0.5966026970954357 0.34223720608575386 0.6043827800829875 0.3508817427385893 0.6095695020746887 0.3569329183955741 0.6192946058091287 0.3595262793914247 0.6303163900414938 0.3595262793914247 0.6387448132780082 0.3560684647302905 0.6497665975103735 0.35433955739972345 0.6594917012448133 0.3508817427385893 0.6705134854771784 0.345695020746888 0.6750518672199171 0.3413727524204704 0.6782935684647303 0.3335926694329185 0.6795902489626556 0.3188969571230983 0.6750518672199171 0.3050656984785617 0.6672717842323651 0.28258990318118954 0.6633817427385893 0.2730809128630706 0.6549533195020747 0.2627074688796681 0.6426348547717843 0.25146957123098207 0.6218879668049793 0.25060511756569853 0.6160529045643154 0.25319847856154915
0 0.6361514522821576 0.4295470262793915 0.6270746887966805 0.4364626556016598 0.6192946058091287 0.44770055325034586 0.6141078838174274 0.460667358229599 0.6121628630705395 0.4779564315352698 0.6128112033195021 0.49265214384509 0.620591286307054 0.5012966804979254 0.6290197095435686 0.5073478561549102 0.639393153526971 0.5108056708160443 0.6523599585062241 0.513399031811895 0.6607883817427387 0.5177213001383126 0.6698651452282158 0.5211791147994468 0.6750518672199171 0.5220435684647303 0.6841286307053942 0.5177213001383126 0.6886670124481328 0.5125345781466114 0.6906120331950207 0.503890041493776 0.6906120331950207 0.4969744121715077 0.6886670124481328 0.48746542185338876 0.6841286307053942 0.47968533886583686 0.6828319502074689 0.45288727524204714 0.678941908713693 0.44251383125864463 0.6724585062240664 0.43300484094052566 0.6672717842323651 0.4252247579529738 0.6627334024896265 0.419173582295989 0.6530082987551867 0.41571576763485485 0.6445798755186722 0.41571576763485485
0 0.6056794605809129 0.5419260027662517 0.595954356846473 0.5384681881051175 0.5855809128630706 0.5445193637621024 0.5816908713692946 0.547112724757953 0.5719657676348547 0.5574861687413555 0.5706690871369295 0.5644017980636238 0.5706690871369295 0.5808264177040111 0.5803941908713693 0.5972510373443983 0.5881742738589212 0.6058955739972338 0.597899377593361 0.6154045643153527 0.6121628630705395 0.6231846473029046 0.6192946058091287 0.6301002766251729 0.6277230290456431 0.6378803596127247 0.6361514522821576 0.6396092669432919 0.6406898340248963 0.6344225449515906 0.6445798755186722 0.6249135546334716 0.6497665975103735 0.6102178423236515 0.6452282157676349 0.5635373443983404 0.6439315352697096 0.5479771784232366 0.6367997925311204 0.5384681881051175 0.626426348547718 0.5350103734439834 0.6192946058091287 0.5324170124481328 0.6108661825726142 0.5341459197786999
0 0.7262707468879668 0.3534751037344399 0.7139522821576764 0.355204011065007 0.7061721991701245 0.36211964038727534 0.6996887966804979 0.3707641770401107 0.6957987551867221 0.39064661134163214 0.6957987551867221 0.4105290456431536 0.6957987551867221 0.4243603042876903 0.6983921161825727 0.4381915629322269 0.7009854771784233 0.44337828492392817 0.7074688796680498 0.4468360995850623 0.7139522821576764 0.4468360995850623 0.7178423236514523 0.45115836791148006 0.7301607883817428 0.44770055325034586 0.737292531120332 0.44337828492392817 0.7463692946058091 0.43386929460580925 0.7547977178423236 0.4243603042876903 0.7638744813278009 0.40707123098201947 0.7638744813278009 0.38891770401106507 0.7612811203319503 0.3828665283540803 0.7573910788381742 0.3768153526970955 0.754149377593361 0.37335753803596133 0.7483143153526971 0.36730636237897657 0.7366441908713692 0.36039073305670827
0 0.8073132780082988 0.38632434301521446 0.8008298755186722 0.39151106500691574 0.7891597510373444 0.3949688796680499 0.7813796680497924 0.39842669432918404 0.7781379668049793 0.40361341632088527 0.7774896265560166 0.40966459197787003 0.772951244813278 0.42263139695712315 0.7748962655601661 0.43473374827109273 0.7787863070539419 0.4442427385892117 0.7852697095435686 0.4589384508990319 0.7924014522821577 0.47017634854771795 0.7982365145228216 0.47449861687413564 0.8040715767634856 0.47449861687413564 0.8099066390041495 0.4753630705394192 0.8144450207468881 0.4753630705394192 0.8215767634854773 0.4753630705394192 0.827411825726141 0.46931189488243436 0.8332468879668049 0.46239626556016605 0.8371369294605809 0.4485650069156294 0.8397302904564314 0.4252247579529738 0.8397302904564314 0.41485131396957126 0.8403786307053942 0.40534232365145234 0.8403786307053942 0.39669778699861696 0.8371369294605809 0.38891770401106507 0.8300051867219918 0.38027316735822964 0.8209284232365146 0.3768153526970955
0 0.7878630705394191 0.5289591977869986 0.7930497925311203 0.5341459197786999 0.7982365145228216 0.5393326417704011 0.804719917012448 0.5410615491009682 0.8137966804979253 0.5393326417704011 0.8228734439834025 0.5367392807745506 0.8306535269709544 0.5324170124481328 0.8390819502074688 0.5341459197786999 0.8442686721991702 0.5358748271092669 0.8501037344398341 0.5419260027662517 0.85399377593361 0.5505705394190872 0.855938796680498 0.5592150760719226 0.8572354771784232 0.5747752420470263 0.85399377593361 0.5946576763485478 0.8429719917012448 0.6128112033195021 0.835191908713693 0.6292358229598894 0.8287085062240663 0.6344225449515906 0.8222251037344398 0.633558091286307 0.8157417012448134 0.6301002766251729 0.8073132780082988 0.6309647302904564 0.797588174273859 0.6309647302904564 0.7936981327800829 0.6292358229598894 0.7865663900414939 0.6145401106500691 0.7800829875518673 0.5963865836791148 0.7794346473029046 0.588606500691563 0.776841286307054 0.5765041493775933 0.7748962655601661 0.5635373443983404 0.7735995850622407 0.5497060857538035 0.7742479253112033 0.5384681881051175 0.7787863070539419 0.5298236514522823
0 0.9078060165975105 0.3292704011065008 0.902619294605809 0.345695020746888 0.9071576763485478 0.3595262793914247 0.9181794605809129 0.37162863070539426 0.92725622406639 0.38113762102351323 0.9389263485477178 0.39064661134163214 0.9492997925311203 0.39842669432918404 0.9551348547717842 0.40361341632088527 0.9661566390041493 0.40966459197787003 0.9706950207468881 0.40534232365145234 0.9752334024896265 0.39842669432918404 0.9804201244813278 0.3828665283540803 0.9862551867219918 0.36730636237897657 0.9920902489626556 0.3508817427385893 0.9946836099585064 0.3318637621023514 0.9959802904564314 0.31803250345781475 0.9862551867219918 0.31371023513139706 0.9771784232365146 0.31371023513139706 0.9668049792531119 0.3145746887966806 0.960969917012448 0.31284578146611347 0.9512448132780082 0.3292704011065008 0.946058091286307 0.3292704011065008 0.9356846473029046 0.33272821576763495 0.9311462655601661 0.3309993084370679 0.92725622406639 0.3275414937759337 0.9194761410788382 0.32494813278008305