0 0.2785738950276243 0.4332412523020258 0.13121546961325964 0.15308471454880296
0 0.2544026243093923 0.6035911602209946 0.11395027624309395 0.15999079189686924
0 0.21728245856353595 0.7514963167587478 0.13121546961325964 0.14732965009208102
0 0.4961153314917127 0.5339548802946593 0.11222375690607737 0.1450276243093923
0 0.5120856353591161 0.656537753222836 0.09927486187845283 0.12315837937384906
0 0.6165400552486188 0.6340930018416207 0.11136049723756916 0.1427255985267036
0 0.8207009668508286 0.5247467771639042 0.10359116022099464 0.12430939226519341
0 0.8802658839779006 0.6030156537753224 0.10704419889502752 0.10589318600368322
0 0.9393991712707184 0.5863259668508289 0.08028314917127073 0.13006445672191552
0 0.9738820787292817 0.5100190876304482 0.047384323204419765 0.09024996163290394
0 0.9687025207182319 0.6249386475249736 0.059469958563535916 0.12441688989340918
0 0.9350828729281767 0.7255985267034991 0.1199930939226519 0.1162523020257827
0 0.776674723756906 0.64445211786372 0.13121546961325964 0.13351749539594843
0 0.7619993093922652 0.7169659300184162 0.10186464088397784 0.1035911602209944
0 0.26875 0.3975 0.2759375 0.39416666666666667 0.2884375 0.39375 0.2953125 0.39791666666666664 0.303125 0.405 0.3090625 0.4125 0.3146875 0.41833333333333333 0.3196875 0.42583333333333334 0.3290625 0.4395833333333333 0.33875 0.45249999999999996 0.3453125 0.4670833333333333 0.34500000000000003 0.47708333333333336 0.3409375 0.4875 0.32937500000000003 0.4920833333333333 0.3140625 0.49624999999999997 0.304375 0.4995833333333334 0.29 0.5045833333333333 0.2809375 0.5091666666666667 0.26749999999999996 0.5091666666666667 0.258125 0.5016666666666667 0.2509375 0.49416666666666664 0.24656250000000002 0.4875 0.241875 0.48208333333333336 0.241875 0.47541666666666665 0.24562499999999998 0.4579166666666667 0.24906250000000002 0.44916666666666666 0.25125000000000003 0.44333333333333336 0.2553125 0.42875
0 0.24 0.5583333333333333 0.22531249999999997 0.5645833333333333 0.216875 0.5704166666666667 0.2109375 0.5833333333333334 0.21156250000000001 0.6054166666666667 0.21968749999999998 0.62875 0.231875 0.64125 0.24093749999999997 0.6487499999999999 0.25 0.6583333333333333 0.25968749999999996 0.67 0.26968749999999997 0.6820833333333333 0.27625 0.6816666666666666 0.28531249999999997 0.6754166666666667 0.28875 0.6658333333333334 0.2925 0.6579166666666667 0.2925 0.6508333333333333 0.2953125 0.6441666666666667 0.2959375 0.63625 0.2971875 0.6237499999999999 0.30343749999999997 0.6104166666666667 0.3078125 0.5945833333333332 0.3075 0.5791666666666667 0.303125 0.5666666666666667 0.296875 0.5591666666666666 0.2925 0.55625 0.288125 0.5541666666666667 0.289375 0.5691666666666666 0.2865625 0.5804166666666667 0.27999999999999997 0.5895833333333333 0.273125 0.5954166666666667 0.2684375 0.5883333333333333 0.2628125 0.57625 0.2609375 0.5675 0.2603125 0.55625 0.25968749999999996 0.5525
0 0.17124999999999999 0.7483333333333333 0.1775 0.7375 0.1840625 0.7304166666666667 0.1809375 0.7274999999999999 0.169375 0.7291666666666666 0.1640625 0.7383333333333333 0.1565625 0.7508333333333332 0.15875 0.76375 0.16218749999999998 0.7770833333333333 0.1678125 0.7887500000000001 0.1715625 0.7983333333333333 0.1765625 0.8129166666666666 0.1828125 0.8216666666666667 0.1909375 0.8233333333333334 0.20218750000000002 0.8225 0.2109375 0.815 0.21937500000000001 0.8091666666666666 0.2284375 0.8058333333333334 0.2359375 0.7979166666666667 0.240625 0.7916666666666666 0.2425 0.7866666666666667 0.238125 0.7854166666666667 0.23093750000000002 0.7754166666666666 0.22937500000000002 0.7720833333333333 0.224375 0.7875 0.2171875 0.79625 0.2109375 0.8029166666666666 0.2046875 0.80625 0.20187499999999997 0.80125 0.1990625 0.7879166666666666 0.199375 0.7758333333333333 0.2009375 0.7658333333333334 0.199375 0.7570833333333333 0.19125 0.7591666666666667 0.1809375 0.7591666666666667
0 0.485 0.48666666666666664 0.4765625 0.4875 0.46875 0.49125 0.45843749999999994 0.4975 0.45406250000000004 0.51 0.4503125 0.5220833333333333 0.44656250000000003 0.5308333333333334 0.44343750000000004 0.5399999999999999 0.4425 0.5533333333333333 0.44312500000000005 0.56625 0.44406249999999997 0.57375 0.4503125 0.58 0.45499999999999996 0.5883333333333333 0.4565625 0.5966666666666666 0.4640625 0.6054166666666667 0.4765625 0.6066666666666667 0.491875 0.6016666666666667 0.5115624999999999 0.59125 0.524375 0.5783333333333334 0.529375 0.565 0.5140625 0.5545833333333333 0.5065625 0.5383333333333333 0.499375 0.5266666666666667 0.49812500000000004 0.5154166666666666 0.48687500000000006 0.5129166666666667 0.46968750000000004 0.50625 0.45999999999999996 0.5020833333333333 0.4653125 0.4970833333333333 0.475 0.49291666666666667 0.48687500000000006 0.4925
0 0.5375 0.6304166666666667 0.5193749999999999 0.60375 0.5071875 0.5979166666666667 0.49437499999999995 0.6024999999999999 0.48624999999999996 0.6133333333333333 0.485 0.61875 0.47874999999999995 0.6204166666666667 0.47562499999999996 0.63125 0.47437500000000005 0.6416666666666667 0.4725 0.65125 0.46749999999999997 0.6649999999999999 0.47093749999999995 0.6725 0.46624999999999994 0.6766666666666666 0.46343750000000006 0.6954166666666667 0.46656250000000005 0.7095833333333333 0.47562499999999996 0.7183333333333334 0.4971875 0.7166666666666667 0.5103125000000001 0.7108333333333333 0.5221875 0.7095833333333333 0.5371875 0.70375 0.5509375000000001 0.6904166666666666 0.5546875 0.6758333333333333 0.5506249999999999 0.66125 0.5478125 0.6458333333333334
0 0.6140625 0.5808333333333333 0.5971875 0.59 0.5900000000000001 0.60625 0.5875 0.62125 0.588125 0.6429166666666667 0.5978125000000001 0.6604166666666667 0.6096874999999999 0.67125 0.6240625 0.6845833333333334 0.6378125 0.6970833333333334 0.65 0.7041666666666667 0.6571875 0.6954166666666667 0.6625 0.6829166666666667 0.6609375 0.6704166666666667 0.665 0.6629166666666666 0.6665625000000001 0.6479166666666667 0.670625 0.62875 0.67 0.60875 0.6653125 0.5954166666666667 0.6571875 0.5833333333333334 0.6431250000000001 0.5779166666666666 0.623125 0.5766666666666667
0 0.7465625 0.6066666666666667 0.74 0.6191666666666666 0.73125 0.6329166666666667 0.7278125 0.6270833333333333 0.7268749999999999 0.6366666666666667 0.73375 0.6549999999999999 0.74375 0.66875 0.75875 0.6833333333333333 0.76875 0.6925 0.7837500000000001 0.7116666666666667 0.7940625 0.7129166666666666 0.8021874999999999 0.70875 0.8087500000000001 0.6945833333333333 0.81375 0.6720833333333334 0.8146875 0.65875 0.8209375 0.6554166666666668 0.8243750000000001 0.6329166666666667 0.825 0.61875 0.8168749999999999 0.6129166666666667 0.818125 0.6225 0.803125 0.6225 0.78625 0.6154166666666666 0.7787499999999999 0.6070833333333333 0.776875 0.6191666666666666 0.7675 0.625 0.76125 0.6270833333333333 0.7528125 0.6183333333333334 0.75 0.61 0.7525000000000001 0.60375
0 0.7340625000000001 0.70125 0.7275 0.7075 0.7234375 0.70875 0.7246875 0.7191666666666666 0.745 0.7512500000000001 0.7640625 0.76875 0.7771874999999999 0.7695833333333333 0.7849999999999999 0.76125 0.7884375 0.7579166666666667 0.7993750000000001 0.7566666666666666 0.8090624999999999 0.73875 0.8140625 0.7104166666666667 0.8090624999999999 0.6962499999999999 0.8046875 0.7054166666666667 0.79625 0.71375 0.785625 0.7133333333333333 0.7821875 0.7125 0.78125 0.7220833333333334 0.7815624999999999 0.7320833333333333 0.7771874999999999 0.7358333333333333 0.7678125 0.7329166666666667 0.7584375 0.72125 0.755 0.7141666666666667 0.755625 0.7079166666666666 0.7474999999999999 0.7220833333333334 0.7371875 0.7308333333333333 0.734375 0.7208333333333333 0.733125 0.7108333333333333
0 0.8246874999999999 0.49875 0.8021874999999999 0.49 0.7915625000000001 0.4841666666666667 0.7825 0.4895833333333333 0.7771874999999999 0.5008333333333334 0.7715625 0.5166666666666667 0.7759375000000001 0.55 0.779375 0.5766666666666667 0.7890625 0.5825 0.8140625 0.5879166666666666 0.825 0.5775 0.8365625 0.57625 0.8503125 0.5666666666666667 0.85625 0.5549999999999999 0.8590625 0.5441666666666667 0.849375 0.5283333333333333 0.8465624999999999 0.5191666666666667 0.835 0.5087499999999999
0 0.8590625 0.55 0.8712500000000001 0.5529166666666666 0.890625 0.5658333333333334 0.9009375000000001 0.57375 0.9115624999999999 0.58875 0.9109375 0.6145833333333334 0.9043749999999999 0.6291666666666667 0.8903125 0.64125 0.8771875 0.6475000000000001 0.865 0.6479166666666667 0.8568749999999999 0.6541666666666667 0.8459375 0.65875 0.8324999999999999 0.6549999999999999 0.8275 0.6425 0.8278125 0.6258333333333332 0.8284375 0.6174999999999999 0.8412499999999999 0.6129166666666667 0.8412499999999999 0.6091666666666666 0.829375 0.59875 0.82875 0.58375 0.8296875 0.5775 0.8515625 0.5695833333333333
0 0.9834375 0.5004166666666666 0.9984375 0.5025 0.9984375 0.5533333333333333 0.9865625 0.54875 0.975 0.5375 0.968125 0.5258333333333334 0.9675 0.5175
0 0.9484375 0.54625 0.9650000000000001 0.5504166666666667 0.9737500000000001 0.565 0.9809374999999999 0.5920833333333333 0.976875 0.6004166666666666 0.9746874999999999 0.6195833333333333 0.9724999999999999 0.64375 0.9521875 0.6533333333333334 0.9412499999999999 0.6475000000000001 0.9290625 0.6337499999999999 0.9109375 0.6179166666666667 0.9106249999999999 0.60375 0.9190625000000001 0.6083333333333333 0.91625 0.5945833333333332 0.9400000000000001 0.6166666666666667 0.913125 0.5883333333333333 0.9278124999999999 0.59625 0.934375 0.5966666666666666 0.9262499999999999 0.5866666666666667 0.905 0.5716666666666667 0.9028124999999999 0.5679166666666667 0.911875 0.5658333333333334 0.92125 0.5570833333333333 0.9396875 0.55875 0.9675 0.5679166666666667 0.963125 0.5570833333333333 0.9546875 0.5495833333333333
0 0.9887499999999999 0.6508333333333333 0.9715624999999999 0.6454166666666666 0.953125 0.6533333333333334 0.9534375 0.6625 0.9615625 0.6729166666666667 0.9759375 0.68375 0.9925 0.6858333333333333 0.9984375 0.6906521739130436 0.9984375 0.6345833333333334 0.9934375 0.63625
0 0.9015625 0.705 0.89125 0.7079166666666666 0.890625 0.7241666666666667 0.9018750000000001 0.7424999999999999 0.9184374999999999 0.75625 0.9349999999999999 0.76625 0.95 0.7791666666666667 0.9628125000000001 0.7825000000000001 0.9703125 0.7737499999999999 0.9703125 0.7558333333333334 0.971875 0.7433333333333334 0.975625 0.7316666666666667 0.9775 0.7195833333333332 0.9731249999999999 0.7041666666666667 0.9596875 0.6983333333333334 0.9628125000000001 0.7054166666666667 0.968125 0.7120833333333334 0.969375 0.7233333333333333 0.9650000000000001 0.7258333333333333 0.9509375 0.71625 0.9393750000000001 0.7045833333333333 0.9315625000000001 0.71875 0.9193749999999999 0.7254166666666666 0.9134375 0.7229166666666667 0.9153125 0.7166666666666667 0.9203125 0.7095833333333333 0.9171875 0.7058333333333333 0.909375 0.7158333333333334 0.8925000000000001 0.7220833333333334 0.8921875 0.7179166666666668