0 0.4273255813953488 0.3376937984496124 0.10610465116279073 0.1385658914728682
0 0.3902616279069767 0.499031007751938 0.09883720930232562 0.15503875968992245
0 0.32921511627906974 0.6618217054263567 0.08720930232558137 0.15310077519379844
0 0.6282703488372092 0.433624031007752 0.10101744186046516 0.15019379844961242
0 0.6620639534883721 0.5528100775193799 0.10465116279069768 0.15213178294573648
0 0.8041424418604652 0.5164728682170543 0.10828488372093022 0.16860465116279072
0 0.9672420058139537 0.4981104651162791 0.06239098837209287 0.1454457364341085
0 0.987281976744186 0.3779069767441861 0.01526162790697665 0.0968992248062016
0 0.9676053779069769 0.6327519379844961 0.061664244186046345 0.15116279069767438
0 0.3953125 0.3 0.3953125 0.3020833333333333 0.390625 0.30833333333333335 0.390625 0.3104166666666667 0.3890625 0.3125 0.3890625 0.3145833333333333 0.3875 0.31666666666666665 0.3875 0.32083333333333336 0.3859375 0.3229166666666667 0.3859375 0.325 0.384375 0.32708333333333334 0.384375 0.32916666666666666 0.3828125 0.33125 0.3828125 0.3333333333333333 0.38125 0.33541666666666664 0.38125 0.3375 0.3796875 0.33958333333333335 0.3796875 0.3416666666666667 0.378125 0.34375 0.378125 0.35 0.3765625 0.35208333333333336 0.3765625 0.35625 0.375 0.35833333333333334 0.375 0.36875 0.3765625 0.37083333333333335 0.3765625 0.3729166666666667 0.378125 0.375 0.378125 0.3770833333333333 0.3890625 0.39166666666666666 0.3890625 0.39375 0.390625 0.3958333333333333 0.39375 0.3958333333333333 0.3953125 0.39791666666666664 0.4046875 0.39791666666666664 0.40625 0.4 0.415625 0.4 0.4171875 0.39791666666666664 0.425 0.39791666666666664 0.4265625 0.3958333333333333 0.428125 0.3958333333333333 0.4296875 0.39375 0.434375 0.39375 0.4359375 0.39166666666666666 0.440625 0.39166666666666666 0.4421875 0.38958333333333334 0.446875 0.38958333333333334 0.4484375 0.3875 0.453125 0.3875 0.4546875 0.3854166666666667 0.4625 0.3854166666666667 0.4640625 0.38333333333333336 0.46875 0.38333333333333336 0.475 0.375 0.475 0.3729166666666667 0.4765625 0.37083333333333335 0.4765625 0.3625 0.475 0.36041666666666666 0.475 0.35625 0.4734375 0.3541666666666667 0.4734375 0.35208333333333336 0.471875 0.35 0.471875 0.34791666666666665 0.459375 0.33125 0.459375 0.32916666666666666 0.4546875 0.3229166666666667 0.453125 0.3229166666666667 0.45 0.31875 0.45 0.31666666666666665 0.440625 0.30416666666666664 0.440625 0.3020833333333333 0.4359375 0.29583333333333334 0.434375 0.29583333333333334 0.43125 0.2916666666666667 0.4296875 0.2916666666666667 0.428125 0.28958333333333336 0.4265625 0.28958333333333336 0.425 0.2875 0.415625 0.2875 0.4140625 0.28958333333333336 0.409375 0.28958333333333336 0.4078125 0.2916666666666667 0.4046875 0.2916666666666667 0.403125 0.29375 0.4 0.29375
0 0.3640625 0.4354166666666667 0.3578125 0.44375 0.35625 0.44375 0.3546875 0.44583333333333336 0.353125 0.44583333333333336 0.35 0.45 0.35 0.45208333333333334 0.346875 0.45625 0.346875 0.4583333333333333 0.34375 0.4625 0.34375 0.46458333333333335 0.3421875 0.4666666666666667 0.3421875 0.46875 0.340625 0.4708333333333333 0.340625 0.4791666666666667 0.3421875 0.48125 0.3421875 0.49166666666666664 0.34375 0.49375 0.34375 0.4979166666666667 0.3453125 0.5 0.3453125 0.5020833333333333 0.3484375 0.50625 0.3484375 0.5104166666666666 0.3546875 0.51875 0.3546875 0.5208333333333334 0.3609375 0.5291666666666667 0.3625 0.5291666666666667 0.365625 0.5333333333333333 0.3671875 0.5333333333333333 0.378125 0.5479166666666667 0.3796875 0.5479166666666667 0.3953125 0.56875 0.3984375 0.56875 0.4 0.5708333333333333 0.403125 0.5708333333333333 0.4046875 0.5729166666666666 0.40625 0.5708333333333333 0.4078125 0.5708333333333333 0.415625 0.5604166666666667 0.415625 0.5583333333333333 0.4171875 0.55625 0.4171875 0.5541666666666667 0.41875 0.5520833333333334 0.41875 0.5479166666666667 0.4203125 0.5458333333333333 0.4203125 0.54375 0.421875 0.5416666666666666 0.421875 0.5375 0.4234375 0.5354166666666667 0.4234375 0.5291666666666667 0.425 0.5270833333333333 0.425 0.5208333333333334 0.4265625 0.51875 0.4265625 0.5145833333333333 0.428125 0.5125 0.428125 0.5104166666666666 0.4296875 0.5083333333333333 0.4296875 0.50625 0.43125 0.5041666666666667 0.43125 0.5020833333333333 0.4328125 0.5 0.4328125 0.4979166666666667 0.434375 0.49583333333333335 0.434375 0.49166666666666664 0.4359375 0.4895833333333333 0.4359375 0.48541666666666666 0.4375 0.48333333333333334 0.4375 0.4708333333333333 0.4359375 0.46875 0.4359375 0.4625 0.434375 0.46041666666666664 0.434375 0.45208333333333334 0.4296875 0.44583333333333336 0.428125 0.44583333333333336 0.4265625 0.44375 0.425 0.44375 0.4234375 0.44166666666666665 0.421875 0.44166666666666665 0.421875 0.44375 0.41875 0.4479166666666667 0.41875 0.45 0.409375 0.4625 0.403125 0.4625 0.4015625 0.46041666666666664 0.4 0.46041666666666664 0.396875 0.45625 0.396875 0.45416666666666666 0.3953125 0.45208333333333334 0.3953125 0.45 0.39375 0.4479166666666667 0.39375 0.44583333333333336 0.390625 0.44166666666666665 0.390625 0.4395833333333333 0.3890625 0.4375 0.3890625 0.4354166666666667 0.3859375 0.43125 0.378125 0.43125 0.3765625 0.43333333333333335 0.36875 0.43333333333333335 0.3671875 0.4354166666666667
0 0.284375 0.6416666666666667 0.284375 0.6541666666666667 0.2859375 0.65625 0.2859375 0.6625 0.2875 0.6645833333333333 0.2875 0.6708333333333333 0.2890625 0.6729166666666667 0.2890625 0.6791666666666667 0.290625 0.68125 0.290625 0.6833333333333333 0.2921875 0.6854166666666667 0.2921875 0.6875 0.296875 0.69375 0.296875 0.7 0.2984375 0.7020833333333333 0.2984375 0.7125 0.3 0.7145833333333333 0.3 0.71875 0.3015625 0.7208333333333333 0.3015625 0.7229166666666667 0.3046875 0.7270833333333333 0.3046875 0.7291666666666666 0.3078125 0.7333333333333333 0.309375 0.7333333333333333 0.3109375 0.7354166666666667 0.321875 0.7354166666666667 0.3234375 0.7333333333333333 0.3265625 0.7333333333333333 0.3296875 0.7291666666666666 0.33125 0.7291666666666666 0.3328125 0.7270833333333333 0.334375 0.7270833333333333 0.3375 0.7229166666666667 0.3390625 0.7229166666666667 0.34375 0.7166666666666667 0.3453125 0.7166666666666667 0.3484375 0.7125 0.35 0.7125 0.353125 0.7083333333333334 0.35625 0.7083333333333334 0.3578125 0.70625 0.359375 0.70625 0.3625 0.7020833333333333 0.3640625 0.7020833333333333 0.36875 0.6958333333333333 0.3703125 0.6958333333333333 0.3703125 0.69375 0.371875 0.6916666666666667 0.371875 0.6875 0.3734375 0.6854166666666667 0.3734375 0.6833333333333333 0.3703125 0.6791666666666667 0.36875 0.6791666666666667 0.3671875 0.6770833333333334 0.365625 0.6770833333333334 0.3640625 0.675 0.3625 0.675 0.3578125 0.66875 0.353125 0.66875 0.3515625 0.6708333333333333 0.3515625 0.6729166666666667 0.3484375 0.6770833333333334 0.346875 0.6770833333333334 0.3453125 0.6791666666666667 0.34375 0.6791666666666667 0.3421875 0.68125 0.3375 0.68125 0.3359375 0.6833333333333333 0.3296875 0.6833333333333333 0.328125 0.68125 0.3265625 0.68125 0.325 0.6791666666666667 0.325 0.675 0.3234375 0.6729166666666667 0.3234375 0.66875 0.321875 0.6666666666666666 0.321875 0.6520833333333333 0.3234375 0.65 0.3234375 0.64375 0.321875 0.6416666666666667 0.31875 0.6416666666666667 0.3171875 0.6395833333333333 0.315625 0.6395833333333333 0.3140625 0.6375 0.3125 0.6375 0.3109375 0.6354166666666666 0.3078125 0.6354166666666666 0.3046875 0.63125 0.303125 0.63125 0.296875 0.6229166666666667 0.2953125 0.6229166666666667 0.2953125 0.625 0.290625 0.63125 0.290625 0.6333333333333333
0 0.634375 0.3770833333333333 0.63125 0.3770833333333333 0.6296875 0.37916666666666665 0.6046875 0.37916666666666665 0.603125 0.38125 0.6015625 0.38125 0.5953125 0.38958333333333334 0.5953125 0.39166666666666666 0.59375 0.39375 0.59375 0.3958333333333333 0.5921875 0.39791666666666664 0.5921875 0.4 0.590625 0.40208333333333335 0.590625 0.40625 0.5890625 0.4083333333333333 0.5890625 0.41041666666666665 0.5875 0.4125 0.5875 0.41458333333333336 0.5859375 0.4166666666666667 0.5859375 0.41875 0.584375 0.42083333333333334 0.584375 0.42291666666666666 0.5828125 0.425 0.5828125 0.4270833333333333 0.58125 0.42916666666666664 0.58125 0.4395833333333333 0.5796875 0.44166666666666665 0.5796875 0.45416666666666666 0.58125 0.45625 0.58125 0.46458333333333335 0.5828125 0.4666666666666667 0.5828125 0.46875 0.584375 0.4708333333333333 0.5859375 0.4708333333333333 0.59375 0.48125 0.59375 0.48333333333333334 0.5953125 0.48541666666666666 0.5953125 0.4875 0.596875 0.4895833333333333 0.596875 0.49166666666666664 0.5984375 0.49375 0.5984375 0.49583333333333335 0.6015625 0.5 0.603125 0.5 0.6046875 0.5020833333333333 0.60625 0.5020833333333333 0.6078125 0.5041666666666667 0.615625 0.5041666666666667 0.6171875 0.5020833333333333 0.61875 0.5020833333333333 0.6203125 0.5 0.625 0.5 0.6265625 0.4979166666666667 0.6296875 0.4979166666666667 0.63125 0.49583333333333335 0.6328125 0.49583333333333335 0.634375 0.49375 0.6359375 0.49375 0.6375 0.49166666666666664 0.6390625 0.49166666666666664 0.65 0.47708333333333336 0.6515625 0.47708333333333336 0.653125 0.475 0.65625 0.475 0.6578125 0.47291666666666665 0.6609375 0.47291666666666665 0.6640625 0.46875 0.665625 0.46875 0.6703125 0.4625 0.6703125 0.46041666666666664 0.675 0.45416666666666666 0.675 0.45208333333333334 0.6765625 0.45 0.6765625 0.43333333333333335 0.675 0.43125 0.6734375 0.43125 0.6671875 0.42291666666666666 0.6671875 0.42083333333333334 0.665625 0.41875 0.6640625 0.41875 0.65625 0.4083333333333333 0.65625 0.40625 0.646875 0.39375 0.646875 0.39166666666666666 0.640625 0.38333333333333336 0.640625 0.38125 0.6390625 0.38125 0.6375 0.37916666666666665 0.6359375 0.37916666666666665
0 0.6625 0.48333333333333334 0.659375 0.48333333333333334 0.6578125 0.48541666666666666 0.6484375 0.48541666666666666 0.6453125 0.4895833333333333 0.64375 0.4895833333333333 0.640625 0.49375 0.6390625 0.49375 0.6328125 0.5020833333333333 0.63125 0.5020833333333333 0.63125 0.5041666666666667 0.6296875 0.50625 0.6296875 0.5083333333333333 0.625 0.5145833333333333 0.625 0.5166666666666667 0.6234375 0.51875 0.6234375 0.5208333333333334 0.621875 0.5229166666666667 0.621875 0.525 0.6203125 0.5270833333333333 0.6203125 0.53125 0.61875 0.5333333333333333 0.61875 0.5375 0.6171875 0.5395833333333333 0.6171875 0.55 0.615625 0.5520833333333334 0.615625 0.5583333333333333 0.6140625 0.5604166666666667 0.6140625 0.575 0.6125 0.5770833333333333 0.6125 0.58125 0.6109375 0.5833333333333334 0.6109375 0.5895833333333333 0.609375 0.5916666666666667 0.609375 0.6041666666666666 0.6109375 0.60625 0.6109375 0.6104166666666667 0.6125 0.6125 0.6125 0.6145833333333334 0.615625 0.61875 0.6171875 0.61875 0.61875 0.6208333333333333 0.6203125 0.6208333333333333 0.621875 0.6229166666666667 0.6390625 0.6229166666666667 0.640625 0.6208333333333333 0.65 0.6208333333333333 0.6515625 0.61875 0.65625 0.61875 0.6578125 0.6166666666666667 0.66875 0.6166666666666667 0.6703125 0.6145833333333334 0.6765625 0.6145833333333334 0.678125 0.6125 0.6859375 0.6125 0.6875 0.6104166666666667 0.6890625 0.6104166666666667 0.690625 0.6083333333333333 0.6921875 0.6083333333333333 0.6953125 0.6041666666666666 0.696875 0.6041666666666666 0.6984375 0.6020833333333333 0.7015625 0.6020833333333333 0.703125 0.6 0.7046875 0.6 0.70625 0.5979166666666667 0.70625 0.5958333333333333 0.709375 0.5916666666666667 0.709375 0.5875 0.7109375 0.5854166666666667 0.7109375 0.575 0.7125 0.5729166666666666 0.7125 0.5708333333333333 0.7109375 0.56875 0.7109375 0.5625 0.709375 0.5604166666666667 0.709375 0.5479166666666667 0.7078125 0.5458333333333333 0.7078125 0.54375 0.70625 0.5416666666666666 0.70625 0.5395833333333333 0.7015625 0.5333333333333333 0.7015625 0.5291666666666667 0.7 0.5270833333333333 0.7 0.5229166666666667 0.6890625 0.5083333333333333 0.6890625 0.50625 0.6875 0.50625 0.684375 0.5020833333333333 0.6828125 0.5020833333333333 0.6796875 0.4979166666666667 0.678125 0.4979166666666667 0.6765625 0.49583333333333335 0.675 0.49583333333333335 0.671875 0.49166666666666664 0.66875 0.49166666666666664
0 0.771875 0.4666666666666667 0.7671875 0.47291666666666665 0.7671875 0.475 0.7625 0.48125 0.7625 0.48333333333333334 0.759375 0.4875 0.759375 0.4895833333333333 0.75625 0.49375 0.75625 0.49583333333333335 0.7546875 0.4979166666666667 0.7546875 0.5020833333333333 0.753125 0.5041666666666667 0.753125 0.5125 0.7515625 0.5145833333333333 0.7515625 0.5166666666666667 0.75 0.51875 0.7515625 0.5208333333333334 0.7515625 0.5270833333333333 0.753125 0.5291666666666667 0.753125 0.5354166666666667 0.7546875 0.5375 0.7546875 0.5395833333333333 0.75625 0.5416666666666666 0.75625 0.54375 0.7609375 0.55 0.7609375 0.5520833333333334 0.7703125 0.5645833333333333 0.771875 0.5645833333333333 0.7734375 0.5666666666666667 0.7765625 0.5666666666666667 0.7796875 0.5708333333333333 0.784375 0.5708333333333333 0.7859375 0.5729166666666666 0.7890625 0.5729166666666666 0.7921875 0.5770833333333333 0.7953125 0.5770833333333333 0.796875 0.5791666666666667 0.7984375 0.5791666666666667 0.8 0.58125 0.80625 0.58125 0.8078125 0.5833333333333334 0.809375 0.5833333333333334 0.8109375 0.5854166666666667 0.8125 0.5854166666666667 0.8140625 0.5875 0.815625 0.5875 0.81875 0.5916666666666667 0.821875 0.5916666666666667 0.8234375 0.59375 0.8390625 0.59375 0.8453125 0.5854166666666667 0.8453125 0.5833333333333334 0.8484375 0.5791666666666667 0.8484375 0.5770833333333333 0.85 0.575 0.85 0.5708333333333333 0.8515625 0.56875 0.8515625 0.5333333333333333 0.853125 0.53125 0.853125 0.5229166666666667 0.8546875 0.5208333333333334 0.8546875 0.5083333333333333 0.85625 0.50625 0.85625 0.4979166666666667 0.8546875 0.49583333333333335 0.8546875 0.49375 0.853125 0.49166666666666664 0.853125 0.4875 0.8515625 0.48541666666666666 0.8515625 0.48333333333333334 0.8484375 0.4791666666666667 0.8484375 0.47708333333333336 0.846875 0.475 0.846875 0.47291666666666665 0.8390625 0.4625 0.8375 0.4625 0.8359375 0.46041666666666664 0.83125 0.46041666666666664 0.8296875 0.4583333333333333 0.825 0.4583333333333333 0.8234375 0.45625 0.7859375 0.45625 0.784375 0.4583333333333333 0.7828125 0.4583333333333333 0.7796875 0.4625 0.778125 0.4625 0.7765625 0.46458333333333335 0.775 0.46458333333333335 0.7734375 0.4666666666666667
0 0.9625 0.45 0.95625 0.4583333333333333 0.9546875 0.4583333333333333 0.953125 0.46041666666666664 0.9515625 0.46041666666666664 0.9484375 0.46458333333333335 0.9453125 0.46458333333333335 0.94375 0.4666666666666667 0.94375 0.46875 0.9375 0.47708333333333336 0.9375 0.4791666666666667 0.9359375 0.48125 0.9359375 0.5041666666666667 0.9375 0.50625 0.9375 0.5083333333333333 0.9390625 0.5104166666666666 0.9390625 0.5125 0.94375 0.51875 0.94375 0.5208333333333334 0.9453125 0.5229166666666667 0.9453125 0.5270833333333333 0.946875 0.5291666666666667 0.946875 0.53125 0.9515625 0.5375 0.953125 0.5375 0.9546875 0.5395833333333333 0.95625 0.5395833333333333 0.9578125 0.5416666666666666 0.959375 0.5416666666666666 0.9609375 0.54375 0.9640625 0.54375 0.965625 0.5458333333333333 0.9671875 0.5458333333333333 0.9703125 0.55 0.9734375 0.55 0.975 0.5520833333333334 0.9765625 0.5520833333333334 0.978125 0.5541666666666667 0.9796875 0.5541666666666667 0.98125 0.55625 0.9828125 0.55625 0.9875 0.5625 0.9890625 0.5625 0.990625 0.5645833333333333 0.9921875 0.5645833333333333 0.99375 0.5666666666666667 0.996875 0.5666666666666667 0.996875 0.5645833333333333 0.9984375 0.5625 0.9984375 0.45416666666666666 0.996875 0.45208333333333334 0.996875 0.45 0.9953125 0.45208333333333334 0.9796875 0.45208333333333334 0.978125 0.45 0.971875 0.45 0.9703125 0.4479166666666667 0.96875 0.45
0 0.996875 0.34791666666666665 0.9953125 0.34791666666666665 0.9890625 0.35625 0.9890625 0.35833333333333334 0.9859375 0.3625 0.9859375 0.3645833333333333 0.984375 0.36666666666666664 0.984375 0.36875 0.9828125 0.37083333333333335 0.9828125 0.375 0.98125 0.3770833333333333 0.98125 0.3854166666666667 0.9796875 0.3875 0.9796875 0.39791666666666664 0.98125 0.4 0.98125 0.40625 0.9828125 0.4083333333333333 0.9828125 0.41041666666666665 0.984375 0.4125 0.984375 0.41458333333333336 0.9859375 0.4166666666666667 0.9859375 0.41875 0.9875 0.41875 0.9890625 0.42083333333333334 0.996875 0.42083333333333334 0.9984375 0.41875 0.9984375 0.35
0 0.940625 0.61875 0.9390625 0.6208333333333333 0.9390625 0.625 0.940625 0.6270833333333333 0.940625 0.63125 0.9421875 0.6333333333333333 0.9421875 0.6375 0.94375 0.6395833333333333 0.94375 0.6416666666666667 0.946875 0.6458333333333334 0.946875 0.6479166666666667 0.9484375 0.65 0.95 0.65 0.95625 0.6583333333333333 0.95625 0.6604166666666667 0.9734375 0.6833333333333333 0.975 0.6833333333333333 0.9765625 0.6854166666666667 0.978125 0.6854166666666667 0.9796875 0.6875 0.98125 0.6875 0.9828125 0.6895833333333333 0.984375 0.6895833333333333 0.9859375 0.6916666666666667 0.9875 0.6916666666666667 0.9890625 0.69375 0.990625 0.69375 0.99375 0.6979166666666666 0.996875 0.6979166666666666 0.996875 0.6958333333333333 0.9984375 0.69375 0.9984375 0.6229166666666667 0.996875 0.6208333333333333 0.996875 0.61875 0.9921875 0.61875 0.9890625 0.6145833333333334 0.9875 0.6145833333333334 0.9859375 0.6125 0.984375 0.6125 0.9828125 0.6145833333333334 0.9796875 0.6145833333333334 0.9765625 0.61875 0.975 0.61875 0.96875 0.6270833333333333 0.9671875 0.6270833333333333 0.965625 0.6291666666666667 0.9609375 0.6291666666666667 0.95625 0.6229166666666667 0.95625 0.6208333333333333 0.953125 0.6166666666666667 0.953125 0.6145833333333334 0.946875 0.6145833333333334 0.9453125 0.6166666666666667 0.94375 0.6166666666666667 0.9421875 0.61875