0 0.4182872854077253 0.6191434191702432 0.10092542918454939 0.1233905579399142
0 0.4499731759656653 0.48658798283261806 0.09321351931330471 0.14350858369098715
0 0.47076180257510725 0.3531384120171674 0.1032725321888412 0.1314377682403433
0 0.6533328862660944 0.44299892703862664 0.10293723175965672 0.12964949928469244
0 0.6675831545064378 0.5429184549356223 0.09388412017167384 0.1238376251788269
0 0.769682135193133 0.5245886981402003 0.1096432403433476 0.13277896995708152
0 0.9240879828326178 0.6220493562231759 0.11802575107296125 0.11400214592274681
0 0.9364505096566523 0.532277247849283 0.12397398068669538 0.1320616487743886
0 0.9636098444206009 0.42259002816523605 0.0696553111587983 0.1076085255722461
0 0.38606911447084236 0.5845032397408207 0.3766198704103672 0.5903527717782578 0.37628239740820735 0.5984521238300936 0.37054535637149033 0.6092512598992081 0.3742575593952484 0.6384989200863931 0.3793196544276458 0.6501979841612671 0.3830318574514039 0.6731461483081354 0.3982181425485961 0.6798956083513319 0.41914146868250535 0.6632469402447805 0.4350026997840173 0.6533477321814255 0.4407397408207344 0.640748740100792 0.4275782937365011 0.6272498200143989 0.4167791576673866 0.6393988480921526 0.4063174946004319 0.6420986321094312 0.4009179265658747 0.6236501079913608 0.40496760259179265 0.6065514758819295 0.3840442764578834 0.5984521238300936 0.3931560475161987 0.5890028797696184
0 0.4339902807775379 0.4486141108711303 0.4171166306695464 0.4603131749460043 0.4127294816414687 0.4832613390928726 0.41644168466522674 0.5080093592512599 0.43567764578833695 0.5318574514038877 0.45896328293736505 0.556605471562275 0.4704373650107992 0.5557055435565155 0.4788741900647948 0.5318574514038877 0.4832613390928726 0.5066594672426207 0.4920356371490281 0.4837113030957524 0.4879859611231102 0.45941324694024477 0.4768493520518359 0.45176385889128867 0.4778617710583154 0.46571274298056153 0.4643628509719223 0.47741180705543557 0.4505264578833693 0.44636429085673146
0 0.4606506479481641 0.32847372210223186 0.4420896328293737 0.3676205903527718 0.4377024838012959 0.3937185025197984 0.45187634989200864 0.41531677465802735 0.46740010799136067 0.4193664506839453 0.49001079913606915 0.40946724262059037 0.5166711663066954 0.4036177105831534 0.5217332613390929 0.38921886249100074 0.5186960043196545 0.3743700503959683 0.4832613390928726 0.32262419006479487 0.47111231101511886 0.32127429805615554
0 0.6185880129589634 0.40541756659467243 0.6023893088552916 0.4454643628509719 0.6013768898488121 0.470662347012239 0.6118385529157668 0.48506119510439166 0.6148758099352052 0.4999100071994241 0.6266873650107991 0.5066594672426207 0.6482856371490281 0.4999100071994241 0.6634719222462203 0.486411087113031 0.6800080993520519 0.46796256299496036 0.6810205183585313 0.45716342692584594 0.660097192224622 0.43061555075593955 0.6604346652267818 0.41801655867530596 0.6530102591792657 0.4243160547156227 0.646598272138229 0.40991720662347014 0.6364740820734341 0.4072174226061915 0.6280372570194385 0.41531677465802735 0.6303995680345572 0.4058675305975522
0 0.6550350971922246 0.49541036717062636 0.6327618790496761 0.5170086393088553 0.6260124190064795 0.5444564434845212 0.6236501079913607 0.5593052555795537 0.6209503239740821 0.5786537077033838 0.6260124190064795 0.6007019438444925 0.6418736501079914 0.6047516198704105 0.6573974082073434 0.6002519798416127 0.6803455723542117 0.5966522678185746 0.7022813174946004 0.5804535637149029 0.7056560475161987 0.5633549316054716 0.6968817494600432 0.5264578833693305 0.6857451403887689 0.5071094312455003 0.6681965442764579 0.49316054715622754
0 0.7512149028077755 0.4832613390928726 0.7353536717062635 0.5179085673146149 0.7387284017278618 0.5444564434845212 0.7529022678185745 0.5651547876169906 0.7751754859611231 0.5768538516918646 0.7900242980561555 0.589902807775378 0.802848272138229 0.5908027357811375 0.8129724622030239 0.5746040316774658 0.8129724622030239 0.5579553635709142 0.8214092872570194 0.5237580993520519 0.8217467602591793 0.509809215262779 0.8190469762419006 0.49586033117350614 0.8075728941684666 0.4796616270698344 0.7866495680345572 0.4747120230381569 0.7653887688984882 0.4751619870410367
0 0.9540361771058314 0.3851691864650828 0.9378374730021598 0.3955183585313175 0.9297381209503239 0.41576673866090713 0.9314254859611232 0.43916486681065514 0.9358126349892009 0.464812814974802 0.9665226781857452 0.470662347012239 0.9972327213822894 0.4751619870410367 0.9982451403887689 0.39956803455723544 0.9783342332613391 0.3896688264938805
0 0.8953158747300216 0.4886609071274298 0.8787796976241902 0.5035097192224622 0.880804535637149 0.5296076313894889 0.8916036717062635 0.5507559395248379 0.9175890928725702 0.5746040316774658 0.9469492440604752 0.5993520518358532 0.9641603671706264 0.5957523398128151 0.9715847732181425 0.5795536357091433 0.9756344492440604 0.562455003599712 0.9769843412526997 0.5444564434845212 0.9857586393088553 0.5192584593232542 0.9881209503239742 0.5035097192224622 0.9830588552915767 0.49001079913606915 0.9489740820734343 0.49001079913606915 0.9341252699784018 0.4837113030957524 0.9132019438444925 0.49316054715622754
0 0.8781047516198704 0.607451403887689 0.8838417926565875 0.6308495320374371 0.9027402807775378 0.6564974802015838 0.9250134989200864 0.6744960403167747 0.9445869330453563 0.6780957523398128 0.9557235421166308 0.6663966882649388 0.9746220302375811 0.6587473002159828 0.9820464362850971 0.6326493880489561 0.9823839092872569 0.5944024478041757 0.9729346652267818 0.5795536357091433 0.9641603671706264 0.5948524118070555 0.9445869330453563 0.5993520518358532 0.9401997840172787 0.617350611951044 0.9294006479481641 0.6223002159827213 0.9138768898488122 0.6119510439164867 0.9128644708423327 0.603401727861771 0.8926160907127431 0.6223002159827213 0.8885664146868251 0.6025017998560115