0 0.09418402777777779 0.45486111111111105 0.09895833333333334 0.11574074074074077
0 0.09852430555555555 0.359375 0.07986111111111112 0.12152777777777773
0 0.2087673611111111 0.4247685185185185 0.09027777777777776 0.1180555555555556
0 0.29427083333333337 0.3969907407407407 0.08940972222222224 0.13425925925925922
0 0.3263888888888889 0.5092592592592592 0.08420138888888884 0.12962962962962965
0 0.3832465277777778 0.35995370370370366 0.07638888888888892 0.12268518518518517
0 0.44270833333333337 0.4155092592592593 0.0807291666666667 0.11574074074074077
0 0.5221354166666666 0.4166666666666667 0.0729166666666667 0.11342592592592596
0 0.5815972222222221 0.3090277777777778 0.09461805555555544 0.12037037037037039
0 0.5985243055555556 0.4722222222222222 0.0833333333333334 0.11574074074074071
0 0.5633680555555556 0.5827546296296295 0.08420138888888884 0.12152777777777773
0 0.6866319444444444 0.4045138888888889 0.07204861111111108 0.1006944444444444
0 0.7621527777777778 0.42650462962962965 0.07204861111111108 0.10763888888888887
0 0.7643229166666667 0.568287037037037 0.07812500000000008 0.1296296296296296
0 0.8953993055555556 0.34548611111111105 0.09548611111111108 0.13310185185185183
0 0.9664496527777778 0.2488079785392869 0.06397569444444429 0.11798632744894419
0 0.07342575187969924 0.32730263157894746 0.0687265037593985 0.3280858395989975 0.06109022556390977 0.336701127819549 0.0575657894736842 0.34061716791979957 0.0575657894736842 0.3507988721804512 0.06109022556390977 0.3664630325814537 0.06461466165413533 0.3891760651629073 0.06578947368421052 0.4017073934837093 0.06755169172932331 0.4165883458646617 0.08106203007518796 0.418154761904762 0.09868421052631579 0.4048402255639098 0.10279605263157894 0.4017073934837093 0.11454417293233081 0.4071898496240602 0.12687969924812031 0.39622493734335845 0.13157894736842105 0.3891760651629073 0.13392857142857142 0.3821271929824562 0.13334116541353383 0.374295112781955 0.12276785714285714 0.36802944862155396 0.11689379699248119 0.3664630325814537 0.11160714285714286 0.36489661654135347 0.10220864661654135 0.35628132832080206 0.0980968045112782 0.3515820802005013 0.08987312030075187 0.3453164160401003 0.07988721804511277 0.3414003759398497
0 0.09515977443609022 0.41267230576441105 0.08987312030075187 0.41110588972431084 0.07695018796992481 0.4165883458646617 0.06755169172932331 0.4189379699248121 0.0575657894736842 0.44635025062656647 0.05051691729323308 0.4667136591478697 0.04757988721804511 0.47454573934837097 0.04640507518796992 0.4878602756892231 0.05110432330827067 0.5019580200501254 0.06343984962406016 0.505874060150376 0.07988721804511277 0.5066572681704261 0.096921992481203 0.5043076441102757 0.1069078947368421 0.5027412280701754 0.11865601503759397 0.5011748120300753 0.13040413533834586 0.4956923558897243 0.1356907894736842 0.4902098997493735 0.1362781954887218 0.4792449874686717 0.12394266917293233 0.4714129072681705 0.11865601503759397 0.45731516290726826 0.11865601503759397 0.443217418546366 0.1151315789473684 0.43616854636591484 0.10984492481203008 0.4228540100250627 0.10455827067669173 0.41110588972431084
0 0.1956062030075188 0.3797775689223058 0.18620770676691728 0.38291040100250634 0.17680921052631576 0.38839285714285715 0.17152255639097744 0.3946585213032582 0.16682330827067668 0.40327380952380953 0.16623590225563908 0.4252036340852131 0.16976033834586465 0.43695175438596495 0.17093515037593984 0.45104949874686723 0.17680921052631576 0.4659304511278196 0.1844454887218045 0.47454573934837097 0.19266917293233082 0.4784617794486216 0.20148026315789475 0.4823778195488722 0.2138157894736842 0.48159461152882216 0.2255639097744361 0.47611215538847124 0.2355498120300752 0.4667136591478697 0.24142387218045108 0.4565319548872181 0.24553571428571427 0.42755325814536344 0.24083646616541352 0.4134555137844612 0.23496240601503757 0.4009241854636592 0.22908834586466162 0.3930921052631579 0.2238016917293233 0.38682644110275693 0.21264097744360902 0.3821271929824562
0 0.2801926691729323 0.3453164160401003 0.25787124060150374 0.3531484962406016 0.2508223684210526 0.3617637844611529 0.24729793233082703 0.3735119047619048 0.25140977443609025 0.39544172932330834 0.25610902255639095 0.41110588972431084 0.26609492481203006 0.42598684210526316 0.2713815789473684 0.43381892230576447 0.2801926691729323 0.4447838345864662 0.2872415413533834 0.45104949874686723 0.29370300751879697 0.45809837092731837 0.30486372180451127 0.46123120300751885 0.31778665413533835 0.45809837092731837 0.32542293233082703 0.4440006265664161 0.3289473684210526 0.42990288220551387 0.3318843984962406 0.41267230576441105 0.33423402255639095 0.3946585213032582 0.33482142857142855 0.38291040100250634 0.33247180451127817 0.3641134085213033 0.32542293233082703 0.35706453634085217 0.31661184210526316 0.3492324561403509 0.3107377819548872 0.34453320802005016 0.2989896616541353 0.3421835839598998 0.2895911654135338 0.3414003759398497
0 0.37182800751879697 0.30615601503759404 0.3612546992481203 0.30928884711779453 0.3518562030075188 0.31712092731829583 0.34421992481203006 0.33356829573934843 0.34715695488721804 0.35628132832080206 0.35244360902255634 0.37116228070175444 0.3547932330827067 0.38447681704260656 0.35655545112781956 0.4001409774436091 0.3612546992481203 0.4142387218045113 0.3665413533834586 0.42128759398496246 0.37182800751879697 0.4228540100250627 0.38475093984962405 0.418154761904762 0.3941494360902255 0.4064066416040101 0.40119830827067665 0.3938753132832081 0.4088345864661654 0.38056077694235596 0.4152960526315789 0.3672462406015038 0.41705827067669177 0.3539317042606517 0.4176456766917293 0.34453320802005016 0.41294642857142855 0.337484335839599 0.406484962406015 0.33121867167919805 0.3976738721804511 0.33043546365914794 0.3923872180451128 0.33043546365914794 0.387687969924812 0.31868734335839605
0 0.3019266917293233 0.47376253132832086 0.29429041353383456 0.4823778195488722 0.2872415413533834 0.5043076441102757 0.2890037593984962 0.5215382205513784 0.29664003759398494 0.5379855889724311 0.3042763157894737 0.5489505012531328 0.3142622180451128 0.5614818295739349 0.32072368421052627 0.5693139097744362 0.3265977443609022 0.5724467418546367 0.33599624060150374 0.5740131578947368 0.3477443609022556 0.5661810776942356 0.35538063909774437 0.5567825814536341 0.36242951127819545 0.5489505012531328 0.365953947368421 0.5411184210526316 0.3677161654135338 0.5254542606516291 0.3683035714285714 0.49882518796992487 0.3665413533834586 0.48551065162907275 0.36184210526315785 0.4729793233082707 0.3536184210526315 0.46201441102756896 0.3430451127819549 0.455748746867168 0.3383458646616541 0.455748746867168 0.33070958646616544 0.4549655388471178 0.32424812030075184 0.4596647869674186 0.3171992481203007 0.46201441102756896 0.3119125939849624 0.4635808270676692
0 0.4434915413533834 0.3672462406015038 0.43409304511278196 0.3656798245614035 0.42234492481203006 0.3758615288220552 0.41647086466165406 0.3836936090225564 0.41294642857142855 0.39779135338345867 0.4117716165413533 0.40953947368421056 0.4094219924812029 0.42207080200501257 0.40531015037593987 0.43381892230576447 0.4041353383458646 0.45183270676691734 0.4058975563909774 0.4588815789473685 0.4176456766917293 0.4667136591478697 0.4376174812030075 0.46123120300751885 0.4552396616541353 0.4588815789473685 0.46463815789473684 0.45026629072681706 0.4693374060150376 0.4424342105263158 0.47579887218045114 0.4322525062656642 0.47991071428571425 0.4228540100250627 0.48167293233082703 0.41188909774436094 0.47932330827067665 0.40562343358395997 0.47638627819548873 0.4001409774436091 0.471687030075188 0.3930921052631579 0.46463815789473684 0.3876096491228071 0.4593515037593985 0.3821271929824562 0.4546522556390977 0.374295112781955
0 0.5045817669172932 0.374295112781955 0.5010573308270676 0.3782111528822056 0.49107142857142855 0.3915256892230577 0.4898966165413533 0.4103226817042607 0.49459586466165406 0.42207080200501257 0.4963580827067669 0.4291196741854637 0.5051691729323309 0.4393013784461154 0.5139802631578947 0.4471334586466166 0.5216165413533834 0.4549655388471178 0.5286654135338346 0.46201441102756896 0.5345394736842105 0.4698464912280702 0.546875 0.4698464912280702 0.5480498120300752 0.46044799498746874 0.5480498120300752 0.45026629072681706 0.5492246240601504 0.4416510025062657 0.5521616541353384 0.4283364661654136 0.5556860902255638 0.41267230576441105 0.5556860902255638 0.40327380952380953 0.5556860902255638 0.39622493734335845 0.5550986842105263 0.38839285714285715 0.549812030075188 0.3821271929824562 0.5433505639097744 0.3766447368421053 0.5345394736842105 0.37116228070175444 0.5257283834586466 0.3664630325814537 0.5180921052631579 0.3672462406015038 0.5104558270676691 0.37194548872180455
0 0.5556860902255638 0.27482769423558906 0.550986842105263 0.2803101503759399 0.5421757518796992 0.2983239348370928 0.5392387218045113 0.3077224310776943 0.5404135338345865 0.3265194235588973 0.5439379699248119 0.3429667919799499 0.5533364661654134 0.36254699248120303 0.5609727443609022 0.3664630325814537 0.568609022556391 0.3672462406015038 0.581531954887218 0.3664630325814537 0.5950422932330827 0.36254699248120303 0.6097274436090225 0.35549812030075195 0.6208881578947368 0.3484492481203008 0.6226503759398496 0.336701127819549 0.6232377819548872 0.3226033834586467 0.6167763157894737 0.3006735588972432 0.6085526315789473 0.28579260651629074 0.6038533834586466 0.2732612781954888 0.597391917293233 0.26856203007518803 0.5827067669172932 0.26229636591478706 0.5733082706766917 0.2615131578947369 0.5639097744360902 0.26464598997493743
0 0.5721334586466165 0.4440006265664161 0.5656719924812029 0.45183270676691734 0.5597979323308271 0.4659304511278196 0.5597979323308271 0.4792449874686717 0.5633223684210525 0.49804197994987476 0.5738956766917294 0.5090068922305765 0.5938674812030075 0.5160557644110276 0.600328947368421 0.5176221804511278 0.6097274436090225 0.5231046365914788 0.6214755639097744 0.5270206766917294 0.6343984962406014 0.5223214285714286 0.6379229323308271 0.5066572681704261 0.6379229323308271 0.49099310776942356 0.6349859022556391 0.47611215538847124 0.629111842105263 0.46201441102756896 0.6232377819548872 0.4306860902255639 0.6179511278195489 0.42598684210526316 0.6097274436090225 0.42050438596491235 0.6020911654135338 0.418154761904762 0.5938674812030075 0.42442042606516295
0 0.5321898496240601 0.5489505012531328 0.5269031954887218 0.5583489974937343 0.5245535714285714 0.5732299498746868 0.528078007518797 0.5888941102756893 0.5316024436090225 0.6014254385964913 0.5404135338345865 0.6155231829573935 0.5492246240601504 0.6233552631578948 0.5568609022556391 0.6272713032581454 0.562734962406015 0.6327537593984963 0.5762453007518797 0.6382362155388471 0.5832941729323309 0.6382362155388471 0.5915178571428571 0.6327537593984963 0.5979793233082706 0.6139567669172933 0.600328947368421 0.5896773182957394 0.5997415413533834 0.5693139097744362 0.597391917293233 0.5520833333333334 0.5938674812030075 0.5419016290726817 0.5862312030075187 0.5348527568922307 0.5733082706766917 0.5348527568922307 0.5674342105263157 0.5387687969924813 0.5580357142857142 0.5450344611528822 0.5474624060150376 0.5426848370927319 0.5386513157894737 0.5450344611528822
0 0.678453947368421 0.3641134085213033 0.6678806390977443 0.36489661654135347 0.6578947368421052 0.38134398496240607 0.6555451127819548 0.3899592731829574 0.6543703007518797 0.4228540100250627 0.6561325187969924 0.43460213032581463 0.6614191729323309 0.44948308270676696 0.6696428571428571 0.4549655388471178 0.6778665413533834 0.4549655388471178 0.6831531954887218 0.4541823308270677 0.6960761278195489 0.4440006265664161 0.7037124060150376 0.43303571428571436 0.7107612781954887 0.42050438596491235 0.7148731203007518 0.40875626566416046 0.7154605263157895 0.39779135338345867 0.7142857142857142 0.38839285714285715 0.7066494360902256 0.3797775689223058 0.703125 0.3735119047619048 0.6937265037593985 0.3656798245614035 0.6849154135338346 0.3617637844611529
0 0.7495300751879699 0.3946585213032582 0.7360197368421052 0.3907424812030076 0.7289708646616541 0.3915256892230577 0.7248590225563909 0.4017073934837093 0.7236842105263157 0.42207080200501257 0.7301456766917294 0.4424342105263158 0.7354323308270676 0.45104949874686723 0.7413063909774436 0.4627976190476191 0.7507048872180451 0.4729793233082707 0.7577537593984962 0.4768953634085214 0.7759633458646615 0.47532894736842113 0.7824248120300752 0.47219611528822064 0.7877114661654134 0.46436403508771934 0.7912359022556391 0.44869987468671685 0.7918233082706767 0.42442042606516295 0.7924107142857142 0.41110588972431084 0.7935855263157895 0.4001409774436091 0.7888862781954887 0.3899592731829574 0.7830122180451127 0.38134398496240607 0.7789003759398496 0.3797775689223058 0.7653900375939849 0.38291040100250634 0.759515977443609 0.3891760651629073
0 0.7366071428571428 0.5262374686716792 0.7324953007518797 0.5301535087719299 0.7295582706766917 0.5473840852130326 0.7254464285714286 0.5606986215538847 0.7266212406015037 0.5841948621553885 0.7307330827067668 0.6014254385964913 0.7324953007518797 0.6116071428571429 0.7383693609022556 0.6288377192982456 0.7495300751879699 0.6335369674185464 0.7689144736842104 0.6319705513784462 0.775375939849624 0.6257048872180452 0.7818374060150376 0.617872807017544 0.7918233082706767 0.599075814536341 0.7947603383458646 0.5818452380952382 0.7965225563909775 0.5700971177944862 0.797109962406015 0.5567825814536341 0.797109962406015 0.5450344611528822 0.7912359022556391 0.5356359649122807 0.7824248120300752 0.5293703007518797 0.7759633458646615 0.5278038847117795 0.7695018796992481 0.5285870927318296 0.7630404135338346 0.5348527568922307 0.7524671052631579 0.5364191729323309 0.7442434210526315 0.537202380952381
0 0.8599624060150376 0.32886904761904767 0.853500939849624 0.33983395989974946 0.8517387218045112 0.3539317042606517 0.8634868421052632 0.3735119047619048 0.8793468045112782 0.38839285714285715 0.8922697368421051 0.39935776942355894 0.9057800751879699 0.4064066416040101 0.9134163533834586 0.4103226817042607 0.9175281954887218 0.40953947368421056 0.9216400375939848 0.4017073934837093 0.925751879699248 0.3907424812030076 0.9304511278195488 0.37899436090225574 0.9339755639097744 0.36254699248120303 0.9380874060150376 0.34688283208020054 0.9404370300751879 0.32730263157894746 0.9386748120300752 0.3139880952380953 0.9251644736842104 0.3108552631578948 0.9163533834586465 0.3085056390977444 0.9093045112781954 0.3085056390977444 0.9046052631578947 0.3085056390977444 0.8981437969924813 0.31790413533834594 0.8852208646616541 0.33121867167919805 0.8816964285714285 0.33121867167919805 0.8699483082706767 0.3280858395989975
0 0.9404370300751879 0.25368107769423565 0.9369125939849624 0.2599467418546367 0.9357377819548871 0.26934523809523814 0.9386748120300752 0.27796052631578955 0.9474859022556391 0.28814223057644117 0.9656954887218043 0.29362468671679204 0.9662828947368421 0.256030701754386 0.9668703007518797 0.24663220551378454 0.9668703007518797 0.23175125313283212 0.9668703007518797 0.22235275689223064 0.9615836466165414 0.22470238095238101 0.962171052631579 0.23880012531328326 0.9627584586466165 0.24976503759398502 0.9615836466165414 0.2591635338345865 0.9551221804511277 0.26229636591478706 0.9486607142857142 0.26229636591478706