0 0.08357558139534885 0.4835271317829457 0.10828488372093022 0.15503875968992245
0 0.19186046511627908 0.49273255813953487 0.10973837209302321 0.15794573643410856
0 0.23619186046511625 0.6070736434108528 0.0995639534883721 0.15019379844961242
0 0.3048691860465116 0.4181201550387597 0.09593023255813952 0.14631782945736435
0 0.375 0.48498062015503873 0.09665697674418605 0.14437984496124034
0 0.4676598837209303 0.501453488372093 0.07848837209302326 0.13662790697674415
0 0.5392441860465116 0.38420542635658916 0.10101744186046516 0.14825581395348836
0 0.5461482558139534 0.564437984496124 0.08575581395348841 0.1463178294573643
0 0.501453488372093 0.6875 0.08066860465116274 0.12693798449612406
0 0.6457122093023255 0.47529069767441867 0.07267441860465115 0.14050387596899228
0 0.7249273255813954 0.5125968992248062 0.07848837209302317 0.13372093023255818
0 0.7176598837209303 0.6826550387596899 0.08430232558139546 0.16375968992248058
0 0.878997093023256 0.45639534883720934 0.09593023255813957 0.14728682170542637
0 0.9597928779069769 0.36417151162790695 0.07728924418604652 0.1508236434108527
0 0.9637899709302324 0.5627906976744187 0.06929505813953493 0.1410852713178294
0 0.0640625 0.42916666666666664 0.0625 0.43125 0.0578125 0.43125 0.05625 0.43333333333333335 0.053125 0.43333333333333335 0.0515625 0.4354166666666667 0.05 0.4354166666666667 0.0453125 0.44166666666666665 0.04375 0.44166666666666665 0.040625 0.44583333333333336 0.040625 0.4479166666666667 0.0359375 0.45416666666666666 0.034375 0.45416666666666666 0.0296875 0.46041666666666664 0.0296875 0.4708333333333333 0.03125 0.47291666666666665 0.03125 0.4791666666666667 0.0328125 0.48125 0.0328125 0.4875 0.034375 0.4895833333333333 0.034375 0.49166666666666664 0.0359375 0.49375 0.0359375 0.49583333333333335 0.0375 0.4979166666666667 0.0375 0.5041666666666667 0.0390625 0.50625 0.0390625 0.5104166666666666 0.040625 0.5125 0.040625 0.5166666666666667 0.0421875 0.51875 0.0421875 0.5208333333333334 0.04375 0.5229166666666667 0.04375 0.5270833333333333 0.0453125 0.5291666666666667 0.0453125 0.53125 0.046875 0.5333333333333333 0.046875 0.5375 0.0484375 0.5395833333333333 0.0484375 0.5416666666666666 0.0578125 0.5541666666666667 0.0609375 0.5541666666666667 0.0625 0.55625 0.075 0.55625 0.0765625 0.5541666666666667 0.0796875 0.5541666666666667 0.08125 0.5520833333333334 0.084375 0.5520833333333334 0.0859375 0.55 0.0875 0.55 0.0890625 0.5479166666666667 0.09375 0.5479166666666667 0.0953125 0.5458333333333333 0.096875 0.5458333333333333 0.1 0.5416666666666666 0.1015625 0.5416666666666666 0.103125 0.5395833333333333 0.1046875 0.5395833333333333 0.1140625 0.5270833333333333 0.115625 0.5270833333333333 0.11875 0.5229166666666667 0.11875 0.5208333333333334 0.1203125 0.51875 0.121875 0.51875 0.1234375 0.5166666666666667 0.125 0.5166666666666667 0.1296875 0.5104166666666666 0.13125 0.5104166666666666 0.13125 0.5083333333333333 0.1328125 0.50625 0.1328125 0.5041666666666667 0.134375 0.5020833333333333 0.134375 0.4979166666666667 0.1359375 0.49583333333333335 0.1359375 0.49375 0.134375 0.49166666666666664 0.134375 0.48333333333333334 0.1328125 0.48125 0.1328125 0.475 0.13125 0.47291666666666665 0.13125 0.4708333333333333 0.125 0.4625 0.125 0.46041666666666664 0.121875 0.45625 0.1203125 0.45625 0.11875 0.45416666666666666 0.1140625 0.45416666666666666 0.109375 0.4479166666666667 0.109375 0.44166666666666665 0.1078125 0.44166666666666665 0.10625 0.4395833333333333 0.1046875 0.4395833333333333 0.103125 0.4375 0.1015625 0.4375 0.1 0.4354166666666667 0.09375 0.4354166666666667 0.0921875 0.43333333333333335 0.0859375 0.43333333333333335 0.084375 0.43125 0.0796875 0.43125 0.078125 0.42916666666666664
0 0.146875 0.43333333333333335 0.1453125 0.4354166666666667 0.1453125 0.4375 0.140625 0.44375 0.140625 0.44583333333333336 0.1375 0.45 0.1375 0.45416666666666666 0.1359375 0.45625 0.1359375 0.4791666666666667 0.1375 0.48125 0.1375 0.48541666666666666 0.1390625 0.4875 0.1390625 0.4895833333333333 0.1421875 0.49375 0.1421875 0.49583333333333335 0.159375 0.51875 0.1609375 0.51875 0.16875 0.5291666666666667 0.1703125 0.5291666666666667 0.1734375 0.5333333333333333 0.1734375 0.5354166666666667 0.178125 0.5416666666666666 0.178125 0.54375 0.18125 0.5479166666666667 0.18125 0.55 0.1828125 0.55 0.19375 0.5645833333333333 0.1953125 0.5645833333333333 0.1984375 0.56875 0.2078125 0.56875 0.209375 0.5666666666666667 0.2109375 0.5666666666666667 0.2125 0.5645833333333333 0.2140625 0.5645833333333333 0.2234375 0.5520833333333334 0.2234375 0.55 0.225 0.5479166666666667 0.225 0.54375 0.2265625 0.5416666666666666 0.2265625 0.5395833333333333 0.228125 0.5375 0.228125 0.5333333333333333 0.2296875 0.53125 0.2296875 0.5270833333333333 0.2328125 0.5229166666666667 0.2328125 0.5125 0.234375 0.5104166666666666 0.234375 0.5083333333333333 0.2359375 0.50625 0.2359375 0.5041666666666667 0.2375 0.5020833333333333 0.2375 0.4979166666666667 0.2390625 0.49583333333333335 0.2390625 0.48541666666666666 0.240625 0.48333333333333334 0.240625 0.48125 0.2421875 0.4791666666666667 0.2421875 0.4666666666666667 0.24375 0.46458333333333335 0.24375 0.4625 0.2421875 0.46041666666666664 0.2421875 0.44583333333333336 0.234375 0.4354166666666667 0.23125 0.4354166666666667 0.2296875 0.43333333333333335 0.2265625 0.43333333333333335 0.225 0.4354166666666667 0.2203125 0.4354166666666667 0.21875 0.43333333333333335 0.2046875 0.43333333333333335 0.203125 0.43125 0.1921875 0.43125 0.190625 0.42916666666666664 0.171875 0.42916666666666664 0.1703125 0.43125 0.15 0.43125 0.1484375 0.43333333333333335
0 0.2546875 0.5416666666666666 0.246875 0.5416666666666666 0.2453125 0.54375 0.240625 0.54375 0.2359375 0.55 0.234375 0.55 0.23125 0.5541666666666667 0.2296875 0.5541666666666667 0.228125 0.55625 0.2265625 0.55625 0.2234375 0.5604166666666667 0.221875 0.5604166666666667 0.2203125 0.5625 0.21875 0.5625 0.2140625 0.56875 0.2125 0.56875 0.2109375 0.5708333333333333 0.209375 0.5708333333333333 0.2078125 0.5729166666666666 0.203125 0.5729166666666666 0.2015625 0.575 0.196875 0.575 0.19375 0.5791666666666667 0.1921875 0.5791666666666667 0.1921875 0.58125 0.1875 0.5875 0.1875 0.5958333333333333 0.1859375 0.5979166666666667 0.1859375 0.6041666666666666 0.1875 0.60625 0.1875 0.6125 0.1890625 0.6145833333333334 0.1890625 0.61875 0.190625 0.6208333333333333 0.190625 0.6229166666666667 0.196875 0.63125 0.1984375 0.63125 0.2125 0.65 0.2125 0.6520833333333333 0.221875 0.6645833333333333 0.2234375 0.6645833333333333 0.2265625 0.66875 0.228125 0.66875 0.2296875 0.6708333333333333 0.2328125 0.6708333333333333 0.234375 0.6729166666666667 0.2359375 0.6729166666666667 0.2375 0.675 0.2515625 0.675 0.259375 0.6645833333333333 0.2609375 0.6645833333333333 0.2640625 0.6604166666666667 0.2671875 0.6604166666666667 0.26875 0.6583333333333333 0.2703125 0.6583333333333333 0.2765625 0.65 0.2765625 0.6479166666666667 0.278125 0.6458333333333334 0.278125 0.64375 0.28125 0.6395833333333333 0.28125 0.6354166666666666 0.2828125 0.6333333333333333 0.2828125 0.59375 0.28125 0.5916666666666667 0.28125 0.5854166666666667 0.2796875 0.5833333333333334 0.2796875 0.5791666666666667 0.278125 0.5770833333333333 0.278125 0.5729166666666666 0.2765625 0.5708333333333333 0.2765625 0.56875 0.275 0.5666666666666667 0.275 0.5645833333333333 0.2703125 0.5583333333333333 0.2703125 0.55625 0.2640625 0.5479166666666667 0.2625 0.5479166666666667 0.259375 0.54375 0.25625 0.54375
0 0.28125 0.35625 0.2796875 0.35833333333333334 0.278125 0.35833333333333334 0.271875 0.36666666666666664 0.2703125 0.36666666666666664 0.265625 0.3729166666666667 0.265625 0.375 0.2640625 0.3770833333333333 0.2640625 0.37916666666666665 0.2609375 0.38333333333333336 0.2609375 0.3854166666666667 0.259375 0.3875 0.259375 0.40208333333333335 0.2609375 0.4041666666666667 0.2609375 0.40625 0.2625 0.4083333333333333 0.2625 0.4125 0.2640625 0.41458333333333336 0.2640625 0.42083333333333334 0.265625 0.42291666666666666 0.265625 0.4270833333333333 0.2671875 0.42916666666666664 0.2671875 0.43125 0.26875 0.43333333333333335 0.26875 0.4354166666666667 0.2703125 0.4375 0.2703125 0.44166666666666665 0.271875 0.44375 0.271875 0.45208333333333334 0.2734375 0.45416666666666666 0.2734375 0.46041666666666664 0.275 0.4625 0.275 0.4666666666666667 0.2765625 0.46875 0.2765625 0.4708333333333333 0.278125 0.47291666666666665 0.278125 0.475 0.284375 0.48333333333333334 0.2859375 0.48333333333333334 0.2875 0.48541666666666666 0.296875 0.48541666666666666 0.2984375 0.48333333333333334 0.3015625 0.48333333333333334 0.30625 0.47708333333333336 0.3078125 0.47708333333333336 0.3171875 0.46458333333333335 0.31875 0.46458333333333335 0.3265625 0.45416666666666666 0.328125 0.45416666666666666 0.340625 0.4375 0.340625 0.4354166666666667 0.3453125 0.42916666666666664 0.3453125 0.4270833333333333 0.346875 0.425 0.346875 0.42291666666666666 0.3484375 0.42083333333333334 0.3484375 0.4 0.3453125 0.3958333333333333 0.3421875 0.3958333333333333 0.340625 0.39375 0.3328125 0.39375 0.33125 0.3958333333333333 0.3296875 0.3958333333333333 0.325 0.40208333333333335 0.3203125 0.40208333333333335 0.3109375 0.38958333333333334 0.3109375 0.37916666666666665 0.309375 0.3770833333333333 0.309375 0.375 0.3078125 0.3729166666666667 0.30625 0.3729166666666667 0.3015625 0.36666666666666664 0.3 0.36666666666666664 0.296875 0.3625 0.2953125 0.3625 0.2921875 0.35833333333333334 0.290625 0.35833333333333334 0.2890625 0.35625
0 0.3734375 0.4375 0.3703125 0.4375 0.36875 0.4354166666666667 0.3578125 0.4354166666666667 0.3484375 0.4479166666666667 0.3484375 0.45 0.3421875 0.4583333333333333 0.3421875 0.46041666666666664 0.340625 0.4625 0.340625 0.46458333333333335 0.3390625 0.4666666666666667 0.3390625 0.4708333333333333 0.3375 0.47291666666666665 0.3375 0.48541666666666666 0.3359375 0.4875 0.3359375 0.49375 0.334375 0.49583333333333335 0.334375 0.5 0.3328125 0.5020833333333333 0.3328125 0.50625 0.33125 0.5083333333333333 0.33125 0.5104166666666666 0.3296875 0.5125 0.3296875 0.5208333333333334 0.328125 0.5229166666666667 0.328125 0.5333333333333333 0.3265625 0.5354166666666667 0.328125 0.5375 0.328125 0.5416666666666666 0.3296875 0.54375 0.3296875 0.5458333333333333 0.33125 0.5479166666666667 0.33125 0.55 0.3328125 0.55 0.334375 0.5520833333333334 0.3390625 0.5520833333333334 0.340625 0.5541666666666667 0.35 0.5541666666666667 0.3515625 0.5520833333333334 0.3546875 0.5520833333333334 0.35625 0.55 0.3578125 0.55 0.359375 0.5479166666666667 0.3609375 0.5479166666666667 0.3625 0.5458333333333333 0.3734375 0.5458333333333333 0.375 0.54375 0.3796875 0.54375 0.38125 0.5416666666666666 0.3875 0.5416666666666666 0.3890625 0.5395833333333333 0.39375 0.5395833333333333 0.3953125 0.5375 0.396875 0.5375 0.3984375 0.5354166666666667 0.4 0.5354166666666667 0.403125 0.53125 0.4046875 0.53125 0.4125 0.5208333333333334 0.4125 0.51875 0.4140625 0.5166666666666667 0.4140625 0.5145833333333333 0.415625 0.5125 0.415625 0.5104166666666666 0.4203125 0.5041666666666667 0.4203125 0.4979166666666667 0.4046875 0.47708333333333336 0.4046875 0.475 0.403125 0.47291666666666665 0.403125 0.4708333333333333 0.4015625 0.46875 0.4015625 0.46458333333333335 0.3984375 0.46041666666666664 0.396875 0.46041666666666664 0.390625 0.45208333333333334 0.3890625 0.45208333333333334 0.384375 0.44583333333333336 0.3828125 0.44583333333333336 0.38125 0.44375 0.3796875 0.44375 0.3765625 0.4395833333333333 0.375 0.4395833333333333
0 0.4484375 0.45 0.4453125 0.45416666666666666 0.44375 0.45416666666666666 0.4421875 0.45625 0.440625 0.45625 0.4328125 0.4666666666666667 0.4328125 0.4708333333333333 0.43125 0.47291666666666665 0.43125 0.5 0.4328125 0.5020833333333333 0.4328125 0.5041666666666667 0.4359375 0.5083333333333333 0.4359375 0.5104166666666666 0.4375 0.5125 0.4375 0.5145833333333333 0.4390625 0.5166666666666667 0.4390625 0.51875 0.4484375 0.53125 0.45 0.53125 0.453125 0.5354166666666667 0.4546875 0.5354166666666667 0.459375 0.5416666666666666 0.4609375 0.5416666666666666 0.4625 0.54375 0.4625 0.5458333333333333 0.4640625 0.5458333333333333 0.4671875 0.55 0.4671875 0.5520833333333334 0.4765625 0.5645833333333333 0.478125 0.5645833333333333 0.4796875 0.5666666666666667 0.484375 0.5666666666666667 0.4859375 0.5645833333333333 0.4890625 0.5645833333333333 0.4890625 0.5625 0.4921875 0.5583333333333333 0.4921875 0.5395833333333333 0.49375 0.5375 0.49375 0.53125 0.4953125 0.5291666666666667 0.4953125 0.525 0.496875 0.5229166666666667 0.496875 0.51875 0.4984375 0.5166666666666667 0.4984375 0.5145833333333333 0.5 0.5125 0.5 0.5083333333333333 0.5015625 0.50625 0.5015625 0.5020833333333333 0.503125 0.5 0.503125 0.4979166666666667 0.5046875 0.49583333333333335 0.5046875 0.47291666666666665 0.5015625 0.46875 0.5015625 0.4666666666666667 0.4984375 0.4625 0.4984375 0.46041666666666664 0.49375 0.45416666666666666 0.4921875 0.45416666666666666 0.490625 0.45208333333333334 0.4890625 0.45208333333333334 0.4875 0.45 0.4859375 0.45 0.484375 0.4479166666666667 0.46875 0.4479166666666667 0.4671875 0.45
0 0.509375 0.34375 0.5046875 0.35 0.5046875 0.35208333333333336 0.4984375 0.36041666666666666 0.4984375 0.3625 0.4953125 0.36666666666666664 0.4953125 0.37083333333333335 0.49375 0.3729166666666667 0.49375 0.3770833333333333 0.4921875 0.37916666666666665 0.4921875 0.38333333333333336 0.490625 0.3854166666666667 0.490625 0.40625 0.4921875 0.4083333333333333 0.4921875 0.4125 0.49375 0.41458333333333336 0.49375 0.41875 0.4953125 0.42083333333333334 0.4953125 0.42291666666666666 0.4984375 0.4270833333333333 0.4984375 0.42916666666666664 0.5 0.43125 0.5 0.43333333333333335 0.503125 0.4375 0.5046875 0.4375 0.50625 0.4395833333333333 0.5078125 0.4395833333333333 0.509375 0.44166666666666665 0.5109375 0.44166666666666665 0.5140625 0.44583333333333336 0.5171875 0.44583333333333336 0.51875 0.4479166666666667 0.521875 0.4479166666666667 0.5234375 0.45 0.5296875 0.45 0.53125 0.45208333333333334 0.5453125 0.45208333333333334 0.546875 0.45 0.5546875 0.45 0.55625 0.45208333333333334 0.5609375 0.45208333333333334 0.5625 0.45416666666666666 0.5640625 0.45416666666666666 0.565625 0.45208333333333334 0.571875 0.45208333333333334 0.5734375 0.45 0.575 0.45 0.5765625 0.4479166666666667 0.578125 0.4479166666666667 0.5796875 0.44583333333333336 0.58125 0.44583333333333336 0.58125 0.44375 0.5859375 0.4375 0.5859375 0.43125 0.5875 0.42916666666666664 0.5875 0.41875 0.5859375 0.4166666666666667 0.5859375 0.40625 0.584375 0.4041666666666667 0.584375 0.39791666666666664 0.5828125 0.3958333333333333 0.5828125 0.39166666666666666 0.58125 0.38958333333333334 0.58125 0.3854166666666667 0.5796875 0.38333333333333336 0.5796875 0.375 0.578125 0.3729166666666667 0.578125 0.37083333333333335 0.5765625 0.36875 0.5765625 0.36666666666666664 0.575 0.3645833333333333 0.575 0.3625 0.5734375 0.36041666666666666 0.5734375 0.35833333333333334 0.5609375 0.3416666666666667 0.559375 0.3416666666666667 0.5578125 0.33958333333333335 0.55625 0.33958333333333335 0.5546875 0.3375 0.553125 0.3375 0.5515625 0.33541666666666664 0.5484375 0.33541666666666664 0.546875 0.3333333333333333 0.54375 0.3333333333333333 0.5421875 0.33125 0.5296875 0.33125 0.528125 0.3333333333333333 0.5265625 0.3333333333333333 0.525 0.33541666666666664 0.521875 0.33541666666666664 0.5203125 0.3375 0.51875 0.3375 0.5171875 0.33958333333333335 0.515625 0.33958333333333335 0.5140625 0.3416666666666667 0.5125 0.3416666666666667 0.5109375 0.34375
0 0.5546875 0.5125 0.553125 0.5145833333333333 0.55 0.5145833333333333 0.5484375 0.5166666666666667 0.5484375 0.51875 0.5453125 0.5229166666666667 0.54375 0.5229166666666667 0.5421875 0.525 0.540625 0.525 0.5375 0.5291666666666667 0.5359375 0.5291666666666667 0.5328125 0.5333333333333333 0.53125 0.5333333333333333 0.5296875 0.5354166666666667 0.528125 0.5354166666666667 0.5265625 0.5375 0.5234375 0.5375 0.521875 0.5395833333333333 0.5203125 0.5395833333333333 0.5171875 0.54375 0.515625 0.54375 0.5125 0.5479166666666667 0.5125 0.5541666666666667 0.5109375 0.55625 0.5109375 0.5583333333333333 0.5078125 0.5625 0.5078125 0.5645833333333333 0.50625 0.5666666666666667 0.50625 0.56875 0.5046875 0.5708333333333333 0.5046875 0.5916666666666667 0.5171875 0.6083333333333333 0.5203125 0.6083333333333333 0.521875 0.6104166666666667 0.5234375 0.6104166666666667 0.525 0.6125 0.5265625 0.6125 0.528125 0.6145833333333334 0.5328125 0.6145833333333334 0.534375 0.6166666666666667 0.540625 0.6166666666666667 0.5421875 0.61875 0.54375 0.61875 0.5453125 0.6208333333333333 0.546875 0.6208333333333333 0.5484375 0.6229166666666667 0.55 0.6229166666666667 0.5515625 0.625 0.553125 0.625 0.5546875 0.6270833333333333 0.559375 0.6270833333333333 0.5609375 0.6291666666666667 0.5625 0.6291666666666667 0.5640625 0.63125 0.5671875 0.63125 0.56875 0.6333333333333333 0.578125 0.6333333333333333 0.5796875 0.63125 0.58125 0.63125 0.584375 0.6270833333333333 0.584375 0.625 0.5859375 0.6229166666666667 0.5859375 0.6145833333333334 0.5875 0.6125 0.5875 0.6104166666666667 0.5859375 0.6083333333333333 0.5859375 0.6020833333333333 0.584375 0.6 0.584375 0.5770833333333333 0.5828125 0.575 0.5828125 0.5541666666666667 0.58125 0.5520833333333334 0.58125 0.5458333333333333 0.5796875 0.54375 0.5796875 0.5416666666666666 0.575 0.5354166666666667 0.575 0.5333333333333333 0.5609375 0.5145833333333333 0.55625 0.5145833333333333
0 0.465625 0.6541666666666667 0.465625 0.65625 0.4640625 0.6583333333333333 0.4640625 0.6645833333333333 0.4625 0.6666666666666666 0.4625 0.6895833333333333 0.4640625 0.6916666666666667 0.4640625 0.69375 0.465625 0.6958333333333333 0.465625 0.6979166666666666 0.471875 0.70625 0.4734375 0.70625 0.478125 0.7125 0.4796875 0.7125 0.484375 0.71875 0.4859375 0.71875 0.4875 0.7208333333333333 0.4890625 0.7208333333333333 0.490625 0.7229166666666667 0.4921875 0.7229166666666667 0.49375 0.725 0.4953125 0.725 0.503125 0.7354166666666667 0.5046875 0.7354166666666667 0.50625 0.7375 0.5078125 0.7375 0.5109375 0.7416666666666667 0.5125 0.7416666666666667 0.5140625 0.74375 0.515625 0.74375 0.5171875 0.7458333333333333 0.51875 0.7458333333333333 0.5203125 0.7479166666666667 0.525 0.7479166666666667 0.5265625 0.7458333333333333 0.5296875 0.7458333333333333 0.5328125 0.7416666666666667 0.5328125 0.7395833333333334 0.534375 0.7375 0.534375 0.7354166666666667 0.5359375 0.7333333333333333 0.5359375 0.7291666666666666 0.5375 0.7270833333333333 0.5375 0.7020833333333333 0.5390625 0.7 0.5390625 0.6520833333333333 0.5375 0.65 0.5375 0.6479166666666667 0.5359375 0.6458333333333334 0.5359375 0.6416666666666667 0.534375 0.6416666666666667 0.5328125 0.6395833333333333 0.5265625 0.6395833333333333 0.525 0.6375 0.509375 0.6375 0.509375 0.6395833333333333 0.5078125 0.6416666666666667 0.5078125 0.64375 0.50625 0.6458333333333334 0.50625 0.65 0.5 0.6583333333333333 0.4953125 0.6583333333333333 0.49375 0.65625 0.4921875 0.65625 0.4859375 0.6479166666666667 0.484375 0.6479166666666667 0.4828125 0.6458333333333334 0.4828125 0.64375 0.48125 0.64375 0.4796875 0.6416666666666667 0.478125 0.64375 0.4765625 0.64375 0.471875 0.65 0.4703125 0.65 0.4671875 0.6541666666666667
0 0.6296875 0.4354166666666667 0.628125 0.4375 0.6265625 0.4375 0.625 0.4395833333333333 0.6234375 0.4395833333333333 0.621875 0.44166666666666665 0.621875 0.44375 0.6203125 0.44583333333333336 0.6203125 0.4479166666666667 0.61875 0.45 0.61875 0.45208333333333334 0.6171875 0.45416666666666666 0.6171875 0.45625 0.615625 0.4583333333333333 0.615625 0.46458333333333335 0.6140625 0.4666666666666667 0.6140625 0.475 0.6125 0.47708333333333336 0.6125 0.49166666666666664 0.6109375 0.49375 0.6109375 0.5208333333333334 0.6125 0.5229166666666667 0.6125 0.525 0.615625 0.5291666666666667 0.6171875 0.5291666666666667 0.61875 0.53125 0.6203125 0.53125 0.621875 0.5333333333333333 0.6234375 0.5333333333333333 0.6265625 0.5375 0.628125 0.5375 0.6296875 0.5395833333333333 0.640625 0.5395833333333333 0.6421875 0.5375 0.64375 0.5375 0.6453125 0.5354166666666667 0.646875 0.5354166666666667 0.6484375 0.5333333333333333 0.65 0.5333333333333333 0.6515625 0.53125 0.653125 0.53125 0.6578125 0.525 0.659375 0.525 0.6671875 0.5145833333333333 0.66875 0.5145833333333333 0.6796875 0.5 0.6796875 0.4979166666666667 0.68125 0.49583333333333335 0.68125 0.49166666666666664 0.6828125 0.4895833333333333 0.6828125 0.48541666666666666 0.68125 0.48333333333333334 0.68125 0.4791666666666667 0.6796875 0.47708333333333336 0.6796875 0.475 0.678125 0.47291666666666665 0.678125 0.46875 0.6765625 0.4666666666666667 0.6765625 0.46458333333333335 0.6734375 0.46041666666666664 0.6640625 0.46041666666666664 0.6625 0.4625 0.6546875 0.4625 0.653125 0.46041666666666664 0.65 0.46041666666666664 0.64375 0.45208333333333334 0.64375 0.4479166666666667 0.6421875 0.44583333333333336 0.6421875 0.4375 0.640625 0.4354166666666667
0 0.7484375 0.4708333333333333 0.746875 0.4708333333333333 0.7453125 0.47291666666666665 0.7421875 0.47291666666666665 0.740625 0.475 0.7390625 0.475 0.7375 0.47708333333333336 0.7359375 0.47708333333333336 0.734375 0.4791666666666667 0.7328125 0.4791666666666667 0.73125 0.48125 0.7296875 0.48125 0.728125 0.48333333333333334 0.7265625 0.48333333333333334 0.725 0.48541666666666666 0.7234375 0.48541666666666666 0.7203125 0.4895833333333333 0.71875 0.4895833333333333 0.71875 0.49166666666666664 0.715625 0.49583333333333335 0.7140625 0.49583333333333335 0.7125 0.4979166666666667 0.7109375 0.4979166666666667 0.709375 0.49583333333333335 0.7078125 0.49583333333333335 0.7046875 0.49166666666666664 0.7046875 0.4875 0.7015625 0.48333333333333334 0.7 0.48333333333333334 0.6984375 0.48125 0.69375 0.4875 0.690625 0.4875 0.690625 0.49375 0.6890625 0.49583333333333335 0.6890625 0.5 0.6875 0.5020833333333333 0.6875 0.5229166666666667 0.6890625 0.525 0.6890625 0.5291666666666667 0.690625 0.53125 0.690625 0.5333333333333333 0.6921875 0.5354166666666667 0.6921875 0.5375 0.69375 0.5395833333333333 0.69375 0.5416666666666666 0.6953125 0.54375 0.6953125 0.5458333333333333 0.7015625 0.5541666666666667 0.7015625 0.55625 0.703125 0.5583333333333333 0.703125 0.5604166666666667 0.7109375 0.5708333333333333 0.7125 0.5708333333333333 0.7140625 0.5729166666666666 0.7171875 0.5729166666666666 0.71875 0.575 0.7265625 0.575 0.728125 0.5729166666666666 0.7296875 0.5729166666666666 0.73125 0.5708333333333333 0.7328125 0.5708333333333333 0.734375 0.56875 0.7375 0.56875 0.7390625 0.5666666666666667 0.7421875 0.5666666666666667 0.74375 0.5645833333333333 0.746875 0.5645833333333333 0.7484375 0.5625 0.7484375 0.5604166666666667 0.7515625 0.55625 0.7515625 0.5520833333333334 0.753125 0.55 0.753125 0.54375 0.7546875 0.5416666666666666 0.7546875 0.5333333333333333 0.75625 0.53125 0.75625 0.525 0.7578125 0.5229166666666667 0.7578125 0.51875 0.759375 0.5166666666666667 0.759375 0.5145833333333333 0.7609375 0.5125 0.7609375 0.49583333333333335 0.759375 0.49375 0.759375 0.4895833333333333 0.7578125 0.4875 0.7578125 0.48541666666666666 0.75625 0.48333333333333334 0.75625 0.48125
0 0.6828125 0.6479166666666667 0.678125 0.6541666666666667 0.678125 0.6583333333333333 0.6765625 0.6604166666666667 0.6765625 0.69375 0.678125 0.6958333333333333 0.678125 0.7145833333333333 0.6796875 0.7166666666666667 0.6796875 0.7270833333333333 0.68125 0.7291666666666666 0.68125 0.7354166666666667 0.6828125 0.7375 0.6828125 0.7395833333333334 0.6890625 0.7479166666666667 0.690625 0.7479166666666667 0.6921875 0.75 0.6953125 0.75 0.696875 0.7520833333333333 0.7015625 0.7520833333333333 0.703125 0.7541666666666667 0.70625 0.7541666666666667 0.709375 0.7583333333333333 0.721875 0.7583333333333333 0.7234375 0.75625 0.725 0.75625 0.7265625 0.7541666666666667 0.728125 0.7541666666666667 0.73125 0.75 0.7328125 0.75 0.7375 0.74375 0.7375 0.7416666666666667 0.7390625 0.7395833333333334 0.7390625 0.7375 0.74375 0.73125 0.74375 0.7291666666666666 0.746875 0.725 0.746875 0.7229166666666667 0.7484375 0.7208333333333333 0.7484375 0.71875 0.75 0.7166666666666667 0.75 0.7145833333333333 0.753125 0.7104166666666667 0.753125 0.70625 0.7546875 0.7041666666666667 0.7546875 0.6979166666666666 0.75625 0.6958333333333333 0.75625 0.6833333333333333 0.7546875 0.68125 0.7546875 0.6770833333333334 0.753125 0.675 0.75 0.675 0.7484375 0.6729166666666667 0.746875 0.6729166666666667 0.74375 0.66875 0.740625 0.66875 0.7390625 0.6666666666666666 0.7375 0.6666666666666666 0.7359375 0.6645833333333333 0.734375 0.6645833333333333 0.7328125 0.6625 0.728125 0.6625 0.725 0.6666666666666666 0.7234375 0.6666666666666666 0.7203125 0.6708333333333333 0.715625 0.6708333333333333 0.7140625 0.6729166666666667 0.7109375 0.6729166666666667 0.709375 0.675 0.7078125 0.675 0.70625 0.6770833333333334 0.6984375 0.6770833333333334 0.6921875 0.66875 0.6921875 0.6666666666666666 0.690625 0.6645833333333333 0.690625 0.65 0.6890625 0.6479166666666667
0 0.8296875 0.45 0.8296875 0.46041666666666664 0.83125 0.4625 0.83125 0.46458333333333335 0.8328125 0.4666666666666667 0.8328125 0.46875 0.834375 0.4708333333333333 0.834375 0.475 0.8359375 0.47708333333333336 0.8359375 0.4791666666666667 0.8375 0.48125 0.8375 0.48333333333333334 0.8390625 0.48541666666666666 0.8390625 0.4875 0.846875 0.4979166666666667 0.8484375 0.4979166666666667 0.853125 0.5041666666666667 0.8546875 0.5041666666666667 0.85625 0.50625 0.8578125 0.50625 0.8640625 0.5145833333333333 0.865625 0.5145833333333333 0.871875 0.5229166666666667 0.875 0.5229166666666667 0.8765625 0.525 0.878125 0.525 0.8796875 0.5270833333333333 0.890625 0.5270833333333333 0.8921875 0.525 0.89375 0.525 0.9015625 0.5145833333333333 0.9015625 0.5125 0.903125 0.5104166666666666 0.903125 0.5083333333333333 0.9078125 0.5020833333333333 0.9078125 0.4979166666666667 0.909375 0.49583333333333335 0.909375 0.4895833333333333 0.9125 0.48541666666666666 0.9125 0.48333333333333334 0.9140625 0.48125 0.915625 0.48125 0.915625 0.4791666666666667 0.91875 0.475 0.91875 0.47291666666666665 0.921875 0.46875 0.921875 0.4666666666666667 0.9234375 0.46458333333333335 0.9234375 0.44375 0.921875 0.44375 0.91875 0.4479166666666667 0.9171875 0.4479166666666667 0.915625 0.44583333333333336 0.909375 0.44583333333333336 0.9078125 0.44375 0.903125 0.44375 0.9015625 0.44166666666666665 0.896875 0.44166666666666665 0.8953125 0.4395833333333333 0.8859375 0.4395833333333333 0.884375 0.44166666666666665 0.8828125 0.44166666666666665 0.878125 0.4479166666666667 0.8765625 0.4479166666666667 0.8703125 0.45625 0.8625 0.45625 0.8609375 0.45416666666666666 0.859375 0.45416666666666666 0.853125 0.44583333333333336 0.8421875 0.44583333333333336 0.840625 0.4479166666666667 0.8328125 0.4479166666666667 0.83125 0.45
0 0.996875 0.32083333333333336 0.9921875 0.32083333333333336 0.9828125 0.3333333333333333 0.98125 0.3333333333333333 0.978125 0.3375 0.9765625 0.3375 0.975 0.33958333333333335 0.971875 0.33958333333333335 0.9703125 0.3416666666666667 0.96875 0.3416666666666667 0.9671875 0.34375 0.965625 0.34375 0.9640625 0.3458333333333333 0.9625 0.3458333333333333 0.9609375 0.34791666666666665 0.959375 0.34791666666666665 0.95625 0.35208333333333336 0.95625 0.3770833333333333 0.9546875 0.37916666666666665 0.9546875 0.38125 0.953125 0.38333333333333336 0.953125 0.3854166666666667 0.9265559071729959 0.3637482419127989 0.9206223628691983 0.37957102672292553 0.9232594936708862 0.39011954992967657 0.9291930379746838 0.399789029535865 0.9404008438818566 0.4059423347398032 0.9509493670886077 0.4094585091420535 0.9516086497890296 0.41385372714486646 0.9529272151898736 0.4077004219409283 0.9549050632911393 0.41209563994374127 0.9549050632911393 0.40857946554149094 0.9578125 0.40625 0.9578125 0.4083333333333333 0.959375 0.41041666666666665 0.959375 0.4125 0.9609375 0.41458333333333336 0.9609375 0.4166666666666667 0.9625 0.4166666666666667 0.965625 0.42083333333333334 0.9671875 0.42083333333333334 0.9703125 0.425 0.971875 0.425 0.9734375 0.4270833333333333 0.975 0.4270833333333333 0.9765625 0.42916666666666664 0.978125 0.42916666666666664 0.9796875 0.43125 0.98125 0.43125 0.9828125 0.43333333333333335 0.996875 0.43333333333333335 0.9984375 0.43125 0.9984375 0.32708333333333334 0.996875 0.325
0 0.9359375 0.5333333333333333 0.9328125 0.5375 0.9328125 0.5395833333333333 0.93125 0.5416666666666666 0.93125 0.54375 0.9296875 0.5458333333333333 0.9296875 0.5479166666666667 0.93125 0.55 0.93125 0.55625 0.9328125 0.5583333333333333 0.9328125 0.5625 0.934375 0.5645833333333333 0.934375 0.5666666666666667 0.9390625 0.5729166666666666 0.940625 0.5729166666666666 0.9515625 0.5875 0.953125 0.5875 0.9625 0.6 0.9640625 0.6 0.9703125 0.6083333333333333 0.971875 0.6083333333333333 0.9734375 0.6104166666666667 0.9734375 0.6125 0.975 0.6125 0.978125 0.6166666666666667 0.9796875 0.6166666666666667 0.9859375 0.625 0.9875 0.625 0.9890625 0.6270833333333333 0.990625 0.6270833333333333 0.9921875 0.6291666666666667 0.996875 0.6291666666666667 0.9984375 0.6270833333333333 0.9984375 0.51875 0.996875 0.5166666666666667 0.996875 0.5145833333333333 0.9953125 0.5145833333333333 0.99375 0.5166666666666667 0.9890625 0.5166666666666667 0.9875 0.51875 0.9828125 0.51875 0.98125 0.5208333333333334 0.978125 0.5208333333333334 0.9765625 0.5229166666666667 0.9734375 0.5229166666666667 0.9703125 0.5270833333333333 0.96875 0.5270833333333333 0.965625 0.53125 0.9640625 0.53125 0.9625 0.5333333333333333 0.9609375 0.5333333333333333 0.959375 0.5354166666666667 0.9578125 0.5354166666666667 0.95625 0.5375 0.9546875 0.5375 0.953125 0.5395833333333333 0.9515625 0.5395833333333333 0.9484375 0.54375 0.9390625 0.54375 0.9359375 0.5395833333333333