0 0.03088662790697675 0.3977713178294574 0.061046511627906974 0.0939922480620155
0 0.026526162790697683 0.48158914728682173 0.05232558139534884 0.10658914728682169
0 0.10973837209302326 0.4597868217054264 0.0821220930232558 0.10562015503875971
0 0.17659883720930233 0.4442829457364341 0.0893895348837209 0.11724806201550392
0 0.20530523255813957 0.5469961240310077 0.07267441860465121 0.10755813953488377
0 0.27507267441860467 0.4103682170542636 0.0741279069767442 0.12306201550387594
0 0.3244912790697675 0.4622093023255814 0.08139534883720931 0.10465116279069768
0 0.4018895348837209 0.4670542635658915 0.07049418604651159 0.10465116279069768
0 0.4549418604651163 0.3657945736434109 0.0792151162790697 0.12112403100775199
0 0.4647529069767442 0.5169573643410853 0.0741279069767442 0.12693798449612406
0 0.4298691860465116 0.6337209302325582 0.07848837209302326 0.11627906976744194
0 0.5704941860465116 0.45251937984496127 0.05741279069767442 0.12984496124031003
0 0.6395348837209303 0.4811046511627907 0.07340116279069768 0.11918604651162787
0 0.6239098837209303 0.626937984496124 0.0712209302325582 0.1453488372093023
0 0.7688953488372092 0.41957364341085274 0.08066860465116284 0.12596899224806196
0 0.8531976744186046 0.32945736434108525 0.08793604651162781 0.12790697674418608
0 0.8753633720930234 0.4830426356589148 0.0988372093023255 0.14825581395348836
0 0.8640625 0.275 0.8625 0.27708333333333335 0.859375 0.27708333333333335 0.8578125 0.2791666666666667 0.85625 0.2791666666666667 0.853125 0.2833333333333333 0.8515625 0.2833333333333333 0.8484375 0.2875 0.846875 0.2875 0.84375 0.2916666666666667 0.840625 0.2916666666666667 0.8359375 0.29791666666666666 0.834375 0.29791666666666666 0.8296875 0.30416666666666664 0.8296875 0.30625 0.828125 0.30833333333333335 0.828125 0.3229166666666667 0.8296875 0.325 0.8296875 0.3333333333333333 0.828125 0.33541666666666664 0.8117732558139537 0.34108527131782945 0.8110465116279071 0.35174418604651164 0.8212209302325583 0.36337209302325585 0.8248546511627908 0.36724806201550386 0.8284883720930234 0.36724806201550386 0.8284883720930234 0.37015503875968997 0.8328488372093025 0.373062015503876 0.833575581395349 0.37209302325581395 0.8350290697674418 0.375 0.8375 0.36875 0.8375 0.37083333333333335 0.8390625 0.37083333333333335 0.840625 0.3729166666666667 0.8453125 0.3729166666666667 0.846875 0.375 0.8484375 0.375 0.85 0.3770833333333333 0.8515625 0.3770833333333333 0.853125 0.37916666666666665 0.8546875 0.37916666666666665 0.85625 0.38125 0.8609375 0.38125 0.8625 0.38333333333333336 0.8640625 0.38333333333333336 0.865625 0.3854166666666667 0.8671875 0.3854166666666667 0.86875 0.3875 0.875 0.3875 0.8765625 0.38958333333333334 0.8796875 0.38958333333333334 0.88125 0.3875 0.884375 0.3875 0.8859375 0.3854166666666667 0.8890625 0.3854166666666667 0.890625 0.38333333333333336 0.890625 0.38125 0.8921875 0.37916666666666665 0.8921875 0.3729166666666667 0.89375 0.37083333333333335 0.89375 0.36041666666666666 0.8921875 0.35833333333333334 0.8921875 0.3375 0.89375 0.33541666666666664 0.89375 0.30625 0.890625 0.3020833333333333 0.890625 0.3 0.8875 0.29583333333333334 0.8875 0.29375 0.8828125 0.2875 0.88125 0.2875 0.8765625 0.28125 0.875 0.28125 0.8734375 0.2791666666666667 0.871875 0.2791666666666667 0.8703125 0.27708333333333335 0.8671875 0.27708333333333335 0.865625 0.275
0 0.8578125 0.4375 0.8546875 0.44166666666666665 0.8515625 0.44166666666666665 0.84375 0.45208333333333334 0.8421875 0.45208333333333334 0.8390625 0.45625 0.8375 0.45625 0.828125 0.46875 0.828125 0.475 0.8265625 0.47708333333333336 0.8265625 0.49375 0.828125 0.49583333333333335 0.828125 0.5041666666666667 0.83125 0.5083333333333333 0.8328125 0.5083333333333333 0.8375 0.5145833333333333 0.8390625 0.5145833333333333 0.8421875 0.51875 0.84375 0.51875 0.8484375 0.525 0.85 0.525 0.853125 0.5291666666666667 0.8546875 0.5291666666666667 0.859375 0.5354166666666667 0.8609375 0.5354166666666667 0.8625 0.5375 0.8640625 0.5375 0.8671875 0.5416666666666666 0.86875 0.5416666666666666 0.871875 0.5458333333333333 0.8734375 0.5458333333333333 0.8765625 0.55 0.878125 0.55 0.8796875 0.5520833333333334 0.8828125 0.5520833333333334 0.884375 0.5541666666666667 0.8859375 0.5541666666666667 0.8875 0.55625 0.89375 0.55625 0.8953125 0.5541666666666667 0.8984375 0.5541666666666667 0.90625 0.54375 0.90625 0.5416666666666666 0.9078125 0.5395833333333333 0.9078125 0.5375 0.909375 0.5354166666666667 0.909375 0.5291666666666667 0.9109375 0.5270833333333333 0.9109375 0.5208333333333334 0.9125 0.51875 0.9125 0.5104166666666666 0.9140625 0.5083333333333333 0.9140625 0.50625 0.915625 0.5041666666666667 0.915625 0.5020833333333333 0.9171875 0.5 0.9171875 0.4979166666666667 0.91875 0.49583333333333335 0.91875 0.4875 0.9203125 0.48541666666666666 0.9203125 0.46041666666666664 0.91875 0.4583333333333333 0.91875 0.45416666666666666 0.9125 0.44583333333333336 0.9109375 0.44583333333333336 0.903125 0.4354166666666667 0.9 0.4354166666666667 0.8984375 0.43333333333333335 0.8671875 0.43333333333333335 0.865625 0.4354166666666667 0.8640625 0.4354166666666667 0.8625 0.4375
0 0.7953125 0.3770833333333333 0.7921875 0.38125 0.7921875 0.38333333333333336 0.790625 0.3854166666666667 0.7671875 0.3854166666666667 0.765625 0.3875 0.7609375 0.3875 0.7578125 0.39166666666666666 0.75625 0.39166666666666666 0.753125 0.3958333333333333 0.7515625 0.3958333333333333 0.75 0.39791666666666664 0.7484375 0.39791666666666664 0.746875 0.4 0.7453125 0.4 0.74375 0.40208333333333335 0.7390625 0.40208333333333335 0.7375 0.4 0.7328125 0.4 0.73125 0.40208333333333335 0.7296875 0.40208333333333335 0.728125 0.4041666666666667 0.728125 0.4270833333333333 0.7296875 0.42916666666666664 0.7296875 0.4354166666666667 0.73125 0.4375 0.73125 0.4395833333333333 0.7375 0.4479166666666667 0.7390625 0.4479166666666667 0.74375 0.45416666666666666 0.7453125 0.45416666666666666 0.7484375 0.4583333333333333 0.7515625 0.4583333333333333 0.753125 0.46041666666666664 0.7546875 0.46041666666666664 0.75625 0.4625 0.7578125 0.4625 0.7609375 0.4666666666666667 0.7625 0.4666666666666667 0.765625 0.4708333333333333 0.7671875 0.4708333333333333 0.7703125 0.475 0.771875 0.475 0.7734375 0.47708333333333336 0.775 0.47708333333333336 0.7765625 0.4791666666666667 0.778125 0.4791666666666667 0.7796875 0.48125 0.7890625 0.48125 0.790625 0.4791666666666667 0.7921875 0.4791666666666667 0.79375 0.47708333333333336 0.7953125 0.47708333333333336 0.796875 0.475 0.796875 0.47291666666666665 0.7984375 0.4708333333333333 0.7984375 0.46875 0.8 0.4666666666666667 0.8 0.46458333333333335 0.8015625 0.4625 0.8015625 0.45625 0.803125 0.45416666666666666 0.803125 0.4479166666666667 0.8046875 0.44583333333333336 0.8046875 0.4270833333333333 0.80625 0.425 0.80625 0.4125 0.8078125 0.41041666666666665 0.8078125 0.4 0.80625 0.39791666666666664 0.80625 0.39166666666666666 0.8046875 0.38958333333333334 0.8046875 0.3854166666666667 0.803125 0.38333333333333336 0.8015625 0.38333333333333336 0.8 0.38125 0.7984375 0.38125
0 0.65625 0.6104166666666667 0.6546875 0.6104166666666667 0.653125 0.6083333333333333 0.6515625 0.6083333333333333 0.646875 0.6020833333333333 0.6421875 0.6020833333333333 0.6375 0.5958333333333333 0.63125 0.5958333333333333 0.6296875 0.59375 0.61875 0.59375 0.6171875 0.5958333333333333 0.615625 0.5958333333333333 0.6140625 0.5979166666666667 0.609375 0.5979166666666667 0.6078125 0.6 0.60625 0.6 0.6046875 0.6020833333333333 0.6015625 0.6020833333333333 0.6 0.6041666666666666 0.5921875 0.6041666666666666 0.5890625 0.6083333333333333 0.5890625 0.6104166666666667 0.5875 0.6125 0.5875 0.6229166666666667 0.5890625 0.625 0.5890625 0.6395833333333333 0.590625 0.6416666666666667 0.590625 0.65 0.5921875 0.6520833333333333 0.5921875 0.65625 0.59375 0.6583333333333333 0.59375 0.6708333333333333 0.5953125 0.6729166666666667 0.5953125 0.6791666666666667 0.596875 0.68125 0.596875 0.6833333333333333 0.5984375 0.6854166666666667 0.5984375 0.6875 0.603125 0.69375 0.6046875 0.69375 0.60625 0.6958333333333333 0.625 0.6958333333333333 0.6265625 0.69375 0.628125 0.69375 0.6359375 0.6833333333333333 0.6359375 0.68125 0.640625 0.675 0.640625 0.6729166666666667 0.64375 0.66875 0.64375 0.6666666666666666 0.65 0.6583333333333333 0.65 0.65625 0.6515625 0.6541666666666667 0.6515625 0.6520833333333333 0.6546875 0.6479166666666667 0.6546875 0.64375 0.65625 0.6416666666666667 0.65625 0.6395833333333333 0.6578125 0.6375 0.6578125 0.6145833333333334 0.65625 0.6125
0 0.659375 0.44583333333333336 0.6484375 0.44583333333333336 0.646875 0.4479166666666667 0.64375 0.4479166666666667 0.6421875 0.45 0.6390625 0.45 0.6375 0.45208333333333334 0.634375 0.45208333333333334 0.6328125 0.45416666666666666 0.6296875 0.45416666666666666 0.628125 0.45625 0.625 0.45625 0.621875 0.46041666666666664 0.6203125 0.46041666666666664 0.61875 0.4625 0.6171875 0.4625 0.615625 0.46458333333333335 0.6140625 0.46458333333333335 0.6125 0.4666666666666667 0.6078125 0.4666666666666667 0.6046875 0.4708333333333333 0.6046875 0.49583333333333335 0.60625 0.4979166666666667 0.60625 0.5020833333333333 0.609375 0.50625 0.609375 0.5083333333333333 0.6125 0.5125 0.6125 0.5145833333333333 0.61875 0.5229166666666667 0.61875 0.525 0.6234375 0.53125 0.625 0.53125 0.63125 0.5395833333333333 0.6328125 0.5395833333333333 0.634375 0.5416666666666666 0.64375 0.5416666666666666 0.6453125 0.5395833333333333 0.646875 0.5395833333333333 0.6484375 0.5375 0.6625 0.5375 0.6640625 0.5354166666666667 0.665625 0.5354166666666667 0.6703125 0.5291666666666667 0.6703125 0.5270833333333333 0.671875 0.525 0.671875 0.5229166666666667 0.6734375 0.5208333333333334 0.6734375 0.5125 0.675 0.5104166666666666 0.675 0.4895833333333333 0.6734375 0.4875 0.6734375 0.47291666666666665 0.671875 0.4708333333333333 0.671875 0.4666666666666667 0.6703125 0.46458333333333335 0.6703125 0.4625 0.66875 0.46041666666666664 0.66875 0.4583333333333333 0.665625 0.45416666666666666 0.665625 0.45208333333333334 0.6625 0.4479166666666667 0.6609375 0.4479166666666667
0 0.5515625 0.4270833333333333 0.546875 0.43333333333333335 0.546875 0.4354166666666667 0.5453125 0.4375 0.5453125 0.4395833333333333 0.54375 0.44166666666666665 0.54375 0.44583333333333336 0.5421875 0.4479166666666667 0.5421875 0.4625 0.540625 0.46458333333333335 0.540625 0.4666666666666667 0.5421875 0.46875 0.5421875 0.47708333333333336 0.540625 0.4791666666666667 0.540625 0.4979166666666667 0.5421875 0.5 0.5421875 0.50625 0.54375 0.5083333333333333 0.54375 0.5104166666666666 0.5453125 0.5104166666666666 0.546875 0.5125 0.55 0.5125 0.5515625 0.5145833333333333 0.5546875 0.5145833333333333 0.55625 0.5166666666666667 0.559375 0.5166666666666667 0.5609375 0.5145833333333333 0.5640625 0.5145833333333333 0.5671875 0.5104166666666666 0.56875 0.5104166666666666 0.571875 0.50625 0.5734375 0.50625 0.578125 0.5 0.5796875 0.5 0.5828125 0.49583333333333335 0.584375 0.49583333333333335 0.590625 0.4875 0.590625 0.48541666666666666 0.5921875 0.48333333333333334 0.5921875 0.48125 0.59375 0.4791666666666667 0.59375 0.47708333333333336 0.5953125 0.475 0.5953125 0.45625 0.59375 0.45416666666666666 0.59375 0.45208333333333334 0.590625 0.4479166666666667 0.590625 0.44583333333333336 0.584375 0.4375 0.5828125 0.4375 0.58125 0.4354166666666667 0.5796875 0.4354166666666667 0.578125 0.43333333333333335 0.5640625 0.43333333333333335 0.5625 0.43125 0.559375 0.43125 0.5578125 0.42916666666666664 0.55625 0.42916666666666664 0.5546875 0.4270833333333333
0 0.4515625 0.47708333333333336 0.4453125 0.48541666666666666 0.4453125 0.4875 0.4375 0.4979166666666667 0.4375 0.5 0.434375 0.5041666666666667 0.434375 0.50625 0.4328125 0.5083333333333333 0.4328125 0.5104166666666666 0.43125 0.5125 0.43125 0.5208333333333334 0.4296875 0.5229166666666667 0.4296875 0.5458333333333333 0.4375 0.55625 0.4390625 0.55625 0.4421875 0.5604166666666667 0.44375 0.5604166666666667 0.4453125 0.5625 0.446875 0.5625 0.4484375 0.5645833333333333 0.453125 0.5645833333333333 0.4546875 0.5666666666666667 0.4609375 0.5666666666666667 0.4625 0.56875 0.465625 0.56875 0.4671875 0.5708333333333333 0.4703125 0.5708333333333333 0.471875 0.5729166666666666 0.4734375 0.5729166666666666 0.475 0.575 0.478125 0.575 0.4796875 0.5770833333333333 0.484375 0.5770833333333333 0.4859375 0.5791666666666667 0.4890625 0.5791666666666667 0.490625 0.5770833333333333 0.49375 0.5770833333333333 0.4984375 0.5708333333333333 0.4984375 0.5645833333333333 0.5 0.5625 0.5 0.5541666666666667 0.4984375 0.5520833333333334 0.4984375 0.525 0.5 0.5229166666666667 0.5 0.5166666666666667 0.4984375 0.5145833333333333 0.4984375 0.50625 0.496875 0.5041666666666667 0.496875 0.5020833333333333 0.49375 0.4979166666666667 0.49375 0.49583333333333335 0.4828125 0.48125 0.48125 0.48125 0.478125 0.47708333333333336 0.4765625 0.47708333333333336 0.475 0.475 0.4734375 0.475 0.471875 0.47291666666666665 0.4640625 0.47291666666666665 0.4625 0.475 0.459375 0.475 0.4578125 0.47708333333333336 0.45625 0.47708333333333336 0.4546875 0.475 0.453125 0.47708333333333336
0 0.4484375 0.32083333333333336 0.446875 0.3229166666666667 0.44375 0.3229166666666667 0.4421875 0.325 0.440625 0.325 0.4390625 0.32708333333333334 0.4375 0.32708333333333334 0.4359375 0.32916666666666666 0.434375 0.32916666666666666 0.425 0.3416666666666667 0.425 0.34375 0.421875 0.34791666666666665 0.421875 0.35 0.4203125 0.35208333333333336 0.4203125 0.3541666666666667 0.41875 0.35625 0.41875 0.35833333333333334 0.4171875 0.36041666666666666 0.4171875 0.3625 0.415625 0.3645833333333333 0.415625 0.37083333333333335 0.4140625 0.3729166666666667 0.4140625 0.3770833333333333 0.415625 0.37916666666666665 0.415625 0.3875 0.4171875 0.38958333333333334 0.4171875 0.39166666666666666 0.41875 0.39375 0.41875 0.3958333333333333 0.4234375 0.40208333333333335 0.4234375 0.4041666666666667 0.425 0.40625 0.425 0.4083333333333333 0.434375 0.42083333333333334 0.4375 0.42083333333333334 0.4390625 0.42291666666666666 0.4625 0.42291666666666666 0.4640625 0.42083333333333334 0.4671875 0.42083333333333334 0.46875 0.41875 0.4703125 0.41875 0.471875 0.4166666666666667 0.478125 0.4166666666666667 0.4796875 0.41458333333333336 0.48125 0.41458333333333336 0.484375 0.41041666666666665 0.4859375 0.41041666666666665 0.490625 0.4041666666666667 0.490625 0.40208333333333335 0.4921875 0.4 0.4921875 0.3645833333333333 0.490625 0.3625 0.490625 0.36041666666666666 0.4890625 0.35833333333333334 0.4890625 0.35625 0.4875 0.3541666666666667 0.4875 0.35208333333333336 0.4859375 0.35 0.4859375 0.34791666666666665 0.4734375 0.33125 0.471875 0.33125 0.4703125 0.32916666666666666 0.46875 0.32916666666666666 0.4671875 0.32708333333333334 0.465625 0.32708333333333334 0.4640625 0.325 0.4609375 0.325 0.459375 0.3229166666666667 0.4546875 0.3229166666666667 0.453125 0.32083333333333336
0 0.384375 0.42291666666666666 0.3734375 0.4375 0.3734375 0.4395833333333333 0.371875 0.44166666666666665 0.371875 0.44583333333333336 0.3703125 0.4479166666666667 0.3703125 0.46875 0.371875 0.4708333333333333 0.371875 0.475 0.3734375 0.47708333333333336 0.3734375 0.4791666666666667 0.3828125 0.49166666666666664 0.384375 0.49166666666666664 0.390625 0.5 0.3921875 0.5 0.4 0.5104166666666666 0.4 0.5125 0.40625 0.5208333333333334 0.409375 0.5208333333333334 0.4109375 0.5229166666666667 0.4140625 0.5229166666666667 0.4171875 0.51875 0.4171875 0.5166666666666667 0.41875 0.5145833333333333 0.41875 0.5 0.4203125 0.4979166666666667 0.421875 0.4979166666666667 0.4265625 0.49166666666666664 0.428125 0.49166666666666664 0.428125 0.4895833333333333 0.4296875 0.4875 0.4296875 0.48541666666666666 0.434375 0.4791666666666667 0.434375 0.47708333333333336 0.4359375 0.475 0.4359375 0.4583333333333333 0.434375 0.45625 0.434375 0.4479166666666667 0.4328125 0.44583333333333336 0.4328125 0.44375 0.425 0.43333333333333335 0.4234375 0.43333333333333335 0.4203125 0.42916666666666664 0.41875 0.42916666666666664 0.4171875 0.4270833333333333 0.415625 0.4270833333333333 0.4140625 0.425 0.409375 0.425 0.4078125 0.42291666666666666 0.4046875 0.42291666666666666 0.403125 0.42083333333333334 0.390625 0.42083333333333334 0.3890625 0.42291666666666666
0 0.40625 0.59375 0.4046875 0.5958333333333333 0.4046875 0.5979166666666667 0.4 0.6041666666666666 0.4 0.60625 0.396875 0.6104166666666667 0.396875 0.6125 0.3953125 0.6145833333333334 0.3953125 0.61875 0.39375 0.6208333333333333 0.39375 0.625 0.3953125 0.6270833333333333 0.3953125 0.6416666666666667 0.4015625 0.65 0.403125 0.65 0.4109375 0.6604166666666667 0.4125 0.6604166666666667 0.415625 0.6645833333333333 0.4171875 0.6645833333333333 0.4203125 0.66875 0.421875 0.66875 0.4265625 0.675 0.428125 0.675 0.4328125 0.68125 0.434375 0.68125 0.4375 0.6854166666666667 0.4390625 0.6854166666666667 0.440625 0.6875 0.4421875 0.6875 0.44375 0.6895833333333333 0.45 0.6895833333333333 0.4515625 0.6875 0.453125 0.6875 0.459375 0.6791666666666667 0.459375 0.675 0.4609375 0.6729166666666667 0.4609375 0.6666666666666666 0.4625 0.6645833333333333 0.4625 0.65625 0.4640625 0.6541666666666667 0.4640625 0.6416666666666667 0.465625 0.6395833333333333 0.465625 0.6083333333333333 0.4640625 0.60625 0.4640625 0.6 0.4625 0.5979166666666667 0.4625 0.5958333333333333 0.4578125 0.5895833333333333 0.45625 0.5895833333333333 0.4546875 0.5875 0.4515625 0.5875 0.45 0.5854166666666667 0.4484375 0.5854166666666667 0.446875 0.5833333333333334 0.4390625 0.5833333333333334 0.4375 0.58125 0.434375 0.58125 0.4328125 0.5833333333333334 0.4296875 0.5833333333333334 0.4265625 0.5875 0.425 0.5875 0.4234375 0.5895833333333333 0.4203125 0.5895833333333333 0.41875 0.5916666666666667 0.409375 0.5916666666666667 0.4078125 0.59375
0 0.309375 0.4166666666666667 0.2984375 0.43125 0.2984375 0.43333333333333335 0.296875 0.4354166666666667 0.296875 0.4395833333333333 0.2953125 0.44166666666666665 0.2953125 0.45 0.29375 0.45208333333333334 0.29375 0.45625 0.2921875 0.4583333333333333 0.2921875 0.46041666666666664 0.290625 0.4625 0.290625 0.46458333333333335 0.2890625 0.4666666666666667 0.2890625 0.4708333333333333 0.2875 0.47291666666666665 0.2875 0.47708333333333336 0.2859375 0.4791666666666667 0.2859375 0.48125 0.284375 0.48333333333333334 0.284375 0.4875 0.2828125 0.4895833333333333 0.2828125 0.5 0.284375 0.5020833333333333 0.284375 0.5041666666666667 0.2875 0.5083333333333333 0.2890625 0.5083333333333333 0.290625 0.5104166666666666 0.3046875 0.5104166666666666 0.30625 0.5083333333333333 0.3109375 0.5083333333333333 0.3125 0.50625 0.3390625 0.50625 0.340625 0.5041666666666667 0.3421875 0.5041666666666667 0.3484375 0.49583333333333335 0.35 0.49583333333333335 0.3546875 0.4895833333333333 0.3546875 0.4875 0.3609375 0.4791666666666667 0.3609375 0.47708333333333336 0.3625 0.475 0.3625 0.4625 0.35625 0.45416666666666666 0.3546875 0.45416666666666666 0.3375 0.43125 0.3375 0.42916666666666664 0.3359375 0.4270833333333333 0.334375 0.4270833333333333 0.3296875 0.42083333333333334 0.328125 0.42083333333333334 0.3265625 0.41875 0.3234375 0.41875 0.321875 0.4166666666666667
0 0.2546875 0.35833333333333334 0.2515625 0.3625 0.25 0.3625 0.24375 0.37083333333333335 0.24375 0.3729166666666667 0.240625 0.3770833333333333 0.240625 0.37916666666666665 0.2390625 0.38125 0.2390625 0.39791666666666664 0.240625 0.4 0.240625 0.4041666666666667 0.2421875 0.40625 0.2421875 0.4125 0.24375 0.41458333333333336 0.24375 0.4166666666666667 0.2453125 0.41875 0.2453125 0.42291666666666666 0.246875 0.425 0.246875 0.42916666666666664 0.2484375 0.43125 0.2484375 0.4395833333333333 0.25 0.44166666666666665 0.25 0.4479166666666667 0.2515625 0.45 0.2515625 0.45208333333333334 0.2546875 0.45625 0.2546875 0.4583333333333333 0.2578125 0.4625 0.259375 0.4625 0.2609375 0.46458333333333335 0.26875 0.46458333333333335 0.2703125 0.4625 0.271875 0.4625 0.278125 0.45416666666666666 0.2796875 0.45416666666666666 0.2875 0.44375 0.2875 0.44166666666666665 0.290625 0.4375 0.2921875 0.4375 0.296875 0.43125 0.296875 0.42916666666666664 0.303125 0.42083333333333334 0.3046875 0.42083333333333334 0.309375 0.41458333333333336 0.309375 0.4 0.3078125 0.39791666666666664 0.3078125 0.39375 0.30625 0.39166666666666666 0.30625 0.38958333333333334 0.303125 0.3854166666666667 0.3015625 0.3854166666666667 0.3 0.38333333333333336 0.2984375 0.38333333333333336 0.296875 0.38125 0.2953125 0.38125 0.29375 0.37916666666666665 0.2859375 0.37916666666666665 0.284375 0.38125 0.278125 0.38125 0.2765625 0.37916666666666665 0.2765625 0.3770833333333333 0.275 0.375 0.275 0.36875 0.2703125 0.3625 0.26875 0.3625 0.2671875 0.36041666666666666 0.265625 0.36041666666666666 0.2640625 0.35833333333333334
0 0.153125 0.3875 0.1515625 0.38958333333333334 0.15 0.38958333333333334 0.1484375 0.39166666666666666 0.146875 0.39166666666666666 0.1375 0.4041666666666667 0.1375 0.40625 0.1359375 0.4083333333333333 0.1359375 0.41041666666666665 0.134375 0.4125 0.134375 0.41458333333333336 0.1328125 0.4166666666666667 0.1328125 0.42083333333333334 0.13125 0.42291666666666666 0.13125 0.425 0.1296875 0.4270833333333333 0.1296875 0.43125 0.1359375 0.4395833333333333 0.1359375 0.44166666666666665 0.1421875 0.45 0.1421875 0.45208333333333334 0.1484375 0.46041666666666664 0.1484375 0.4625 0.1546875 0.4708333333333333 0.1546875 0.475 0.1609375 0.48333333333333334 0.1609375 0.48541666666666666 0.1703125 0.4979166666666667 0.171875 0.4979166666666667 0.1734375 0.5 0.1859375 0.5 0.1875 0.4979166666666667 0.1890625 0.4979166666666667 0.1953125 0.4895833333333333 0.1953125 0.4875 0.1984375 0.48333333333333334 0.1984375 0.48125 0.2015625 0.47708333333333336 0.2015625 0.475 0.2046875 0.4708333333333333 0.2046875 0.46875 0.20625 0.4666666666666667 0.20625 0.46458333333333335 0.209375 0.46041666666666664 0.209375 0.4583333333333333 0.2109375 0.45625 0.2109375 0.45416666666666666 0.2125 0.45208333333333334 0.2125 0.4479166666666667 0.215625 0.44375 0.215625 0.44166666666666665 0.2171875 0.4395833333333333 0.2171875 0.43125 0.21875 0.42916666666666664 0.21875 0.42291666666666666 0.2171875 0.42083333333333334 0.2171875 0.41875 0.215625 0.4166666666666667 0.215625 0.4125 0.2046875 0.39791666666666664 0.203125 0.39791666666666664 0.1984375 0.39166666666666666 0.1953125 0.39166666666666666 0.19375 0.38958333333333334 0.18125 0.38958333333333334 0.1796875 0.3875
0 0.0875 0.42083333333333334 0.084375 0.425 0.0828125 0.425 0.0765625 0.43333333333333335 0.075 0.43333333333333335 0.075 0.4354166666666667 0.071875 0.4395833333333333 0.071875 0.44166666666666665 0.0703125 0.44375 0.0703125 0.44583333333333336 0.06875 0.4479166666666667 0.06875 0.46041666666666664 0.0703125 0.4625 0.0703125 0.48333333333333334 0.071875 0.48541666666666666 0.071875 0.49166666666666664 0.0734375 0.49375 0.0734375 0.49583333333333335 0.0796875 0.5041666666666667 0.08125 0.5041666666666667 0.0828125 0.50625 0.0859375 0.50625 0.0875 0.5083333333333333 0.096875 0.5083333333333333 0.0984375 0.5104166666666666 0.11875 0.5104166666666666 0.1203125 0.5083333333333333 0.121875 0.5083333333333333 0.1234375 0.50625 0.125 0.50625 0.1265625 0.5041666666666667 0.128125 0.5041666666666667 0.1390625 0.4895833333333333 0.140625 0.4895833333333333 0.146875 0.48125 0.146875 0.475 0.1484375 0.47291666666666665 0.1484375 0.4666666666666667 0.146875 0.46458333333333335 0.146875 0.4625 0.1421875 0.45625 0.1421875 0.45416666666666666 0.1359375 0.44583333333333336 0.1359375 0.44375 0.1265625 0.43125 0.1265625 0.42916666666666664 0.1234375 0.425 0.1203125 0.425 0.11875 0.42291666666666666 0.115625 0.42291666666666666 0.1140625 0.42083333333333334 0.1109375 0.42083333333333334 0.109375 0.41875 0.09375 0.41875 0.0921875 0.42083333333333334
0 0.2234375 0.49583333333333335 0.2046875 0.49583333333333335 0.203125 0.4979166666666667 0.2 0.4979166666666667 0.1984375 0.5 0.19375 0.5 0.1921875 0.5020833333333333 0.190625 0.5020833333333333 0.1890625 0.5041666666666667 0.1875 0.5041666666666667 0.1828125 0.5104166666666666 0.1796875 0.5104166666666666 0.178125 0.5125 0.175 0.5125 0.175 0.5166666666666667 0.16875 0.525 0.16875 0.5270833333333333 0.1671875 0.5291666666666667 0.1671875 0.5479166666666667 0.16875 0.55 0.16875 0.5520833333333334 0.1703125 0.5541666666666667 0.1703125 0.5583333333333333 0.1734375 0.5625 0.1734375 0.5645833333333333 0.1796875 0.5729166666666666 0.1796875 0.575 0.184375 0.58125 0.184375 0.5833333333333334 0.1875 0.5875 0.1875 0.5895833333333333 0.1921875 0.5958333333333333 0.19375 0.5958333333333333 0.1984375 0.6020833333333333 0.2 0.6020833333333333 0.2015625 0.6041666666666666 0.20625 0.6041666666666666 0.2078125 0.60625 0.2125 0.60625 0.2140625 0.6041666666666666 0.2171875 0.6041666666666666 0.2265625 0.5916666666666667 0.228125 0.5916666666666667 0.2296875 0.5895833333333333 0.23125 0.5895833333333333 0.2359375 0.5833333333333334 0.2359375 0.58125 0.2375 0.5791666666666667 0.2375 0.5770833333333333 0.2390625 0.575 0.2390625 0.5729166666666666 0.240625 0.5708333333333333 0.240625 0.5645833333333333 0.2421875 0.5625 0.2421875 0.5291666666666667 0.240625 0.5270833333333333 0.240625 0.51875 0.2390625 0.5166666666666667 0.2390625 0.5145833333333333 0.2359375 0.5104166666666666 0.2359375 0.5083333333333333 0.2296875 0.5 0.228125 0.5 0.2265625 0.4979166666666667 0.225 0.4979166666666667
0 0 0.44166666666666665 0 0.5270833333333333 0.028125 0.5270833333333333 0.0296875 0.525 0.0328125 0.525 0.034375 0.5229166666666667 0.0390625 0.5229166666666667 0.04375 0.5166666666666667 0.04375 0.5145833333333333 0.0453125 0.5125 0.0453125 0.5083333333333333 0.04375 0.50625 0.04375 0.5041666666666667 0.0421875 0.5041666666666667 0.040625 0.5020833333333333 0.0390625 0.5041666666666667 0.03125 0.5041666666666667 0.0296875 0.5020833333333333 0.028125 0.5020833333333333 0.0265625 0.5 0.0265625 0.475 0.025 0.47291666666666665 0.025 0.4708333333333333 0.0140625 0.45625 0.0140625 0.45416666666666666 0.0125 0.45208333333333334 0.0125 0.45 0.0109375 0.4479166666666667 0.0109375 0.44583333333333336 0.0078125 0.44166666666666665
0 0 0.3770833333333333 0 0.4395833333333333 0.0015625 0.4395833333333333 0.003125 0.4375 0.0078125 0.4375 0.009375 0.4354166666666667 0.009375 0.43333333333333335 0.0078125 0.43125 0.0078125 0.42083333333333334 0.009375 0.41875 0.0109375 0.41875 0.0125 0.42083333333333334 0.0140625 0.42083333333333334 0.015625 0.42291666666666666 0.015625 0.425 0.01875 0.42916666666666664 0.0203125 0.42916666666666664 0.025 0.4354166666666667 0.0265625 0.4354166666666667 0.028125 0.4375 0.0359375 0.4375 0.0375 0.4354166666666667 0.0390625 0.4354166666666667 0.0421875 0.43125 0.04375 0.43125 0.0453125 0.42916666666666664 0.046875 0.42916666666666664 0.0484375 0.4270833333333333 0.05 0.4270833333333333 0.0515625 0.425 0.053125 0.425 0.059375 0.4166666666666667 0.059375 0.41458333333333336 0.0609375 0.4125 0.0609375 0.4083333333333333 0.059375 0.40625 0.059375 0.4041666666666667 0.0609375 0.40208333333333335 0.0609375 0.3958333333333333 0.0578125 0.39166666666666666 0.05 0.39166666666666666 0.0453125 0.39791666666666664 0.0328125 0.39791666666666664 0.03125 0.3958333333333333 0.028125 0.3958333333333333 0.0265625 0.39375 0.025 0.39375 0.0203125 0.3875 0.0203125 0.3854166666666667 0.01875 0.3854166666666667 0.0171875 0.38333333333333336 0.0125 0.38333333333333336 0.0109375 0.38125 0.0078125 0.38125 0.00625 0.37916666666666665 0.003125 0.37916666666666665 0.0015625 0.3770833333333333