0 0.19661458333333331 0.31192129629629634 0.10069444444444442 0.10995370370370372
0 0.15234375000000003 0.41203703703703703 0.09895833333333334 0.12962962962962965
0 0.08116319444444445 0.5590277777777778 0.10763888888888888 0.14120370370370375
0 0.3624131944444444 0.38657407407407407 0.08159722222222224 0.11574074074074071
0 0.3741319444444445 0.4751157407407407 0.08767361111111108 0.11226851851851852
0 0.4921875 0.44560185185185186 0.08246527777777776 0.1180555555555556
0 0.6106770833333333 0.41840277777777773 0.09375 0.1284722222222222
0 0.662326388888889 0.37962962962962965 0.0807291666666666 0.11805555555555554
0 0.6306423611111112 0.532986111111111 0.09375 0.1168981481481481
0 0.7269965277777778 0.43171296296296297 0.07118055555555572 0.10648148148148148
0 0.7999131944444444 0.4444444444444444 0.07118055555555544 0.11342592592592589
0 0.8567708333333334 0.3373842592592593 0.09635416666666678 0.10763888888888887
0 0.9166666666666666 0.4288194444444444 0.07725694444444464 0.10069444444444446
0 0.8715277777777777 0.4895833333333333 0.08420138888888892 0.1018518518518519
0 0.83203125 0.5989583333333334 0.08506944444444438 0.10763888888888881
0 0.1771265560165975 0.2601141078838175 0.16415975103734443 0.27048755186721996 0.15573132780082988 0.28345435684647313 0.15184128630705396 0.2972856154910098 0.14989626556016597 0.31371023513139706 0.15119294605809133 0.3301348547717843 0.16545643153526973 0.3491528354080222 0.1712914937759336 0.3560684647302905 0.1887966804979253 0.3595262793914247 0.1978734439834025 0.3560684647302905 0.21148858921161828 0.3560684647302905 0.2244553941908714 0.35001728907330576 0.23612551867219916 0.34396611341632094 0.24196058091286304 0.3361860304287691 0.24196058091286304 0.32494813278008305 0.23807053941908712 0.31284578146611347 0.23093879668049794 0.3016078838174275 0.2244553941908714 0.29036998616874143 0.21926867219917012 0.28086099585062246 0.206301867219917 0.2670297372060858 0.1965767634854772 0.2601141078838175 0.1842582987551867 0.25752074688796683
0 0.14470954356846474 0.3534751037344399 0.12850103734439836 0.3534751037344399 0.11423755186721993 0.3638485477178424 0.10840248962655603 0.38805325034578153 0.10516078838174274 0.39842669432918404 0.1135892116182573 0.4295470262793915 0.12979771784232366 0.45029391424619647 0.13563278008298757 0.460667358229599 0.14017116182572614 0.4675829875518673 0.15054460580912865 0.47104080221300143 0.15962136929460585 0.47017634854771795 0.18036825726141079 0.45029391424619647 0.1875 0.43386929460580925 0.1965767634854772 0.419173582295989 0.19852178423236516 0.4018845089903182 0.1933350622406639 0.38891770401106507 0.18814834024896268 0.38027316735822964 0.18101659751037347 0.375950899031812 0.17518153526970956 0.3750864453665284 0.16610477178423239 0.3742219917012449 0.15443464730290457 0.37335753803596133 0.14859958506224066 0.36211964038727534
0 0.0461618257261411 0.5099412171507608 0.03384336099585065 0.5177213001383126 0.029953319502074714 0.5203146611341632 0.028656639004149408 0.5289591977869986 0.028008298755186744 0.547112724757953 0.029953319502074714 0.5635373443983404 0.03254668049792534 0.569588520055325 0.033195020746887995 0.5765041493775933 0.03384336099585065 0.5920643153526971 0.03384336099585065 0.6058955739972338 0.040975103734439855 0.6179979253112032 0.04745850622406641 0.6214557399723375 0.05783195020746891 0.6275069156293223 0.0636670124481328 0.6240491009681881 0.07209543568464732 0.6197268326417704 0.07728215767634858 0.6162690179806363 0.09349066390041495 0.6050311203319503 0.10321576763485481 0.5937932226832642 0.11488589211618261 0.5825553250345782 0.12461099585062244 0.5704529737206087 0.12785269709543573 0.5618084370677732 0.09154564315352699 0.5393326417704011 0.08182053941908717 0.5419260027662517 0.07015041493775936 0.5419260027662517 0.06172199170124484 0.5401970954356847 0.06042531120331953 0.5306881051175657 0.061073651452282184 0.5185857538035962 0.06301867219917015 0.513399031811895
0 0.3515300829875519 0.3396438450899033 0.3366182572614108 0.34396611341632094 0.3275414937759336 0.3586618257261412 0.3210580912863071 0.387188796680498 0.323003112033195 0.4018845089903182 0.3288381742738589 0.41485131396957126 0.34375 0.4381915629322269 0.3521784232365145 0.4416493775933611 0.35801348547717843 0.43300484094052566 0.3638485477178423 0.42263139695712315 0.3696836099585062 0.4174446749654219 0.36838692946058094 0.40966459197787003 0.3761670124481328 0.40880013831258655 0.37940871369294604 0.40880013831258655 0.383298755186722 0.39842669432918404 0.3865404564315353 0.38632434301521446 0.39302385892116176 0.38632434301521446 0.39691390041493774 0.3992911479944676 0.3988589211618257 0.3923755186721992 0.3962655601659751 0.38373098201936384 0.38459543568464727 0.37162863070539426 0.3742219917012448 0.36211964038727534 0.3657935684647303 0.3534751037344399 0.35801348547717843 0.34396611341632094
0 0.3716286307053942 0.4183091286307055 0.3664419087136929 0.42349585062240674 0.3567168049792531 0.4390560165975105 0.3495850622406639 0.45202282157676354 0.34375 0.47017634854771795 0.3398599585062241 0.4857365145228217 0.3340248962655602 0.49178769017980645 0.3340248962655602 0.503890041493776 0.3359699170124481 0.5142634854771785 0.3495850622406639 0.5272302904564315 0.35931016597510373 0.5272302904564315 0.37098029045643155 0.5255013831258645 0.38200207468879666 0.5255013831258645 0.40015560165975106 0.5229080221300139 0.4124740663900416 0.5108056708160443 0.4131224066390041 0.49438105117565706 0.4118257261410789 0.48141424619640394 0.40923236514522826 0.46498962655601667 0.40663900414937765 0.45029391424619647 0.40145228215767637 0.4373271092669434 0.39756224066390045 0.4312759336099586 0.38459543568464727 0.4252247579529738
0 0.4799014522821577 0.4001556016597511 0.4669346473029046 0.4027489626556017 0.4552645228215768 0.42263139695712315 0.45202282157676354 0.4373271092669434 0.45656120331950206 0.46498962655601667 0.4649896265560166 0.4779564315352698 0.4773080912863071 0.4935165975103735 0.4889782157676349 0.5012966804979254 0.5019450207468881 0.5012966804979254 0.5213952282157677 0.4753630705394192 0.5239885892116183 0.47017634854771795 0.5246369294605809 0.45202282157676354 0.5246369294605809 0.4416493775933611 0.5239885892116183 0.4269536652835409 0.5213952282157677 0.41571576763485485 0.5155601659751038 0.40966459197787003 0.5038900414937759 0.40361341632088527 0.49805497925311204 0.4018845089903182 0.49221991701244816 0.39756224066390045
0 0.6076244813278009 0.36471300138312596 0.597899377593361 0.3698997233748272 0.5842842323651453 0.38373098201936384 0.5778008298755186 0.39842669432918404 0.5758558091286308 0.41485131396957126 0.5797458506224067 0.4312759336099586 0.6004927385892117 0.4563450899031813 0.6121628630705395 0.46239626556016605 0.6322614107883818 0.4762275242047027 0.6426348547717843 0.47968533886583686 0.6497665975103735 0.4589384508990319 0.6556016597510373 0.42608921161825736 0.6568983402489627 0.4044778699861688 0.65625 0.38805325034578153 0.6497665975103735 0.3776798063623791 0.6413381742738589 0.3707641770401107 0.6270746887966805 0.36644190871369303 0.620591286307054 0.36644190871369303
0 0.6290197095435686 0.355204011065007 0.6303163900414938 0.345695020746888 0.6367997925311204 0.33705048409405264 0.6419865145228216 0.3301348547717843 0.6484699170124482 0.32667704011065013 0.6588433609958506 0.3275414937759337 0.6692168049792532 0.33532157676348556 0.6782935684647303 0.3413727524204704 0.6880186721991701 0.3491528354080222 0.6945020746887967 0.3569329183955741 0.6970954356846473 0.3681708160442601 0.6957987551867221 0.3828665283540803 0.6899636929460582 0.39583333333333337 0.6821836099585062 0.40793568464730295 0.6718101659751038 0.42176694329183967 0.6594917012448133 0.43559820193637633 0.6556016597510373 0.4381915629322269 0.65625 0.4209024896265561 0.6568983402489627 0.4062067773167359 0.6588433609958506 0.3932399723374828 0.65625 0.38027316735822964 0.6452282157676349 0.3707641770401107 0.6380964730290457 0.3655774550484095
0 0.6056794605809129 0.5108056708160443 0.5953060165975104 0.5168568464730291 0.5914159751037344 0.5324170124481328 0.5940093360995851 0.5453838174273858 0.6069761410788381 0.5644017980636238 0.6115145228215768 0.5730463347164592 0.620591286307054 0.5834197786998616 0.6283713692946058 0.588606500691563 0.6367997925311204 0.59033540802213 0.6458765560165975 0.59033540802213 0.6536566390041494 0.5799619640387275 0.6607883817427387 0.5721818810511756 0.6659751037344399 0.5644017980636238 0.6711618257261411 0.5574861687413555 0.673106846473029 0.5462482710926694 0.6737551867219918 0.5289591977869986 0.6737551867219918 0.515127939142462 0.6692168049792532 0.49438105117565706 0.6646784232365145 0.4848720608575381 0.6504149377593361 0.47968533886583686 0.6432831950207469 0.47968533886583686 0.6367997925311204 0.48746542185338876 0.635503112033195 0.5004322268326419 0.6303163900414938 0.5056189488243431 0.6231846473029046 0.5056189488243431 0.6147562240663901 0.5082123098201937
0 0.7217323651452283 0.3845954356846474 0.7068205394190872 0.3854598893499309 0.69774377593361 0.3992911479944676 0.691908713692946 0.4174446749654219 0.6893153526970954 0.4373271092669434 0.6912603734439834 0.4589384508990319 0.6945020746887967 0.4736341632088521 0.6951504149377594 0.4857365145228217 0.7262707468879668 0.4848720608575381 0.7509076763485477 0.4684474412171509 0.7632261410788381 0.45202282157676354 0.7645228215767635 0.4373271092669434 0.7625778008298755 0.4174446749654219 0.7586877593360997 0.40793568464730295 0.7528526970954357 0.3992911479944676 0.7424792531120332 0.3923755186721992 0.7321058091286308 0.38978215767634866
0 0.8384336099585064 0.2972856154910098 0.8267634854771785 0.31976141078838183 0.8189834024896265 0.3292704011065008 0.8150933609958507 0.35001728907330576 0.8163900414937759 0.3681708160442601 0.8261151452282158 0.38200207468879677 0.8488070539419088 0.39064661134163214 0.8637188796680497 0.39151106500691574 0.8792790456431536 0.38632434301521446 0.8922458506224066 0.38027316735822964 0.9000259336099585 0.3750864453665284 0.902619294605809 0.3595262793914247 0.902619294605809 0.3465594744121716 0.8941908713692946 0.3292704011065008 0.887707468879668 0.31543914246196414 0.8805757261410788 0.3050656984785617 0.8734439834024897 0.29815006915629333 0.8676089211618259 0.2938278008298756 0.8371369294605809 0.28777662517289077
0 0.9052126556016598 0.38373098201936384 0.89548755186722 0.38891770401106507 0.8883558091286308 0.39756224066390045 0.878630705394191 0.41658022130013844 0.878630705394191 0.43041147994467505 0.8805757261410788 0.4373271092669434 0.8980809128630705 0.45115836791148006 0.902619294605809 0.4762275242047027 0.9142894190871369 0.4762275242047027 0.92725622406639 0.4667185338865838 0.9337396265560166 0.4537517289073306 0.9454097510373444 0.43473374827109273 0.9551348547717842 0.41571576763485485 0.9499481327800829 0.40534232365145234 0.9428163900414939 0.4001556016597511 0.9285529045643154 0.39842669432918404 0.9227178423236515 0.39151106500691574
0 0.8591804979253113 0.45807399723374836 0.8455653526970954 0.4684474412171509 0.8384336099585064 0.47709197786998625 0.8306535269709544 0.4909232365145229 0.8306535269709544 0.5064834024896266 0.8364885892116183 0.5159923928077456 0.8488070539419088 0.5272302904564315 0.8760373443983402 0.5324170124481328 0.8903008298755187 0.5350103734439834 0.9019709543568466 0.537603734439834 0.912344398340249 0.5298236514522823 0.9136410788381744 0.5203146611341632 0.9129927385892117 0.5073478561549102 0.9091026970954357 0.502161134163209 0.9084543568464729 0.4900587828492393 0.9052126556016598 0.46931189488243436 0.9000259336099585 0.4589384508990319 0.893542531120332 0.44770055325034586 0.8831690871369295 0.44251383125864463 0.8740923236514522 0.44251383125864463 0.8682572614107883 0.4442427385892117 0.8624221991701244 0.449429460580913
0 0.8189834024896265 0.558350622406639 0.8021265560165975 0.5669951590594745 0.7924014522821577 0.5782330567081605 0.7904564315352698 0.5920643153526971 0.7924014522821577 0.6050311203319503 0.8027748962655602 0.6197268326417704 0.8118516597510373 0.6275069156293223 0.8254668049792532 0.633558091286307 0.8358402489626556 0.6387448132780082 0.8423236514522822 0.643067081604426 0.8501037344398341 0.6465248962655602 0.8585321576763485 0.6508471645919779 0.8682572614107883 0.6447959889349931 0.8727956431535271 0.6344225449515906 0.8721473029045643 0.6076244813278008 0.8714989626556017 0.5937932226832642 0.8714989626556017 0.5808264177040111 0.868905601659751 0.569588520055325 0.8598288381742739 0.5566217150760718 0.8526970954356846 0.5531639004149377 0.848158713692946 0.5548928077455049 0.8390819502074688 0.5592150760719226 0.829356846473029 0.5592150760719226