0 0.1290625 0.31375 0.1446875 0.3129166666666666 0.15625 0.32708333333333334 0.1771875 0.3572916666666667 0.17734375 0.37416666666666665 0.170625 0.3770833333333333 0.16328125 0.3783333333333333 0.14156249999999998 0.3872916666666667 0.133125 0.385625 0.1203125 0.3827083333333333 0.11374999999999999 0.3752083333333333 0.10703125 0.3597916666666666 0.10640625 0.34625 0.11015625 0.3335416666666667 0.11578124999999999 0.3252083333333333
0 0.094375 0.40395833333333336 0.09718750000000001 0.40708333333333335 0.0965625 0.41541666666666666 0.10218750000000001 0.425 0.11046875 0.425 0.11671875000000001 0.42124999999999996 0.1234375 0.40895833333333337 0.1371875 0.41541666666666666 0.14250000000000002 0.4295833333333333 0.144375 0.44020833333333337 0.123125 0.4858333333333333 0.11625 0.49104166666666665 0.10874999999999999 0.4891666666666667 0.103125 0.479375 0.09468750000000001 0.46625 0.083125 0.45208333333333334 0.07781249999999999 0.434375 0.07781249999999999 0.425 0.08156250000000001 0.41520833333333335 0.09109375 0.40395833333333336
0 0.05109375000000001 0.5239583333333333 0.04546875 0.521875 0.040781250000000005 0.5266666666666667 0.041249999999999995 0.5416666666666666 0.05171875 0.5683333333333334 0.0590625 0.5841666666666666 0.06687499999999999 0.5883333333333333 0.07578125 0.584375 0.09890625 0.5637500000000001 0.1003125 0.5589583333333333 0.1065625 0.5539583333333333 0.10703125 0.544375 0.09796875000000001 0.544375 0.096875 0.5491666666666667 0.08984375 0.5570833333333333 0.07265625 0.5427083333333333 0.06453125 0.5477083333333332 0.0521875 0.5483333333333333 0.047343750000000004 0.5393749999999999 0.05 0.5314583333333334 0.0546875 0.52625
0 0.2328125 0.38708333333333333 0.22640625 0.4033333333333333 0.22640625 0.415625 0.2290625 0.4239583333333333 0.22984374999999999 0.43145833333333333 0.23515625 0.45125 0.2459375 0.46270833333333333 0.24921875 0.455625 0.2534375 0.45395833333333335 0.25906250000000003 0.4483333333333333 0.2646875 0.44895833333333335 0.27875 0.4395833333333333 0.28500000000000003 0.42833333333333334 0.28578125 0.42270833333333335 0.280625 0.41770833333333335 0.27640625 0.423125 0.2621875 0.4185416666666667 0.2609375 0.41208333333333336 0.25875 0.41020833333333334 0.24859375 0.41625 0.24140625 0.4014583333333333 0.24359375 0.39708333333333334 0.24078125 0.39499999999999996
0 0.26187499999999997 0.44854166666666667 0.25875 0.44854166666666667 0.2534375 0.4535416666666666 0.24921875 0.45583333333333337 0.2384375 0.4775 0.23796875 0.4920833333333333 0.2290625 0.516875 0.2290625 0.5252083333333333 0.2346875 0.5329166666666667 0.2425 0.5345833333333334 0.27734375 0.5314583333333334 0.289375 0.525 0.29109375000000004 0.5202083333333333 0.29 0.5133333333333333 0.28484375 0.5114583333333333 0.28203125 0.49020833333333336 0.27625 0.48541666666666666 0.2725 0.4795833333333333 0.26968749999999997 0.46270833333333333 0.26578124999999997 0.4552083333333333
0 0.3265625 0.4404166666666667 0.3125 0.460625 0.3146875 0.479375 0.31906249999999997 0.4970833333333333 0.33140625 0.5220833333333333 0.3359375 0.52625 0.34234375 0.52625 0.34875 0.5202083333333333 0.3715625 0.4920833333333333 0.3740625 0.48374999999999996 0.374375 0.46875 0.36906249999999996 0.4564583333333333 0.36171875 0.44708333333333333 0.354375 0.44145833333333334 0.34734375 0.43875 0.335 0.4372916666666667
0 0.38609375 0.44479166666666664 0.3834375 0.4735416666666667 0.38890625 0.4872916666666667 0.39734375 0.5010416666666667 0.40734375 0.51125 0.41828125 0.5295833333333333 0.425625 0.5345833333333334 0.433125 0.5333333333333333 0.43796875 0.5227083333333333 0.4421875 0.50625 0.445625 0.485625 0.44890625 0.46499999999999997 0.44828124999999996 0.45083333333333336 0.44265625000000003 0.44395833333333334 0.43562500000000004 0.44333333333333336 0.41796875 0.43833333333333335 0.40437500000000004 0.44458333333333333 0.40031249999999996 0.44395833333333334 0.39765625 0.440625
0 0.41265625000000006 0.5516666666666666 0.41609375000000004 0.55 0.416875 0.5447916666666667 0.42640625 0.535 0.4340625 0.533125 0.43765625 0.52375 0.44265625000000003 0.5245833333333334 0.45109374999999996 0.5185416666666667 0.45109374999999996 0.5114583333333333 0.45625 0.5125 0.46609375000000003 0.5204166666666666 0.47375 0.5347916666666667 0.47640625 0.5714583333333334 0.47390625000000003 0.5856250000000001 0.46859375 0.5935416666666666 0.4640625 0.5954166666666667 0.460625 0.59625 0.4559375 0.6039583333333333 0.4446875 0.6047916666666667 0.43765625 0.5991666666666667 0.4303125 0.5889583333333334 0.41515625 0.5695833333333333
0 0.46796875 0.37937499999999996 0.45359375 0.4045833333333333 0.45828125000000003 0.4266666666666667 0.46484375 0.4454166666666667 0.46640625 0.46229166666666666 0.47140624999999997 0.47104166666666664 0.48015625 0.47229166666666667 0.48828125 0.46520833333333333 0.5153125000000001 0.43145833333333333 0.51640625 0.40562499999999996 0.50859375 0.40541666666666665 0.5009375 0.41458333333333336 0.49312500000000004 0.40708333333333335 0.49171875 0.3954166666666667 0.47671875 0.37895833333333334
0 0.5315624999999999 0.4327083333333333 0.54796875 0.4452083333333333 0.5689062500000001 0.4789583333333333 0.56421875 0.49770833333333336 0.55265625 0.5089583333333334 0.54734375 0.508125 0.5421875 0.5135416666666667 0.528125 0.5135416666666667 0.52140625 0.5202083333333333 0.51125 0.5210416666666666 0.50703125 0.5170833333333333 0.5037499999999999 0.5091666666666667 0.5040625000000001 0.49645833333333333 0.50890625 0.478125 0.51015625 0.46041666666666664 0.5131249999999999 0.44916666666666666 0.5220312500000001 0.43354166666666666
0 0.62625 0.37270833333333336 0.6359375 0.35833333333333334 0.646875 0.35 0.65625 0.3470833333333333 0.6671875 0.3485416666666667 0.67796875 0.35583333333333333 0.68859375 0.373125 0.6934375 0.39333333333333337 0.69703125 0.4214583333333334 0.69328125 0.4375 0.6837500000000001 0.44208333333333333 0.675 0.4427083333333333 0.6646875 0.4425 0.65453125 0.4408333333333333 0.6421875 0.43833333333333335 0.6309375 0.42916666666666664 0.6246875000000001 0.41791666666666666 0.619375 0.4047916666666667 0.620625 0.38979166666666665
0 0.59859375 0.443125 0.61015625 0.43687499999999996 0.6215625 0.43875 0.62765625 0.44375 0.634375 0.45770833333333333 0.6342187499999999 0.476875 0.630625 0.4877083333333333 0.6275000000000001 0.49937499999999996 0.62703125 0.5154166666666666 0.62765625 0.520625 0.621875 0.5285416666666667 0.6121875 0.5277083333333333 0.59578125 0.504375 0.5895312500000001 0.5 0.5765625 0.47854166666666664 0.5765625 0.4583333333333333 0.57921875 0.45249999999999996 0.58375 0.4452083333333333 0.58875 0.4429166666666667 0.5939062500000001 0.4429166666666667
0 0.63453125 0.5210416666666666 0.63375 0.5454166666666667 0.6421875 0.556875 0.654375 0.5639583333333333 0.6621875 0.5641666666666667 0.68296875 0.578125 0.69203125 0.5772916666666668 0.69640625 0.573125 0.6984375 0.5677083333333334 0.6984375 0.5547916666666667 0.69609375 0.55 0.6946875 0.5102083333333334 0.6890625 0.5 0.68203125 0.49 0.67640625 0.4858333333333333 0.6682812499999999 0.4847916666666666 0.66328125 0.4925 0.6453125 0.5083333333333333
0 0.6178125 0.5825 0.6253124999999999 0.5941666666666666 0.63578125 0.59125 0.6390625 0.578125 0.6598437500000001 0.58125 0.6628125 0.590625 0.66140625 0.65125 0.658125 0.6579166666666667 0.6534375 0.6620833333333334 0.646875 0.6616666666666667 0.63046875 0.6475000000000001 0.61125 0.6310416666666666 0.60390625 0.621875 0.6021875 0.6077083333333333 0.60421875 0.5870833333333334
0 0.7462500000000001 0.41750000000000004 0.74390625 0.424375 0.7440625 0.43520833333333336 0.7498437499999999 0.44145833333333334 0.75953125 0.443125 0.76765625 0.44104166666666667 0.7684375 0.435625 0.77390625 0.44937499999999997 0.77890625 0.45729166666666665 0.7828125 0.4564583333333333 0.78515625 0.46479166666666666 0.77828125 0.466875 0.77859375 0.471875 0.7603125000000001 0.4925 0.748125 0.5029166666666667 0.7357812499999999 0.50375 0.7303124999999999 0.49395833333333333 0.720625 0.485625 0.720625 0.4675 0.7251562500000001 0.4404166666666667 0.72890625 0.425 0.7345312500000001 0.41812499999999997 0.7403125 0.415
0 0.78 0.5856250000000001 0.77515625 0.5914583333333333 0.77296875 0.6060416666666666 0.7735937500000001 0.63125 0.77578125 0.6514583333333334 0.77859375 0.6629166666666666 0.7878125 0.6706249999999999 0.7934375 0.671875 0.80109375 0.6777083333333334 0.8087500000000001 0.676875 0.81796875 0.6720833333333334 0.82421875 0.6625 0.84046875 0.6314583333333333 0.8390625 0.61875 0.8371875 0.6097916666666666 0.8285937499999999 0.6108333333333333 0.81578125 0.6 0.8120312500000001 0.6004166666666666 0.8057812500000001 0.6066666666666667 0.78640625 0.611875 0.7810937499999999 0.6066666666666667 0.78171875 0.5935416666666666 0.78625 0.5897916666666667 0.78609375 0.5875
0 0.91328125 0.424375 0.9129687499999999 0.4389583333333333 0.9154687499999999 0.443125 0.9171875 0.455625 0.9193749999999999 0.4610416666666667 0.9596875 0.49125 0.9692187499999999 0.491875 0.9779687499999999 0.48854166666666665 0.9984375 0.4454166666666667 0.9984375 0.41083333333333333 0.99390625 0.4116666666666667 0.9935937499999999 0.4266666666666667 0.9871874999999999 0.4270833333333333 0.96265625 0.41750000000000004 0.95765625 0.41812499999999997 0.9418749999999999 0.43666666666666665 0.9365625 0.434375 0.93234375 0.43145833333333333 0.9295312499999999 0.420625
0 0.7849999999999999 0.47312499999999996 0.79015625 0.46020833333333333 0.8097165991902834 0.4645327260458839 0.8384375000000001 0.44104166666666667 0.8448437500000001 0.446875 0.85078125 0.46166666666666667 0.851875 0.47979166666666667 0.84796875 0.5008333333333334 0.83953125 0.5247916666666667 0.8318749999999999 0.5254166666666666 0.82484375 0.52625 0.8209375 0.5310416666666666 0.8099999999999999 0.5310416666666666 0.80296875 0.5243749999999999 0.7878125 0.498125
0 0.14195312499999999 0.3357291666666667 0.07078124999999999 0.103125
0 0.1109375 0.4345833333333334 0.0671875 0.11166666666666665
0 0.073828125 0.5392708333333334 0.06578124999999999 0.0989583333333334
0 0.25593750000000004 0.4123958333333333 0.05874999999999999 0.09937500000000003
0 0.260078125 0.49156249999999996 0.06234375000000001 0.08520833333333329
0 0.3434375 0.4763541666666667 0.061562500000000006 0.10062500000000002
0 0.41609375000000004 0.4830208333333334 0.06500000000000003 0.10312500000000006
0 0.44429687500000004 0.5556249999999999 0.06359374999999998 0.09833333333333337
0 0.48484375000000013 0.42031250000000003 0.06281249999999998 0.10354166666666664
0 0.53625 0.46677083333333336 0.06468749999999997 0.10812500000000001
0 0.6055468749999999 0.47375 0.05828125000000002 0.10874999999999997
0 0.658203125 0.38197916666666665 0.07796874999999996 0.121875
0 0.66625 0.5252083333333334 0.06468750000000005 0.10625000000000005
0 0.6326562499999999 0.6125 0.06062500000000002 0.09874999999999995
0 0.752578125 0.4427083333333333 0.06421874999999995 0.12124999999999998
0 0.8183021255060728 0.4780701754385962 0.06682945344129569 0.10593792172739493
0 0.8067187499999999 0.61375 0.06781249999999997 0.12791666666666673
0 0.955859375 0.4297730042656916 0.08515625 0.12371267519804986