0 0.044661458333333334 0.37152359314688327 0.08932291666666667 0.12223059148401129
0 0.11393554145867997 0.3458353554261416 0.12474608291735993 0.13403182196339422
0 0.15463785419022322 0.4562621102132828 0.11884929161955367 0.14580911290676782
0 0.22792242963117024 0.3094053313921242 0.08084485926234053 0.13478288500647068
0 0.28655150600748297 0.36481758233157546 0.09356365465170069 0.11619816867018233
0 0.3636442684058644 0.36144128519175633 0.08346747469303772 0.12874548404592723
0 0.4216439592985754 0.25058619241615926 0.09108708140284927 0.14049428183434814
0 0.4295657360985986 0.418172908757044 0.09868102780280283 0.12129307137480096
0 0.3951105190225469 0.5362460652978613 0.10270977209944765 0.128693600368324
0 0.5629274791975009 0.34291086819185135 0.08887579172833507 0.150405069717036
0 0.621875 0.3640625 0.0723958333333334 0.13993055555555559
0 0.6181427662478589 0.5221225169274862 0.10433946750428227 0.1467271883672497
0 0.8312298745108674 0.19502316389504287 0.1034520992866403 0.1396091075953826
0 0.7452713469800181 0.3029493042340931 0.09848345241816148 0.13031855670261042
0 0.849221568162179 0.34802138106991726 0.12395269700897522 0.165762793415721
0 0.10828243787977683 0.2874294805107918 0.09187618787977683 0.2874294805107918 0.08276160454644349 0.2933322582885696 0.07312618787977684 0.30861003606634735 0.06869910454644351 0.3169433693996807 0.06765743787977684 0.332915591621903 0.0741678545464435 0.3478461471774585 0.08484493787977684 0.364165591621903 0.09526160454644349 0.3822211471774585 0.1069803545464435 0.39576281384412515 0.11505327121311018 0.40652670273301406 0.1264082432057682 0.4118090220003697 0.1386274611758181 0.41215566648178953 0.14590699528563508 0.4041828434091329 0.15474642956184143 0.39101035311517834 0.1607260468663339 0.3757579959327047 0.16276041666666669 0.3597222222222222 0.16588541666666667 0.34270833333333334 0.16458333333333333 0.325 0.15968611342207434 0.30781567757441297 0.14552202121311014 0.30027670273301404 0.13744910454644346 0.2933322582885696 0.12442827121311018 0.2881239249552363
0 0.15061523649963382 0.4095260616641591 0.13733398649963383 0.41890106166415914 0.12353190316630047 0.4310538394419369 0.11624023649963382 0.4407760616641591 0.11519856983296717 0.4532760616641591 0.12118815316630047 0.4706371727752703 0.12900065316630047 0.48834550610860356 0.13993815316630048 0.5015399505530481 0.14644856983296717 0.5119566172197147 0.15660481983296717 0.5227205061086037 0.17066731983296718 0.5258455061086036 0.1844694031663005 0.5133455061086036 0.19503821755407658 0.5015899426881124 0.20179778494176376 0.4870308744684785 0.20413763519134784 0.4606858938805694 0.20335768510815316 0.44092715843963765 0.19685810108153076 0.42255500092438525 0.1844694031663005 0.4074427283308258 0.1732714864996338 0.4039705061086036 0.16259440316630047 0.4039705061086036
0 0.23450954976818883 0.2831360172936654 0.22761066625069332 0.27606304307635426 0.22305121643485534 0.26577490618255434 0.21393663310152208 0.2581360172936654 0.20716579976818875 0.2577887950714432 0.20039496643485538 0.26056657284922097 0.1933637164348554 0.2713304617381099 0.18919704976818874 0.28244157284922095 0.1877552169994454 0.3019232991310778 0.1913949840543539 0.3147491449436125 0.1978945680809762 0.33450788038454426 0.20378038310152208 0.3532749061825543 0.20794704976818873 0.3692471284047765 0.2183637164348554 0.3768860172936655 0.23216579976818882 0.37133046173810985 0.24128038310152214 0.35987212840477656 0.24766274958402662 0.3510630430763542 0.2507877495840266 0.3354380430763542 0.25677733291736005 0.3271047097430209 0.2673101254853023 0.3178689452763912 0.26887002565169166 0.3019232991310778 0.25846788310152213 0.28626101729366543 0.25065538310152213 0.2772332395158877 0.24154079976818882 0.2772332395158877
0 0.27956163310152204 0.31889932844175184 0.2668012164348553 0.3178576617750852 0.26055121643485535 0.32271877288619627 0.25586371643485534 0.33035766177508513 0.25169704976818874 0.33903821733064077 0.25104816625069326 0.3507152431133296 0.25039496643485537 0.36230210621952963 0.24935329976818874 0.37028821733064077 0.2449262164348554 0.3793159951084185 0.2425824664348554 0.3907743284417518 0.24154079976818874 0.40188543955286293 0.2455794162506933 0.4156457986688851 0.25182941625069327 0.420159687557774 0.26393663310152204 0.4199409951084186 0.27643663310152206 0.41612155066397416 0.28867621643485536 0.41542710621952966 0.3009157997681887 0.41542710621952966 0.30846788310152207 0.4105659951084186 0.3218814995840266 0.3996735764466629 0.3276106662506933 0.3885624653355518 0.3268294162506933 0.36772913200221846 0.31953774958402664 0.35904857644666294 0.31289496643485537 0.35466321733064077 0.3069053831015221 0.34528821733064075 0.2993532997681888 0.33730210621952966 0.29128038310152204 0.32688543955286303
0 0.346054225826048 0.32814695415048994 0.3372000591593813 0.3361330652616011 0.3332938091593813 0.3521052874838233 0.334335475826048 0.3677302874838233 0.337460475826048 0.3833552874838233 0.3431896424927146 0.39099417637271217 0.3517833924927146 0.39828584303937886 0.3629813091593813 0.41009139859493443 0.3760021424927147 0.4215497319282677 0.38720005915938127 0.42536917637271215 0.39345005915938136 0.414258065261601 0.3911063091593814 0.401758065261601 0.3952729758260481 0.3962025097060455 0.4036063091593814 0.3902997319282677 0.4054292258260482 0.37675806526160105 0.4054292258260482 0.36425806526160104 0.40464797582604817 0.3493275097060455 0.3965750591593814 0.3368275097060455 0.3924083924927147 0.3302302874838233 0.384335475826048 0.323633065261601 0.3713146424927146 0.31877195415049 0.36376255915938127 0.3194663985949344 0.353085475826048 0.3212025097060455
0 0.3906788400164859 0.22593451330348743 0.37922050668315255 0.24780951330348744 0.3781788400164859 0.2623928466368209 0.38364759001648585 0.2870456244145983 0.39224134001648586 0.30232340219237613 0.4119791666666667 0.31875 0.4341145833333334 0.3173611111111111 0.4464080066831525 0.309962291081265 0.45860154950083204 0.2993269319652429 0.46614583333333337 0.2861111111111111 0.46437675668315254 0.25996229108126523 0.45734550668315255 0.23808729108126522 0.44875175668315254 0.2241984021923763 0.43703300668315254 0.21274006885904298 0.4237517566831525 0.20475395774793187 0.4130746733498193 0.20683729108126522 0.40396009001648603 0.20996229108126524 0.3979705066831526 0.218990068859043
0 0.416200106655421 0.3890207670048588 0.40995010665542103 0.39700687811596996 0.40656468998875434 0.40672910033819215 0.40317927332208764 0.42061798922708105 0.40005427332208765 0.43346521144930333 0.40343968998875435 0.4473541003381923 0.41047093998875434 0.45811798922708113 0.4198459399887543 0.4647152114493033 0.43000218998875434 0.4695763225604145 0.43859593998875435 0.4685346558937478 0.4471896899887543 0.4716596558937478 0.45760635665542104 0.47652076700485896 0.46854385665542103 0.48034021144930333 0.47604989947310045 0.47293919855795896 0.47787281613976706 0.46078642078018117 0.47739802332208764 0.4483957670048589 0.47817927332208765 0.4292985447826367 0.47713760665542104 0.4150624336715255 0.474012606655421 0.40325687811597 0.46958552332208764 0.3911041003381922 0.46073135665542103 0.38034021144930336 0.4518771899887543 0.37374298922708105 0.4438042733220876 0.37061798922708106 0.43442927332208764 0.3727013225604144 0.42349177332208765 0.3824235447826366
0 0.40094720604547973 0.4950042752819376 0.3960075221852468 0.4977774311332964 0.39059596373677385 0.5017540210759847 0.38538763040344054 0.5024484655204291 0.3757522137367738 0.5086984655204291 0.37262721373677393 0.5177262432982068 0.37288763040344064 0.5274484655204291 0.3705438804034406 0.5399484655204289 0.37314804707010724 0.5510595766315399 0.37731471373677383 0.56043457663154 0.38486679707010724 0.5670317988537621 0.39293971373677394 0.57605957663154 0.40517929707010714 0.5833512432982066 0.41299179707010714 0.5927262432982067 0.42288763040344063 0.5982817988537621 0.431885226012202 0.5972643973007951 0.4395902662229618 0.5902956877426512 0.44141318288962844 0.5788373544093178 0.44424179707010725 0.5559206877426511 0.4447626304034406 0.5284901321870957 0.44241888040344063 0.505573465520429 0.43538763040344064 0.4958512432982068 0.423408463736774 0.49168457663154014 0.40986679707010715 0.49029568774265125 0.4043980470701071 0.4934206877426513
0 0.5582336730449252 0.3275721020521353 0.5498475243072474 0.3256797647209634 0.5438579409739139 0.32151309805429673 0.5370871076405808 0.32047143138763 0.5303162743072474 0.3222075424987411 0.5248475243072473 0.32845754249874115 0.521201690973914 0.33922143138763 0.519639190973914 0.35484643138763 0.5178162743072473 0.37220754249874116 0.5191183576405807 0.3854019869431856 0.5183371076405806 0.40033254249874123 0.5214621076405808 0.4076242091654078 0.5245871076405806 0.4117908758320745 0.5323003327787023 0.41599590959511923 0.5403732494453689 0.4170375762617859 0.5459412743072474 0.41213809805429674 0.5563579409739139 0.4034575424987412 0.5691183576405807 0.3933880980542967 0.5795523086522464 0.3806087077093732 0.579014190973914 0.3683880980542967 0.5777121076405807 0.3569297647209634 0.5761496076405808 0.34929087583207447 0.5704528910149752 0.35010399334442593 0.5647332570715475 0.33693150305047137
0 0.5899652120238522 0.3561265517926435 0.5871006286905188 0.36168210734819906 0.5850172953571855 0.3762654406815324 0.5878818786905188 0.3901543295704213 0.5938714620238522 0.4057793295704213 0.603125 0.4204861111111111 0.6087152120238521 0.42800155179264354 0.6170485453571855 0.4342515517926435 0.6342360453571855 0.43459877401486574 0.6454339620238522 0.4328626629037546 0.6529860453571855 0.42730710734819904 0.6566318786905189 0.42244599623708795 0.6587152120238522 0.4102932184593102 0.6591098169717138 0.39828526529857644 0.6584547953571855 0.38980710734819907 0.6584547953571855 0.36515432957042127 0.6558506286905189 0.35300155179264353 0.6486979166666667 0.34131944444444445 0.6494904326123128 0.3421288593085598 0.6419509151414309 0.3355426141615825 0.6341514143094841 0.3355426141615825 0.6219964620238522 0.3384182184593102 0.6131422953571855 0.3422376629037547 0.6063714620238522 0.3477932184593102 0.5977777120238522 0.35195988512597687
0 0.6129250416739442 0.48298945945421423 0.6026977606766499 0.483911651876502 0.5939146250072775 0.48819779278754755 0.5858417083406108 0.49167001500976976 0.5808017106426366 0.4947758314615806 0.5771558773093034 0.49408138701713616 0.57351004397597 0.4996369425726917 0.5722079606426367 0.5079702759060251 0.5711662939759701 0.5194286092393584 0.5748121273093034 0.5291508314615806 0.5753329606426367 0.5416508314615808 0.5771558773093034 0.5510258314615805 0.5780292083406109 0.5635450150097695 0.5802808773093033 0.5739424981282472 0.5815182161674985 0.5861336430024031 0.5899162939759701 0.5930397203504694 0.5953202995008319 0.5958558652246254 0.6031327995008319 0.5944669763357364 0.6094475439759701 0.594081387017136 0.6195966791458679 0.582358684599741 0.6281327995008319 0.5684253096690698 0.6400083750072775 0.5503505705653252 0.6462583750072775 0.5270866816764365 0.6440351150859678 0.5137230772786096 0.6396153979478647 0.5026304538731742 0.6357496273093034 0.4926924981282473 0.6289787939759701 0.4902619425726918
0 0.751114227400312 0.2603874253214154 0.7386142274003119 0.2714985364325265 0.7294996440669785 0.2780957586547487 0.7203850607336452 0.275317980876971 0.7167392274003119 0.27948464754363767 0.7107496440669786 0.2874707586547488 0.7107496440669786 0.2978874253214155 0.7113699389905712 0.30538569975965985 0.7155296727676095 0.3112786559437974 0.7163096228508042 0.3213313459049732 0.7190829774003119 0.32774853643252655 0.7242913107336453 0.334692980876971 0.7349683940669787 0.3433735364325266 0.7406975607336451 0.3426790919880821 0.7482496440669786 0.3537902030991933 0.7566070438158625 0.3591155943797375 0.7690862451469773 0.36743506193381403 0.7781856627842485 0.36431526160103533 0.7838662992235164 0.3559310870770938 0.7872517158901831 0.34273664263264936 0.7903767158901831 0.3222505315215382 0.793501715890183 0.2965560870770938 0.7958645313366611 0.278694074690331 0.7927447310038824 0.26205513958217785 0.78676511369939 0.25269573858384176 0.7805255130338324 0.2516558051395822 0.7763657792567942 0.25754876132371973
0 0.8192617339156962 0.16672270752449617 0.8109422663616195 0.1750421750785727 0.8138020833333334 0.1930676881124052 0.8153619834997228 0.2107465566648178 0.812946706954033 0.21751866836937406 0.8001862902873664 0.21161589059159625 0.7976831149473101 0.22357240247735252 0.8062456358225853 0.23751774398409023 0.8163321236206997 0.24772700170270745 0.821844637486479 0.24722378946384627 0.8353425402873664 0.2487686683693741 0.8442201365779258 0.2530371833980402 0.8626862902873664 0.2630047794804851 0.8741446236206997 0.2616158905915963 0.878132799500832 0.2534993760399334 0.8802161328341654 0.2409993760399334 0.8783932161674988 0.22224937603993342 0.8794348828341654 0.2062771538177112 0.8830807161674988 0.1937771538177112 0.8822994661674988 0.17919382048437787 0.881257799500832 0.16947159826215563 0.8752682161674988 0.15419382048437788 0.8677161328341654 0.1472493760399334 0.8619869661674988 0.14204104270660006 0.8491598204381587 0.14176430486226652 0.8377205525513034 0.15008377241634305 0.8275300402873664 0.16265755725826297
0 0.8976627495840266 0.30871348678129046 0.89271483291736 0.30593570900351263 0.8838606662506934 0.3038523756701793 0.8692025170794226 0.29904306013917875 0.8538379337460892 0.3066819490280676 0.8486296004127558 0.3167513934725121 0.8337858504127558 0.32647361569473426 0.8249316837460892 0.3344597268058454 0.8194629337460893 0.34522361569473425 0.8163379337460892 0.3563347268058454 0.8171191837460892 0.3806402823614009 0.8296191837460892 0.3924458379169565 0.8437079693566278 0.40903586614901083 0.8585270209373268 0.42047513403586606 0.8723958333333334 0.4284722222222222 0.8854166666666666 0.43020833333333336 0.8958398329173599 0.4226023756701793 0.9015689995840266 0.40489404233684595 0.90287108291736 0.38301904233684597 0.9093814995840266 0.3663523756701793 0.9111979166666666 0.3451388888888889 0.9114583333333334 0.33298611111111115 0.9091210829173599 0.32051904233684597 0.9018294162506933 0.3132273756701793
0 0.004166666666666664 0.41562499999999997 0 0.3770833333333333 0.0020833333333333333 0.35 0.020833333333333332 0.3291787992235163 0.03046875 0.32709546589018296 0.046354166666666634 0.33230379922351627 0.05729166666666665 0.3350815770012941 0.07317708333333334 0.34444444444444444 0.08307291666666666 0.3611111111111111 0.09270833333333334 0.38333333333333336 0.08932291666666663 0.3993176881124052 0.08541666666666667 0.41145833333333326 0.07890625000000002 0.4225694444444444 0.06666666666666668 0.4309027777777777 0.053125 0.43333333333333335 0.04010416666666665 0.43195657700129414 0.02682291666666666 0.42605379922351627 0.020312499999999994 0.4253593547790719