0 0.8059593023255814 0.40406976744186046 0.0908430232558139 0.14341085271317824
0 0.8114098837209301 0.6036821705426356 0.09883720930232567 0.1434108527131783
0 0.7093023255813954 0.49467054263565896 0.08648255813953484 0.1463178294573643
0 0.5679505813953488 0.5508720930232559 0.07558139534883726 0.125
0 0.5443313953488372 0.7170542635658915 0.07485465116279064 0.16860465116279072
0 0.49345930232558144 0.5087209302325582 0.06904069767441863 0.13953488372093023
0 0.3713662790697675 0.5968992248062015 0.08357558139534885 0.1453488372093024
0 0.3346656976744186 0.7214147286821705 0.08139534883720931 0.125
0 0.2990552325581396 0.5387596899224807 0.08139534883720931 0.1259689922480621
0 0.20639534883720928 0.5295542635658915 0.1010174418604651 0.12306201550387594
0 0.1413517441860465 0.4534883720930233 0.09738372093023254 0.13565891472868216
0 0.059229651162790685 0.6322674418604651 0.10465116279069768 0.14050387596899228
0 0.0345203488372093 0.5261627906976744 0.06686046511627905 0.1531007751937984
0 0.35683139534883723 0.42151162790697677 0.09665697674418601 0.14147286821705432
0 0.0515625 0.4666666666666667 0.046875 0.4666666666666667 0.0453125 0.46458333333333335 0.0375 0.46458333333333335 0.0359375 0.4666666666666667 0.0328125 0.4666666666666667 0.03125 0.46875 0.028125 0.46875 0.0265625 0.4708333333333333 0.0109375 0.4708333333333333 0.009375 0.46875 0.003125 0.46875 0.0015625 0.4666666666666667 0 0.4666666666666667 0 0.5916666666666667 0.0015625 0.59375 0.003125 0.59375 0.0046875 0.5958333333333333 0.0078125 0.5958333333333333 0.009375 0.5979166666666667 0.021875 0.5979166666666667 0.0234375 0.5958333333333333 0.025 0.5958333333333333 0.0265625 0.59375 0.028125 0.59375 0.03125 0.5895833333333333 0.0328125 0.5895833333333333 0.0328125 0.5875 0.0390625 0.5791666666666667 0.0390625 0.5770833333333333 0.04375 0.5708333333333333 0.04375 0.5666666666666667 0.0453125 0.5645833333333333 0.0453125 0.5625 0.0484375 0.5583333333333333 0.0484375 0.55625 0.05 0.5541666666666667 0.05 0.5520833333333334 0.0515625 0.55 0.0515625 0.5479166666666667 0.053125 0.5458333333333333 0.053125 0.54375 0.0546875 0.5416666666666666 0.0546875 0.5395833333333333 0.0578125 0.5354166666666667 0.0578125 0.53125 0.059375 0.5291666666666667 0.059375 0.5229166666666667 0.0609375 0.5208333333333334 0.0609375 0.51875 0.0625 0.5166666666666667 0.0625 0.5145833333333333 0.0640625 0.5125 0.0640625 0.5104166666666666 0.065625 0.5083333333333333 0.065625 0.49166666666666664 0.0640625 0.4895833333333333 0.0640625 0.48541666666666666 0.0625 0.48333333333333334 0.0625 0.48125 0.0609375 0.4791666666666667 0.0609375 0.47708333333333336 0.0546875 0.46875 0.053125 0.46875
0 0.08125 0.5729166666666666 0.0734375 0.5729166666666666 0.071875 0.575 0.0671875 0.575 0.065625 0.5770833333333333 0.0625 0.5770833333333333 0.0609375 0.5791666666666667 0.0578125 0.5791666666666667 0.05625 0.58125 0.05 0.58125 0.0484375 0.5833333333333334 0.0421875 0.5833333333333334 0.040625 0.5854166666666667 0.0390625 0.5854166666666667 0.0296875 0.5979166666666667 0.028125 0.5979166666666667 0.025 0.6020833333333333 0.021875 0.6020833333333333 0.0203125 0.6041666666666666 0.0171875 0.6041666666666666 0.0171875 0.60625 0.015625 0.6083333333333333 0.0140625 0.6083333333333333 0.0125 0.6104166666666667 0.0125 0.6125 0.009375 0.6166666666666667 0.009375 0.61875 0.0078125 0.6208333333333333 0.0078125 0.625 0.00625 0.6270833333333333 0.00625 0.6291666666666667 0.0078125 0.63125 0.0078125 0.6354166666666666 0.009375 0.6375 0.009375 0.6395833333333333 0.0109375 0.6416666666666667 0.0109375 0.64375 0.025 0.6625 0.025 0.6645833333333333 0.0265625 0.6666666666666666 0.028125 0.6666666666666666 0.0453125 0.6895833333333333 0.046875 0.6895833333333333 0.05 0.69375 0.0515625 0.69375 0.053125 0.6958333333333333 0.0546875 0.6958333333333333 0.05625 0.6979166666666666 0.0578125 0.6979166666666666 0.059375 0.7 0.0640625 0.7 0.065625 0.7020833333333333 0.0734375 0.7020833333333333 0.075 0.7 0.078125 0.7 0.084375 0.6916666666666667 0.0859375 0.6916666666666667 0.0875 0.6895833333333333 0.0890625 0.6895833333333333 0.090625 0.6875 0.0921875 0.6875 0.096875 0.68125 0.0984375 0.68125 0.1015625 0.6770833333333334 0.1015625 0.675 0.103125 0.6729166666666667 0.103125 0.6708333333333333 0.1046875 0.66875 0.1046875 0.6625 0.10625 0.6604166666666667 0.10625 0.65625 0.1078125 0.6541666666666667 0.1078125 0.6125 0.10625 0.6104166666666667 0.10625 0.60625 0.1046875 0.6041666666666666 0.1046875 0.6 0.103125 0.5979166666666667 0.103125 0.5958333333333333 0.1015625 0.59375 0.1015625 0.5916666666666667 0.0953125 0.5833333333333334 0.09375 0.5833333333333334 0.0921875 0.58125 0.090625 0.58125 0.0875 0.5770833333333333 0.0859375 0.5770833333333333 0.084375 0.575 0.0828125 0.575
0 0.1125 0.3958333333333333 0.109375 0.4 0.1078125 0.4 0.1046875 0.4041666666666667 0.103125 0.4041666666666667 0.1 0.4083333333333333 0.1 0.41041666666666665 0.096875 0.41458333333333336 0.096875 0.4166666666666667 0.09375 0.42083333333333334 0.09375 0.42291666666666666 0.0921875 0.425 0.0921875 0.4354166666666667 0.09375 0.4375 0.09375 0.44166666666666665 0.0953125 0.44375 0.0953125 0.44583333333333336 0.096875 0.4479166666666667 0.096875 0.45416666666666666 0.0984375 0.45625 0.0984375 0.4583333333333333 0.1 0.46041666666666664 0.1 0.4625 0.1015625 0.46458333333333335 0.1015625 0.4666666666666667 0.1046875 0.4708333333333333 0.1046875 0.47291666666666665 0.10625 0.475 0.10625 0.4791666666666667 0.1078125 0.48125 0.1078125 0.48333333333333334 0.109375 0.48541666666666666 0.109375 0.4895833333333333 0.1109375 0.49166666666666664 0.1109375 0.49375 0.1125 0.49583333333333335 0.1125 0.5 0.1140625 0.5020833333333333 0.1140625 0.5041666666666667 0.1171875 0.5083333333333333 0.1171875 0.5104166666666666 0.11875 0.5125 0.1203125 0.5125 0.1234375 0.5166666666666667 0.125 0.5166666666666667 0.1265625 0.51875 0.1359375 0.51875 0.1375 0.5166666666666667 0.1390625 0.5166666666666667 0.140625 0.5145833333333333 0.1421875 0.5145833333333333 0.14375 0.5125 0.1453125 0.5125 0.15 0.50625 0.1515625 0.50625 0.1578125 0.4979166666666667 0.159375 0.4979166666666667 0.1625 0.49375 0.1625 0.49166666666666664 0.1671875 0.48541666666666666 0.16875 0.48541666666666666 0.1734375 0.4791666666666667 0.1734375 0.47708333333333336 0.175 0.475 0.175 0.47291666666666665 0.18125 0.46458333333333335 0.18125 0.46041666666666664 0.178125 0.45625 0.178125 0.45416666666666666 0.1765625 0.45208333333333334 0.1765625 0.44166666666666665 0.175 0.4395833333333333 0.175 0.4375 0.1734375 0.4354166666666667 0.1703125 0.4354166666666667 0.16875 0.43333333333333335 0.165625 0.43333333333333335 0.1640625 0.43125 0.1609375 0.43125 0.159375 0.42916666666666664 0.153125 0.42916666666666664 0.1515625 0.43125 0.1515625 0.43333333333333335 0.146875 0.4395833333333333 0.1421875 0.4395833333333333 0.1390625 0.4354166666666667 0.1390625 0.43333333333333335 0.1375 0.43125 0.1375 0.42916666666666664 0.1359375 0.4270833333333333 0.1359375 0.41458333333333336 0.134375 0.4125 0.1328125 0.4125 0.13125 0.41041666666666665 0.13125 0.4083333333333333 0.1296875 0.4083333333333333 0.125 0.40208333333333335 0.125 0.4 0.1234375 0.39791666666666664 0.121875 0.39791666666666664 0.1203125 0.3958333333333333
0 0.2515625 0.5333333333333333 0.25 0.53125 0.246875 0.53125 0.2453125 0.5333333333333333 0.2359375 0.5333333333333333 0.2328125 0.5291666666666667 0.23125 0.5291666666666667 0.225 0.5208333333333334 0.225 0.51875 0.2203125 0.5125 0.2203125 0.5104166666666666 0.2125 0.5 0.2109375 0.5 0.2046875 0.49166666666666664 0.2046875 0.4895833333333333 0.203125 0.4875 0.203125 0.48541666666666666 0.2015625 0.48333333333333334 0.2015625 0.48125 0.2 0.4791666666666667 0.1984375 0.4791666666666667 0.1953125 0.475 0.19375 0.475 0.1921875 0.47291666666666665 0.1875 0.47291666666666665 0.1859375 0.475 0.184375 0.475 0.1828125 0.47708333333333336 0.18125 0.47708333333333336 0.1734375 0.4875 0.1734375 0.4895833333333333 0.171875 0.49166666666666664 0.171875 0.49583333333333335 0.1703125 0.4979166666666667 0.1703125 0.5 0.16875 0.5020833333333333 0.16875 0.50625 0.1671875 0.5083333333333333 0.1671875 0.5166666666666667 0.165625 0.51875 0.165625 0.525 0.1640625 0.5270833333333333 0.1640625 0.53125 0.1625 0.5333333333333333 0.1625 0.5354166666666667 0.1609375 0.5375 0.1609375 0.5416666666666666 0.159375 0.54375 0.159375 0.55 0.1578125 0.5520833333333334 0.1578125 0.5541666666666667 0.15625 0.55625 0.15625 0.575 0.159375 0.5791666666666667 0.159375 0.58125 0.1609375 0.58125 0.1625 0.5833333333333334 0.1640625 0.5833333333333334 0.165625 0.5854166666666667 0.1796875 0.5854166666666667 0.18125 0.5833333333333334 0.1828125 0.5833333333333334 0.184375 0.58125 0.1875 0.58125 0.1890625 0.5791666666666667 0.1921875 0.5791666666666667 0.19375 0.5770833333333333 0.20625 0.5770833333333333 0.2078125 0.575 0.2125 0.575 0.2140625 0.5729166666666666 0.2234375 0.5729166666666666 0.225 0.5708333333333333 0.228125 0.5708333333333333 0.23125 0.5666666666666667 0.2328125 0.5666666666666667 0.2484375 0.5458333333333333 0.2484375 0.54375 0.25 0.5416666666666666 0.25 0.5395833333333333 0.2515625 0.5375
0 0.26875 0.49166666666666664 0.265625 0.49583333333333335 0.265625 0.4979166666666667 0.2640625 0.5 0.2640625 0.5020833333333333 0.2625 0.5041666666666667 0.2625 0.5104166666666666 0.2609375 0.5125 0.2609375 0.5333333333333333 0.2625 0.5354166666666667 0.2625 0.5416666666666666 0.2640625 0.54375 0.2640625 0.5479166666666667 0.2671875 0.5520833333333334 0.2671875 0.5541666666666667 0.2796875 0.5708333333333333 0.28125 0.5708333333333333 0.2859375 0.5770833333333333 0.2859375 0.5791666666666667 0.290625 0.5854166666666667 0.2921875 0.5854166666666667 0.3 0.5958333333333333 0.3015625 0.5958333333333333 0.3046875 0.6 0.3140625 0.6 0.315625 0.5979166666666667 0.315625 0.5958333333333333 0.3171875 0.59375 0.3171875 0.5916666666666667 0.321875 0.5854166666666667 0.321875 0.5833333333333334 0.3234375 0.58125 0.3234375 0.5791666666666667 0.325 0.5770833333333333 0.325 0.575 0.3265625 0.5729166666666666 0.3265625 0.56875 0.328125 0.5666666666666667 0.328125 0.5645833333333333 0.3296875 0.5625 0.3296875 0.5583333333333333 0.33125 0.55625 0.33125 0.5541666666666667 0.3328125 0.5520833333333334 0.3328125 0.55 0.334375 0.5479166666666667 0.334375 0.5458333333333333 0.3359375 0.54375 0.3359375 0.525 0.3375 0.5229166666666667 0.3359375 0.5208333333333334 0.3359375 0.50625 0.3328125 0.5020833333333333 0.3328125 0.5 0.325 0.4895833333333333 0.3234375 0.4895833333333333 0.321875 0.4875 0.3203125 0.4875 0.31875 0.48541666666666666 0.3140625 0.48541666666666666 0.3125 0.48333333333333334 0.303125 0.48333333333333334 0.3015625 0.48125 0.3 0.48125 0.2984375 0.48333333333333334 0.29375 0.48333333333333334 0.2921875 0.48541666666666666 0.2859375 0.48541666666666666 0.284375 0.4875 0.275 0.4875 0.2734375 0.4895833333333333 0.271875 0.4895833333333333 0.2703125 0.49166666666666664
0 0.3234375 0.3875 0.3234375 0.38958333333333334 0.321875 0.39166666666666666 0.321875 0.3958333333333333 0.3203125 0.39791666666666664 0.3203125 0.4 0.3171875 0.4041666666666667 0.3171875 0.40625 0.3140625 0.41041666666666665 0.3140625 0.4125 0.3125 0.41458333333333336 0.3125 0.4270833333333333 0.3109375 0.42916666666666664 0.3109375 0.4395833333333333 0.3125 0.44166666666666665 0.3125 0.45 0.325 0.4666666666666667 0.325 0.46875 0.3328125 0.4791666666666667 0.334375 0.4791666666666667 0.3359375 0.48125 0.3375 0.48125 0.3390625 0.48333333333333334 0.3453125 0.48333333333333334 0.346875 0.48541666666666666 0.3515625 0.48541666666666666 0.353125 0.4875 0.3578125 0.4875 0.359375 0.4895833333333333 0.3640625 0.4895833333333333 0.365625 0.4875 0.375 0.4875 0.3765625 0.4895833333333333 0.3875 0.4895833333333333 0.3890625 0.4875 0.390625 0.4875 0.3921875 0.48541666666666666 0.39375 0.48541666666666666 0.4015625 0.475 0.4015625 0.47291666666666665 0.403125 0.4708333333333333 0.403125 0.4625 0.4046875 0.46041666666666664 0.4046875 0.45625 0.403125 0.45416666666666666 0.403125 0.45 0.4046875 0.4479166666666667 0.4046875 0.44583333333333336 0.403125 0.44375 0.403125 0.425 0.4015625 0.42291666666666666 0.4015625 0.41875 0.4 0.4166666666666667 0.4 0.41041666666666665 0.3984375 0.4083333333333333 0.3984375 0.40625 0.396875 0.4041666666666667 0.396875 0.40208333333333335 0.3859375 0.3875 0.3859375 0.3854166666666667 0.384375 0.3854166666666667 0.3796875 0.37916666666666665 0.3765625 0.37916666666666665 0.3734375 0.375 0.371875 0.375 0.3703125 0.3729166666666667 0.3609375 0.3729166666666667 0.359375 0.37083333333333335 0.3484375 0.37083333333333335 0.346875 0.3729166666666667 0.34375 0.3729166666666667 0.3421875 0.375 0.340625 0.375 0.3390625 0.3770833333333333 0.3375 0.3770833333333333 0.3359375 0.37916666666666665 0.3328125 0.37916666666666665 0.3296875 0.38333333333333336 0.328125 0.38333333333333336 0.325 0.3875
0 0.365625 0.55 0.3640625 0.5520833333333334 0.3625 0.5520833333333334 0.359375 0.55625 0.359375 0.5583333333333333 0.3578125 0.5604166666666667 0.35625 0.5604166666666667 0.3546875 0.5625 0.3546875 0.5645833333333333 0.353125 0.5666666666666667 0.3515625 0.5666666666666667 0.35 0.56875 0.3484375 0.56875 0.3453125 0.5729166666666666 0.34375 0.5729166666666666 0.3421875 0.575 0.340625 0.575 0.3375 0.5791666666666667 0.3375 0.58125 0.3359375 0.5833333333333334 0.3359375 0.5875 0.334375 0.5895833333333333 0.334375 0.5916666666666667 0.3328125 0.59375 0.3328125 0.6083333333333333 0.33125 0.6104166666666667 0.33125 0.6166666666666667 0.3328125 0.61875 0.3328125 0.625 0.334375 0.6270833333333333 0.334375 0.6291666666666667 0.3359375 0.63125 0.3359375 0.6333333333333333 0.340625 0.6395833333333333 0.3421875 0.6395833333333333 0.34375 0.6416666666666667 0.346875 0.6416666666666667 0.3484375 0.64375 0.35 0.64375 0.3515625 0.6458333333333334 0.3546875 0.6458333333333334 0.35625 0.6479166666666667 0.3578125 0.6479166666666667 0.359375 0.65 0.3640625 0.65 0.365625 0.6520833333333333 0.36875 0.6520833333333333 0.3703125 0.6541666666666667 0.371875 0.6541666666666667 0.375 0.6583333333333333 0.3765625 0.6583333333333333 0.378125 0.6604166666666667 0.3828125 0.6604166666666667 0.3859375 0.6645833333333333 0.3875 0.6645833333333333 0.3890625 0.6666666666666666 0.390625 0.6666666666666666 0.3921875 0.66875 0.4 0.66875 0.4015625 0.6666666666666666 0.4046875 0.6666666666666666 0.409375 0.6604166666666667 0.409375 0.6583333333333333 0.4109375 0.65625 0.4109375 0.6333333333333333 0.409375 0.63125 0.409375 0.6270833333333333 0.4109375 0.625 0.4109375 0.58125 0.409375 0.5791666666666667 0.409375 0.5770833333333333 0.40625 0.5729166666666666 0.40625 0.5708333333333333 0.4046875 0.56875 0.4046875 0.5645833333333333 0.4015625 0.5604166666666667 0.4015625 0.5583333333333333 0.4 0.5583333333333333 0.3984375 0.55625 0.396875 0.55625 0.39375 0.5520833333333334 0.3921875 0.5520833333333334 0.390625 0.55 0.3875 0.55 0.3859375 0.5479166666666667 0.371875 0.5479166666666667 0.3703125 0.55
0 0.303125 0.68125 0.2984375 0.6875 0.2984375 0.6895833333333333 0.296875 0.6916666666666667 0.296875 0.6979166666666666 0.2953125 0.7 0.2953125 0.725 0.296875 0.7270833333333333 0.296875 0.7291666666666666 0.3046875 0.7395833333333334 0.30625 0.7395833333333334 0.3125 0.7479166666666667 0.3140625 0.7479166666666667 0.315625 0.75 0.3171875 0.75 0.31875 0.7520833333333333 0.3203125 0.7520833333333333 0.325 0.7583333333333333 0.3265625 0.7583333333333333 0.334375 0.76875 0.3359375 0.76875 0.3390625 0.7729166666666667 0.340625 0.7729166666666667 0.3421875 0.775 0.34375 0.775 0.346875 0.7791666666666667 0.35 0.7791666666666667 0.3515625 0.78125 0.3546875 0.78125 0.35625 0.7791666666666667 0.3578125 0.7791666666666667 0.359375 0.7770833333333333 0.3609375 0.7770833333333333 0.3640625 0.7729166666666667 0.3640625 0.7708333333333334 0.3671875 0.7666666666666667 0.3671875 0.7645833333333333 0.36875 0.7625 0.36875 0.7583333333333333 0.3703125 0.75625 0.3703125 0.7458333333333333 0.371875 0.74375 0.371875 0.7354166666666667 0.3734375 0.7333333333333333 0.3734375 0.71875 0.375 0.7166666666666667 0.375 0.7145833333333333 0.3734375 0.7125 0.3734375 0.7020833333333333 0.375 0.7 0.375 0.6833333333333333 0.3734375 0.68125 0.3734375 0.6791666666666667 0.371875 0.6770833333333334 0.371875 0.675 0.36875 0.6708333333333333 0.3640625 0.6708333333333333 0.3625 0.6729166666666667 0.3515625 0.6729166666666667 0.35 0.6708333333333333 0.3390625 0.6708333333333333 0.3375 0.6729166666666667 0.334375 0.6729166666666667 0.3296875 0.6791666666666667 0.3296875 0.68125 0.325 0.6875 0.3234375 0.6875 0.321875 0.6895833333333333 0.315625 0.6895833333333333 0.309375 0.68125
0 0.4703125 0.48125 0.4671875 0.48541666666666666 0.465625 0.48541666666666666 0.465625 0.4875 0.4640625 0.4895833333333333 0.4640625 0.49375 0.4625 0.49583333333333335 0.4625 0.5020833333333333 0.4609375 0.5041666666666667 0.4609375 0.5541666666666667 0.4625 0.55625 0.4625 0.5604166666666667 0.471875 0.5729166666666666 0.4734375 0.5729166666666666 0.475 0.575 0.484375 0.575 0.4859375 0.5729166666666666 0.4875 0.5729166666666666 0.4890625 0.5708333333333333 0.490625 0.5708333333333333 0.49375 0.5666666666666667 0.4953125 0.5666666666666667 0.5 0.5604166666666667 0.5015625 0.5604166666666667 0.503125 0.5583333333333333 0.5046875 0.5583333333333333 0.509375 0.5520833333333334 0.5109375 0.5520833333333334 0.5140625 0.5479166666666667 0.515625 0.5479166666666667 0.51875 0.54375 0.51875 0.5416666666666666 0.5203125 0.5395833333333333 0.5203125 0.5375 0.521875 0.5354166666666667 0.5203125 0.5333333333333333 0.5203125 0.5291666666666667 0.51875 0.5270833333333333 0.51875 0.525 0.5171875 0.5229166666666667 0.5171875 0.5208333333333334 0.5109375 0.5125 0.5109375 0.5104166666666666 0.5078125 0.50625 0.5078125 0.5041666666666667 0.50625 0.5020833333333333 0.50625 0.5 0.503125 0.49583333333333335 0.5015625 0.49583333333333335 0.5 0.4979166666666667 0.4984375 0.4979166666666667 0.496875 0.5 0.484375 0.5 0.4828125 0.4979166666666667 0.4796875 0.4979166666666667 0.478125 0.49583333333333335 0.4765625 0.49583333333333335 0.4703125 0.4875 0.471875 0.48541666666666666 0.471875 0.48125
0 0.5921875 0.50625 0.5890625 0.50625 0.5875 0.5083333333333333 0.584375 0.5083333333333333 0.5828125 0.5104166666666666 0.58125 0.5104166666666666 0.5796875 0.5125 0.578125 0.5125 0.5765625 0.5145833333333333 0.571875 0.5145833333333333 0.5703125 0.5166666666666667 0.56875 0.5166666666666667 0.5671875 0.51875 0.565625 0.51875 0.5625 0.5229166666666667 0.5609375 0.5229166666666667 0.5578125 0.5270833333333333 0.5546875 0.5270833333333333 0.55 0.5333333333333333 0.5484375 0.5333333333333333 0.546875 0.5354166666666667 0.5453125 0.5354166666666667 0.5421875 0.5395833333333333 0.540625 0.5395833333333333 0.5390625 0.5416666666666666 0.53125 0.5416666666666666 0.53125 0.5479166666666667 0.5296875 0.55 0.5296875 0.5645833333333333 0.53125 0.5666666666666667 0.53125 0.5708333333333333 0.534375 0.575 0.534375 0.5770833333333333 0.5390625 0.5833333333333334 0.5390625 0.5854166666666667 0.54375 0.5916666666666667 0.54375 0.59375 0.553125 0.60625 0.5546875 0.60625 0.55625 0.6083333333333333 0.5578125 0.6083333333333333 0.559375 0.6104166666666667 0.5609375 0.6104166666666667 0.5625 0.6125 0.56875 0.6125 0.5703125 0.6104166666666667 0.5703125 0.6083333333333333 0.5734375 0.6041666666666666 0.575 0.60625 0.578125 0.60625 0.5796875 0.6041666666666666 0.590625 0.6041666666666666 0.5921875 0.6020833333333333 0.59375 0.6020833333333333 0.596875 0.5979166666666667 0.596875 0.5958333333333333 0.5984375 0.59375 0.5984375 0.5916666666666667 0.6 0.5895833333333333 0.6 0.5875 0.6015625 0.5854166666666667 0.6015625 0.5770833333333333 0.603125 0.575 0.603125 0.53125 0.6015625 0.5291666666666667 0.6015625 0.525 0.6 0.5229166666666667 0.6 0.51875 0.5984375 0.5166666666666667 0.5984375 0.5145833333333333 0.5953125 0.5104166666666666 0.5953125 0.5083333333333333 0.59375 0.5083333333333333
0 0.5765625 0.7083333333333334 0.575 0.7083333333333334 0.5734375 0.7104166666666667 0.571875 0.7104166666666667 0.56875 0.7145833333333333 0.5625 0.7145833333333333 0.5609375 0.7125 0.5578125 0.7125 0.5546875 0.7083333333333334 0.553125 0.7083333333333334 0.5515625 0.70625 0.5515625 0.7041666666666667 0.55 0.7041666666666667 0.5484375 0.7020833333333333 0.540625 0.7020833333333333 0.5390625 0.7041666666666667 0.5375 0.7041666666666667 0.5359375 0.70625 0.534375 0.70625 0.5328125 0.7083333333333334 0.5296875 0.7083333333333334 0.528125 0.7104166666666667 0.525 0.7104166666666667 0.5234375 0.7125 0.509375 0.7125 0.5078125 0.7145833333333333 0.5078125 0.7354166666666667 0.509375 0.7375 0.509375 0.74375 0.5109375 0.7458333333333333 0.5109375 0.75625 0.5125 0.7583333333333333 0.5125 0.7666666666666667 0.5140625 0.76875 0.5140625 0.775 0.515625 0.7770833333333333 0.515625 0.7791666666666667 0.5171875 0.78125 0.5171875 0.7833333333333333 0.51875 0.7854166666666667 0.5203125 0.7854166666666667 0.521875 0.7875 0.5234375 0.7875 0.525 0.7895833333333333 0.5265625 0.7895833333333333 0.5296875 0.79375 0.53125 0.79375 0.5328125 0.7958333333333333 0.534375 0.7958333333333333 0.5359375 0.7979166666666667 0.5453125 0.7979166666666667 0.546875 0.7958333333333333 0.5484375 0.7958333333333333 0.55 0.79375 0.5515625 0.79375 0.55625 0.7875 0.55625 0.7854166666666667 0.5609375 0.7791666666666667 0.5609375 0.7770833333333333 0.5640625 0.7729166666666667 0.5640625 0.7708333333333334 0.56875 0.7645833333333333 0.56875 0.7625 0.571875 0.7583333333333333 0.571875 0.75625 0.575 0.7520833333333333 0.575 0.7479166666666667 0.5765625 0.7458333333333333 0.5765625 0.7416666666666667 0.578125 0.7395833333333334 0.578125 0.7375 0.5796875 0.7354166666666667 0.5796875 0.7166666666666667 0.578125 0.7145833333333333 0.578125 0.7125 0.5765625 0.7104166666666667
0 0.75 0.475 0.7484375 0.47291666666666665 0.746875 0.47291666666666665 0.7453125 0.4708333333333333 0.7421875 0.4708333333333333 0.740625 0.47291666666666665 0.740625 0.475 0.7390625 0.47708333333333336 0.7390625 0.48333333333333334 0.7375 0.48541666666666666 0.7359375 0.48541666666666666 0.734375 0.4875 0.7296875 0.4875 0.728125 0.48541666666666666 0.725 0.48541666666666666 0.7234375 0.48333333333333334 0.7203125 0.48333333333333334 0.71875 0.48125 0.715625 0.48125 0.7140625 0.4791666666666667 0.7109375 0.4791666666666667 0.709375 0.47708333333333336 0.70625 0.47708333333333336 0.7046875 0.4791666666666667 0.703125 0.4791666666666667 0.7 0.48333333333333334 0.6984375 0.48333333333333334 0.69375 0.4895833333333333 0.6921875 0.4895833333333333 0.6875 0.49583333333333335 0.6828125 0.49583333333333335 0.68125 0.49375 0.6796875 0.49375 0.6765625 0.4895833333333333 0.6765625 0.4875 0.675 0.48541666666666666 0.675 0.48333333333333334 0.6703125 0.48333333333333334 0.66875 0.48541666666666666 0.6671875 0.48541666666666666 0.6671875 0.49583333333333335 0.665625 0.4979166666666667 0.665625 0.5020833333333333 0.6671875 0.5041666666666667 0.6671875 0.5145833333333333 0.66875 0.5166666666666667 0.66875 0.525 0.6734375 0.53125 0.675 0.53125 0.678125 0.5354166666666667 0.6796875 0.5354166666666667 0.684375 0.5416666666666666 0.6859375 0.5416666666666666 0.6875 0.54375 0.6890625 0.54375 0.690625 0.5458333333333333 0.6921875 0.5458333333333333 0.69375 0.5479166666666667 0.6953125 0.5479166666666667 0.696875 0.55 0.6984375 0.55 0.703125 0.55625 0.7046875 0.55625 0.7078125 0.5604166666666667 0.709375 0.5604166666666667 0.7109375 0.5625 0.7125 0.5625 0.7140625 0.5645833333333333 0.7171875 0.5645833333333333 0.71875 0.5666666666666667 0.725 0.5666666666666667 0.7265625 0.5645833333333333 0.7296875 0.5645833333333333 0.7390625 0.5520833333333334 0.7390625 0.5458333333333333 0.740625 0.54375 0.740625 0.5395833333333333 0.7421875 0.5375 0.7421875 0.5333333333333333 0.74375 0.53125 0.74375 0.525 0.7453125 0.5229166666666667 0.7453125 0.5166666666666667 0.746875 0.5145833333333333 0.746875 0.5104166666666666 0.7484375 0.5083333333333333 0.7484375 0.50625 0.75 0.5041666666666667 0.75 0.5 0.7515625 0.4979166666666667 0.7515625 0.4895833333333333 0.75 0.4875
0 0.8265625 0.35208333333333336 0.825 0.3541666666666667 0.821875 0.3541666666666667 0.8203125 0.35625 0.81875 0.35625 0.8171875 0.35833333333333334 0.815625 0.35833333333333334 0.8140625 0.36041666666666666 0.8125 0.36041666666666666 0.809375 0.3645833333333333 0.8078125 0.3645833333333333 0.803125 0.37083333333333335 0.8015625 0.37083333333333335 0.8 0.3729166666666667 0.7984375 0.3729166666666667 0.796875 0.375 0.7953125 0.375 0.7921875 0.37916666666666665 0.790625 0.37916666666666665 0.7890625 0.38125 0.7875 0.38125 0.78125 0.38958333333333334 0.78125 0.41875 0.7796875 0.42083333333333334 0.7796875 0.42291666666666666 0.778125 0.425 0.7623546511627907 0.4108527131782946 0.7594476744186047 0.42054263565891475 0.7674418604651163 0.437015503875969 0.7776162790697675 0.44476744186046513 0.7790697674418605 0.4476744186046512 0.7812500000000001 0.44573643410852715 0.7859375 0.4479166666666667 0.7875 0.4479166666666667 0.7890625 0.45 0.790625 0.45 0.79375 0.45416666666666666 0.7953125 0.45416666666666666 0.796875 0.45625 0.7984375 0.45625 0.8015625 0.46041666666666664 0.803125 0.46041666666666664 0.8046875 0.4625 0.80625 0.4625 0.809375 0.4666666666666667 0.8109375 0.4666666666666667 0.8125 0.46875 0.8140625 0.46875 0.815625 0.4708333333333333 0.8203125 0.4708333333333333 0.821875 0.47291666666666665 0.825 0.47291666666666665 0.8265625 0.475 0.83125 0.475 0.8328125 0.47291666666666665 0.834375 0.47291666666666665 0.8375 0.46875 0.8375 0.4666666666666667 0.840625 0.4625 0.840625 0.45625 0.8421875 0.45416666666666666 0.8421875 0.4354166666666667 0.84375 0.43333333333333335 0.84375 0.42291666666666666 0.8453125 0.42083333333333334 0.8453125 0.4166666666666667 0.846875 0.41458333333333336 0.846875 0.41041666666666665 0.8484375 0.4083333333333333 0.8484375 0.40208333333333335 0.85 0.4 0.85 0.3875 0.8484375 0.3854166666666667 0.8484375 0.38333333333333336 0.8453125 0.37916666666666665 0.8453125 0.3770833333333333 0.84375 0.375 0.84375 0.37083333333333335 0.8421875 0.36875 0.8421875 0.3645833333333333 0.8359375 0.35625 0.834375 0.35625 0.8328125 0.3541666666666667 0.8296875 0.3541666666666667 0.828125 0.35208333333333336
0 0.8375 0.54375 0.821875 0.54375 0.8203125 0.5458333333333333 0.81875 0.5458333333333333 0.8171875 0.5479166666666667 0.8140625 0.5479166666666667 0.8125 0.55 0.8109375 0.55 0.8078125 0.5541666666666667 0.80625 0.5541666666666667 0.8046875 0.55625 0.803125 0.55625 0.8015625 0.5583333333333333 0.7984375 0.5583333333333333 0.796875 0.5604166666666667 0.79375 0.5604166666666667 0.7921875 0.5625 0.790625 0.5625 0.7890625 0.5645833333333333 0.7875 0.5645833333333333 0.784375 0.56875 0.7828125 0.56875 0.7796875 0.5729166666666666 0.778125 0.5729166666666666 0.7765625 0.575 0.775 0.575 0.771875 0.5791666666666667 0.7703125 0.5791666666666667 0.76875 0.58125 0.7671875 0.58125 0.765625 0.5833333333333334 0.7640625 0.5833333333333334 0.7640625 0.5958333333333333 0.7625 0.5979166666666667 0.7625 0.6 0.7640625 0.6020833333333333 0.7640625 0.60625 0.7671875 0.6104166666666667 0.7671875 0.6125 0.771875 0.61875 0.7734375 0.61875 0.8 0.6541666666666667 0.8 0.65625 0.8015625 0.6583333333333333 0.803125 0.6583333333333333 0.8109375 0.66875 0.8125 0.66875 0.8140625 0.6708333333333333 0.815625 0.6708333333333333 0.8171875 0.6729166666666667 0.81875 0.6729166666666667 0.8203125 0.675 0.8296875 0.675 0.83125 0.6729166666666667 0.8328125 0.6729166666666667 0.8390625 0.6645833333333333 0.8390625 0.6625 0.840625 0.6604166666666667 0.840625 0.6583333333333333 0.8421875 0.65625 0.8421875 0.6520833333333333 0.84375 0.65 0.84375 0.6375 0.8453125 0.6354166666666666 0.8453125 0.6333333333333333 0.8484375 0.6291666666666667 0.8484375 0.6270833333333333 0.853125 0.6208333333333333 0.853125 0.6166666666666667 0.8546875 0.6145833333333334 0.8546875 0.6083333333333333 0.85625 0.60625 0.85625 0.6 0.8578125 0.5979166666666667 0.8578125 0.575 0.85625 0.5729166666666666 0.85625 0.56875 0.8546875 0.5666666666666667 0.8546875 0.5645833333333333 0.85 0.5583333333333333 0.85 0.55625 0.8484375 0.5541666666666667 0.8484375 0.5520833333333334 0.8453125 0.5479166666666667 0.84375 0.5479166666666667 0.8421875 0.5458333333333333 0.8390625 0.5458333333333333