0 0.15494791666666666 0.43692129629629634 0.0989583333333333 0.13541666666666666
0 0.22569444444444442 0.5052083333333334 0.0911458333333333 0.11689814814814815
0 0.10199652777777776 0.6209490740740741 0.0989583333333333 0.13773148148148143
0 0.04904513888888888 0.5271990740740741 0.09027777777777776 0.14236111111111113
0 0.31119791666666663 0.5086805555555555 0.08506944444444438 0.12384259259259256
0 0.3624131944444444 0.38715277777777773 0.0989583333333333 0.14930555555555552
0 0.3910590277777778 0.560763888888889 0.08506944444444446 0.12615740740740744
0 0.3624131944444444 0.6643518518518517 0.08506944444444438 0.125
0 0.49869791666666663 0.44733796296296297 0.0677083333333333 0.15625
0 0.5724826388888888 0.49016203703703703 0.078125 0.11458333333333333
0 0.5533854166666666 0.6504629629629629 0.0833333333333333 0.15972222222222227
0 0.7065972222222222 0.4293981481481481 0.08940972222222214 0.14814814814814817
0 0.8042534722222221 0.33796296296296297 0.09027777777777776 0.13194444444444448
0 0.8038194444444444 0.5347222222222221 0.10329861111111116 0.1319444444444444
0 0.12114726027397257 0.3843226788432268 0.11044520547945202 0.40049467275494677 0.10616438356164379 0.41000761035007616 0.11115867579908674 0.4366438356164384 0.12400114155251138 0.46042617960426185 0.13327625570776253 0.4842085235920852 0.14397831050228307 0.4975266362252663 0.15753424657534243 0.49657534246575347 0.16823630136986298 0.4899162861491629 0.18036529680365296 0.4718417047184171 0.18892694063926938 0.45566971080669716 0.194634703196347 0.44710806697108063 0.18821347031963467 0.4318873668188737 0.18107876712328763 0.4223744292237443 0.17109018264840178 0.4157153729071537 0.1668093607305936 0.4223744292237443 0.15682077625570776 0.4290334855403348 0.1503995433789954 0.42332572298325727 0.1503995433789954 0.4042998477929985 0.13398972602739723 0.3995433789954338
0 0.005565068493150649 0.47659817351598177 0.017694063926940607 0.47374429223744297 0.03624429223744289 0.47659817351598177 0.05408105022831046 0.47850076103500766 0.06406963470319632 0.4718417047184171 0.08832762557077621 0.47374429223744297 0.09118150684931504 0.5051369863013699 0.08904109589041093 0.5374809741248098 0.08333333333333329 0.564117199391172 0.07905251141552508 0.5755327245053273 0.06977739726027393 0.5888508371385084 0.0619292237442922 0.5936073059360731 0.05051369863013696 0.5926560121765602 0.03339041095890408 0.5840943683409437 0.016267123287671194 0.5679223744292237 0.0012842465753424293 0.5546042617960426 0.0012842465753424293 0.5308219178082192 0.002711187214611832 0.4984779299847793
0 0.11686643835616435 0.5622146118721462 0.13113584474885842 0.579337899543379 0.1454052511415525 0.6069254185692542 0.1461187214611872 0.6316590563165906 0.14469178082191778 0.6544901065449011 0.13541666666666666 0.6649543378995434 0.1247146118721461 0.6744672754946728 0.10759132420091322 0.671613394216134 0.08975456621004564 0.6640030441400305 0.06621004566210041 0.6497336377473364 0.053367579908675765 0.6221461187214612 0.05479452054794517 0.6069254185692542 0.06549657534246572 0.5964611872146118 0.07691210045662097 0.5821917808219178 0.0854737442922374 0.5764840182648402 0.09902968036529677 0.5679223744292237
0 0.2074771689497717 0.45662100456621 0.19534817351598172 0.4651826484018265 0.1867865296803653 0.48135464231354647 0.18321917808219176 0.504185692541857 0.18179223744292233 0.5279680365296804 0.18107876712328763 0.5507990867579908 0.1932077625570776 0.5622146118721462 0.2110445205479452 0.5574581430745815 0.22317351598173513 0.5527016742770168 0.2488584474885845 0.5460426179604262 0.2574200913242009 0.533675799086758 0.2688356164383562 0.5098934550989346 0.2567066210045662 0.5165525114155252 0.24671803652968033 0.504185692541857 0.2345890410958904 0.4899162861491629 0.22674086757990866 0.47850076103500766 0.21960616438356162 0.4670852359208524
0 0.33732876712328763 0.3529299847792998 0.3251997716894977 0.3700532724505327 0.3209189497716895 0.3862252663622527 0.31735159817351594 0.4033485540334855 0.3209189497716895 0.4223744292237443 0.3273401826484018 0.4337899543378995 0.33804223744292233 0.44710806697108063 0.35801940639269403 0.4528158295281583 0.3715753424657534 0.45376712328767127 0.3872716894977169 0.45376712328767127 0.3979737442922374 0.4547184170471842 0.40938926940639264 0.4404490106544901 0.410816210045662 0.4309360730593607 0.4115296803652967 0.411910197869102 0.4058219178082191 0.3757610350076103 0.3986872146118721 0.366248097412481 0.3886986301369863 0.35483257229832577 0.3779965753424657 0.3434170471841705 0.37086187214611865 0.34246575342465757 0.3601598173515982 0.3443683409436834
0 0.2923801369863014 0.46042617960426185 0.2759703196347032 0.46993911719939113 0.27382990867579904 0.4956240487062405 0.2802511415525114 0.5156012176560122 0.29380707762557073 0.5317732115677322 0.3102168949771689 0.5498477929984779 0.324486301369863 0.5593607305936072 0.3394691780821918 0.5536529680365297 0.34446347031963465 0.5241628614916286 0.34945776255707756 0.5003805175038052 0.3515981735159817 0.4832572298325723 0.3458904109589041 0.4670852359208524 0.33162100456621 0.4528158295281583 0.3159246575342466 0.4499619482496195 0.3016552511415525 0.4528158295281583
0 0.38370433789954334 0.5127473363774734 0.3658675799086758 0.5327245053272451 0.3544520547945206 0.5450913242009132 0.350884703196347 0.5698249619482496 0.3551655251141553 0.5955098934550989 0.3737157534246575 0.6012176560121766 0.3929794520547945 0.6069254185692542 0.40296803652968033 0.6154870624048706 0.41509703196347025 0.6183409436834094 0.42722602739726023 0.6126331811263318 0.42936643835616434 0.5936073059360731 0.4236586757990867 0.5565068493150686 0.4236586757990867 0.5384322678843227 0.42009132420091316 0.5222602739726028 0.40796232876712324 0.5108447488584474 0.3979737442922374 0.5070395738203958
0 0.32305936073059355 0.6392694063926941 0.32377283105022825 0.6611491628614916 0.3259132420091324 0.6782724505327244 0.33875570776255703 0.6915905631659057 0.36372716894977164 0.7115677321156774 0.3737157534246575 0.7191780821917809 0.389412100456621 0.715372907153729 0.39583333333333337 0.6963470319634703 0.3986872146118721 0.6659056316590564 0.3986872146118721 0.6392694063926941 0.3936929223744292 0.6278538812785388 0.38513127853881274 0.6154870624048706 0.38513127853881274 0.625951293759513 0.36372716894977164 0.625951293759513 0.3565924657534246 0.625 0.34945776255707756 0.6392694063926941 0.33804223744292233 0.6440258751902588 0.3309075342465753 0.6354642313546424
0 0.48573059360730586 0.4138127853881279 0.4721746575342465 0.4214231354642314 0.47146118721461183 0.4318873668188737 0.468607305936073 0.44235159817351605 0.46646689497716887 0.4632800608828006 0.46789383561643827 0.4804033485540335 0.4721746575342465 0.49942922374429227 0.4785958904109589 0.5108447488584474 0.48715753424657526 0.5203576864535768 0.4992865296803652 0.518455098934551 0.5199771689497716 0.4908675799086758 0.5242579908675798 0.4823059360730594 0.5221175799086757 0.46898782343987827 0.5135559360730593 0.46042617960426185 0.5071347031963469 0.4404490106544901 0.49500570776255703 0.4499619482496195 0.4785958904109589 0.4356925418569254
0 0.519263698630137 0.65734398782344 0.5235445205479452 0.6792237442922374 0.5278253424657533 0.6982496194824962 0.5349600456621004 0.7125190258751902 0.5442351598173516 0.718226788432268 0.5499429223744292 0.7229832572298326 0.5620719178082191 0.7229832572298326 0.5727739726027397 0.7087138508371386 0.5827625570776255 0.685882800608828 0.5877568493150684 0.6640030441400305 0.5856164383561644 0.6430745814307458 0.5806221461187214 0.6525875190258752 0.5699200913242009 0.655441400304414 0.5563641552511415 0.6440258751902588 0.5449486301369862 0.6497336377473364 0.5342465753424657 0.6506849315068493
0 0.6633847031963469 0.42427701674277013 0.6662385844748858 0.44710806697108063 0.66837899543379 0.4623287671232877 0.682648401826484 0.47374429223744297 0.6954908675799086 0.48135464231354647 0.7126141552511415 0.4927701674277017 0.7275970319634701 0.49657534246575347 0.7382990867579908 0.4832572298325723 0.7418664383561643 0.4623287671232877 0.745433789954338 0.4480593607305936 0.7511415525114155 0.42808219178082196 0.749714611872146 0.4157153729071537 0.7390125570776256 0.4062024353120243 0.7375856164383562 0.4176179604261796 0.7354452054794519 0.4318873668188737 0.7226027397260273 0.4309360730593607 0.7097602739726028 0.4195205479452055 0.6976312785388127 0.4176179604261796 0.6919235159817351 0.4385464231354642 0.6797945205479452 0.4385464231354642 0.6762271689497716 0.427130898021309
0 0.831763698630137 0.4746955859969558 0.8438926940639269 0.4842085235920852 0.851027397260274 0.503234398782344 0.851027397260274 0.5241628614916286 0.8481735159817351 0.5403348554033485 0.8403253424657533 0.563165905631659 0.8360445205479451 0.579337899543379 0.833904109589041 0.5907534246575342 0.8246289954337899 0.6012176560121766 0.8125 0.5974124809741248 0.8032248858447488 0.5888508371385084 0.7861015981735159 0.5726788432267884 0.7711187214611872 0.5479452054794521 0.7611301369863013 0.5279680365296804 0.7611301369863013 0.519406392694064 0.7696917808219178 0.5060882800608828 0.7853881278538812 0.4937214611872146 0.7939497716894977 0.4908675799086758 0.8117865296803652 0.4832572298325723
0 0.8296232876712327 0.2815829528158295 0.8374714611872145 0.290144596651446 0.8453196347031963 0.3167808219178082 0.8446061643835616 0.3434170471841705 0.8424657534246576 0.3671993911719939 0.8374714611872145 0.3947869101978691 0.8303367579908676 0.4062024353120243 0.8167808219178081 0.396689497716895 0.7975171232876711 0.38717656012176566 0.7796803652968036 0.380517503805175 0.7689783105022829 0.3681506849315069 0.7604166666666666 0.3481735159817351 0.7661244292237444 0.3529299847792998 0.773972602739726 0.35958904109589046 0.778966894977169 0.3234398782343988 0.7960901826484017 0.3110730593607306 0.8089326484018263 0.2958523592085236