0 0.34738372093023256 0.3018410852713178 0.09811046511627905 0.10562015503875968
0 0.31177325581395354 0.3880813953488372 0.08648255813953484 0.1463178294573643
0 0.24672965116279072 0.5469961240310077 0.08575581395348841 0.15019379844961248
0 0.5123546511627908 0.37354651162790703 0.0821220930232558 0.125
0 0.5414244186046513 0.46317829457364346 0.08357558139534885 0.1182170542635659
0 0.648982558139535 0.435562015503876 0.07630813953488377 0.125
0 0.78125 0.40310077519379844 0.08648255813953484 0.12596899224806204
0 0.7946947674418604 0.5251937984496124 0.09302325581395357 0.1259689922480621
0 0.8713662790697676 0.42587209302325585 0.08648255813953494 0.11143410852713179
0 0.811046511627907 0.3551356589147287 0.0704941860465115 0.07655038759689922
0 0.938953488372093 0.4394379844961241 0.06904069767441853 0.10949612403100778
0 0.9663335755813953 0.34527616279069767 0.06420784883720927 0.10528100775193797
0 0.981468023255814 0.48788759689922484 0.03197674418604653 0.09786821705426357
0 0.9647529069767442 0.5954457364341085 0.0654069767441861 0.11143410852713179
0 0.3140625 0.28958333333333336 0.3140625 0.29791666666666666 0.3171875 0.3020833333333333 0.3171875 0.30416666666666664 0.3203125 0.30833333333333335 0.3203125 0.3104166666666667 0.3234375 0.3145833333333333 0.3234375 0.33125 0.3296875 0.33958333333333335 0.3296875 0.3416666666666667 0.3359375 0.35 0.3375 0.35 0.3390625 0.35208333333333336 0.3421875 0.35208333333333336 0.34375 0.3541666666666667 0.3484375 0.3541666666666667 0.35 0.35625 0.353125 0.35625 0.3546875 0.3541666666666667 0.35625 0.3541666666666667 0.3578125 0.35208333333333336 0.3640625 0.35208333333333336 0.365625 0.35 0.3671875 0.35 0.36875 0.34791666666666665 0.375 0.34791666666666665 0.3765625 0.3458333333333333 0.3828125 0.3458333333333333 0.384375 0.34375 0.3859375 0.34375 0.3921875 0.33541666666666664 0.3921875 0.32708333333333334 0.390625 0.325 0.390625 0.32083333333333336 0.3890625 0.31875 0.3890625 0.31666666666666665 0.3828125 0.30833333333333335 0.3828125 0.30625 0.371875 0.2916666666666667 0.371875 0.28958333333333336 0.3703125 0.2875 0.3703125 0.28541666666666665 0.365625 0.2791666666666667 0.365625 0.27708333333333335 0.3625 0.27291666666666664 0.3625 0.2708333333333333 0.3609375 0.26875 0.359375 0.26875 0.35625 0.26458333333333334 0.3546875 0.26458333333333334 0.353125 0.2625 0.35 0.2625 0.3484375 0.2604166666666667 0.3359375 0.2604166666666667 0.334375 0.2625 0.3328125 0.2625 0.33125 0.26458333333333334 0.3296875 0.26458333333333334 0.3234375 0.27291666666666664 0.3234375 0.275 0.31875 0.28125 0.31875 0.2833333333333333
0 0.296875 0.34375 0.290625 0.35208333333333336 0.2890625 0.35208333333333336 0.2875 0.3541666666666667 0.2859375 0.3541666666666667 0.2765625 0.36666666666666664 0.2765625 0.36875 0.271875 0.375 0.271875 0.40208333333333335 0.2734375 0.4041666666666667 0.2734375 0.41041666666666665 0.275 0.4125 0.275 0.41458333333333336 0.2765625 0.4166666666666667 0.2765625 0.41875 0.28125 0.425 0.2828125 0.425 0.2890625 0.43333333333333335 0.290625 0.43333333333333335 0.2984375 0.44375 0.3 0.44375 0.3046875 0.45 0.30625 0.45 0.3125 0.4583333333333333 0.3125 0.46041666666666664 0.3171875 0.46041666666666664 0.31875 0.4625 0.3265625 0.4625 0.3328125 0.45416666666666666 0.334375 0.45416666666666666 0.3359375 0.45208333333333334 0.3359375 0.45 0.3375 0.4479166666666667 0.3375 0.44583333333333336 0.3390625 0.44375 0.3390625 0.44166666666666665 0.3421875 0.4375 0.3421875 0.4354166666666667 0.34375 0.43333333333333335 0.34375 0.43125 0.3453125 0.42916666666666664 0.3453125 0.4270833333333333 0.3484375 0.42291666666666666 0.3484375 0.42083333333333334 0.35 0.41875 0.35 0.4166666666666667 0.3515625 0.41458333333333336 0.3515625 0.4125 0.3546875 0.4083333333333333 0.3546875 0.4041666666666667 0.35625 0.40208333333333335 0.35625 0.375 0.3515625 0.36875 0.3515625 0.36666666666666664 0.35 0.3645833333333333 0.3484375 0.3645833333333333 0.346875 0.3625 0.334375 0.3625 0.3328125 0.36041666666666666 0.33125 0.36041666666666666 0.3296875 0.35833333333333334 0.328125 0.35833333333333334 0.3234375 0.35208333333333336 0.3234375 0.35 0.31875 0.34375
0 0.2359375 0.48541666666666666 0.228125 0.48541666666666666 0.2265625 0.4875 0.2234375 0.4875 0.2203125 0.49166666666666664 0.2171875 0.49166666666666664 0.215625 0.49375 0.2140625 0.49375 0.2125 0.49583333333333335 0.2125 0.4979166666666667 0.2046875 0.5083333333333333 0.203125 0.5083333333333333 0.2015625 0.5104166666666666 0.2015625 0.5479166666666667 0.203125 0.55 0.203125 0.5520833333333334 0.2046875 0.5541666666666667 0.2046875 0.59375 0.20625 0.5958333333333333 0.20625 0.6020833333333333 0.2078125 0.6041666666666666 0.2078125 0.60625 0.2125 0.6125 0.2140625 0.6125 0.215625 0.6145833333333334 0.21875 0.6145833333333334 0.2203125 0.6166666666666667 0.221875 0.6145833333333334 0.228125 0.6145833333333334 0.2296875 0.6125 0.2328125 0.6125 0.2359375 0.6083333333333333 0.2375 0.6083333333333333 0.2390625 0.60625 0.240625 0.60625 0.2421875 0.6041666666666666 0.24375 0.6041666666666666 0.2453125 0.6020833333333333 0.246875 0.6020833333333333 0.25 0.5979166666666667 0.2515625 0.5979166666666667 0.2578125 0.5895833333333333 0.259375 0.5895833333333333 0.2609375 0.5875 0.2640625 0.5875 0.2671875 0.5833333333333334 0.26875 0.5833333333333334 0.2734375 0.5770833333333333 0.275 0.5770833333333333 0.284375 0.5645833333333333 0.284375 0.5625 0.2859375 0.5604166666666667 0.2859375 0.5583333333333333 0.2875 0.55625 0.2875 0.5541666666666667 0.2890625 0.5520833333333334 0.2890625 0.5395833333333333 0.290625 0.5375 0.290625 0.5354166666666667 0.284375 0.5270833333333333 0.2828125 0.5270833333333333 0.28125 0.525 0.278125 0.525 0.2765625 0.5229166666666667 0.2625 0.5229166666666667 0.2609375 0.5208333333333334 0.25625 0.5208333333333334 0.2546875 0.51875 0.2515625 0.51875 0.2453125 0.5104166666666666 0.2453125 0.50625 0.24375 0.5041666666666667 0.24375 0.49375 0.2390625 0.4875 0.2375 0.4875
0 0.5203125 0.3333333333333333 0.5125 0.3333333333333333 0.5109375 0.33541666666666664 0.5046875 0.33541666666666664 0.503125 0.3375 0.5 0.3375 0.4984375 0.33958333333333335 0.4953125 0.33958333333333335 0.490625 0.3458333333333333 0.490625 0.34791666666666665 0.4875 0.35208333333333336 0.4875 0.3541666666666667 0.4859375 0.35625 0.4859375 0.35833333333333334 0.484375 0.36041666666666666 0.484375 0.3625 0.4828125 0.3645833333333333 0.4828125 0.36666666666666664 0.48125 0.36875 0.48125 0.37083333333333335 0.4796875 0.3729166666666667 0.4796875 0.3770833333333333 0.478125 0.37916666666666665 0.478125 0.38125 0.4765625 0.38333333333333336 0.4765625 0.3854166666666667 0.475 0.3875 0.475 0.4041666666666667 0.4765625 0.40625 0.4765625 0.4083333333333333 0.48125 0.41458333333333336 0.4828125 0.41458333333333336 0.4875 0.42083333333333334 0.4875 0.42291666666666666 0.4890625 0.425 0.4890625 0.4270833333333333 0.490625 0.42916666666666664 0.490625 0.43125 0.4921875 0.43333333333333335 0.49375 0.43333333333333335 0.4953125 0.4354166666666667 0.5078125 0.4354166666666667 0.509375 0.43333333333333335 0.5109375 0.43333333333333335 0.5234375 0.4166666666666667 0.525 0.4166666666666667 0.525 0.41458333333333336 0.5265625 0.4125 0.5265625 0.41041666666666665 0.53125 0.4041666666666667 0.5328125 0.4041666666666667 0.534375 0.40208333333333335 0.5390625 0.40208333333333335 0.540625 0.4 0.5453125 0.4 0.546875 0.39791666666666664 0.546875 0.3958333333333333 0.5484375 0.39375 0.5484375 0.39166666666666666 0.55 0.38958333333333334 0.55 0.3875 0.5515625 0.3854166666666667 0.5515625 0.37916666666666665 0.55 0.3770833333333333 0.55 0.375 0.540625 0.3625 0.540625 0.36041666666666666 0.5359375 0.3541666666666667 0.5359375 0.35208333333333336 0.5328125 0.34791666666666665 0.5328125 0.3458333333333333 0.5265625 0.3375 0.525 0.3375 0.5234375 0.33541666666666664 0.521875 0.33541666666666664
0 0.5609375 0.41875 0.5578125 0.41875 0.55625 0.4166666666666667 0.55 0.4166666666666667 0.5484375 0.41458333333333336 0.534375 0.41458333333333336 0.5328125 0.4166666666666667 0.528125 0.4166666666666667 0.5265625 0.41875 0.525 0.41875 0.5203125 0.425 0.51875 0.425 0.5171875 0.4270833333333333 0.5171875 0.42916666666666664 0.5125 0.4354166666666667 0.5125 0.4375 0.5109375 0.4395833333333333 0.5109375 0.44375 0.50625 0.45 0.50625 0.45625 0.5046875 0.4583333333333333 0.5046875 0.4666666666666667 0.503125 0.46875 0.503125 0.47291666666666665 0.5015625 0.475 0.5015625 0.48333333333333334 0.5 0.48541666666666666 0.5 0.49166666666666664 0.4984375 0.49375 0.4984375 0.5020833333333333 0.5 0.5041666666666667 0.5 0.5083333333333333 0.503125 0.5125 0.5046875 0.5125 0.50625 0.5145833333333333 0.5078125 0.5145833333333333 0.509375 0.5166666666666667 0.5125 0.5166666666666667 0.5140625 0.51875 0.525 0.51875 0.5265625 0.5166666666666667 0.528125 0.5166666666666667 0.5296875 0.51875 0.5390625 0.51875 0.540625 0.5166666666666667 0.55625 0.5166666666666667 0.5578125 0.5145833333333333 0.5609375 0.5145833333333333 0.5625 0.5125 0.5640625 0.5125 0.565625 0.5104166666666666 0.56875 0.5104166666666666 0.5703125 0.5083333333333333 0.571875 0.5083333333333333 0.5796875 0.4979166666666667 0.5796875 0.49375 0.58125 0.49166666666666664 0.58125 0.46875 0.5796875 0.4666666666666667 0.5796875 0.46041666666666664 0.578125 0.4583333333333333 0.578125 0.4479166666666667 0.5765625 0.44583333333333336 0.5765625 0.44166666666666665 0.565625 0.4270833333333333 0.565625 0.425
0 0.6375 0.39375 0.6359375 0.3958333333333333 0.634375 0.3958333333333333 0.6328125 0.39791666666666664 0.63125 0.39791666666666664 0.628125 0.40208333333333335 0.6265625 0.40208333333333335 0.6203125 0.41041666666666665 0.6203125 0.4125 0.61875 0.41458333333333336 0.61875 0.4166666666666667 0.6171875 0.41875 0.6171875 0.42083333333333334 0.615625 0.42291666666666666 0.615625 0.425 0.6140625 0.4270833333333333 0.6140625 0.42916666666666664 0.6125 0.43125 0.6125 0.4395833333333333 0.6109375 0.44166666666666665 0.6109375 0.4583333333333333 0.6125 0.46041666666666664 0.6125 0.46458333333333335 0.6265625 0.48333333333333334 0.628125 0.48333333333333334 0.63125 0.4875 0.6328125 0.4875 0.6359375 0.49166666666666664 0.6390625 0.49166666666666664 0.640625 0.49375 0.64375 0.49375 0.6453125 0.49583333333333335 0.6546875 0.49583333333333335 0.65625 0.49375 0.659375 0.49375 0.6609375 0.49166666666666664 0.6625 0.49166666666666664 0.6640625 0.4895833333333333 0.665625 0.4895833333333333 0.6671875 0.4875 0.66875 0.4875 0.6703125 0.48541666666666666 0.6734375 0.48541666666666666 0.6765625 0.48125 0.678125 0.48125 0.6796875 0.4791666666666667 0.6796875 0.47708333333333336 0.68125 0.475 0.6828125 0.475 0.6859375 0.4708333333333333 0.6859375 0.42291666666666666 0.68125 0.4166666666666667 0.68125 0.41458333333333336 0.671875 0.40208333333333335 0.6703125 0.40208333333333335 0.66875 0.4 0.6671875 0.4 0.665625 0.39791666666666664 0.6640625 0.39791666666666664 0.6625 0.3958333333333333 0.6578125 0.3958333333333333 0.65625 0.39375
0 0.753125 0.37083333333333335 0.7453125 0.38125 0.7453125 0.38333333333333336 0.74375 0.3854166666666667 0.74375 0.3875 0.7421875 0.38958333333333334 0.7421875 0.39166666666666666 0.740625 0.39375 0.740625 0.39791666666666664 0.7390625 0.4 0.7390625 0.41875 0.7453125 0.4270833333333333 0.7453125 0.42916666666666664 0.75 0.4354166666666667 0.75 0.4375 0.7546875 0.44375 0.75625 0.44375 0.7578125 0.44583333333333336 0.7609375 0.44583333333333336 0.7625 0.4479166666666667 0.7671875 0.4479166666666667 0.7703125 0.45208333333333334 0.771875 0.45208333333333334 0.7734375 0.45416666666666666 0.7765625 0.45416666666666666 0.778125 0.45625 0.784375 0.45625 0.7859375 0.4583333333333333 0.7875 0.4583333333333333 0.790625 0.4625 0.79375 0.4625 0.7953125 0.46458333333333335 0.796875 0.46458333333333335 0.7984375 0.4666666666666667 0.803125 0.4666666666666667 0.8046875 0.46875 0.8109375 0.46875 0.8125 0.4666666666666667 0.8140625 0.4666666666666667 0.8203125 0.4583333333333333 0.8203125 0.45625 0.821875 0.45416666666666666 0.821875 0.43125 0.8203125 0.42916666666666664 0.8203125 0.41458333333333336 0.821875 0.4125 0.821875 0.41041666666666665 0.8203125 0.4083333333333333 0.8203125 0.40208333333333335 0.81875 0.4 0.81875 0.39166666666666666 0.8171875 0.38958333333333334 0.8171875 0.38333333333333336 0.81875 0.38125 0.81875 0.375 0.815625 0.37083333333333335 0.815625 0.3645833333333333 0.8125 0.36041666666666666 0.8109375 0.36041666666666666 0.809375 0.35833333333333334 0.7984375 0.35833333333333334 0.796875 0.35625 0.7875 0.35625 0.7859375 0.3541666666666667 0.7828125 0.3541666666666667 0.78125 0.35625 0.7765625 0.35625 0.775 0.35833333333333334 0.7734375 0.35833333333333334 0.771875 0.36041666666666666 0.7703125 0.36041666666666666 0.76875 0.3625 0.7671875 0.3625 0.765625 0.3645833333333333 0.7640625 0.3645833333333333 0.7625 0.36666666666666664 0.7609375 0.36666666666666664 0.759375 0.36875 0.75625 0.36875 0.7546875 0.37083333333333335
0 0.7765625 0.3416666666666667 0.775 0.34375 0.775 0.34791666666666665 0.784375 0.34791666666666665 0.7859375 0.35 0.7875 0.35 0.7890625 0.34791666666666665 0.7953125 0.34791666666666665 0.796875 0.35 0.821875 0.35 0.8234375 0.35208333333333336 0.8234375 0.3541666666666667 0.821875 0.35625 0.815625 0.35625 0.8140625 0.35833333333333334 0.7984375 0.35833333333333334 0.8078125 0.35833333333333334 0.809375 0.36041666666666666 0.8109375 0.36041666666666666 0.8171875 0.36875 0.8171875 0.375 0.815625 0.3770833333333333 0.815625 0.37916666666666665 0.8171875 0.38125 0.8171875 0.39166666666666666 0.81875 0.39375 0.81875 0.4041666666666667 0.8203125 0.40625 0.8203125 0.4083333333333333 0.821875 0.41041666666666665 0.8234375 0.4083333333333333 0.825 0.4083333333333333 0.83125 0.4 0.8328125 0.4 0.8375 0.39375 0.8375 0.39166666666666666 0.8390625 0.38958333333333334 0.840625 0.38958333333333334 0.840625 0.3875 0.8421875 0.3854166666666667 0.8421875 0.3729166666666667 0.84375 0.37083333333333335 0.84375 0.36875 0.8421875 0.36666666666666664 0.8421875 0.36041666666666666 0.840625 0.35833333333333334 0.840625 0.35625 0.8390625 0.35625 0.834375 0.35 0.834375 0.34791666666666665 0.8328125 0.34791666666666665 0.83125 0.3458333333333333 0.828125 0.3458333333333333 0.8234375 0.33958333333333335 0.821875 0.33958333333333335 0.8203125 0.3375 0.81875 0.3375 0.8171875 0.33541666666666664 0.815625 0.33541666666666664 0.8140625 0.3333333333333333 0.8109375 0.3333333333333333 0.809375 0.33125 0.7984375 0.33125 0.796875 0.32916666666666666 0.7921875 0.32916666666666666 0.790625 0.33125 0.7890625 0.33125 0.7875 0.3333333333333333 0.7859375 0.3333333333333333 0.784375 0.33541666666666664 0.7828125 0.33541666666666664 0.7828125 0.3375 0.78125 0.33958333333333335 0.7796875 0.33958333333333335 0.778125 0.3416666666666667
0 0.8140625 0.4708333333333333 0.8125 0.4708333333333333 0.8109375 0.47291666666666665 0.8078125 0.47291666666666665 0.80625 0.475 0.80625 0.4791666666666667 0.7984375 0.4895833333333333 0.796875 0.4895833333333333 0.7953125 0.49166666666666664 0.79375 0.49166666666666664 0.7921875 0.49375 0.7859375 0.49375 0.784375 0.49583333333333335 0.778125 0.49583333333333335 0.7765625 0.4979166666666667 0.775 0.4979166666666667 0.7734375 0.5 0.771875 0.5 0.7703125 0.5020833333333333 0.76875 0.5020833333333333 0.7671875 0.5041666666666667 0.765625 0.5041666666666667 0.7640625 0.50625 0.7625 0.50625 0.7609375 0.5083333333333333 0.759375 0.5083333333333333 0.7578125 0.5104166666666666 0.7578125 0.5125 0.75625 0.5145833333333333 0.75625 0.5166666666666667 0.7546875 0.51875 0.7546875 0.5208333333333334 0.753125 0.5229166666666667 0.753125 0.525 0.7546875 0.5270833333333333 0.7546875 0.5333333333333333 0.75625 0.5354166666666667 0.75625 0.5375 0.7703125 0.55625 0.7703125 0.5583333333333333 0.771875 0.5604166666666667 0.7734375 0.5604166666666667 0.7796875 0.56875 0.78125 0.56875 0.7828125 0.5708333333333333 0.7859375 0.5708333333333333 0.7890625 0.575 0.790625 0.575 0.7921875 0.5770833333333333 0.79375 0.5770833333333333 0.7953125 0.5791666666666667 0.796875 0.5791666666666667 0.7984375 0.58125 0.8140625 0.58125 0.825 0.5666666666666667 0.8265625 0.5666666666666667 0.828125 0.5645833333333333 0.8296875 0.5645833333333333 0.8375 0.5541666666666667 0.8375 0.55 0.8390625 0.5479166666666667 0.8390625 0.5166666666666667 0.8375 0.5145833333333333 0.8375 0.5083333333333333 0.8359375 0.50625 0.8359375 0.5020833333333333 0.8328125 0.4979166666666667 0.8328125 0.49375 0.8265625 0.48541666666666666 0.8265625 0.48333333333333334 0.821875 0.47708333333333336 0.8203125 0.47708333333333336 0.8171875 0.47291666666666665 0.815625 0.47291666666666665
0 0.8953125 0.39791666666666664 0.89375 0.39791666666666664 0.8921875 0.3958333333333333 0.8890625 0.3958333333333333 0.8859375 0.39166666666666666 0.878125 0.39166666666666666 0.8765625 0.38958333333333334 0.86875 0.38958333333333334 0.8671875 0.3875 0.8578125 0.3875 0.85625 0.38958333333333334 0.8515625 0.38958333333333334 0.85 0.39166666666666666 0.8484375 0.39166666666666666 0.846875 0.39375 0.8453125 0.39375 0.840625 0.4 0.840625 0.40208333333333335 0.8328125 0.4125 0.8328125 0.41458333333333336 0.83125 0.4166666666666667 0.83125 0.41875 0.8296875 0.42083333333333334 0.8296875 0.42291666666666666 0.828125 0.425 0.828125 0.4375 0.8296875 0.4395833333333333 0.8296875 0.44375 0.83125 0.44583333333333336 0.83125 0.4479166666666667 0.8328125 0.45 0.8328125 0.45416666666666666 0.834375 0.45625 0.834375 0.4583333333333333 0.8359375 0.46041666666666664 0.8359375 0.46458333333333335 0.8375 0.4666666666666667 0.8375 0.46875 0.840625 0.47291666666666665 0.840625 0.475 0.8421875 0.47708333333333336 0.84375 0.47708333333333336 0.8453125 0.4791666666666667 0.846875 0.4791666666666667 0.8484375 0.48125 0.8640625 0.48125 0.865625 0.4791666666666667 0.86875 0.4791666666666667 0.8703125 0.47708333333333336 0.871875 0.47708333333333336 0.8734375 0.475 0.8796875 0.475 0.88125 0.47291666666666665 0.8828125 0.47291666666666665 0.884375 0.4708333333333333 0.8875 0.4708333333333333 0.8890625 0.46875 0.890625 0.46875 0.8921875 0.4666666666666667 0.89375 0.4666666666666667 0.8953125 0.46458333333333335 0.896875 0.46458333333333335 0.9015625 0.4583333333333333 0.903125 0.4583333333333333 0.9046875 0.45625 0.9046875 0.45416666666666666 0.90625 0.45208333333333334 0.90625 0.45 0.9078125 0.4479166666666667 0.9078125 0.43125 0.90625 0.42916666666666664 0.90625 0.425 0.9046875 0.42291666666666666 0.9046875 0.41875 0.903125 0.4166666666666667 0.903125 0.41458333333333336 0.9015625 0.4125 0.9015625 0.41041666666666665 0.9 0.4083333333333333 0.9 0.40625 0.896875 0.40208333333333335 0.896875 0.4
0 0.9234375 0.39375 0.9140625 0.40625 0.915625 0.40625 0.9171875 0.4041666666666667 0.91875 0.4041666666666667 0.9203125 0.40625 0.9265625 0.40625 0.928125 0.4083333333333333 0.928125 0.41041666666666665 0.93125 0.41041666666666665 0.9328125 0.4125 0.934375 0.4125 0.9375 0.4166666666666667 0.9328125 0.42291666666666666 0.9296875 0.42291666666666666 0.928125 0.425 0.9203125 0.425 0.91875 0.42291666666666666 0.9125 0.42291666666666666 0.9125 0.4270833333333333 0.9140625 0.42916666666666664 0.9140625 0.43125 0.915625 0.43333333333333335 0.915625 0.4375 0.9140625 0.4395833333333333 0.9125 0.4395833333333333 0.9109375 0.44166666666666665 0.9109375 0.44375 0.909375 0.44583333333333336 0.909375 0.45 0.9078125 0.45208333333333334 0.9078125 0.45416666666666666 0.90625 0.45625 0.90625 0.4625 0.9078125 0.46458333333333335 0.9078125 0.4666666666666667 0.9125 0.47291666666666665 0.915625 0.47291666666666665 0.91875 0.47708333333333336 0.9203125 0.47708333333333336 0.921875 0.4791666666666667 0.928125 0.4791666666666667 0.9296875 0.47708333333333336 0.93125 0.47708333333333336 0.9328125 0.4791666666666667 0.934375 0.4791666666666667 0.9375 0.48333333333333334 0.940625 0.48333333333333334 0.9421875 0.48541666666666666 0.946875 0.48541666666666666 0.9484375 0.4875 0.9609375 0.4875 0.9625 0.48541666666666666 0.9640625 0.48541666666666666 0.965625 0.48333333333333334 0.9671875 0.48333333333333334 0.9671875 0.48125 0.96875 0.4791666666666667 0.96875 0.475 0.9703125 0.47291666666666665 0.9703125 0.46875 0.971875 0.4666666666666667 0.971875 0.46458333333333335 0.9734375 0.4625 0.9734375 0.4479166666666667 0.971875 0.44583333333333336 0.971875 0.4395833333333333 0.9703125 0.4375 0.9703125 0.43333333333333335 0.96875 0.43125 0.96875 0.425 0.9671875 0.42291666666666666 0.9671875 0.41875 0.9640625 0.41458333333333336 0.9640625 0.4125 0.9625 0.41041666666666665 0.9609375 0.41041666666666665 0.9578125 0.40625 0.9578125 0.4041666666666667 0.95625 0.4041666666666667 0.9546875 0.40208333333333335 0.9546875 0.4 0.953125 0.39791666666666664 0.95 0.39791666666666664 0.9484375 0.3958333333333333 0.946875 0.3958333333333333 0.9453125 0.39375
0 0.996875 0.3 0.990625 0.3 0.9890625 0.29791666666666666 0.98125 0.29791666666666666 0.9796875 0.29583333333333334 0.978125 0.29791666666666666 0.9765625 0.29791666666666666 0.975 0.3 0.971875 0.3 0.96875 0.30416666666666664 0.9671875 0.30416666666666664 0.965625 0.30625 0.9625 0.30625 0.9578125 0.3125 0.9578125 0.3145833333333333 0.95625 0.31666666666666665 0.95625 0.31875 0.953125 0.3229166666666667 0.953125 0.32916666666666666 0.9515625 0.33125 0.9515625 0.33541666666666664 0.9453125 0.34375 0.9453125 0.3458333333333333 0.94375 0.34791666666666665 0.94375 0.35208333333333336 0.9421875 0.3541666666666667 0.9421875 0.3625 0.940625 0.3645833333333333 0.940625 0.3770833333333333 0.9421875 0.37916666666666665 0.94375 0.37916666666666665 0.9453125 0.38125 0.9453125 0.38333333333333336 0.946875 0.3854166666666667 0.946875 0.3875 0.9484375 0.3875 0.953125 0.39375 0.9875 0.39375 0.9890625 0.39166666666666666 0.9921875 0.39166666666666666 0.99375 0.38958333333333334 0.996875 0.38958333333333334 0.996875 0.3875 0.9984375 0.3854166666666667 0.9984375 0.30416666666666664 0.996875 0.3020833333333333
0 0.996875 0.4583333333333333 0.99375 0.4625 0.99375 0.46458333333333335 0.9890625 0.4708333333333333 0.9875 0.4708333333333333 0.9828125 0.47708333333333336 0.98125 0.47708333333333336 0.978125 0.48125 0.9765625 0.48125 0.9734375 0.48541666666666666 0.9734375 0.4875 0.9703125 0.49166666666666664 0.9703125 0.49375 0.96875 0.49583333333333335 0.96875 0.4979166666666667 0.965625 0.5020833333333333 0.965625 0.5041666666666667 0.9640625 0.50625 0.965625 0.5083333333333333 0.965625 0.5125 0.9734375 0.5229166666666667 0.975 0.5229166666666667 0.9765625 0.525 0.978125 0.525 0.9796875 0.5270833333333333 0.9828125 0.5270833333333333 0.984375 0.5291666666666667 0.990625 0.5291666666666667 0.9921875 0.5270833333333333 0.996875 0.5270833333333333 0.9984375 0.525 0.9984375 0.4625 0.996875 0.46041666666666664
0 0.93125 0.5854166666666667 0.93125 0.5875 0.9296875 0.5895833333333333 0.9296875 0.6 0.93125 0.6020833333333333 0.93125 0.6041666666666666 0.9328125 0.60625 0.9328125 0.6083333333333333 0.9359375 0.6125 0.9375 0.6125 0.9390625 0.6145833333333334 0.9390625 0.6166666666666667 0.940625 0.6166666666666667 0.9421875 0.61875 0.94375 0.61875 0.9453125 0.6208333333333333 0.9453125 0.6229166666666667 0.946875 0.6229166666666667 0.9484375 0.625 0.9515625 0.625 0.953125 0.6270833333333333 0.9546875 0.6270833333333333 0.95625 0.6291666666666667 0.959375 0.6291666666666667 0.9609375 0.63125 0.965625 0.63125 0.9671875 0.6333333333333333 0.975 0.6333333333333333 0.9765625 0.6354166666666666 0.978125 0.6354166666666666 0.9796875 0.6375 0.9828125 0.6375 0.984375 0.6395833333333333 0.99375 0.6395833333333333 0.9953125 0.6416666666666667 0.996875 0.6416666666666667 0.996875 0.6354166666666666 0.9984375 0.6333333333333333 0.9984375 0.5625 0.996875 0.5604166666666667 0.996875 0.5520833333333334 0.9859375 0.5520833333333334 0.984375 0.55 0.9796875 0.55 0.978125 0.5520833333333334 0.9671875 0.5520833333333334 0.965625 0.5541666666666667 0.9625 0.5541666666666667 0.9578125 0.5604166666666667 0.95625 0.5604166666666667 0.9546875 0.5625 0.9515625 0.5625 0.95 0.5645833333333333 0.9484375 0.5645833333333333 0.946875 0.5666666666666667 0.946875 0.56875 0.9421875 0.575 0.940625 0.575 0.9359375 0.58125 0.934375 0.58125