0 0.09678819444444442 0.49363425925925924 0.10243055555555554 0.14236111111111108
0 0.19227430555555552 0.4988425925925926 0.10416666666666666 0.13888888888888887
0 0.24348958333333331 0.5896990740740741 0.0989583333333334 0.1215277777777778
0 0.29166666666666663 0.40625 0.09461805555555562 0.13888888888888887
0 0.3654513888888889 0.4791666666666667 0.08940972222222224 0.125
0 0.44791666666666663 0.47858796296296297 0.07899305555555554 0.12384259259259262
0 0.5121527777777777 0.3721064814814815 0.0963541666666667 0.13078703703703703
0 0.521267361111111 0.5353009259259259 0.09027777777777776 0.11689814814814815
0 0.4848090277777778 0.6388888888888888 0.08680555555555554 0.11574074074074084
0 0.6766493055555556 0.6290509259259259 0.08159722222222232 0.12615740740740738
0 0.62109375 0.43923611111111105 0.08506944444444446 0.10995370370370375
0 0.6866319444444444 0.46469907407407407 0.07378472222222214 0.11921296296296298
0 0.8272569444444443 0.4126157407407407 0.09809027777777776 0.13773148148148148
0 0.915798611111111 0.3298611111111111 0.08940972222222214 0.125
0 0.9201388888888887 0.5109953703703703 0.09635416666666678 0.13541666666666666
0 0.08830394190871374 0.4390560165975105 0.07857883817427389 0.43992047026279396 0.0636670124481328 0.45029391424619647 0.053941908713692976 0.45807399723374836 0.047458506224066416 0.4667185338865838 0.04486514522821579 0.47449861687413564 0.05134854771784236 0.4969744121715077 0.05718360995850624 0.5185857538035962 0.0636670124481328 0.5350103734439834 0.07015041493775935 0.5453838174273858 0.08311721991701249 0.558350622406639 0.1006224066390042 0.5514349930843707 0.11553423236514526 0.5419260027662517 0.12850103734439838 0.5272302904564315 0.13757780082987553 0.5090767634854773 0.1485995850622407 0.48660096818810517 0.1440612033195021 0.47709197786998625 0.14017116182572617 0.471905255878285 0.12785269709543573 0.4684474412171509 0.12007261410788386 0.47104080221300143 0.11812759336099588 0.45720954356846477 0.12201763485477182 0.45029391424619647 0.10645746887966807 0.44078492392807755 0.10127074688796685 0.4390560165975105
0 0.15832468879668055 0.46239626556016605 0.14795124481327804 0.4822786998616875 0.14600622406639008 0.4969744121715077 0.15962136929460585 0.513399031811895 0.17193983402489627 0.5246369294605809 0.19009336099585067 0.5497060857538035 0.19722510373443985 0.5566217150760718 0.20630186721991706 0.5652662517289073 0.2244553941908714 0.5635373443983404 0.23482883817427389 0.5419260027662517 0.23807053941908718 0.5246369294605809 0.2432572614107884 0.5012966804979254 0.2439056016597511 0.471905255878285 0.23807053941908718 0.449429460580913 0.2328838174273859 0.44510719225449524 0.2257520746887967 0.45288727524204714 0.21343360995850627 0.45807399723374836 0.19592842323651455 0.4546161825726142 0.18814834024896268 0.45115836791148006 0.18360995850622408 0.45115836791148006 0.17518153526970956 0.45720954356846477
0 0.1978734439834025 0.5851486860304288 0.20241182572614108 0.6024377593360997 0.21343360995850627 0.6188623789764869 0.2231587136929461 0.6309647302904564 0.23482883817427389 0.6396092669432919 0.2445539419087137 0.6456604426002766 0.2549273858921162 0.6473893499308437 0.2633558091286307 0.6447959889349931 0.27502593360995853 0.6352869986168741 0.283454356846473 0.6266424619640387 0.28734439834024894 0.6179979253112032 0.2886410788381743 0.6033022130013831 0.2886410788381743 0.5860131396957123 0.28734439834024894 0.567859612724758 0.283454356846473 0.5548928077455049 0.27632261410788383 0.5453838174273858 0.26789419087136934 0.5384681881051175 0.2529823651452282 0.5367392807745506 0.2464989626556017 0.5436549100968189 0.2419605809128631 0.5497060857538035 0.23353215767634858 0.5557572614107884 0.22769709543568467 0.5592150760719226 0.2153786307053942 0.5739107883817428 0.208246887966805 0.5747752420470263
0 0.26919087136929465 0.355204011065007 0.2568724066390042 0.36730636237897657 0.2490923236514523 0.375950899031812 0.24714730290456433 0.38891770401106507 0.2510373443983403 0.40793568464730295 0.2640041493775934 0.4373271092669434 0.26854253112033194 0.45288727524204714 0.2711358921161826 0.46239626556016605 0.28021265560165975 0.471905255878285 0.29382780082987553 0.47017634854771795 0.30549792531120334 0.460667358229599 0.31068464730290457 0.45202282157676354 0.32429979253112035 0.4381915629322269 0.3307831950207469 0.4269536652835409 0.3340248962655602 0.41485131396957126 0.3340248962655602 0.40793568464730295 0.32754149377593367 0.39756224066390045 0.3223547717842324 0.3941044260027663 0.31911307053941906 0.3923755186721992 0.31587136929460585 0.4001556016597511 0.3074429460580913 0.4018845089903182 0.30290456431535273 0.39756224066390045 0.29901452282157676 0.3854598893499309 0.28475103734439833 0.36039073305670827
0 0.3528267634854772 0.4252247579529738 0.34699170124481327 0.42868257261410797 0.3327282157676349 0.4442427385892117 0.32818983402489627 0.47017634854771795 0.32689315352697096 0.49178769017980645 0.32300311203319504 0.5108056708160443 0.3236514522821577 0.5255013831258645 0.3301348547717843 0.537603734439834 0.34375 0.5341459197786999 0.35217842323651455 0.5289591977869986 0.362551867219917 0.5246369294605809 0.37681535269709543 0.5237724757952974 0.39626556016597514 0.5056189488243431 0.40339730290456427 0.4900587828492393 0.40534232365145223 0.4857365145228217 0.39885892116182575 0.4762275242047027 0.39107883817427386 0.4675829875518673 0.3845954356846474 0.4589384508990319 0.37487033195020747 0.449429460580913 0.3677385892116183 0.44251383125864463
0 0.4293309128630705 0.43386929460580925 0.4176607883817427 0.4459716459197788 0.41636410788381745 0.4589384508990319 0.41636410788381745 0.47449861687413564 0.4228475103734439 0.49438105117565706 0.43451763485477174 0.5064834024896266 0.44748443983402486 0.5168568464730291 0.4591545643153527 0.5246369294605809 0.462396265560166 0.5324170124481328 0.4734180497925311 0.5324170124481328 0.47536307053941906 0.5211791147994468 0.4779564315352697 0.5056189488243431 0.4799014522821577 0.49438105117565706 0.4831431535269709 0.47968533886583686 0.48379149377593356 0.4667185338865838 0.4844398340248962 0.4537517289073306 0.48119813278008294 0.44510719225449524 0.47536307053941906 0.4364626556016598 0.47017634854771784 0.4321403872752422 0.4643412863070539 0.4295470262793915 0.4591545643153527 0.42868257261410797 0.45202282157676343 0.4295470262793915 0.44294605809128623 0.4373271092669434
0 0.5136151452282157 0.502161134163209 0.501945020746888 0.513399031811895 0.48962655601659744 0.5289591977869986 0.4850881742738589 0.5401970954356847 0.4850881742738589 0.5540283540802213 0.48768153526970953 0.5644017980636238 0.49675829875518673 0.5713174273858922 0.5058350622406639 0.5730463347164592 0.514911825726141 0.5713174273858922 0.518801867219917 0.5713174273858922 0.5233402489626556 0.5730463347164592 0.5343620331950207 0.5799619640387275 0.5447354771784232 0.5851486860304288 0.552515560165975 0.5868775933609959 0.560295643153527 0.5834197786998616 0.5615923236514522 0.569588520055325 0.560295643153527 0.5566217150760718 0.5596473029045643 0.547112724757953 0.5577022821576764 0.5246369294605809 0.5531639004149377 0.5047544951590596 0.5486255186721991 0.49438105117565706 0.539548755186722 0.4840076071922546 0.5304719917012448 0.4822786998616875 0.522691908713693 0.4857365145228217 0.5181535269709543 0.4952455048409406
0 0.4591545643153527 0.6007088520055325 0.45396784232365145 0.6067600276625172 0.45202282157676343 0.6171334716459198 0.4526711618257261 0.6292358229598894 0.45396784232365145 0.643067081604426 0.45850622406639 0.6517116182572614 0.4649896265560166 0.6603561549100968 0.4708246887966805 0.6646784232365145 0.4799014522821577 0.6724585062240663 0.4850881742738589 0.6759163208852005 0.496109958506224 0.6828319502074689 0.5038900414937759 0.6880186721991701 0.516856846473029 0.6819674965421854 0.5213952282157676 0.6586272475795297 0.5220435684647302 0.6370159059474413 0.5213952282157676 0.6162690179806363 0.518801867219917 0.6050311203319503 0.5162085062240663 0.598115491009682 0.5058350622406639 0.5972510373443983 0.4915715767634855 0.5963865836791148 0.48379149377593356 0.6136756569847857 0.4799014522821577 0.620591286307054 0.46952800829875513 0.6136756569847857
0 0.6095695020746887 0.39756224066390045 0.5991960580912863 0.39583333333333337 0.5933609958506223 0.40361341632088527 0.5868775933609959 0.41658022130013844 0.581042531120332 0.4416493775933611 0.5790975103734439 0.4589384508990319 0.5797458506224066 0.47449861687413564 0.5875259336099584 0.48660096818810517 0.5972510373443983 0.49438105117565706 0.6037344398340249 0.4978388658367912 0.6179979253112033 0.48746542185338876 0.6264263485477178 0.4753630705394192 0.6374481327800829 0.4658540802213002 0.6419865145228215 0.4615318118948825 0.6471732365145229 0.4554806362378977 0.648469917012448 0.44510719225449524 0.6458765560165974 0.4381915629322269 0.6400414937759336 0.42868257261410797 0.635503112033195 0.4243603042876903 0.6212396265560166 0.4321403872752422 0.610866182572614 0.42349585062240674 0.6082728215767634 0.41658022130013844
0 0.49546161825726137 0.3284059474412172 0.48379149377593356 0.34223720608575386 0.4760114107883817 0.3534751037344399 0.4675829875518672 0.3698997233748272 0.4669346473029045 0.37940871369294615 0.4708246887966805 0.39842669432918404 0.4760114107883817 0.4105290456431536 0.48573651452282157 0.4209024896265561 0.49546161825726137 0.42868257261410797 0.5064834024896265 0.43386929460580925 0.5175051867219918 0.43386929460580925 0.5252852697095436 0.43041147994467505 0.5382520746887967 0.4312759336099586 0.5460321576763485 0.43041147994467505 0.5583506224066389 0.41571576763485485 0.5596473029045643 0.40793568464730295 0.5544605809128631 0.38200207468879677 0.5518672199170125 0.3560684647302905 0.5401970954356846 0.33705048409405264 0.5330653526970954 0.3275414937759337 0.5155601659751037 0.31976141078838183 0.49935165975103735 0.3214903181189489
0 0.7107105809128631 0.4312759336099586 0.7152489626556016 0.4485650069156294 0.7158973029045643 0.46239626556016605 0.716545643153527 0.4779564315352698 0.7139522821576764 0.49870331950207475 0.7113589211618256 0.5073478561549102 0.7016338174273858 0.5159923928077456 0.6912603734439833 0.5194502074688797 0.686073651452282 0.5220435684647303 0.6718101659751037 0.5177213001383126 0.6601400414937759 0.502161134163209 0.6562499999999999 0.48832987551867224 0.6530082987551867 0.4736341632088521 0.6536566390041493 0.45720954356846477 0.6556016597510373 0.4485650069156294 0.6659751037344398 0.4546161825726142 0.6782935684647302 0.45202282157676354 0.6841286307053942 0.4468360995850623 0.6925570539419087 0.43992047026279396
0 0.6465248962655601 0.5937932226832642 0.6432831950207468 0.6015733056708161 0.6426348547717842 0.6136756569847857 0.6413381742738589 0.6352869986168741 0.6400414937759336 0.654304979253112 0.6465248962655601 0.676780774550484 0.6523599585062241 0.6819674965421854 0.6601400414937759 0.6811030428769018 0.6685684647302904 0.6828319502074689 0.673106846473029 0.686289764868603 0.6821836099585062 0.6871542185338867 0.6893153526970954 0.6793741355463347 0.6970954356846473 0.6646784232365145 0.7061721991701244 0.6465248962655602 0.7100622406639003 0.63182918395574 0.7094139004149377 0.6214557399723375 0.6938537344398339 0.6171334716459198 0.6841286307053942 0.6076244813278008 0.6776452282157676 0.6154045643153527 0.6679201244813278 0.6214557399723375 0.6543049792531119 0.6240491009681881 0.6536566390041493 0.5989799446749654
0 0.7833246887966804 0.41571576763485485 0.783973029045643 0.4269536652835409 0.787863070539419 0.4485650069156294 0.8027748962655602 0.4589384508990319 0.820280082987552 0.47017634854771795 0.8338952282157676 0.4788208852005533 0.8455653526970954 0.47104080221300143 0.85399377593361 0.45288727524204714 0.855938796680498 0.4364626556016598 0.8650155601659751 0.4209024896265561 0.8663122406639004 0.40102005532503465 0.8611255186721992 0.4113934993084371 0.8552904564315353 0.41485131396957126 0.835191908713693 0.4044778699861688 0.8300051867219918 0.40707123098201947 0.8261151452282158 0.4139868603042878 0.8189834024896265 0.4183091286307055 0.8112033195020747 0.42176694329183967 0.8014782157676349 0.4131224066390042 0.8001815352697095 0.40707123098201947
0 0.8727956431535271 0.323219225449516 0.8747406639004149 0.3405082987551868 0.8799273858921163 0.3577973720608576 0.8922458506224066 0.36471300138312596 0.9006742738589212 0.3707641770401107 0.9168827800829875 0.3828665283540803 0.9298495850622407 0.39064661134163214 0.9395746887966805 0.38891770401106507 0.9447614107883817 0.37854426002766256 0.9486514522821577 0.3629840940525588 0.9505964730290456 0.35001728907330576 0.9557831950207468 0.334457123098202 0.9583765560165975 0.3171680497925312 0.9583765560165975 0.30679460580912876 0.9551348547717842 0.2998789764868604 0.9531898340248963 0.2929633471645921 0.9480031120331951 0.2869121715076073 0.9428163900414939 0.2843188105117566 0.933091286307054 0.2869121715076073 0.9279045643153527 0.29036998616874143 0.9253112033195021 0.30593015214384517 0.9188278008298756 0.30852351313969584 0.9071576763485478 0.3145746887966806 0.9026192946058093 0.3145746887966806 0.9000259336099585 0.3405082987551868 0.89548755186722 0.3465594744121716 0.8903008298755187 0.3491528354080222 0.8857624481327802 0.34310165975103746 0.8805757261410788 0.33532157676348556
0 0.9006742738589212 0.48832987551867224 0.8818724066390041 0.49870331950207475 0.8747406639004149 0.5047544951590596 0.8727956431535271 0.5168568464730291 0.8838174273858922 0.5306881051175657 0.8903008298755187 0.537603734439834 0.8987292531120332 0.54884163208852 0.9078060165975105 0.5609439834024896 0.9149377593360996 0.5652662517289073 0.9266078838174273 0.5704529737206087 0.93698132780083 0.5669951590594745 0.9441130705394191 0.5479771784232366 0.9473547717842324 0.5401970954356847 0.9492997925311204 0.5341459197786999 0.9544865145228216 0.5229080221300139 0.9629149377593361 0.5099412171507608 0.9629149377593361 0.4995677731673583 0.9635632780082988 0.4822786998616875 0.960969917012448 0.4736341632088521 0.9577282157676349 0.46931189488243436 0.9505964730290456 0.4632607192254496 0.946058091286307 0.46239626556016605 0.9382780082987552 0.46412517289073313 0.9240145228215768 0.4762275242047027 0.914289419087137 0.4805497925311204 0.9078060165975105 0.4779564315352698