0 0.04380719633943428 0.3548390165153432 0.08761439267886856 0.12497254933204224
0 0.0833426494037715 0.32518718801996666 0.13073566625069327 0.13643926788685518
0 0.12142064675816551 0.4372463494441942 0.10345654342210495 0.13833314692414617
0 0.2009723377703827 0.2910143973007949 0.08422420965058235 0.13684253096690696
0 0.2580430305499123 0.3481442716456816 0.09175503706989256 0.1113237695206168
0 0.3329151017391977 0.3440801740806452 0.08346747469303772 0.12874548404592723
0 0.38833987409336185 0.23607854312793594 0.09062474432575547 0.1378678721467903
0 0.39989665158667403 0.3979782678807267 0.09350952544562033 0.12951490073327748
0 0.36281885235588013 0.5174960652978613 0.10270977209944757 0.128693600368324
0 0.5321816302651659 0.3248044714456875 0.08682582292633825 0.15259008543158586
0 0.5912258588930971 0.3490380366669425 0.07225138121546966 0.14294352363413132
0 0.5833697750526288 0.5051311599298897 0.10093931844715529 0.14399447437205648
0 0.7997194578442006 0.17939816389504293 0.1034520992866403 0.13960910759538273
0 0.7127192636466846 0.28697708201187094 0.0984834524181614 0.13031855670261044
0 0.8146364149453182 0.33133680443837726 0.12509489057525372 0.17197697348597427
0 0.07442827121311016 0.2693739249552363 0.05802202121311016 0.2693739249552363 0.04890743787977682 0.2752767027330141 0.039272021213110166 0.29055448051079186 0.03484493787977684 0.29888781384412516 0.033803271213110164 0.31486003606634744 0.040313687879776836 0.32979059162190294 0.050990771213110166 0.34611003606634744 0.061407437879776816 0.364165591621903 0.07312618787977682 0.3777072582885696 0.0811991045464435 0.3884711471774585 0.0925540765391015 0.3937534664448142 0.10477329450915143 0.39410011092623404 0.1120528286189684 0.38612728785357736 0.12089226289517471 0.3729547975596228 0.12687188019966722 0.3577024403771492 0.13285149750415975 0.3417567942318358 0.13779118136439267 0.32581114808652245 0.13623128119800335 0.30570576816417083 0.12583194675540765 0.2897601220188574 0.11166785454644348 0.2822211471774585 0.10359493787977678 0.2752767027330141 0.09057410454644349 0.27006836939968076
0 0.1201464864996338 0.39147050610860357 0.1068652364996338 0.40084550610860353 0.09306315316630046 0.4129982838863813 0.0857714864996338 0.42272050610860357 0.08472981983296715 0.4352205061086035 0.09071940316630045 0.4525816172197147 0.09853190316630045 0.47028995055304795 0.10946940316630045 0.48348439499749246 0.11597981983296715 0.49390106166415915 0.12613606983296716 0.504664950553048 0.14019856983296713 0.507789950553048 0.1540006531663005 0.49528995055304803 0.16456946755407656 0.4835343871325568 0.1713290349417637 0.4689753189129229 0.17366888519134777 0.4426303383250138 0.1728889351081531 0.42287160288408204 0.1663893510815308 0.40449944536882965 0.1540006531663005 0.3893871727752702 0.1428027364996338 0.38591495055304803 0.13212565316630046 0.38591495055304803
0 0.20612413310152214 0.2647332395158876 0.1992252495840266 0.25766026529857644 0.19466579976818868 0.24737212840477654 0.1855512164348554 0.23973323951588763 0.17878038310152206 0.2393860172936654 0.1720095497681887 0.24216379507144314 0.1649782997681887 0.2529276839603321 0.16081163310152205 0.2640387950714432 0.1593698003327787 0.2835205213533 0.16300956738768718 0.2963463671658347 0.1695091514143095 0.31610510260676644 0.1753949664348554 0.3348721284047765 0.17956163310152204 0.35084435062699876 0.1899782997681887 0.3584832395158877 0.20378038310152213 0.3529276839603321 0.21289496643485545 0.34146935062699874 0.21927733291735993 0.33266026529857645 0.22240233291735995 0.31703526529857645 0.22839191625069333 0.3087019319652431 0.23892470881863562 0.2994661674986134 0.24048460898502494 0.2835205213533 0.23008246643485544 0.2678582395158876 0.22226996643485544 0.25883046173810986 0.21315538310152213 0.25883046173810986
0 0.250655383101522 0.3001493284417519 0.23789496643485536 0.29910766177508524 0.23164496643485535 0.30396877288619634 0.22695746643485534 0.3116076617750852 0.22279079976818875 0.32028821733064083 0.2221419162506933 0.33196524311332964 0.2214887164348554 0.3435521062195297 0.22044704976818874 0.35153821733064083 0.21601996643485538 0.3605659951084185 0.2136762164348554 0.3720243284417519 0.21263454976818874 0.383135439552863 0.21667316625069327 0.3968957986688852 0.22292316625069328 0.40140968755777406 0.23503038310152205 0.40119099510841866 0.24753038310152203 0.3973715506639742 0.25976996643485534 0.39667710621952973 0.2720095497681887 0.39667710621952973 0.27956163310152204 0.3918159951084187 0.29297524958402665 0.38092357644666297 0.29870441625069327 0.36981246533555184 0.29792316625069326 0.34897913200221853 0.2906314995840266 0.34029857644666295 0.2839887164348554 0.33591321733064083 0.2779991331015221 0.3265382173306408 0.27044704976818884 0.31855210621952973 0.262374133101522 0.3081354395528631
0 0.31454380915938135 0.30939695415048996 0.30568964249271463 0.3173830652616011 0.30178339249271463 0.3333552874838233 0.30282505915938135 0.3489802874838233 0.30595005915938134 0.3646052874838233 0.31167922582604796 0.3722441763727122 0.32027297582604797 0.3795358430393788 0.33147089249271466 0.39134139859493444 0.34449172582604803 0.40279973192826773 0.3556896424927146 0.40661917637271217 0.3619396424927147 0.39550806526160104 0.35959589249271473 0.383008065261601 0.36376255915938144 0.3774525097060455 0.37209589249271474 0.37154973192826773 0.3739188091593814 0.35800806526160106 0.3739188091593814 0.34550806526160105 0.3731375591593814 0.3305775097060455 0.36506464249271475 0.3180775097060455 0.36089797582604805 0.3114802874838233 0.35282505915938134 0.304883065261601 0.33980422582604797 0.30002195415049 0.3322521424927146 0.30071639859493443 0.32157505915938134 0.3024525097060455
0 0.3607309233498191 0.21239284663682076 0.3492725900164858 0.23426784663682076 0.3482309233498191 0.2488511799701542 0.3536996733498191 0.2735039577479316 0.36229342334981907 0.2887817355257095 0.3822994661674986 0.301063043076354 0.4031327995008319 0.30071582085413173 0.41646009001648576 0.2964206244145983 0.42865363283416524 0.2857852652985763 0.43308071616749866 0.2725908208541317 0.43442884001648574 0.24642062441459858 0.42739759001648575 0.22454562441459858 0.41880384001648574 0.21065673552570965 0.40708509001648574 0.1991984021923763 0.3938038400164857 0.1912122910812652 0.38312675668315255 0.19329562441459858 0.3740121733498192 0.19642062441459857 0.36802259001648585 0.20544840219237634
0 0.38390843998875435 0.3720068781159699 0.3776584399887543 0.379992989227081 0.3742730233220876 0.3897152114493032 0.3708876066554209 0.40360410033819216 0.36776260665542093 0.4164513225604144 0.37114802332208763 0.43034021144930334 0.3781792733220876 0.4411041003381922 0.38755427332208764 0.44770132256041434 0.3977105233220876 0.45256243367152554 0.40630427332208763 0.4515207670048589 0.41489802332208764 0.45464576700485887 0.4253146899887543 0.4595068781159701 0.4362521899887543 0.4633263225604144 0.44375823280643373 0.45592530966907 0.44558114947310035 0.44377253189129223 0.4451063566554209 0.43138187811596995 0.44588760665542093 0.41228465589374774 0.4448459399887543 0.3980485447826366 0.44172093998875434 0.38624298922708106 0.4372938566554209 0.37409021144930327 0.4284396899887543 0.3633263225604144 0.41958552332208765 0.35672910033819216 0.41151260665542094 0.3536041003381921 0.4021376066554209 0.3556874336715255 0.39120010665542093 0.3654096558937477
0 0.36917637271214643 0.47660149750415975 0.36423668885191346 0.4793746533555186 0.3588251304034405 0.4833512432982067 0.3536167970701072 0.4840456877426512 0.3439813804034405 0.4902956877426512 0.3408563804034406 0.49932346552042894 0.3411167970701073 0.5090456877426512 0.33877304707010725 0.5215456877426511 0.3413772137367739 0.5326567988537622 0.3455438804034405 0.5420317988537621 0.3530959637367739 0.5486290210759842 0.3611688804034406 0.5576567988537621 0.3734084637367738 0.5649484655204288 0.3812209637367738 0.5743234655204288 0.39111679707010716 0.5798790210759842 0.40011439267886856 0.5788616195230172 0.4078194328896284 0.5718929099648733 0.409642349556295 0.56043457663154 0.41247096373677383 0.5375179099648733 0.41299179707010725 0.5100873544093179 0.4106480470701072 0.48717068774265115 0.4036167970701072 0.47744846552042897 0.3916376304034406 0.47328179885376226 0.3780959637367738 0.47189290996487343 0.37262721373677377 0.4750179099648734
0 0.5285461730449251 0.31090543538546866 0.5201600243072473 0.3090130980542967 0.5141704409739138 0.30484643138763007 0.5073996076405807 0.30380476472096335 0.5006287743072473 0.30554087583207445 0.49516002430724726 0.3117908758320745 0.4915141909739139 0.32255476472096334 0.48995169097391394 0.33817976472096334 0.4881287743072472 0.3555408758320745 0.48943085764058064 0.36873532027651895 0.4886496076405805 0.3836658758320745 0.4917746076405806 0.39095754249874115 0.49489960764058055 0.39512420916540786 0.5026128327787022 0.39932924292845257 0.5106857494453688 0.40037090959511923 0.5162537743072473 0.3954714313876301 0.5266704409739138 0.38679087583207455 0.5394308576405806 0.37672143138763003 0.5498648086522463 0.36394204104270655 0.549326690973914 0.35172143138763 0.5480246076405806 0.3402630980542967 0.5464621076405807 0.3326242091654078 0.5407653910149751 0.33343732667775927 0.5350457570715474 0.3202648363838047
0 0.5587152120238523 0.34084877401486574 0.5558506286905189 0.3464043295704213 0.5537672953571856 0.3609876629037546 0.5566318786905189 0.37487655179264345 0.5626214620238523 0.39050155179264345 0.5712152120238523 0.40334877401486574 0.5774652120238523 0.41272377401486576 0.5857985453571856 0.41897377401486574 0.6029860453571856 0.41932099623708796 0.6141839620238523 0.4175848851259768 0.6217360453571856 0.41202932957042127 0.625381878690519 0.4071682184593101 0.6274652120238523 0.3950154406815324 0.6278598169717139 0.38300748752079866 0.6272047953571855 0.3745293295704213 0.6272047953571855 0.3498765517926435 0.624600628690519 0.33772377401486575 0.6182404326123129 0.32685108153078196 0.610700915141431 0.3202648363838047 0.6029014143094842 0.3202648363838047 0.5907464620238523 0.3231404406815324 0.5818922953571856 0.32695988512597685 0.5751214620238523 0.3325154406815324 0.5665277120238523 0.3366821073481991
0 0.5790708750072776 0.4645866816764366 0.5688435940099834 0.46550887409872427 0.5600604583406109 0.4697950150097699 0.5519875416739441 0.4732672372319921 0.5469475439759701 0.47637305368380295 0.5433017106426368 0.4756786092393585 0.5396558773093034 0.48123416479491404 0.53835379397597 0.48956749812824735 0.5373121273093034 0.5010258314615806 0.5409579606426368 0.5107480536838029 0.5414787939759701 0.523248053683803 0.5433017106426368 0.5326230536838028 0.5441750416739443 0.5451422372319918 0.5464267106426368 0.5555397203504694 0.5476640495008319 0.5677308652246253 0.5560621273093035 0.5746369425726916 0.5614661328341652 0.5774530874468478 0.5692786328341652 0.5760641985579587 0.5755933773093035 0.5756786092393582 0.5857425124792013 0.5639559068219634 0.5942786328341653 0.550022531891292 0.6061542083406108 0.5319477927875476 0.6124042083406109 0.5086839038986588 0.6101809484193013 0.4953202995008319 0.6057612312811981 0.4842276760953965 0.6018954606426368 0.4742897203504696 0.5951246273093035 0.4718591647949141
0 0.7177808940669786 0.24441520309919315 0.7052808940669786 0.2555263142103043 0.6961663107336452 0.2621235364325265 0.6870517274003118 0.25934575865474874 0.6834058940669786 0.26351242532141544 0.6774163107336453 0.2714985364325265 0.6774163107336453 0.2819152030991932 0.678036605657238 0.28941347753743757 0.6821963394342763 0.2953064337215751 0.6829762895174709 0.305359123682751 0.6857496440669786 0.3117763142103043 0.690957977400312 0.31872075865474875 0.7016350607336453 0.32740131421030433 0.7073642274003118 0.32670686976585983 0.7149163107336454 0.337817980876971 0.7232737104825292 0.3431433721575152 0.735752911813644 0.35146283971159176 0.7448523294509152 0.34834303937881306 0.750532965890183 0.33995886485487153 0.7539183825568497 0.3267644204104271 0.7570433825568498 0.30627830929931593 0.7601683825568497 0.2805838648548715 0.7625311980033278 0.2627218524681087 0.7594113976705491 0.24608291735995558 0.7534317803660566 0.2367235163616195 0.7471921797004992 0.2356835829173599 0.743032445923461 0.24157653910149746
0 0.7867096505823628 0.15387548530227396 0.7783901830282862 0.1621949528563505 0.78125 0.180220465890183 0.7828099001663894 0.1978993344425956 0.7803946236206997 0.20467144614715185 0.7676342069540331 0.19876866836937404 0.7651310316139768 0.21072518025513032 0.773693552489252 0.22467052176186803 0.7837800402873663 0.23487977948048525 0.7892925541531456 0.23437656724162406 0.8027904569540331 0.2359214461471519 0.8116680532445925 0.24018996117581803 0.8301342069540331 0.2501575572582629 0.8415925402873663 0.24876866836937409 0.8455807161674986 0.2406521538177112 0.8476640495008321 0.2281521538177112 0.8458411328341654 0.2094021538177112 0.846882799500832 0.193429931595489 0.8505286328341655 0.180929931595489 0.8497473828341654 0.16634659826215567 0.8487057161674987 0.15662437603993343 0.8427161328341655 0.14134659826215568 0.835164049500832 0.1344021538177112 0.8294348828341654 0.12919382048437786 0.8166077371048253 0.12891708264004434 0.80516846921797 0.13723655019412087 0.7949779569540331 0.14981033503604077
0 0.8604231662506931 0.2906579312257349 0.8554752495840265 0.2878801534479571 0.8466210829173599 0.28579682011462376 0.8319629337460892 0.2809875045836232 0.8165983504127559 0.28862639347251207 0.8113900170794224 0.29869583791695653 0.7965462670794224 0.3084180601391787 0.7876921004127558 0.31640417125028986 0.7822233504127558 0.3271680601391787 0.7790983504127558 0.33827917125028983 0.7798796004127558 0.3625847268058454 0.7923796004127558 0.37439028236140093 0.8064683860232945 0.39098031059345534 0.8212874376039935 0.40241957848031057 0.8340266222961731 0.4145521353300055 0.8513085829173599 0.41044959789240154 0.8586002495840266 0.4045468201146238 0.8643294162506931 0.38683848678129046 0.8656314995840265 0.3649634867812904 0.8721419162506931 0.34829682011462376 0.8763085829173599 0.3281579312257349 0.87552733291736 0.3132273756701794 0.8718814995840265 0.3024634867812904 0.8645898329173599 0.2951718201146238
0 0.0005208333333333332 0.3159843547790719 0.01015625 0.31390102144573856 0.026041666666666668 0.3191093547790719 0.03697916666666667 0.32188713255684964 0.04635416666666667 0.3385537992235163 0.05677083333333331 0.35313713255684964 0.06796874999999997 0.37466491033462745 0.06901041666666664 0.3861232436679608 0.058593749999999965 0.3930676881124052 0.053645833333333316 0.40035935477907186 0.0453125 0.4100815770012941 0.0328125 0.41598435477907186 0.019791666666666662 0.4187621325568497 0.006510416666666667 0.4128593547790719 0 0.4121649103346275