0 0.23654513888888884 0.5561342592592593 0.09375 0.13310185185185178
0 0.2842881944444444 0.6435185185185186 0.0885416666666667 0.12037037037037036
0 0.15104166666666666 0.5515046296296295 0.0911458333333333 0.13078703703703703
0 0.04730902777777775 0.5711805555555556 0.08854166666666666 0.12615740740740744
0 0.03645833333333333 0.46817129629629634 0.07204861111111112 0.11226851851851852
0 0.33072916666666663 0.4710648148148148 0.08420138888888884 0.12731481481481488
0 0.39279513888888884 0.5364583333333334 0.08680555555555554 0.10763888888888887
0 0.4765625 0.5364583333333334 0.06857638888888884 0.11226851851851857
0 0.5355902777777778 0.43634259259259256 0.09635416666666678 0.125
0 0.5520833333333333 0.5931712962962963 0.08420138888888892 0.1168981481481481
0 0.5160590277777777 0.6909722222222221 0.0729166666666667 0.11342592592592583
0 0.6475694444444444 0.49537037037037035 0.07725694444444446 0.11342592592592596
0 0.7252604166666666 0.5248842592592593 0.06597222222222232 0.10763888888888887
0 0.7092013888888888 0.6869212962962962 0.07378472222222214 0.12847222222222227
0 0.868923611111111 0.46064814814814814 0.09635416666666644 0.1412037037037037
0 0.954296875 0.3734953703703703 0.08828125 0.1312499999999999
0 0.9573350694444445 0.567394037356322 0.08220486111111107 0.1417325191570883
0 0.06755705394190874 0.483143153526971 0.06755705394190874 0.4952455048409406 0.05783195020746892 0.503890041493776 0.05134854771784236 0.5047544951590596 0.04032676348547721 0.5159923928077456 0.033195020746888 0.5194502074688797 0.02606327800829879 0.5237724757952974 0.017634854771784263 0.5255013831258645 0.013096473029045675 0.5211791147994468 0.005316390041493807 0.515127939142462 0.004019709543568495 0.5056189488243431 0.004019709543568495 0.49438105117565706 0.001426348547717876 0.47709197786998625 0.0020746887966805296 0.4727697095435685 0.011799792531120363 0.471905255878285 0.025414937759336127 0.4736341632088521 0.033843360995850655 0.4788208852005533 0.04356846473029048 0.4805497925311204 0.053941908713692976 0.48141424619640394 0.06172199170124484 0.4762275242047027
0 0.04032676348547721 0.5332814661134163 0.04032676348547721 0.558350622406639 0.048755186721991736 0.567859612724758 0.05977697095435688 0.5739107883817428 0.06496369294605812 0.5894709543568465 0.06755705394190874 0.5963865836791148 0.07793049792531123 0.5946576763485478 0.08376556016597514 0.5989799446749654 0.07274377593360999 0.6076244813278008 0.05653526970954359 0.6188623789764869 0.042271784232365175 0.6240491009681881 0.025414937759336127 0.6301002766251729 0.013744813278008328 0.63182918395574 0.004019709543568495 0.6257780082987552 0.001426348547717876 0.620591286307054 0 0.6129840940525587 0 0.59033540802213 0.00012966804979256397 0.5782330567081605 0.00012966804979256397 0.5687240663900415 0.0020746887966805296 0.5592150760719226 0.005316390041493807 0.5505705394190872 0.012448132780083021 0.5393326417704011 0.018283195020746917 0.5341459197786999 0.022821576763485514 0.5332814661134163 0.033195020746888 0.5298236514522823
0 0.13887448132780086 0.4995677731673583 0.12201763485477182 0.5108056708160443 0.11294087136929462 0.5159923928077456 0.10840248962655605 0.5272302904564315 0.10580912863070542 0.5410615491009682 0.1090508298755187 0.5548928077455049 0.11683091286307057 0.5747752420470263 0.12461099585062244 0.5946576763485478 0.12850103734439838 0.6058955739972338 0.13822614107883818 0.6136756569847857 0.15962136929460585 0.6050311203319503 0.1699948132780083 0.5955221300138313 0.18360995850622408 0.577368603042877 0.19009336099585067 0.5626728907330567 0.18750000000000006 0.5557572614107884 0.18555497925311207 0.5445193637621024 0.18685165975103737 0.5315525587828493 0.18555497925311207 0.5263658367911481 0.17323651452282157 0.5315525587828493 0.1674014522821577 0.5306881051175657 0.168698132780083 0.5159923928077456 0.17129149377593364 0.5073478561549102 0.16221473029045647 0.5012966804979254 0.14665456431535273 0.5030255878284925
0 0.27048755186721996 0.5064834024896266 0.2743775933609959 0.5263658367911481 0.2769709543568465 0.5497060857538035 0.2769709543568465 0.5661307053941909 0.27048755186721996 0.5955221300138313 0.26530082987551873 0.609353388658368 0.2555757261410788 0.6188623789764869 0.2452022821576764 0.6188623789764869 0.2361255186721992 0.6128112033195021 0.2218620331950208 0.598115491009682 0.21473029045643158 0.59033540802213 0.19722510373443985 0.5730463347164592 0.1907417012448133 0.5548928077455049 0.18814834024896268 0.5306881051175657 0.1939834024896266 0.5220435684647303 0.2037085062240664 0.5125345781466114 0.2095435684647303 0.5159923928077456 0.22056535269709548 0.5116701244813279 0.22834543568464732 0.5090767634854773 0.24131224066390042 0.515127939142462 0.26141078838174275 0.513399031811895
0 0.29901452282157676 0.5911998616874136 0.3113329875518672 0.6050311203319503 0.31781639004149376 0.6231846473029046 0.3223547717842324 0.643067081604426 0.32170643153526973 0.6638139695712311 0.3204097510373444 0.6793741355463347 0.31457468879668055 0.6880186721991701 0.30679460580912865 0.6880186721991701 0.29836618257261416 0.6983921161825727 0.28928941908713696 0.7018499308437068 0.2743775933609959 0.6923409405255878 0.2620591286307054 0.6802385892116182 0.247795643153527 0.6664073305670816 0.2406639004149378 0.6499827109266944 0.24131224066390042 0.6361514522821577 0.2549273858921162 0.6266424619640387 0.2640041493775934 0.6145401106500691 0.2737292531120332 0.6050311203319503 0.28150933609958506 0.6015733056708161 0.28799273858921165 0.5894709543568465
0 0.30679460580912865 0.4209024896265561 0.2925311203319502 0.43992047026279396 0.28799273858921165 0.4546161825726142 0.29058609958506226 0.4788208852005533 0.29706950207468885 0.4935165975103735 0.30549792531120334 0.513399031811895 0.3113329875518672 0.5237724757952974 0.31716804979253116 0.5289591977869986 0.32948651452282157 0.5306881051175657 0.34375 0.5116701244813279 0.3515300829875519 0.4969744121715077 0.3619035269709544 0.48746542185338876 0.3677385892116183 0.4753630705394192 0.3612551867219917 0.4675829875518673 0.3567168049792531 0.4563450899031813 0.3495850622406639 0.45202282157676354 0.34634336099585067 0.46412517289073313 0.3385632780082988 0.45980290456431544 0.3320798755186722 0.449429460580913 0.32818983402489627 0.4373271092669434 0.3204097510373444 0.42868257261410797
0 0.383298755186722 0.48832987551867224 0.37292531120331956 0.49178769017980645 0.3612551867219917 0.5030255878284925 0.3580134854771785 0.5263658367911481 0.3580134854771785 0.5384681881051175 0.35347510373443985 0.5548928077455049 0.35347510373443985 0.5739107883817428 0.3586618257261411 0.5868775933609959 0.36838692946058094 0.5937932226832642 0.38200207468879666 0.5894709543568465 0.3897821576763486 0.5825553250345782 0.4021006224066389 0.579097510373444 0.4131224066390041 0.5739107883817428 0.4221991701244813 0.558350622406639 0.42997925311203317 0.547112724757953 0.4228475103734439 0.5324170124481328 0.4131224066390041 0.5237724757952974 0.4021006224066389 0.5090767634854773 0.3943205394190871 0.4995677731673583
0 0.45656120331950206 0.4935165975103735 0.44748443983402486 0.5056189488243431 0.44359439834024894 0.5211791147994468 0.44489107883817425 0.5453838174273858 0.4578578838174273 0.5592150760719226 0.4675829875518672 0.5687240663900415 0.48379149377593356 0.5825553250345782 0.49221991701244805 0.588606500691563 0.5 0.5877420470262794 0.501945020746888 0.5687240663900415 0.501945020746888 0.5574861687413555 0.5103734439834025 0.5280947441217152 0.5090767634854771 0.5030255878284925 0.49935165975103735 0.4935165975103735 0.48768153526970953 0.48660096818810517 0.4799014522821577 0.4857365145228217 0.4708246887966805 0.49178769017980645
0 0.5090767634854771 0.3932399723374828 0.49870331950207464 0.40966459197787003 0.49675829875518673 0.42176694329183967 0.4941649377593361 0.44337828492392817 0.498054979253112 0.4615318118948825 0.5136151452282157 0.4762275242047027 0.5233402489626556 0.4840076071922546 0.537603734439834 0.48832987551867224 0.5577022821576764 0.4900587828492393 0.5713174273858921 0.4909232365145229 0.581042531120332 0.4753630705394192 0.5797458506224066 0.4563450899031813 0.57326244813278 0.43559820193637633 0.5706690871369294 0.40880013831258655 0.560295643153527 0.3932399723374828 0.5505705394190871 0.3854598893499309 0.535658713692946 0.38373098201936384 0.5259336099585062 0.3828665283540803
0 0.5460321576763485 0.54884163208852 0.529823651452282 0.567859612724758 0.516856846473029 0.5834197786998616 0.5123184647302904 0.6041666666666666 0.5181535269709543 0.6249135546334716 0.5330653526970954 0.6283713692946058 0.5512188796680497 0.633558091286307 0.5667790456431534 0.6439315352697096 0.5803941908713692 0.6456604426002766 0.5875259336099584 0.6396092669432919 0.5868775933609959 0.6257780082987552 0.5836358921161826 0.5998443983402489 0.5823392116182572 0.5808264177040111 0.581042531120332 0.5600795297372062 0.575207468879668 0.547112724757953 0.5654823651452282 0.5384681881051175 0.5531639004149377 0.5367392807745506
0 0.6413381742738589 0.4537517289073306 0.6309647302904564 0.4537517289073306 0.6225363070539418 0.4546161825726142 0.6199429460580912 0.4667185338865838 0.6167012448132779 0.4822786998616875 0.6141078838174273 0.5073478561549102 0.61475622406639 0.5289591977869986 0.6212396265560166 0.5393326417704011 0.6296680497925311 0.5453838174273858 0.6426348547717842 0.5462482710926694 0.658195020746888 0.5350103734439834 0.673106846473029 0.5142634854771785 0.6808869294605808 0.5004322268326419 0.671161825726141 0.48832987551867224 0.6620850622406638 0.47968533886583686 0.6536566390041493 0.4840076071922546 0.6419865145228215 0.4822786998616875 0.6361514522821576 0.4779564315352698 0.6348547717842323 0.4667185338865838
0 0.6873703319502075 0.503890041493776 0.6873703319502075 0.5185857538035962 0.6925570539419087 0.5350103734439834 0.6964470954356846 0.5548928077455049 0.7048755186721991 0.5669951590594745 0.7133039419087137 0.5730463347164592 0.7269190871369294 0.5721818810511756 0.7379408713692945 0.5669951590594745 0.746369294605809 0.5609439834024896 0.7535010373443983 0.5315525587828493 0.7522043568464729 0.5099412171507608 0.7496109958506223 0.49610995850622414 0.7437759336099584 0.483143153526971 0.7372925311203319 0.48746542185338876 0.7282157676348547 0.4969744121715077 0.7152489626556016 0.503890041493776 0.7074688796680497 0.5073478561549102 0.6983921161825726 0.5030255878284925
0 0.675051867219917 0.6491182572614107 0.6744035269709543 0.6646784232365145 0.6744035269709543 0.6932053941908713 0.675051867219917 0.7113589211618258 0.678941908713693 0.7286479944674966 0.6841286307053942 0.7398858921161826 0.695798755186722 0.7416147994467496 0.7035788381742738 0.7459370677731674 0.7081172199170125 0.7493948824343015 0.7184906639004149 0.7519882434301521 0.7282157676348547 0.7355636237897649 0.7340508298755186 0.7260546334716459 0.7411825726141078 0.7096300138312587 0.7431275933609958 0.694069847856155 0.7418309128630705 0.6828319502074689 0.7327541493775933 0.6819674965421854 0.7217323651452282 0.6733229598893499 0.7146006224066389 0.6724585062240663 0.7068205394190871 0.6785096818810512 0.6873703319502075 0.684560857538036 0.6841286307053942 0.6724585062240663 0.6834802904564314 0.6612206085753803 0.6841286307053942 0.654304979253112
0 0.8261151452282158 0.45980290456431544 0.8248184647302905 0.4736341632088521 0.8248184647302905 0.48660096818810517 0.8280601659751037 0.4978388658367912 0.8371369294605809 0.5056189488243431 0.8468620331950207 0.5125345781466114 0.8591804979253113 0.5220435684647303 0.8682572614107885 0.5280947441217152 0.8766856846473029 0.5298236514522823 0.8838174273858922 0.5229080221300139 0.8903008298755187 0.5090767634854773 0.9000259336099585 0.4909232365145229 0.9071576763485478 0.4736341632088521 0.9091026970954357 0.460667358229599 0.9110477178423236 0.4485650069156294 0.9019709543568466 0.44337828492392817 0.9032676348547717 0.4658540802213002 0.8967842323651454 0.47017634854771795 0.8851141078838175 0.46239626556016605 0.8682572614107885 0.4563450899031813 0.8533454356846473 0.471905255878285 0.848158713692946 0.47968533886583686 0.8423236514522822 0.46931189488243436 0.8371369294605809 0.460667358229599
0 0.9201244813278009 0.5592150760719226 0.9227178423236515 0.5739107883817428 0.9317946058091288 0.5825553250345782 0.9421680497925312 0.5946576763485478 0.9525414937759337 0.6058955739972338 0.9635632780082988 0.6188623789764869 0.9706950207468881 0.6257780082987552 0.9823651452282158 0.6301002766251729 0.9894968879668051 0.6309647302904564 0.9959802904564314 0.620591286307054 0.9972769709543569 0.609353388658368 0.9966286307053942 0.5929287690179806 0.9966286307053942 0.5808264177040111 0.9966286307053942 0.5600795297372062 0.9972769709543569 0.5479771784232366 0.9979253112033195 0.5306881051175657 0.9979253112033195 0.5194502074688797 0.995331950207469 0.513399031811895 0.9901452282157676 0.513399031811895 0.9830134854771785 0.5237724757952974 0.9778267634854773 0.5289591977869986 0.9661566390041495 0.5358748271092669 0.9525414937759337 0.5367392807745506 0.9434647302904565 0.5367392807745506 0.9311462655601661 0.5479771784232366 0.9246628630705395 0.5522994467496543
0 0.9155860995850622 0.375950899031812 0.9168827800829875 0.39064661134163214 0.9253112033195021 0.4018845089903182 0.9363329875518673 0.4113934993084371 0.9428163900414939 0.41658022130013844 0.9499481327800829 0.42176694329183967 0.960969917012448 0.42868257261410797 0.9713433609958507 0.4364626556016598 0.9804201244813278 0.4381915629322269 0.9875518672199171 0.4364626556016598 0.995331950207469 0.4321403872752422 0.9966286307053942 0.42608921161825736 0.9972769709543569 0.41658022130013844 0.9984375 0.40497493084370706 0.9984375 0.38891770401106507 0.9984375 0.37335753803596133 0.9984375 0.35433955739972345 0.9984375 0.3379149377593362 0.9979253112033195 0.32408367911479957 0.9862551867219918 0.323219225449516 0.9732883817427386 0.3309993084370679 0.9719917012448134 0.34223720608575386 0.9570798755186722 0.3482883817427387 0.946058091286307 0.3569329183955741 0.9434647302904565 0.36903526970954365 0.9428163900414939 0.3854598893499309 0.9382780082987552 0.4001556016597511 0.9304979253112033 0.39669778699861696 0.9233661825726142 0.38805325034578153