0 0.4789244186046512 0.35755813953488375 0.09302325581395347 0.13372093023255818
0 0.4440406976744186 0.5130813953488372 0.09593023255813957 0.14244186046511628
0 0.38808139534883723 0.6642441860465117 0.08575581395348833 0.15019379844961248
0 0.6707848837209303 0.4583333333333333 0.10029069767441863 0.13759689922480625
0 0.7005813953488372 0.5658914728682171 0.10029069767441871 0.1472868217054263
0 0.836482558139535 0.5392441860465117 0.10465116279069778 0.1579457364341085
0 0.9810501453488373 0.5249757751937985 0.03477470930232549 0.10421511627906975
0 0.9814135174418606 0.6501937984496123 0.034047965116278965 0.11627906976744183
0 0.453125 0.32083333333333336 0.453125 0.3229166666666667 0.4515625 0.325 0.4515625 0.32916666666666666 0.4484375 0.3333333333333333 0.4484375 0.33541666666666664 0.4453125 0.33958333333333335 0.4453125 0.3416666666666667 0.44375 0.34375 0.44375 0.3458333333333333 0.4421875 0.34791666666666665 0.4421875 0.3541666666666667 0.4390625 0.35833333333333334 0.4390625 0.36041666666666666 0.4375 0.3625 0.4375 0.36666666666666664 0.4359375 0.36875 0.4359375 0.3729166666666667 0.434375 0.375 0.434375 0.37916666666666665 0.4328125 0.38125 0.4328125 0.39375 0.434375 0.3958333333333333 0.434375 0.39791666666666664 0.4359375 0.4 0.4359375 0.40208333333333335 0.4375 0.40208333333333335 0.4484375 0.4166666666666667 0.45 0.4166666666666667 0.4515625 0.41875 0.4640625 0.41875 0.465625 0.42083333333333334 0.4671875 0.41875 0.4734375 0.41875 0.475 0.4166666666666667 0.4796875 0.4166666666666667 0.48125 0.41458333333333336 0.4859375 0.41458333333333336 0.4875 0.4125 0.4921875 0.4125 0.49375 0.41041666666666665 0.4984375 0.41041666666666665 0.5 0.4083333333333333 0.5109375 0.4083333333333333 0.5125 0.40625 0.5171875 0.40625 0.51875 0.4041666666666667 0.5203125 0.4041666666666667 0.525 0.39791666666666664 0.525 0.39166666666666666 0.5265625 0.38958333333333334 0.5265625 0.3875 0.525 0.3854166666666667 0.525 0.38125 0.5234375 0.37916666666666665 0.5234375 0.375 0.5171875 0.36666666666666664 0.5171875 0.3645833333333333 0.5109375 0.35625 0.5109375 0.3541666666666667 0.4953125 0.3333333333333333 0.4953125 0.33125 0.4859375 0.31875 0.484375 0.31875 0.48125 0.3145833333333333 0.465625 0.3145833333333333 0.4640625 0.31666666666666665 0.4609375 0.31666666666666665 0.459375 0.31875 0.4578125 0.31875 0.45625 0.32083333333333336
0 0.4234375 0.45208333333333334 0.4203125 0.45625 0.41875 0.45625 0.4171875 0.4583333333333333 0.415625 0.4583333333333333 0.4109375 0.46458333333333335 0.409375 0.46458333333333335 0.40625 0.46875 0.40625 0.4708333333333333 0.403125 0.475 0.403125 0.47708333333333336 0.4015625 0.4791666666666667 0.4015625 0.48333333333333334 0.4 0.48541666666666666 0.4 0.5020833333333333 0.4015625 0.5041666666666667 0.4015625 0.5104166666666666 0.403125 0.5125 0.403125 0.5145833333333333 0.4046875 0.5166666666666667 0.4046875 0.51875 0.40625 0.5208333333333334 0.40625 0.525 0.4078125 0.525 0.4125 0.53125 0.4125 0.5333333333333333 0.41875 0.5416666666666666 0.4203125 0.5416666666666666 0.43125 0.55625 0.4328125 0.55625 0.4484375 0.5770833333333333 0.45 0.5770833333333333 0.4515625 0.5791666666666667 0.453125 0.5791666666666667 0.4546875 0.58125 0.4609375 0.58125 0.4640625 0.5770833333333333 0.465625 0.5770833333333333 0.4671875 0.575 0.4671875 0.5729166666666666 0.4703125 0.56875 0.4703125 0.5666666666666667 0.471875 0.5645833333333333 0.471875 0.5583333333333333 0.4734375 0.55625 0.4734375 0.5541666666666667 0.475 0.5520833333333334 0.475 0.5479166666666667 0.4765625 0.5458333333333333 0.4765625 0.5395833333333333 0.478125 0.5375 0.478125 0.53125 0.4796875 0.5291666666666667 0.4796875 0.5270833333333333 0.48125 0.525 0.48125 0.5229166666666667 0.4828125 0.5208333333333334 0.4828125 0.51875 0.484375 0.5166666666666667 0.484375 0.5145833333333333 0.4859375 0.5125 0.4859375 0.5083333333333333 0.4875 0.50625 0.4875 0.5041666666666667 0.4890625 0.5020833333333333 0.4890625 0.47708333333333336 0.4875 0.475 0.4875 0.4708333333333333 0.4859375 0.46875 0.4859375 0.4666666666666667 0.484375 0.4666666666666667 0.48125 0.4625 0.4765625 0.4625 0.4765625 0.4666666666666667 0.46875 0.47708333333333336 0.4671875 0.47708333333333336 0.465625 0.4791666666666667 0.4609375 0.4791666666666667 0.4546875 0.4708333333333333 0.4546875 0.46875 0.4515625 0.46458333333333335 0.4515625 0.46041666666666664 0.45 0.4583333333333333 0.45 0.45416666666666666 0.4484375 0.45208333333333334 0.4484375 0.45 0.446875 0.4479166666666667 0.4390625 0.4479166666666667 0.4375 0.45 0.428125 0.45 0.4265625 0.45208333333333334
0 0.359375 0.6229166666666667 0.3578125 0.625 0.3546875 0.625 0.353125 0.6270833333333333 0.353125 0.6333333333333333 0.3515625 0.6354166666666666 0.3515625 0.6375 0.34375 0.6479166666666667 0.34375 0.65625 0.3453125 0.6583333333333333 0.3453125 0.6666666666666666 0.346875 0.66875 0.346875 0.6770833333333334 0.3484375 0.6791666666666667 0.3484375 0.6833333333333333 0.35 0.6854166666666667 0.35 0.6895833333333333 0.3515625 0.6916666666666667 0.3515625 0.7020833333333333 0.353125 0.7041666666666667 0.353125 0.7125 0.3546875 0.7145833333333333 0.3546875 0.71875 0.35625 0.7208333333333333 0.35625 0.7229166666666667 0.3578125 0.725 0.3578125 0.7270833333333333 0.3609375 0.73125 0.3625 0.73125 0.3640625 0.7333333333333333 0.365625 0.7333333333333333 0.3671875 0.7354166666666667 0.3734375 0.7354166666666667 0.375 0.7333333333333333 0.378125 0.7333333333333333 0.3796875 0.73125 0.38125 0.73125 0.3828125 0.7291666666666666 0.384375 0.7291666666666666 0.3859375 0.7270833333333333 0.3875 0.7270833333333333 0.390625 0.7229166666666667 0.3921875 0.7229166666666667 0.3953125 0.71875 0.396875 0.71875 0.4 0.7145833333333333 0.4015625 0.7145833333333333 0.403125 0.7125 0.4046875 0.7125 0.40625 0.7104166666666667 0.4078125 0.7104166666666667 0.409375 0.7083333333333334 0.4109375 0.7083333333333334 0.4125 0.70625 0.4140625 0.70625 0.415625 0.7041666666666667 0.4171875 0.7041666666666667 0.425 0.69375 0.425 0.6916666666666667 0.428125 0.6875 0.428125 0.6854166666666667 0.4234375 0.6791666666666667 0.421875 0.6791666666666667 0.4203125 0.6770833333333334 0.41875 0.6770833333333334 0.4171875 0.675 0.415625 0.675 0.4140625 0.6729166666666667 0.409375 0.6729166666666667 0.409375 0.675 0.40625 0.6791666666666667 0.4046875 0.6791666666666667 0.403125 0.68125 0.4015625 0.68125 0.4 0.6833333333333333 0.39375 0.6833333333333333 0.3921875 0.6854166666666667 0.390625 0.6854166666666667 0.3890625 0.6833333333333333 0.3875 0.6833333333333333 0.3859375 0.68125 0.3859375 0.6791666666666667 0.384375 0.6770833333333334 0.384375 0.6708333333333333 0.3828125 0.66875 0.3828125 0.6458333333333334 0.38125 0.64375 0.3796875 0.64375 0.378125 0.6416666666666667 0.375 0.6416666666666667 0.3734375 0.6395833333333333 0.371875 0.6395833333333333 0.36875 0.6354166666666666 0.3671875 0.6354166666666666 0.3609375 0.6270833333333333 0.3625 0.625 0.3625 0.6229166666666667
0 0.6765625 0.40625 0.665625 0.40625 0.6640625 0.4083333333333333 0.6625 0.40625 0.646875 0.40625 0.6375 0.41875 0.6375 0.42083333333333334 0.6359375 0.42291666666666666 0.6359375 0.425 0.634375 0.4270833333333333 0.634375 0.42916666666666664 0.6328125 0.43125 0.6328125 0.4354166666666667 0.6296875 0.4395833333333333 0.6296875 0.44166666666666665 0.628125 0.44375 0.628125 0.44583333333333336 0.6265625 0.4479166666666667 0.6265625 0.45208333333333334 0.625 0.45416666666666666 0.625 0.46041666666666664 0.6234375 0.4625 0.6234375 0.48333333333333334 0.625 0.48541666666666666 0.625 0.4875 0.6359375 0.5020833333333333 0.6359375 0.5041666666666667 0.6375 0.50625 0.6375 0.5083333333333333 0.640625 0.5125 0.640625 0.5145833333333333 0.6453125 0.5208333333333334 0.646875 0.5208333333333334 0.6484375 0.5229166666666667 0.659375 0.5229166666666667 0.6609375 0.5208333333333334 0.665625 0.5208333333333334 0.66875 0.5166666666666667 0.6734375 0.5166666666666667 0.675 0.5145833333333333 0.678125 0.5145833333333333 0.68125 0.5104166666666666 0.6828125 0.5104166666666666 0.690625 0.5 0.69375 0.5 0.6953125 0.4979166666666667 0.696875 0.4979166666666667 0.6984375 0.49583333333333335 0.7015625 0.49583333333333335 0.703125 0.49375 0.7046875 0.49375 0.715625 0.4791666666666667 0.715625 0.47708333333333336 0.7171875 0.475 0.7171875 0.4708333333333333 0.71875 0.46875 0.71875 0.45625 0.709375 0.44375 0.7078125 0.44375 0.696875 0.42916666666666664 0.696875 0.4270833333333333 0.6859375 0.4125 0.684375 0.4125 0.6828125 0.41041666666666665 0.68125 0.41041666666666665 0.6796875 0.4083333333333333 0.678125 0.4083333333333333
0 0.71875 0.51875 0.7171875 0.51875 0.715625 0.5166666666666667 0.7140625 0.5166666666666667 0.7125 0.5145833333333333 0.709375 0.5145833333333333 0.7078125 0.5125 0.703125 0.5125 0.7015625 0.5104166666666666 0.6984375 0.5104166666666666 0.696875 0.5083333333333333 0.690625 0.5083333333333333 0.6875 0.5125 0.684375 0.5125 0.6828125 0.5145833333333333 0.68125 0.5145833333333333 0.6765625 0.5208333333333334 0.675 0.5208333333333334 0.671875 0.525 0.671875 0.5270833333333333 0.6703125 0.5291666666666667 0.6703125 0.53125 0.6625 0.5416666666666666 0.6625 0.5458333333333333 0.6609375 0.5479166666666667 0.6609375 0.5541666666666667 0.659375 0.55625 0.659375 0.5645833333333333 0.6578125 0.5666666666666667 0.6578125 0.5729166666666666 0.65625 0.575 0.65625 0.5895833333333333 0.6546875 0.5916666666666667 0.6546875 0.59375 0.653125 0.5958333333333333 0.653125 0.6 0.6515625 0.6020833333333333 0.6515625 0.6229166666666667 0.653125 0.625 0.653125 0.6270833333333333 0.65625 0.63125 0.6578125 0.63125 0.659375 0.6333333333333333 0.6609375 0.6333333333333333 0.6625 0.6354166666666666 0.665625 0.6354166666666666 0.6671875 0.6375 0.675 0.6375 0.6765625 0.6354166666666666 0.6890625 0.6354166666666666 0.690625 0.6333333333333333 0.6953125 0.6333333333333333 0.696875 0.63125 0.7125 0.63125 0.7140625 0.6291666666666667 0.71875 0.6291666666666667 0.7203125 0.6270833333333333 0.7265625 0.6270833333333333 0.728125 0.625 0.7296875 0.625 0.73125 0.6229166666666667 0.7328125 0.6229166666666667 0.734375 0.6208333333333333 0.7375 0.6208333333333333 0.7390625 0.61875 0.740625 0.61875 0.74375 0.6145833333333334 0.74375 0.6125 0.746875 0.6083333333333333 0.746875 0.6041666666666666 0.7484375 0.6020833333333333 0.7484375 0.6 0.75 0.5979166666666667 0.75 0.5833333333333334 0.7484375 0.58125 0.7484375 0.575 0.746875 0.5729166666666666 0.746875 0.56875 0.7453125 0.5666666666666667 0.7453125 0.5625 0.74375 0.5604166666666667 0.74375 0.5541666666666667 0.7421875 0.5520833333333334 0.7421875 0.55 0.7375 0.54375 0.7375 0.5416666666666666 0.73125 0.5333333333333333 0.73125 0.53125 0.728125 0.5270833333333333 0.7265625 0.5270833333333333 0.725 0.525 0.7234375 0.525
0 0.8046875 0.49583333333333335 0.803125 0.4979166666666667 0.803125 0.5 0.7984375 0.50625 0.7984375 0.5083333333333333 0.7921875 0.5166666666666667 0.7921875 0.51875 0.790625 0.5208333333333334 0.790625 0.5229166666666667 0.7890625 0.525 0.7890625 0.53125 0.7875 0.5333333333333333 0.7875 0.5416666666666666 0.7859375 0.54375 0.7859375 0.5458333333333333 0.7875 0.5479166666666667 0.7875 0.55625 0.7890625 0.5583333333333333 0.7890625 0.5604166666666667 0.790625 0.5625 0.790625 0.5645833333333333 0.7953125 0.5708333333333333 0.7953125 0.5729166666666666 0.8015625 0.58125 0.8015625 0.5833333333333334 0.803125 0.5833333333333334 0.80625 0.5875 0.809375 0.5875 0.8109375 0.5895833333333333 0.8125 0.5895833333333333 0.8140625 0.5916666666666667 0.8171875 0.5916666666666667 0.81875 0.59375 0.821875 0.59375 0.8234375 0.5958333333333333 0.825 0.5958333333333333 0.8265625 0.5979166666666667 0.828125 0.5979166666666667 0.8296875 0.6 0.8328125 0.6 0.834375 0.6020833333333333 0.8390625 0.6020833333333333 0.840625 0.6041666666666666 0.84375 0.6041666666666666 0.8453125 0.60625 0.846875 0.60625 0.85 0.6104166666666667 0.8515625 0.6104166666666667 0.853125 0.6125 0.8546875 0.6125 0.85625 0.6145833333333334 0.871875 0.6145833333333334 0.8734375 0.6125 0.875 0.6125 0.875 0.6104166666666667 0.8796875 0.6041666666666666 0.8796875 0.6020833333333333 0.88125 0.6 0.88125 0.5979166666666667 0.8828125 0.5958333333333333 0.8828125 0.5833333333333334 0.884375 0.58125 0.884375 0.5520833333333334 0.8859375 0.55 0.8859375 0.5416666666666666 0.8875 0.5395833333333333 0.8875 0.525 0.8859375 0.5229166666666667 0.8859375 0.51875 0.884375 0.5166666666666667 0.884375 0.5125 0.88125 0.5083333333333333 0.88125 0.50625 0.8796875 0.5041666666666667 0.8796875 0.5020833333333333 0.871875 0.49166666666666664 0.8703125 0.49166666666666664 0.86875 0.4895833333333333 0.8640625 0.4895833333333333 0.8625 0.4875 0.8609375 0.4875 0.859375 0.48541666666666666 0.85625 0.48541666666666666 0.8546875 0.48333333333333334 0.846875 0.48333333333333334 0.8453125 0.48541666666666666 0.84375 0.48541666666666666 0.8421875 0.48333333333333334 0.8296875 0.48333333333333334 0.828125 0.48541666666666666 0.81875 0.48541666666666666 0.8171875 0.4875 0.815625 0.4875 0.8140625 0.4895833333333333 0.8125 0.4895833333333333 0.8109375 0.49166666666666664 0.809375 0.49166666666666664 0.80625 0.49583333333333335
0 0.996875 0.4791666666666667 0.996875 0.48125 0.99375 0.48541666666666666 0.990625 0.48541666666666666 0.9890625 0.4875 0.9875 0.4875 0.984375 0.49166666666666664 0.9828125 0.49166666666666664 0.98125 0.4895833333333333 0.98125 0.4875 0.9796875 0.4875 0.9796875 0.49166666666666664 0.98125 0.49375 0.98125 0.49583333333333335 0.9796875 0.4979166666666667 0.978125 0.4979166666666667 0.978125 0.5 0.975 0.5041666666666667 0.9734375 0.5041666666666667 0.971875 0.5020833333333333 0.971875 0.5 0.9703125 0.5 0.9703125 0.5020833333333333 0.9671875 0.50625 0.9671875 0.5083333333333333 0.965625 0.5104166666666666 0.965625 0.5208333333333334 0.9640625 0.5229166666666667 0.9640625 0.5333333333333333 0.965625 0.5354166666666667 0.965625 0.5375 0.9703125 0.54375 0.9703125 0.5479166666666667 0.9734375 0.5520833333333334 0.9734375 0.5541666666666667 0.9765625 0.5583333333333333 0.9765625 0.5604166666666667 0.98125 0.5666666666666667 0.98125 0.56875 0.9828125 0.56875 0.984375 0.5708333333333333 0.9859375 0.5708333333333333 0.9875 0.5729166666666666 0.99375 0.5729166666666666 0.996875 0.5770833333333333 0.996875 0.575 0.9984375 0.5729166666666666 0.9984375 0.48541666666666666 0.996875 0.48333333333333334
0 0.9765625 0.6354166666666666 0.9734375 0.6395833333333333 0.971875 0.6395833333333333 0.9703125 0.6416666666666667 0.96875 0.6416666666666667 0.9671875 0.64375 0.9671875 0.6520833333333333 0.96875 0.6541666666666667 0.96875 0.6604166666666667 0.971875 0.6645833333333333 0.971875 0.6666666666666666 0.98125 0.6791666666666667 0.98125 0.68125 0.9921875 0.6958333333333333 0.99375 0.6958333333333333 0.996875 0.7 0.996875 0.6979166666666666 0.9984375 0.6958333333333333 0.9984375 0.65 0.996875 0.6479166666666667 0.996875 0.6458333333333334 0.99375 0.65 0.9890625 0.65 0.984375 0.64375 0.984375 0.6416666666666667 0.9796875 0.6354166666666666