0 0.3325 0.30541666666666667 0.33203125 0.3002083333333333 0.33765625 0.2889583333333333 0.34562499999999996 0.27625 0.35265625 0.26791666666666664 0.36015625 0.265625 0.3678125 0.2660416666666667 0.37734375 0.2733333333333333 0.3859375 0.291875 0.39890625 0.3175 0.40093750000000006 0.32583333333333336 0.40031249999999996 0.33541666666666664 0.39609375 0.33999999999999997 0.37140625 0.345625 0.34968750000000004 0.3489583333333333 0.34015625 0.335 0.3415625 0.3264583333333333 0.33578125000000003 0.3104166666666667
0 0.33484375 0.341875 0.33968750000000003 0.346875 0.34078125 0.35479166666666667 0.3453125 0.3610416666666667 0.35703125 0.3572916666666667 0.35984375 0.35874999999999996 0.36531250000000004 0.3675 0.36578125 0.3975 0.3578125 0.41000000000000003 0.35031249999999997 0.426875 0.34609375 0.435 0.33734375 0.4429166666666667 0.333125 0.44354166666666667 0.32296874999999997 0.43 0.3025 0.404375 0.29828125 0.39145833333333335 0.29765625 0.376875 0.29859375 0.36520833333333336 0.30593750000000003 0.35500000000000004 0.31796875 0.34270833333333334 0.32359375 0.3420833333333333
0 0.27109375 0.466875 0.2709375 0.4775 0.274375 0.4875 0.28171875 0.49125 0.28921874999999997 0.4920833333333333 0.29296875 0.48791666666666667 0.2990625 0.491875 0.30703125 0.4995833333333334 0.30765625 0.5075 0.301875 0.520625 0.29171874999999997 0.5322916666666667 0.2796875 0.5399999999999999 0.2603125 0.553125 0.25187499999999996 0.5558333333333334 0.24484374999999997 0.5502083333333334 0.24156249999999999 0.5422916666666667 0.24171874999999998 0.52125 0.24 0.5010416666666667 0.24015625 0.48500000000000004 0.24015625 0.47291666666666665 0.24718749999999998 0.47 0.25296875 0.4625 0.260625 0.45687500000000003
0 0.50203125 0.34312499999999996 0.49109375 0.34270833333333334 0.4840625 0.34645833333333337 0.47984375 0.35333333333333333 0.473125 0.365625 0.46828125 0.37916666666666665 0.4646875 0.3889583333333333 0.464375 0.40687500000000004 0.473125 0.41541666666666666 0.475 0.425 0.47765625 0.43125 0.48921875000000004 0.4327083333333333 0.49140625 0.4270833333333333 0.49515624999999996 0.4247916666666667 0.5064062500000001 0.41541666666666666 0.50484375 0.4125 0.50859375 0.4064583333333333 0.515625 0.40562499999999996 0.52234375 0.41062499999999996 0.52171875 0.403125 0.52296875 0.395625 0.52890625 0.390625 0.5310937499999999 0.38395833333333335 0.52515625 0.37375 0.5146875 0.356875 0.50625 0.34645833333333337
0 0.48890625 0.43312500000000004 0.47874999999999995 0.46416666666666667 0.47421875 0.47625 0.47453124999999996 0.49416666666666664 0.4815625 0.50125 0.4959375 0.5033333333333333 0.52515625 0.50375 0.53640625 0.49770833333333336 0.54375 0.4860416666666667 0.5440625 0.458125 0.54296875 0.44583333333333336 0.54 0.43374999999999997 0.534375 0.42124999999999996 0.5234375 0.41729166666666667 0.5146875 0.41541666666666666 0.50734375 0.41541666666666666 0.491875 0.426875
0 0.5903125 0.4116666666666667 0.5996875 0.4060416666666667 0.61375 0.4064583333333333 0.62453125 0.4125 0.6340625 0.42083333333333334 0.63828125 0.43687499999999996 0.6390625 0.4560416666666667 0.63625 0.46041666666666664 0.6334375 0.47520833333333334 0.6278125 0.483125 0.61984375 0.49125 0.6075 0.4922916666666667 0.5979687499999999 0.48854166666666665 0.58671875 0.4810416666666667 0.5779687499999999 0.46979166666666666 0.57375 0.45895833333333336 0.57328125 0.44583333333333336 0.5765625 0.43312500000000004 0.5823437499999999 0.420625
0 0.68171875 0.41625 0.69765625 0.39375 0.71484375 0.3891666666666667 0.72390625 0.390625 0.733125 0.38999999999999996 0.74265625 0.39645833333333336 0.7514062499999999 0.40625 0.7525000000000001 0.41812499999999997 0.75046875 0.434375 0.74875 0.4545833333333333 0.7465625 0.470625 0.7423437500000001 0.4864583333333333 0.73625 0.490625 0.73109375 0.49041666666666667 0.72484375 0.48666666666666664 0.7153125 0.47729166666666667 0.7032812500000001 0.46937500000000004 0.6959375 0.46458333333333335 0.68640625 0.45375000000000004 0.68140625 0.44020833333333337 0.6798437500000001 0.4275
0 0.72265625 0.38395833333333335 0.7262500000000001 0.37124999999999997 0.7464062499999999 0.35854166666666665 0.7553124999999999 0.3622916666666667 0.7728125 0.3725 0.7859375 0.39479166666666665 0.7859375 0.41291666666666665 0.78203125 0.42 0.7698437499999999 0.43125 0.7496875000000001 0.45416666666666666 0.75046875 0.4345833333333333 0.7525000000000001 0.41770833333333335 0.7515625 0.40729166666666666 0.7423437500000001 0.39666666666666667 0.73375 0.3904166666666667 0.750625 0.39375 0.749375 0.389375 0.7318749999999999 0.385
0 0.68859375 0.520625 0.70359375 0.5058333333333334 0.719375 0.5079166666666667 0.7271875 0.5022916666666667 0.7268749999999999 0.49624999999999997 0.7325 0.49 0.7359375 0.49125 0.743125 0.4858333333333333 0.75203125 0.49270833333333336 0.7584375 0.5091666666666667 0.75984375 0.5320833333333334 0.75953125 0.5533333333333333 0.754375 0.5677083333333334 0.74515625 0.5720833333333334 0.735625 0.583125 0.7251562500000001 0.5833333333333334 0.7159375 0.5768749999999999 0.7075 0.5697916666666667 0.70015625 0.559375 0.6917187499999999 0.5420833333333334 0.68859375 0.5391666666666667
0 0.78046875 0.43020833333333336 0.775625 0.434375 0.7731250000000001 0.445 0.7734375 0.48874999999999996 0.7776562499999999 0.496875 0.7884375 0.501875 0.7982812499999999 0.49875 0.8159375000000001 0.494375 0.83109375 0.4860416666666667 0.838125 0.47625 0.838125 0.4583333333333333 0.83359375 0.4354166666666667 0.8265625 0.42833333333333334 0.82125 0.423125 0.8125 0.42 0.8034375 0.41750000000000004 0.795 0.41625 0.7853125000000001 0.42458333333333337
0 0.8370312500000001 0.47833333333333333 0.8370312500000001 0.4822916666666667 0.8421875 0.48874999999999996 0.8559374999999999 0.4985416666666667 0.880625 0.5139583333333333 0.8901562500000001 0.5122916666666667 0.89484375 0.501875 0.8943749999999999 0.48166666666666663 0.8943749999999999 0.47250000000000003 0.8975 0.463125 0.8956250000000001 0.44875000000000004 0.88828125 0.4395833333333333 0.8775000000000001 0.429375 0.86484375 0.4275 0.8550000000000001 0.431875 0.8439062500000001 0.43687499999999996 0.8615625 0.45125 0.8615625 0.4560416666666667 0.8535937499999999 0.455 0.8440625 0.45 0.8474999999999999 0.46937500000000004 0.8384375000000001 0.470625 0.8384375000000001 0.475
0 0.8584375 0.5841666666666666 0.88125 0.5691666666666666 0.8878125000000001 0.5693750000000001 0.9087500000000001 0.5729166666666666 0.91140625 0.5706249999999999 0.9159375000000001 0.57375 0.92125 0.5825 0.92265625 0.5975 0.9220312500000001 0.613125 0.9243750000000001 0.6337499999999999 0.9239062499999999 0.64625 0.9220312500000001 0.651875 0.91921875 0.6552083333333333 0.9146875 0.65625 0.909375 0.655625 0.8901562500000001 0.6445833333333333 0.8746875 0.6385416666666667 0.8634375000000001 0.6291666666666667 0.8556250000000001 0.6220833333333334 0.85 0.6081249999999999 0.85125 0.598125
0 0.8896875 0.5225000000000001 0.8890625 0.5322916666666667 0.89765625 0.545 0.9060937499999999 0.5510416666666667 0.92703125 0.5554166666666667 0.9425000000000001 0.5645833333333333 0.9574999999999999 0.565625 0.96421875 0.5572916666666666 0.9659375000000001 0.546875 0.9650000000000001 0.53625 0.9610937500000001 0.530625 0.9620312500000001 0.5135416666666667 0.959375 0.5014583333333333 0.95375 0.48874999999999996 0.945625 0.48000000000000004 0.9354687500000001 0.4775 0.9276562500000001 0.4825 0.9140625 0.493125 0.91109375 0.49916666666666665 0.8998437499999999 0.51
0 0.881875 0.40375 0.884375 0.39145833333333335 0.8896875 0.3775 0.89765625 0.36395833333333333 0.905625 0.35229166666666667 0.9139062499999999 0.34625 0.9234375 0.3452083333333333 0.9364062499999999 0.34791666666666665 0.9454687500000001 0.358125 0.9550000000000001 0.3745833333333334 0.9589062500000001 0.38625000000000004 0.96421875 0.3985416666666667 0.965625 0.41791666666666666 0.96421875 0.424375 0.9551562499999999 0.4275 0.943125 0.43083333333333335 0.9389062499999999 0.429375 0.92703125 0.43041666666666667 0.9229687500000001 0.43312500000000004 0.9028124999999999 0.4327083333333333 0.89578125 0.42875 0.8921875 0.428125 0.8865624999999999 0.419375 0.8865624999999999 0.409375 0.88125 0.41125
0 0.97203125 0.4322916666666667 0.95609375 0.43479166666666663 0.9506249999999999 0.43625 0.945 0.4425 0.9396875 0.4516666666666667 0.936875 0.4633333333333333 0.9360937500000001 0.470625 0.94171875 0.47312499999999996 0.93515625 0.4775 0.9451562499999999 0.48020833333333335 0.9550000000000001 0.489375 0.96 0.5025 0.96328125 0.51625 0.97203125 0.5141666666666667 0.984375 0.5047916666666666 0.9984375 0.4920963541666667 0.9984375 0.44937499999999997 0.9901562500000001 0.4425 0.9829687500000001 0.43687499999999996
0 0.27414062499999997 0.49395833333333333 0.06703125000000001 0.12416666666666659
0 0.33187500000000003 0.37416666666666665 0.06843750000000001 0.13708333333333336
0 0.366796875 0.29614583333333333 0.06890625000000003 0.10604166666666665
0 0.497421875 0.38125 0.06640625 0.10291666666666661
0 0.5094531250000001 0.4497916666666667 0.06953125 0.10874999999999997
0 0.606328125 0.4404166666666667 0.06578125000000004 0.10375000000000002
0 0.7162499999999999 0.4376041666666667 0.07218749999999999 0.10562500000000004
0 0.72421875 0.53125 0.07125000000000004 0.10416666666666667
0 0.7544531250000001 0.40354166666666663 0.06328125 0.10083333333333334
0 0.805859375 0.4478125 0.06546875000000005 0.10687499999999997
0 0.86796875 0.4635416666666667 0.05906249999999993 0.1016666666666667
0 0.9234375 0.37906249999999997 0.08468750000000007 0.10854166666666666
0 0.9669531250000001 0.45512412981162986 0.06296874999999993 0.12191492628992642
0 0.927421875 0.5142708333333333 0.07734375 0.10354166666666664
0 0.88734375 0.6051041666666667 0.07468749999999993 0.103125