0 0.20557807167235492 0.3146331058020478 0.10078924914675769 0.10310011376564278
0 0.16958191126279862 0.45221843003412965 0.09492320819112628 0.1237201365187713
0 0.12585324232081913 0.5890927189988624 0.09598976109215017 0.11163253697383393
0 0.3770264505119454 0.40742320819112626 0.0810580204778157 0.11376564277588166
0 0.39195819112627983 0.5062571103526735 0.08212457337883965 0.11234357224118317
0 0.507679180887372 0.4849260523321957 0.08212457337883956 0.12798634812286694
0 0.6337990614334471 0.4895477815699658 0.09119027303754264 0.1358077360637087
0 0.64419795221843 0.5791382252559726 0.0895904436860068 0.11447667804323096
0 0.6900597269624573 0.40493458475540384 0.077858361774744 0.13011945392491467
0 0.7516531569965871 0.46892775881683735 0.08585750853242322 0.117320819112628
0 0.8263118600682594 0.47461604095563137 0.07625853242320817 0.11163253697383393
0 0.8388438566552899 0.6200227531285551 0.07999146757679174 0.10949943117178608
0 0.8913715870307166 0.5275881683731513 0.08799061433447086 0.10949943117178614
0 0.9049701365187712 0.3729379977246871 0.10772184300341311 0.11589874857792945
0 0.18398037542662116 0.273037542662116 0.17491467576791808 0.2773037542662116 0.16478242320819111 0.2872582480091012 0.16371587030716722 0.2950796359499431 0.15891638225255972 0.3135665529010239 0.15784982935153583 0.3263651877133106 0.1621160409556314 0.3377417519908987 0.165848976109215 0.34840728100113766 0.17118174061433447 0.35551763367463024 0.18184726962457337 0.3612059158134243 0.19464590443686006 0.3633390216154721 0.20371160409556316 0.3626279863481229 0.21117747440273038 0.3612059158134243 0.23944112627986347 0.35551763367463024 0.24904010238907848 0.35196245733788395 0.25330631399317405 0.3462741751990899 0.25330631399317405 0.3377417519908987 0.25330631399317405 0.33205346985210465 0.2501066552901024 0.32565415244596135 0.24637372013651876 0.31925483503981794 0.24157423208191126 0.30858930602957907 0.234108361774744 0.29721274175199086 0.2282423208191126 0.28939135381114905 0.22290955631399317 0.2815699658703072 0.2175767918088737 0.27588168373151306 0.2106441979522184 0.270193401592719 0.20371160409556316 0.2666382252559727 0.19731228668941977 0.2645051194539249 0.19091296928327645 0.2666382252559727
0 0.13918515358361774 0.40457906712172925 0.12905290102389078 0.4173777019340159 0.12745307167235492 0.425910125142207 0.12638651877133106 0.43444254835039814 0.12958617747440274 0.44653014789533557 0.13331911262798635 0.4579067121729237 0.1386518771331058 0.46501706484641636 0.14291808873720135 0.47070534698521044 0.1493174061433447 0.4771046643913538 0.15465017064846415 0.4849260523321956 0.15838310580204779 0.4877701934015927 0.165848976109215 0.4955915813424346 0.17118174061433447 0.5005688282138794 0.17544795221843001 0.507679180887372 0.1834470989761092 0.5091012514220705 0.18877986348122866 0.5069681456200227 0.19517918088737202 0.4934584755403868 0.19891211604095563 0.4849260523321956 0.20264505119453924 0.47426052332195673 0.20691126279863478 0.46501706484641636 0.21331058020477817 0.44937428896473264 0.21597696245733786 0.43870875995449377 0.21277730375426618 0.42519908987485777 0.2106441979522184 0.4145335608646189 0.20637798634812285 0.40884527872582477 0.19891211604095563 0.40457906712172925 0.19357935153583616 0.40884527872582477 0.18664675767918087 0.4145335608646189 0.17491467576791808 0.4216439135381115 0.16958191126279862 0.4223549488054607 0.1621160409556314 0.41595563139931735 0.1599829351535836 0.40671217292377704 0.15891638225255972 0.3967576791808874 0.14505119453924914 0.3967576791808874
0 0.08319112627986348 0.5581626848691694 0.07945819112627986 0.5631399317406144 0.07679180887372014 0.573094425483504 0.07892491467576791 0.5844709897610921 0.08372440273037543 0.5944254835039817 0.08532423208191126 0.6022468714448236 0.08959044368600683 0.611490329920364 0.09385665529010238 0.6221558589306029 0.09865614334470989 0.6313993174061434 0.10185580204778158 0.6356655290102389 0.10505546075085323 0.6392207053469853 0.10825511945392492 0.641353811149033 0.11838737201365188 0.6399317406143344 0.12318686006825938 0.6356655290102389 0.12798634812286688 0.633532423208191 0.136518771331058 0.6292662116040956 0.14611774744027303 0.6228668941979522 0.1525170648464164 0.6171786120591581 0.15625 0.6107792946530147 0.15784982935153583 0.6058020477815699 0.14718430034129693 0.5986916951080773 0.14025170648464164 0.5937144482366324 0.13598549488054607 0.5901592718998862 0.12531996587030717 0.5937144482366324 0.11678754266211604 0.5994027303754267 0.10878839590443685 0.6022468714448236 0.10345563139931739 0.6022468714448236 0.10078924914675766 0.5951365187713311 0.10078924914675766 0.5844709897610921 0.10558873720136519 0.5738054607508531 0.10878839590443685 0.5688282138794084 0.10878839590443685 0.5652730375426621 0.10665529010238908 0.5610068259385665 0.09918941979522183 0.5610068259385665 0.09385665529010238 0.5617178612059157
0 0.35196245733788395 0.3647610921501706 0.34929607508532423 0.36973833902161546 0.3428967576791809 0.3868031854379977 0.3407636518771331 0.3996018202502844 0.33916382252559724 0.41097838452787255 0.33916382252559724 0.4209328782707622 0.33916382252559724 0.436575654152446 0.3444965870307167 0.4429749715585893 0.34982935153583616 0.4479522184300341 0.3535622866894198 0.45435153583617743 0.35889505119453924 0.4600398179749715 0.3626279863481229 0.46075085324232085 0.3738267918088737 0.458617747440273 0.3823592150170648 0.4507963594994312 0.3962244027303754 0.44226393629124 0.40262372013651876 0.4337315130830489 0.41168941979522183 0.42519908987485777 0.41382252559726956 0.4209328782707622 0.4132892491467577 0.41595563139931735 0.40688993174061433 0.41311149032992034 0.3988907849829352 0.4124004550625711 0.39249146757679176 0.4052901023890785 0.3834257679180887 0.4010238907849829 0.3796928327645051 0.39533560864618883 0.3764931740614334 0.38964732650739475 0.37062713310580203 0.3839590443686006 0.3658276450511945 0.37684869169510804 0.361028156996587 0.36831626848691695
0 0.3834257679180887 0.4550625711035267 0.3770264505119454 0.4600398179749715 0.37062713310580203 0.46999431171786116 0.36529436860068254 0.48279294653014787 0.3626279863481229 0.4934584755403868 0.361028156996587 0.5041240045506257 0.3583617747440273 0.5169226393629124 0.3551621160409556 0.5304323094425484 0.35409556313993173 0.540386803185438 0.35409556313993173 0.5474971558589306 0.3583617747440273 0.5560295790671217 0.36849402730375425 0.5610068259385665 0.37542662116040953 0.5602957906712173 0.38502559726962454 0.5581626848691694 0.3935580204778157 0.5553185437997725 0.39995733788395904 0.5524744027303754 0.41435580204778155 0.5482081911262798 0.419688566552901 0.5432309442548351 0.4276877133105802 0.5382536973833901 0.43035409556313986 0.526877133105802 0.43035409556313986 0.5126564277588168 0.4276877133105802 0.4991467576791809 0.42235494880546076 0.48705915813424344 0.41755546075085326 0.474971558589306 0.4106228668941979 0.46572810011376564 0.4047568259385665 0.46075085324232085 0.3994240614334471 0.455773606370876 0.39195819112627983 0.4536405005688282
0 0.4847482935153583 0.43799772468714443 0.4778156996587031 0.4458191126279863 0.46715017064846415 0.46572810011376564 0.4660836177474402 0.4771046643913538 0.468216723549488 0.48848122866894195 0.4719496587030717 0.5005688282138794 0.47461604095563137 0.5098122866894198 0.47888225255972694 0.5169226393629124 0.4847482935153583 0.5226109215017065 0.49061433447098973 0.5290102389078498 0.4964803754266211 0.5325654152445961 0.5028796928327645 0.5382536973833901 0.5098122866894197 0.5432309442548351 0.5156783276450512 0.5432309442548351 0.5204778156996587 0.5439419795221843 0.5279436860068258 0.5304323094425484 0.5306100682593856 0.524032992036405 0.5332764505119454 0.5176336746302617 0.535942832764505 0.5098122866894198 0.5391424914675768 0.5012798634812287 0.5423421501706485 0.4877701934015927 0.5444752559726962 0.4763936291240045 0.5444752559726962 0.46786120591581337 0.5428754266211604 0.455773606370876 0.5370093856655289 0.44724118316268485 0.5311433447098975 0.4415529010238908 0.5220776450511945 0.4372866894197952 0.5098122866894197 0.4351535836177474 0.5018131399317406 0.43444254835039814 0.4922141638225256 0.4337315130830489
0 0.6228668941979522 0.4458191126279863 0.6068686006825939 0.4507963594994312 0.5994027303754266 0.4515073947667804 0.596203071672355 0.4536405005688282 0.5924701365187712 0.458617747440273 0.5924701365187712 0.47070534698521044 0.5908703071672354 0.4756825938566553 0.5903370307167235 0.4820819112627986 0.5903370307167235 0.4891922639362912 0.5940699658703071 0.4991467576791809 0.6010025597269625 0.507679180887372 0.6063353242320819 0.5140784982935153 0.6127346416382252 0.521188850967008 0.6175341296928327 0.5282992036405005 0.623933447098976 0.5332764505119454 0.6308660409556314 0.5389647326507395 0.6372653583617747 0.5446530147895335 0.6420648464163822 0.5482081911262798 0.6463310580204777 0.5517633674630261 0.653796928327645 0.5517633674630261 0.6591296928327645 0.5489192263936291 0.6628626279863481 0.5425199089874858 0.6649957337883958 0.5332764505119454 0.6660622866894197 0.5204778156996587 0.6660622866894197 0.5105233219567691 0.6692619453924914 0.4998577929465301 0.6724616040955631 0.48634812286689416 0.673528156996587 0.474971558589306 0.673528156996587 0.4571956769055745 0.672994880546075 0.4507963594994312 0.6708617747440273 0.44724118316268485 0.6532636518771331 0.44653014789533557 0.6500639931740614 0.4458191126279863 0.6452645051194539 0.4479522184300341 0.6388651877133105 0.44937428896473264 0.6319325938566552 0.4479522184300341
0 0.605268771331058 0.5830489192263937 0.6122013651877133 0.5972696245733788 0.6138011945392491 0.6008248009101251 0.6196672354948805 0.6079351535836177 0.6228668941979522 0.611490329920364 0.6297994880546074 0.6171786120591581 0.6361988054607508 0.6221558589306029 0.644731228668942 0.630688282138794 0.6580631399317406 0.6292662116040956 0.6612627986348122 0.6264220705346984 0.6692619453924914 0.6178896473265073 0.6751279863481228 0.6157565415244596 0.6809940273037542 0.6093572241183163 0.683127133105802 0.6015358361774743 0.683660409556314 0.5901592718998862 0.6852602389078497 0.575938566552901 0.6863267918088737 0.562428896473265 0.6863267918088737 0.5538964732650739 0.6863267918088737 0.5467861205915814 0.683660409556314 0.5396757679180887 0.6777943686006825 0.534698521046644 0.6740614334470989 0.5318543799772468 0.6665955631399317 0.5418088737201364 0.663929180887372 0.5453640500568828 0.6596629692832765 0.5517633674630261 0.654330204778157 0.5560295790671217 0.6479308873720135 0.556740614334471 0.6452645051194539 0.556740614334471 0.6431313993174061 0.5631399317406144 0.6415315699658704 0.5681171786120591 0.6335324232081911 0.575938566552901 0.6297994880546074 0.5780716723549487 0.6234001706484642 0.5745164960182024 0.6212670648464164 0.5688282138794084 0.6106015358361774 0.5723833902161547
0 0.6719283276450512 0.35054038680318544 0.6649957337883958 0.35196245733788395 0.6580631399317406 0.357650739476678 0.6532636518771331 0.36618316268486917 0.6516638225255973 0.374004550625711 0.6505972696245734 0.3832480091012514 0.6532636518771331 0.39817974971558584 0.6559300341296928 0.41382252559726956 0.6569965870307166 0.4209328782707622 0.6596629692832765 0.4280432309442548 0.663929180887372 0.43159840728100113 0.6697952218430034 0.43302047781569963 0.6761945392491467 0.43444254835039814 0.6815273037542662 0.439419795221843 0.683127133105802 0.44510807736063707 0.6788609215017065 0.45008532423208186 0.6740614334470989 0.44937428896473264 0.6740614334470989 0.4643060295790671 0.6852602389078497 0.46075085324232085 0.6863267918088737 0.4571956769055745 0.6948592150170648 0.44937428896473264 0.702858361774744 0.4429749715585893 0.7135238907849829 0.436575654152446 0.7204564846416381 0.4287542662116041 0.7252559726962458 0.4166666666666667 0.7284556313993173 0.40671217292377704 0.7279223549488054 0.4017349260523322 0.7241894197952219 0.39391353811149027 0.7188566552901023 0.38822525597269625 0.7124573378839589 0.38253697383390217 0.7087244027303754 0.3782707622298066 0.7049914675767918 0.3747155858930603 0.6969923208191127 0.3676052332195677 0.692726109215017 0.3626279863481229 0.6847269624573379 0.35480659840728096 0.6804607508532423 0.35267349260523323
0 0.7423208191126279 0.4223549488054607 0.7327218430034129 0.42519908987485777 0.7252559726962458 0.42946530147895334 0.7204564846416381 0.43444254835039814 0.7172568259385665 0.4429749715585893 0.7172568259385665 0.4550625711035267 0.7167235494880546 0.4628839590443686 0.7151237201365188 0.4735494880546075 0.712990614334471 0.4820819112627986 0.7119240614334471 0.4934584755403868 0.7113907849829351 0.5041240045506257 0.7119240614334471 0.5140784982935153 0.7145904436860068 0.5218998862343571 0.7199232081911262 0.5275881683731513 0.7300554607508533 0.5304323094425484 0.7359215017064846 0.5261660978384527 0.7428540955631399 0.5190557451649601 0.7503199658703071 0.5155005688282138 0.7631186006825939 0.5133674630261661 0.7721843003412969 0.5091012514220705 0.780183447098976 0.4998577929465301 0.7860494880546074 0.49061433447098973 0.7881825938566552 0.4806598407281001 0.790848976109215 0.46857224118316265 0.7876493174061433 0.4571956769055745 0.7807167235494881 0.439419795221843 0.7753839590443685 0.4337315130830489 0.7684513651877133 0.43230944254835035 0.761518771331058 0.4287542662116041 0.7551194539249146 0.42519908987485777 0.7492534129692833 0.4216439135381115
0 0.810046928327645 0.43586461888509664 0.7967150170648464 0.45008532423208186 0.7935153583617747 0.4550625711035267 0.7924488054607508 0.4621729237770193 0.799381399317406 0.46928327645051193 0.7924488054607508 0.47212741751990894 0.7945819112627986 0.48279294653014787 0.799381399317406 0.48705915813424344 0.8052474402730375 0.49488054607508525 0.8121800341296928 0.5005688282138794 0.818579351535836 0.507679180887372 0.8276450511945391 0.5162116040955631 0.8329778156996588 0.521188850967008 0.8383105802047781 0.524032992036405 0.8441766211604096 0.5247440273037542 0.8479095563139932 0.5233219567690557 0.8511092150170647 0.5091012514220705 0.8553754266211604 0.49772468714448237 0.8553754266211604 0.48563708759954494 0.8553754266211604 0.4799488054607508 0.8569752559726963 0.47212741751990894 0.8607081911262797 0.4593287827076223 0.8628412969283277 0.45292946530147893 0.8633745733788395 0.44724118316268485 0.8612414675767918 0.43799772468714443 0.8532423208191127 0.43159840728100113 0.8463097269624573 0.425910125142207 0.8409769624573379 0.4280432309442548 0.8335110921501705 0.4401308304891922 0.8255119453924914 0.43870875995449377 0.8169795221843004 0.43159840728100113 0.8143131399317406 0.43088737201365185
0 0.848442832764505 0.534698521046644 0.8527090443686006 0.5396757679180887 0.8607081911262797 0.551052332195677 0.8681740614334471 0.5560295790671217 0.8788395904436859 0.562428896473265 0.8841723549488053 0.5638509670079636 0.8959044368600683 0.5688282138794084 0.9007039249146758 0.5723833902161547 0.9103029010238908 0.5787827076222981 0.9156356655290102 0.5787827076222981 0.9236348122866893 0.5794937428896473 0.9300341296928327 0.5766496018202503 0.9359001706484641 0.5659840728100113 0.9359001706484641 0.5588737201365188 0.9343003412969283 0.5503412969283276 0.9321672354948805 0.5432309442548351 0.9321672354948805 0.5311433447098975 0.9321672354948805 0.5155005688282138 0.9321672354948805 0.5062571103526735 0.926834470989761 0.4963026166097838 0.9183020477815699 0.48705915813424344 0.9076365187713311 0.4792377701934016 0.9007039249146758 0.4763936291240045 0.9081697952218428 0.4849260523321956 0.9039035836177474 0.4927474402730375 0.89910409556314 0.4984357224118316 0.887372013651877 0.5012798634812287 0.8804394197952219 0.5034129692832764 0.8772397610921502 0.5055460750853242 0.8745733788395904 0.5119453924914675 0.8729735494880545 0.5197667804323094 0.868707337883959 0.524032992036405 0.8601749146757678 0.5247440273037542 0.8537755972696246 0.5247440273037542 0.848976109215017 0.5254550625711035
0 0.7972482935153583 0.6015358361774743 0.7999146757679181 0.6093572241183163 0.8015145051194539 0.6164675767918089 0.8031143344709897 0.6235779294653014 0.8052474402730375 0.6313993174061434 0.8153796928327643 0.6406427758816837 0.8308447098976108 0.6541524459613196 0.8425767918088736 0.6626848691695107 0.8537755972696246 0.6690841865756542 0.8697738907849828 0.6676621160409556 0.8740401023890785 0.6633959044368601 0.8751066552901022 0.6520193401592719 0.8756399317406143 0.6420648464163822 0.8756399317406143 0.6349544937428896 0.8767064846416381 0.6200227531285551 0.8783063139931739 0.608646188850967 0.8788395904436859 0.5972696245733788 0.8788395904436859 0.5908703071672355 0.8745733788395904 0.5866040955631399 0.8676407849829351 0.5844709897610921 0.8612414675767918 0.5880261660978384 0.859108361774744 0.6015358361774743 0.8521757679180887 0.6022468714448236 0.8425767918088736 0.5958475540386803 0.8329778156996588 0.5858930602957906 0.8276450511945391 0.5823378839590443 0.8175127986348123 0.5880261660978384 0.809513651877133 0.592292377701934 0.7999146757679181 0.5951365187713311
0 0.8633745733788395 0.37116040955631396 0.8569752559726963 0.3839590443686006 0.8553754266211604 0.39533560864618883 0.8601749146757678 0.4102673492605233 0.8671075085324231 0.4195108077360637 0.8799061433447098 0.42306598407281 0.8916382252559727 0.425910125142207 0.9039035836177474 0.42662116040955633 0.9156356655290102 0.4280432309442548 0.9305674061433447 0.4287542662116041 0.9444325938566551 0.425910125142207 0.9492320819112627 0.4223549488054607 0.956164675767918 0.41311149032992034 0.957231228668942 0.4031569965870307 0.9529650170648465 0.38751422070534697 0.9529650170648465 0.37116040955631396 0.9497653583617748 0.35693970420932875 0.9412329351535835 0.3377417519908987 0.935366894197952 0.3292093287827076 0.9241680887372012 0.32281001137656423 0.9113694539249145 0.3206769055745165 0.89910409556314 0.3242320819112628 0.8953711604095563 0.3270762229806598 0.8868387372013652 0.33418657565415244 0.8783063139931739 0.3462741751990899 0.8713737201365188 0.357650739476678