0 0.37130446058091293 0.3560684647302905 0.0927126556016598 0.10546334716459202
0 0.33402489626556015 0.4714730290456432 0.09465767634854769 0.13571922544951587
0 0.2695150414937759 0.620591286307054 0.09271265560165975 0.1434993084370678
0 0.54149377593361 0.4373271092669434 0.08687759336099585 0.12966804979253113
0 0.5654823651452283 0.5350103734439834 0.09336099585062244 0.12275242047026272
0 0.6805627593360996 0.5129668049792532 0.09011929460580914 0.1253457814661133
0 0.8306535269709544 0.4922199170124482 0.10373443983402489 0.14263485477178423
0 0.8676089211618259 0.424792531120332 0.09984439834024901 0.10286998616874138
0 0.8394061203319503 0.6106500691562933 0.10178941908713704 0.1270746887966805
0 0.934063796680498 0.5030255878284925 0.09660269709543581 0.11929460580912857
0 0.24779564315352695 0.5635373443983404 0.24066390041493774 0.5652662517289073 0.2341804979253112 0.569588520055325 0.22899377593360995 0.579097510373444 0.22510373443983403 0.5894709543568465 0.22510373443983403 0.6128112033195021 0.22899377593360995 0.6344225449515906 0.22964211618257263 0.652576071922545 0.23029045643153528 0.6698651452282157 0.23482883817427386 0.6785096818810512 0.24131224066390042 0.6871542185338867 0.2529823651452282 0.6871542185338867 0.2653008298755187 0.6802385892116182 0.27243257261410786 0.6724585062240663 0.2808609958506224 0.6638139695712311 0.30160788381742737 0.6387448132780082 0.3054979253112033 0.6292358229598894 0.3087396265560166 0.6197268326417704 0.3022562240663901 0.6136756569847857 0.29382780082987553 0.6076244813278008 0.28799273858921165 0.6050311203319503 0.2808609958506224 0.6119467496542186 0.27178423236514526 0.6128112033195021 0.26076244813278004 0.6102178423236515 0.25816908713692943 0.5877420470262794 0.26270746887966806 0.577368603042877
0 0.324948132780083 0.40793568464730295 0.3022562240663901 0.4139868603042878 0.29901452282157676 0.4243603042876903 0.28993775933609955 0.44251383125864463 0.28864107883817425 0.4589384508990319 0.2957728215767635 0.4805497925311204 0.306146265560166 0.4935165975103735 0.31392634854771784 0.5073478561549102 0.3223547717842324 0.5194502074688797 0.3288381742738589 0.5280947441217152 0.3372665975103734 0.5358748271092669 0.3463433609958506 0.5324170124481328 0.3521784232365145 0.5229080221300139 0.3573651452282158 0.5090767634854773 0.362551867219917 0.49610995850622414 0.36838692946058094 0.471905255878285 0.37098029045643155 0.46412517289073313 0.37487033195020747 0.44251383125864463 0.37227697095435686 0.43473374827109273 0.3657935684647303 0.42868257261410797 0.3586618257261411 0.4312759336099586 0.3515300829875519 0.43300484094052566 0.34375 0.42781811894882443 0.3366182572614108 0.4200380359612726 0.3320798755186722 0.4139868603042878
0 0.3657935684647303 0.3093879668049793 0.37940871369294604 0.31371023513139706 0.3917271784232365 0.32581258644536665 0.40469398340248963 0.3405082987551868 0.4124740663900416 0.3577973720608576 0.4150674273858922 0.3724930843706778 0.4144190871369295 0.3845954356846474 0.40469398340248963 0.3923755186721992 0.39691390041493774 0.39756224066390045 0.38783713692946054 0.4001556016597511 0.37357365145228216 0.4018845089903182 0.3547717842323651 0.4027489626556017 0.3476400414937759 0.40102005532503465 0.34375 0.39151106500691574 0.34050829875518673 0.38200207468879677 0.3366182572614108 0.3698997233748272 0.3320798755186722 0.3655774550484095 0.3320798755186722 0.3534751037344399 0.3346732365145228 0.3405082987551868 0.3379149377593361 0.3335926694329185 0.34569502074688796 0.3214903181189489 0.3541234439834025 0.3163035961272477
0 0.5525155601659751 0.39669778699861696 0.54149377593361 0.39064661134163214 0.5272302904564315 0.39669778699861696 0.5175051867219918 0.40361341632088527 0.5129668049792532 0.4139868603042878 0.5071317427385893 0.4295470262793915 0.5032417012448133 0.4459716459197788 0.5045383817427387 0.4589384508990319 0.5038900414937759 0.4684474412171509 0.5110217842323652 0.4779564315352698 0.5129668049792532 0.4848720608575381 0.520746887966805 0.4952455048409406 0.5304719917012448 0.49610995850622414 0.537603734439834 0.4935165975103735 0.5434387966804979 0.4848720608575381 0.5486255186721992 0.47709197786998625 0.5525155601659751 0.47104080221300143 0.5635373443983402 0.46931189488243436 0.5693724066390041 0.46931189488243436 0.575207468879668 0.46239626556016605 0.579097510373444 0.4485650069156294 0.581042531120332 0.4364626556016598 0.5784491701244814 0.4312759336099586 0.5732624481327802 0.42349585062240674 0.5680757261410789 0.41658022130013844 0.5615923236514523 0.40966459197787003 0.558350622406639 0.4027489626556017
0 0.5933609958506224 0.5030255878284925 0.581042531120332 0.4909232365145229 0.5693724066390041 0.4848720608575381 0.5577022821576764 0.483143153526971 0.5505705394190872 0.4848720608575381 0.5434387966804979 0.49265214384509 0.5343620331950207 0.5064834024896266 0.5304719917012448 0.5185857538035962 0.5252852697095436 0.5393326417704011 0.5233402489626556 0.5514349930843707 0.5200985477178424 0.5687240663900415 0.520746887966805 0.5808264177040111 0.5272302904564315 0.5894709543568465 0.5343620331950207 0.5929287690179806 0.5434387966804979 0.5920643153526971 0.5557572614107884 0.59033540802213 0.5654823651452283 0.59033540802213 0.5784491701244814 0.588606500691563 0.5881742738589212 0.5877420470262794 0.5991960580912863 0.5808264177040111 0.6043827800829875 0.5739107883817428 0.6089211618257262 0.5618084370677732 0.6082728215767635 0.5497060857538035 0.6063278008298756 0.5341459197786999 0.6043827800829875 0.5211791147994468 0.6024377593360997 0.513399031811895
0 0.6653267634854771 0.4658540802213002 0.654304979253112 0.4727697095435685 0.6465248962655602 0.48919432918395583 0.6432831950207469 0.5004322268326419 0.6419865145228216 0.5168568464730291 0.6439315352697096 0.5324170124481328 0.6504149377593361 0.5419260027662517 0.6536566390041494 0.5479771784232366 0.6633817427385893 0.5566217150760718 0.6737551867219918 0.5635373443983404 0.6841286307053942 0.5661307053941909 0.6945020746887967 0.5669951590594745 0.7022821576763485 0.5669951590594745 0.7074688796680498 0.5626728907330567 0.7113589211618258 0.5557572614107884 0.7178423236514523 0.5445193637621024 0.7204356846473029 0.5272302904564315 0.7230290456431535 0.5108056708160443 0.7230290456431535 0.49610995850622414 0.7139522821576764 0.4788208852005533 0.7042271784232366 0.4667185338865838 0.6880186721991701 0.46239626556016605 0.6808869294605809 0.46239626556016605
0 0.789808091286307 0.6033022130013831 0.7943464730290456 0.620591286307054 0.8001815352697095 0.6352869986168741 0.8066649377593361 0.6439315352697096 0.8150933609958507 0.6551694329183956 0.8235217842323651 0.665542876901798 0.8313018672199171 0.6698651452282157 0.8403786307053942 0.6715940525587829 0.8514004149377593 0.6724585062240663 0.8572354771784232 0.6672717842323652 0.8669605809128631 0.6594917012448133 0.8740923236514522 0.6508471645919779 0.8792790456431536 0.6456604426002766 0.8831690871369295 0.6370159059474413 0.8844657676348548 0.6275069156293223 0.8851141078838175 0.6128112033195021 0.8851141078838175 0.5963865836791148 0.8844657676348548 0.5816908713692946 0.8792790456431536 0.569588520055325 0.8721473029045643 0.5609439834024896 0.8663122406639004 0.5566217150760718 0.8611255186721992 0.5635373443983404 0.8552904564315353 0.5652662517289073 0.8526970954356846 0.579097510373444 0.8514004149377593 0.5842842323651453 0.8345435684647302 0.5877420470262794 0.8209284232365146 0.5877420470262794 0.8150933609958507 0.5868775933609959 0.8105549792531119 0.5955221300138313 0.8034232365145229 0.5989799446749654 0.7982365145228216 0.5920643153526971 0.7943464730290456 0.5937932226832642
0 0.8066649377593361 0.4390560165975105 0.7988848547717842 0.44770055325034586 0.7885114107883817 0.460667358229599 0.7846213692946058 0.4762275242047027 0.7820280082987552 0.4952455048409406 0.789808091286307 0.5159923928077456 0.7995331950207468 0.5280947441217152 0.8092582987551868 0.5315525587828493 0.8189834024896265 0.5358748271092669 0.827411825726141 0.5401970954356847 0.8364885892116183 0.5462482710926694 0.8436203319502076 0.5522994467496543 0.8533454356846473 0.5592150760719226 0.8617738589211619 0.5592150760719226 0.870850622406639 0.5531639004149377 0.8753890041493776 0.5324170124481328 0.8753890041493776 0.5159923928077456 0.8753890041493776 0.4978388658367912 0.8753890041493776 0.48660096818810517 0.8760373443983402 0.47017634854771795 0.8747406639004149 0.4554806362378977 0.8682572614107883 0.4468360995850623 0.855938796680498 0.43992047026279396 0.8449170124481327 0.4364626556016598 0.8345435684647302 0.4364626556016598 0.8189834024896265 0.4390560165975105
0 0.8578838174273858 0.38200207468879677 0.8325985477178424 0.38632434301521446 0.8248184647302905 0.4001556016597511 0.8209284232365146 0.4105290456431536 0.820280082987552 0.4243603042876903 0.8332468879668049 0.42868257261410797 0.8462136929460581 0.43386929460580925 0.8591804979253113 0.4390560165975105 0.8747406639004149 0.45115836791148006 0.8760373443983402 0.460667358229599 0.8760373443983402 0.4675829875518673 0.8773340248962656 0.4753630705394192 0.8844657676348548 0.471905255878285 0.8909491701244813 0.460667358229599 0.8980809128630705 0.4485650069156294 0.902619294605809 0.4381915629322269 0.902619294605809 0.4243603042876903 0.8980809128630705 0.40880013831258655 0.8896524896265561 0.39756224066390045 0.8792790456431536 0.38978215767634866 0.8702022821576764 0.3854598893499309 0.8656639004149378 0.38373098201936384
0 0.9363329875518673 0.45202282157676354 0.9207728215767634 0.449429460580913 0.910399377593361 0.45115836791148006 0.9000259336099585 0.460667358229599 0.8928941908713692 0.471905255878285 0.8903008298755187 0.48832987551867224 0.8883558091286308 0.5073478561549102 0.893542531120332 0.5306881051175657 0.8967842323651452 0.5427904564315352 0.902619294605809 0.5531639004149377 0.9129927385892117 0.5592150760719226 0.9233661825726142 0.5600795297372062 0.9350363070539419 0.5531639004149377 0.9428163900414939 0.547112724757953 0.9668049792531119 0.5410615491009682 0.9752334024896265 0.5306881051175657 0.9804201244813278 0.5194502074688797 0.9791234439834025 0.5064834024896266 0.976530082987552 0.4900587828492393 0.9726400414937759 0.4779564315352698 0.9693983402489627 0.47017634854771795 0.9583765560165975 0.460667358229599 0.9531898340248963 0.4589384508990319 0.9454097510373444 0.4554806362378977