0 0.04046875 0.42 0.02859375 0.4060416666666667 0.02609375 0.38875 0.028125 0.3764583333333333 0.021875 0.37958333333333333 0.00640625 0.38125 0.00609375 0.3779166666666667 0.01125 0.37041666666666667 0.008906250000000001 0.36625 0 0.36604166666666665 0.0003125 0.45375000000000004 0.00859375 0.44854166666666667 0.01984375 0.445 0.03078125 0.43520833333333336 0.03265625 0.42895833333333333
0 0.028437499999999998 0.3783333333333333 0.034375 0.368125 0.059687500000000004 0.3625 0.060312500000000005 0.36520833333333336 0.08421875 0.368125 0.08984375 0.3614583333333333 0.099375 0.3627083333333333 0.1075 0.3783333333333333 0.10953125 0.3920833333333333 0.09734374999999999 0.44729166666666664 0.08921875 0.45708333333333334 0.0796875 0.45770833333333333 0.06546874999999999 0.4477083333333333 0.059375 0.43833333333333335 0.056874999999999995 0.43374999999999997 0.04109375 0.41958333333333336 0.02890625 0.40562499999999996 0.026250000000000002 0.38875
0 0.1240625 0.43645833333333334 0.11796875 0.4391666666666667 0.10953125 0.4427083333333333 0.10328124999999999 0.44958333333333333 0.09484375 0.4514583333333333 0.08984375 0.45708333333333334 0.07796875 0.4672916666666667 0.07671875 0.47625 0.07921875 0.4864583333333333 0.08484375 0.49541666666666667 0.1034375 0.5175 0.11656249999999999 0.5277083333333333 0.13171875 0.5291666666666667 0.13703125 0.5204166666666666 0.14609375 0.5139583333333333 0.14937499999999998 0.4945833333333333 0.146875 0.46937500000000004 0.14359375000000002 0.45749999999999996 0.1384375 0.4477083333333333 0.13171875 0.443125
0 0.13265625 0.30541666666666667 0.1275 0.31020833333333336 0.121875 0.3179166666666667 0.12109375 0.32375000000000004 0.1184375 0.325625 0.11859375000000001 0.334375 0.12562500000000001 0.35270833333333335 0.13203125 0.36520833333333336 0.14046875 0.3891666666666667 0.14578125 0.39666666666666667 0.15125 0.3985416666666667 0.1596875 0.39729166666666665 0.16468750000000001 0.3908333333333333 0.17375000000000002 0.38083333333333336 0.18156250000000002 0.36875 0.18796875 0.35562499999999997 0.18656250000000002 0.3383333333333333 0.19140625 0.3433333333333334 0.19109375 0.33458333333333334 0.18578125 0.330625 0.18515625 0.33395833333333336 0.17703125 0.33395833333333336 0.168125 0.32895833333333335 0.160625 0.340625 0.153125 0.33270833333333333 0.153125 0.3204166666666667 0.139375 0.305
0 0.19640625 0.3597916666666666 0.19171875 0.3608333333333333 0.18828125 0.36583333333333334 0.18234375 0.3733333333333333 0.17984375 0.3875 0.18046875 0.40187500000000004 0.17703125 0.41229166666666667 0.175 0.425 0.1746875 0.43520833333333336 0.18031250000000001 0.44333333333333336 0.19421875 0.445 0.20296875 0.44 0.2290625 0.43291666666666667 0.24203125 0.41604166666666664 0.24453125 0.40854166666666664 0.24484374999999997 0.4014583333333333 0.2346875 0.404375 0.22593749999999999 0.39875 0.21953125 0.3858333333333333 0.21015625 0.3770833333333333 0.20593750000000002 0.36833333333333335
0 0.25656249999999997 0.36875 0.24953124999999998 0.3770833333333333 0.24718749999999998 0.38145833333333334 0.250625 0.41125 0.26140625 0.42583333333333334 0.26890625 0.43291666666666667 0.28500000000000003 0.4502083333333333 0.29625 0.44708333333333333 0.2978125 0.44395833333333334 0.29281250000000003 0.44 0.30015625 0.43291666666666667 0.3075 0.40208333333333335 0.30546875 0.3852083333333333 0.3021875 0.37562500000000004 0.29562499999999997 0.36645833333333333 0.28375 0.36312500000000003 0.27078125000000003 0.365
0 0.30453125000000003 0.28020833333333334 0.29109375000000004 0.29 0.28390624999999997 0.30333333333333334 0.27921874999999996 0.3177083333333333 0.27984375 0.33541666666666664 0.28781249999999997 0.3485416666666667 0.30046875 0.3627083333333333 0.318125 0.36791666666666667 0.33921875 0.36895833333333333 0.35125 0.354375 0.35015625 0.3127083333333333 0.34625 0.301875 0.33921875 0.2914583333333333 0.33015625000000004 0.283125 0.31890625 0.279375
0 0.32734375 0.4091666666666667 0.30515625 0.43312500000000004 0.30375 0.44895833333333335 0.30640625 0.470625 0.315625 0.4795833333333333 0.351875 0.49541666666666667 0.36 0.4945833333333333 0.365 0.48666666666666664 0.36421875 0.46979166666666666 0.3628125 0.43083333333333335 0.35609375 0.41458333333333336 0.3434375 0.4083333333333333
0 0.29140625 0.505 0.28484375 0.5089583333333334 0.284375 0.5414583333333333 0.32515625 0.5764583333333333 0.33578125000000003 0.5733333333333334 0.340625 0.5627083333333334 0.34265625 0.5085416666666667 0.33968750000000003 0.5016666666666667 0.33187500000000003 0.49562500000000004 0.3315625 0.49875 0.31296875 0.4970833333333333 0.30734374999999997 0.5014583333333333 0.30625 0.5089583333333334 0.29625 0.5114583333333333
0 0.40125 0.35562499999999997 0.3978125 0.37062500000000004 0.4 0.4139583333333333 0.40531249999999996 0.419375 0.40828125000000004 0.42604166666666665 0.41531250000000003 0.4275 0.42234375 0.421875 0.43609375000000006 0.4083333333333333 0.445625 0.39958333333333335 0.44140625 0.38208333333333333 0.438125 0.3852083333333333 0.43015625 0.37395833333333334 0.434375 0.37437499999999996 0.43265624999999996 0.37083333333333335 0.425625 0.3641666666666667 0.425625 0.36770833333333336 0.41828125 0.36895833333333333 0.40703125 0.36645833333333333 0.40171875 0.36333333333333334
0 0.4575 0.508125 0.44749999999999995 0.515 0.43328125 0.5202083333333333 0.43390625 0.534375 0.4421875 0.5708333333333333 0.45578124999999997 0.5795833333333333 0.4625 0.5793750000000001 0.48609375000000005 0.5377083333333333 0.48671875 0.5160416666666666 0.48265624999999995 0.5114583333333333 0.47765625 0.5104166666666666 0.47453124999999996 0.5179166666666667 0.4653125 0.5170833333333333
0 0.56859375 0.345 0.5515625 0.36000000000000004 0.5482812499999999 0.35562499999999997 0.54859375 0.34645833333333337 0.5440625 0.35083333333333333 0.5440625 0.3827083333333333 0.56484375 0.40020833333333333 0.5675 0.399375 0.5725 0.40708333333333335 0.586875 0.41291666666666665 0.59421875 0.4095833333333333 0.6 0.39791666666666664 0.60265625 0.3764583333333333 0.60265625 0.3466666666666667 0.6017187500000001 0.340625 0.5979687499999999 0.3375 0.59046875 0.33999999999999997 0.58890625 0.35333333333333333 0.58265625 0.354375
0 0.6214062499999999 0.27770833333333333 0.6214062499999999 0.288125 0.620625 0.30812500000000004 0.62203125 0.31666666666666665 0.6329687500000001 0.32416666666666666 0.6371875 0.32437499999999997 0.64453125 0.335 0.64921875 0.335 0.6521874999999999 0.33958333333333335 0.6571875 0.3433333333333334 0.665625 0.34125 0.6715625000000001 0.33083333333333337 0.67078125 0.31166666666666665 0.67265625 0.30791666666666667 0.67234375 0.29624999999999996 0.6746875 0.29333333333333333 0.67515625 0.2689583333333333 0.67234375 0.26416666666666666 0.6675 0.253125 0.6634375 0.24791666666666667 0.65796875 0.246875 0.6548437500000001 0.24875 0.6526562499999999 0.2529166666666667 0.6421875 0.258125 0.6403125000000001 0.26375
0 0.65234375 0.38875 0.63328125 0.3975 0.6115625 0.414375 0.60890625 0.4252083333333333 0.6135937499999999 0.4452083333333333 0.6184375 0.44895833333333335 0.63234375 0.46645833333333336 0.635625 0.47625 0.64234375 0.48374999999999996 0.65046875 0.484375 0.65578125 0.4810416666666667 0.6628125 0.46979166666666666 0.6625 0.46 0.6704687500000001 0.4425 0.6715625000000001 0.43312500000000004 0.6740625 0.42104166666666665 0.6743750000000001 0.4091666666666667 0.6703125 0.40270833333333333 0.6678124999999999 0.3925
0 0.020082652303120355 0.4010339276869737 0.039700965824665674 0.10494056463595834
0 0.06802563150074294 0.4062964338781575 0.08218796433878157 0.1030832095096582
0 0.11295040861812777 0.4761020307082714 0.07313335809806834 0.10710747894997527
0 0.1552220394736842 0.3473979419703104 0.07227353238866396 0.10226889338731446
0 0.21002024291497973 0.39167931848852894 0.0699013157894737 0.1056427125506073
0 0.2774702682186235 0.39884868421052627 0.06057059716599191 0.10100371120107964
0 0.31550480769230765 0.31165654520917674 0.0724316801619433 0.11513157894736843
0 0.3344825404858299 0.4436572199730094 0.06104504048582995 0.1037449392712551
0 0.31352796052631576 0.5311656545209176 0.05804023279352229 0.09109311740890688
0 0.4221754807692307 0.36858974358974356 0.047918775303643676 0.11639676113360325
0 0.44875 0.40395833333333336 0.44953125 0.388125 0.46640625 0.38625000000000004 0.49265625 0.36895833333333333 0.49828124999999995 0.3725 0.50390625 0.3852083333333333 0.50609375 0.403125 0.50515625 0.43041666666666667 0.49765625 0.443125 0.4884375 0.44395833333333334 0.48187499999999994 0.44958333333333333 0.47234375 0.44958333333333333 0.4653125 0.443125 0.46218750000000003 0.4360416666666667 0.45125000000000004 0.41958333333333336
0 0.47726562499999997 0.40041666666666664 0.05703125 0.09833333333333337
0 0.45984375 0.5236458333333334 0.053749999999999964 0.11270833333333326
0 0.5734375 0.3579166666666667 0.05875000000000004 0.10958333333333332
0 0.648046875 0.28500000000000003 0.05453124999999996 0.11708333333333334
0 0.641796875 0.4311458333333333 0.06453124999999993 0.10812500000000001