0 0.345203488372093 0.3594961240310077 0.08648255813953494 0.11627906976744189
0 0.3092296511627907 0.4399224806201551 0.08430232558139536 0.1569767441860465
0 0.2452761627906977 0.5886627906976744 0.08575581395348841 0.14050387596899222
0 0.49854651162790703 0.43217054263565896 0.07340116279069768 0.12209302325581396
0 0.5196220930232558 0.5135658914728682 0.07776162790697674 0.12015503875968996
0 0.625 0.49515503875968997 0.07194767441860472 0.11821705426356584
0 0.7478197674418606 0.4743217054263566 0.08066860465116284 0.11918604651162787
0 0.7768895348837208 0.434593023255814 0.07194767441860454 0.10174418604651164
0 0.7583575581395349 0.5838178294573644 0.08720930232558129 0.11143410852713179
0 0.8368459302325582 0.4898255813953488 0.07267441860465133 0.11337209302325574
0 0.9018895348837208 0.5043604651162791 0.06177325581395347 0.09980620155038758
0 0.9517986918604651 0.4065649224806202 0.09327761627906987 0.107703488372093
0 0.9607558139534884 0.5460271317829457 0.07340116279069768 0.1153100775193798
0 0.9378633720930232 0.6540697674418605 0.08430232558139536 0.10271317829457374
0 0.3125 0.3458333333333333 0.3125 0.34791666666666665 0.3109375 0.35 0.3109375 0.35625 0.309375 0.35833333333333334 0.3140625 0.3645833333333333 0.3140625 0.36666666666666664 0.3171875 0.37083333333333335 0.3171875 0.3729166666666667 0.31875 0.375 0.31875 0.3770833333333333 0.3203125 0.37916666666666665 0.3203125 0.39166666666666666 0.33125 0.40625 0.3328125 0.40625 0.334375 0.4083333333333333 0.3390625 0.4083333333333333 0.340625 0.40625 0.3484375 0.40625 0.3515625 0.40208333333333335 0.359375 0.40208333333333335 0.3609375 0.4 0.3671875 0.4 0.36875 0.39791666666666664 0.375 0.39791666666666664 0.3765625 0.3958333333333333 0.3796875 0.3958333333333333 0.384375 0.38958333333333334 0.384375 0.38125 0.3828125 0.37916666666666665 0.3828125 0.37083333333333335 0.38125 0.37083333333333335 0.378125 0.36666666666666664 0.378125 0.3645833333333333 0.3703125 0.3541666666666667 0.3703125 0.35208333333333336 0.3640625 0.34375 0.3640625 0.3416666666666667 0.3625 0.33958333333333335 0.3625 0.3375 0.359375 0.3333333333333333 0.359375 0.33125 0.353125 0.3229166666666667 0.3515625 0.3229166666666667 0.35 0.32083333333333336 0.346875 0.32083333333333336 0.3453125 0.31875 0.33125 0.31875 0.3265625 0.325 0.325 0.325 0.321875 0.32916666666666666 0.321875 0.33125 0.3171875 0.3375 0.3171875 0.33958333333333335
0 0.2953125 0.40208333333333335 0.2921875 0.40625 0.290625 0.40625 0.2875 0.41041666666666665 0.2859375 0.41041666666666665 0.2828125 0.41458333333333336 0.28125 0.41458333333333336 0.2765625 0.42083333333333334 0.2765625 0.42291666666666666 0.2703125 0.43125 0.2703125 0.4395833333333333 0.26875 0.44166666666666665 0.26875 0.4479166666666667 0.2703125 0.45 0.2703125 0.4583333333333333 0.271875 0.46041666666666664 0.271875 0.46458333333333335 0.275 0.46875 0.275 0.4708333333333333 0.2765625 0.47291666666666665 0.2765625 0.475 0.278125 0.47708333333333336 0.2796875 0.47708333333333336 0.2828125 0.48125 0.284375 0.48125 0.296875 0.4979166666666667 0.2984375 0.4979166666666667 0.309375 0.5125 0.3125 0.5125 0.3140625 0.5145833333333333 0.31875 0.5145833333333333 0.3203125 0.5125 0.321875 0.5125 0.325 0.5083333333333333 0.3265625 0.5083333333333333 0.328125 0.50625 0.328125 0.5041666666666667 0.3328125 0.4979166666666667 0.3328125 0.49583333333333335 0.334375 0.49375 0.334375 0.49166666666666664 0.3359375 0.4895833333333333 0.3359375 0.4875 0.3375 0.48541666666666666 0.3375 0.48125 0.3390625 0.4791666666666667 0.3390625 0.47708333333333336 0.3421875 0.47291666666666665 0.3421875 0.4708333333333333 0.3453125 0.4666666666666667 0.3453125 0.46458333333333335 0.346875 0.4625 0.346875 0.46041666666666664 0.3484375 0.4583333333333333 0.3484375 0.42916666666666664 0.346875 0.4270833333333333 0.346875 0.425 0.34375 0.42083333333333334 0.3421875 0.42083333333333334 0.340625 0.41875 0.3359375 0.41875 0.334375 0.42083333333333334 0.325 0.42083333333333334 0.31875 0.4125 0.31875 0.41041666666666665 0.315625 0.40625 0.315625 0.4041666666666667 0.3140625 0.40208333333333335
0 0.234375 0.5395833333333333 0.2265625 0.5395833333333333 0.225 0.5416666666666666 0.221875 0.5416666666666666 0.2203125 0.54375 0.2171875 0.54375 0.2125 0.55 0.2125 0.5520833333333334 0.209375 0.55625 0.2078125 0.55625 0.20625 0.5583333333333333 0.2046875 0.5583333333333333 0.2046875 0.5604166666666667 0.203125 0.5625 0.203125 0.59375 0.2046875 0.5958333333333333 0.2046875 0.6020833333333333 0.20625 0.6041666666666666 0.20625 0.6395833333333333 0.2078125 0.6416666666666667 0.2078125 0.6458333333333334 0.209375 0.6479166666666667 0.209375 0.65 0.2109375 0.6520833333333333 0.2125 0.6520833333333333 0.2140625 0.6541666666666667 0.215625 0.6541666666666667 0.2171875 0.65625 0.221875 0.65625 0.2234375 0.6541666666666667 0.2296875 0.6541666666666667 0.23125 0.6520833333333333 0.2328125 0.6520833333333333 0.234375 0.65 0.2359375 0.65 0.2375 0.6479166666666667 0.2390625 0.6479166666666667 0.240625 0.6458333333333334 0.2421875 0.6458333333333334 0.2453125 0.6416666666666667 0.246875 0.6416666666666667 0.25 0.6375 0.2515625 0.6375 0.25625 0.63125 0.2578125 0.63125 0.259375 0.6291666666666667 0.2609375 0.6291666666666667 0.2640625 0.625 0.265625 0.625 0.2671875 0.6229166666666667 0.26875 0.6229166666666667 0.271875 0.61875 0.2734375 0.61875 0.275 0.6166666666666667 0.275 0.6145833333333334 0.2765625 0.6125 0.278125 0.6125 0.278125 0.6104166666666667 0.2796875 0.6083333333333333 0.2796875 0.60625 0.28125 0.6041666666666666 0.28125 0.6 0.2828125 0.5979166666666667 0.2828125 0.5875 0.2796875 0.5833333333333334 0.271875 0.5833333333333334 0.2703125 0.58125 0.2703125 0.5791666666666667 0.26875 0.5770833333333333 0.259375 0.5770833333333333 0.2578125 0.575 0.246875 0.575 0.240625 0.5666666666666667 0.240625 0.5458333333333333 0.2390625 0.54375 0.2375 0.54375
0 0.5046875 0.39166666666666666 0.4921875 0.39166666666666666 0.490625 0.39375 0.4875 0.39375 0.4859375 0.3958333333333333 0.4828125 0.3958333333333333 0.4734375 0.4083333333333333 0.4734375 0.41041666666666665 0.471875 0.4125 0.471875 0.41458333333333336 0.4703125 0.4166666666666667 0.4703125 0.41875 0.46875 0.42083333333333334 0.46875 0.42291666666666666 0.4671875 0.425 0.4671875 0.4270833333333333 0.465625 0.42916666666666664 0.465625 0.43333333333333335 0.4640625 0.4354166666666667 0.4640625 0.4375 0.4625 0.4395833333333333 0.4625 0.44375 0.4609375 0.44583333333333336 0.4609375 0.4583333333333333 0.4625 0.46041666666666664 0.4625 0.4625 0.471875 0.475 0.471875 0.47708333333333336 0.4734375 0.4791666666666667 0.4734375 0.48333333333333334 0.4765625 0.4875 0.478125 0.4875 0.4796875 0.4895833333333333 0.4921875 0.4895833333333333 0.4953125 0.48541666666666666 0.496875 0.48541666666666666 0.496875 0.48333333333333334 0.5015625 0.47708333333333336 0.503125 0.47708333333333336 0.5046875 0.475 0.50625 0.475 0.5078125 0.47291666666666665 0.5078125 0.4708333333333333 0.509375 0.46875 0.509375 0.4666666666666667 0.5125 0.4625 0.5140625 0.4625 0.515625 0.46041666666666664 0.5234375 0.46041666666666664 0.5296875 0.45208333333333334 0.5296875 0.45 0.534375 0.44375 0.534375 0.43125 0.5328125 0.42916666666666664 0.53125 0.42916666666666664 0.528125 0.425 0.528125 0.42291666666666666 0.51875 0.41041666666666665 0.51875 0.4083333333333333 0.5078125 0.39375 0.50625 0.39375
0 0.5109375 0.47291666666666665 0.5078125 0.47708333333333336 0.50625 0.47708333333333336 0.503125 0.48125 0.5015625 0.48125 0.49375 0.49166666666666664 0.49375 0.49583333333333335 0.4921875 0.4979166666666667 0.4921875 0.5 0.4890625 0.5041666666666667 0.4890625 0.5083333333333333 0.4875 0.5104166666666666 0.4875 0.51875 0.4859375 0.5208333333333334 0.4859375 0.525 0.484375 0.5270833333333333 0.484375 0.53125 0.4828125 0.5333333333333333 0.4828125 0.5375 0.48125 0.5395833333333333 0.48125 0.54375 0.4796875 0.5458333333333333 0.4796875 0.55625 0.48125 0.5583333333333333 0.48125 0.5625 0.4828125 0.5645833333333333 0.484375 0.5645833333333333 0.4859375 0.5666666666666667 0.4875 0.5666666666666667 0.4890625 0.56875 0.490625 0.56875 0.4921875 0.5708333333333333 0.5140625 0.5708333333333333 0.515625 0.56875 0.5328125 0.56875 0.534375 0.5666666666666667 0.5390625 0.5666666666666667 0.540625 0.5645833333333333 0.54375 0.5645833333333333 0.5453125 0.5625 0.546875 0.5625 0.55 0.5583333333333333 0.5515625 0.5583333333333333 0.553125 0.55625 0.553125 0.5541666666666667 0.5578125 0.5479166666666667 0.5578125 0.51875 0.55625 0.5166666666666667 0.55625 0.5083333333333333 0.5546875 0.50625 0.5546875 0.5041666666666667 0.553125 0.5020833333333333 0.553125 0.5 0.55 0.49583333333333335 0.55 0.49375 0.5453125 0.4875 0.5453125 0.48541666666666666 0.5390625 0.47708333333333336 0.5375 0.47708333333333336 0.5359375 0.475 0.53125 0.475 0.5296875 0.47291666666666665
0 0.6140625 0.45416666666666666 0.6125 0.45625 0.6109375 0.45625 0.609375 0.4583333333333333 0.6078125 0.4583333333333333 0.6046875 0.4625 0.603125 0.4625 0.5984375 0.46875 0.5984375 0.4708333333333333 0.59375 0.47708333333333336 0.59375 0.4791666666666667 0.5921875 0.48125 0.5921875 0.48541666666666666 0.590625 0.4875 0.590625 0.49166666666666664 0.5890625 0.49375 0.5890625 0.5020833333333333 0.5875 0.5041666666666667 0.5875 0.5104166666666666 0.5890625 0.5125 0.5890625 0.5166666666666667 0.590625 0.51875 0.590625 0.5208333333333334 0.596875 0.5291666666666667 0.596875 0.53125 0.6 0.5354166666666667 0.6015625 0.5354166666666667 0.6046875 0.5395833333333333 0.60625 0.5395833333333333 0.6078125 0.5416666666666666 0.6109375 0.5416666666666666 0.6125 0.54375 0.615625 0.54375 0.6171875 0.5458333333333333 0.621875 0.5458333333333333 0.6234375 0.5479166666666667 0.634375 0.5479166666666667 0.6359375 0.5458333333333333 0.6421875 0.5458333333333333 0.64375 0.54375 0.6453125 0.54375 0.6484375 0.5395833333333333 0.65 0.5395833333333333 0.6546875 0.5333333333333333 0.6546875 0.5270833333333333 0.65625 0.525 0.65625 0.5166666666666667 0.6578125 0.5145833333333333 0.6578125 0.50625 0.659375 0.5041666666666667 0.659375 0.4875 0.6578125 0.48541666666666666 0.6578125 0.48125 0.65625 0.4791666666666667 0.65625 0.47708333333333336 0.653125 0.47291666666666665 0.653125 0.4708333333333333 0.646875 0.4625 0.6453125 0.4625 0.64375 0.46041666666666664 0.640625 0.46041666666666664 0.6390625 0.4583333333333333 0.6375 0.4583333333333333 0.6359375 0.45625 0.6296875 0.45625 0.628125 0.45416666666666666
0 0.7234375 0.4354166666666667 0.715625 0.44583333333333336 0.715625 0.4479166666666667 0.7109375 0.45416666666666666 0.7109375 0.4583333333333333 0.709375 0.46041666666666664 0.709375 0.4625 0.7078125 0.46458333333333335 0.7078125 0.48125 0.709375 0.48333333333333334 0.709375 0.48541666666666666 0.7109375 0.4875 0.7109375 0.4895833333333333 0.7171875 0.4979166666666667 0.7171875 0.5 0.7203125 0.5041666666666667 0.721875 0.5041666666666667 0.7234375 0.50625 0.725 0.50625 0.7265625 0.5083333333333333 0.728125 0.5083333333333333 0.7296875 0.5104166666666666 0.73125 0.5104166666666666 0.7328125 0.5125 0.7359375 0.5125 0.7375 0.5145833333333333 0.7390625 0.5145833333333333 0.740625 0.5166666666666667 0.7421875 0.5166666666666667 0.74375 0.51875 0.7453125 0.51875 0.746875 0.5208333333333334 0.75 0.5208333333333334 0.753125 0.525 0.7546875 0.525 0.7578125 0.5291666666666667 0.759375 0.5291666666666667 0.7609375 0.53125 0.7625 0.53125 0.7640625 0.5333333333333333 0.7734375 0.5333333333333333 0.775 0.53125 0.7765625 0.53125 0.784375 0.5208333333333334 0.784375 0.5083333333333333 0.7859375 0.50625 0.7859375 0.49583333333333335 0.784375 0.49375 0.784375 0.48125 0.7859375 0.4791666666666667 0.7859375 0.475 0.7875 0.47291666666666665 0.7875 0.4666666666666667 0.7859375 0.46458333333333335 0.7859375 0.45 0.784375 0.4479166666666667 0.784375 0.44375 0.78125 0.4395833333333333 0.78125 0.4375 0.7796875 0.4354166666666667 0.7796875 0.43333333333333335 0.778125 0.43125 0.7734375 0.43125 0.771875 0.42916666666666664 0.7703125 0.43125 0.76875 0.42916666666666664 0.7625 0.42916666666666664 0.7609375 0.4270833333333333 0.7390625 0.4270833333333333 0.7359375 0.43125 0.7328125 0.43125 0.73125 0.43333333333333335 0.7265625 0.43333333333333335 0.725 0.4354166666666667
0 0.7484375 0.4041666666666667 0.74375 0.41041666666666665 0.74375 0.4125 0.7421875 0.41458333333333336 0.7421875 0.42083333333333334 0.7453125 0.42083333333333334 0.746875 0.41875 0.76875 0.41875 0.7703125 0.42083333333333334 0.7765625 0.42083333333333334 0.7796875 0.425 0.7796875 0.4354166666666667 0.78125 0.4375 0.78125 0.4395833333333333 0.7828125 0.44166666666666665 0.784375 0.44166666666666665 0.7859375 0.44375 0.7859375 0.4479166666666667 0.7875 0.45 0.7875 0.46875 0.7890625 0.4708333333333333 0.7890625 0.47291666666666665 0.790625 0.47291666666666665 0.7953125 0.4666666666666667 0.796875 0.4666666666666667 0.8 0.4625 0.8015625 0.4625 0.80625 0.45625 0.80625 0.45416666666666666 0.809375 0.45 0.809375 0.4479166666666667 0.8109375 0.44583333333333336 0.8109375 0.44166666666666665 0.8125 0.4395833333333333 0.8125 0.43333333333333335 0.8109375 0.43125 0.8109375 0.4270833333333333 0.809375 0.425 0.809375 0.42291666666666666 0.8 0.41041666666666665 0.7984375 0.41041666666666665 0.7953125 0.40625 0.79375 0.40625 0.7921875 0.4041666666666667 0.790625 0.4041666666666667 0.7890625 0.40208333333333335 0.7875 0.40208333333333335 0.7859375 0.4 0.7828125 0.4 0.78125 0.39791666666666664 0.778125 0.39791666666666664 0.7765625 0.3958333333333333 0.759375 0.3958333333333333 0.75625 0.4 0.7546875 0.4 0.753125 0.40208333333333335 0.7515625 0.40208333333333335 0.75 0.4041666666666667
0 0.778125 0.5354166666666667 0.7765625 0.5375 0.7703125 0.5375 0.76875 0.5395833333333333 0.76875 0.5416666666666666 0.7671875 0.54375 0.7671875 0.5479166666666667 0.7640625 0.5520833333333334 0.7625 0.5520833333333334 0.7609375 0.5541666666666667 0.759375 0.5541666666666667 0.7578125 0.55625 0.7484375 0.55625 0.746875 0.5583333333333333 0.7421875 0.5583333333333333 0.7390625 0.5625 0.734375 0.5625 0.7328125 0.5645833333333333 0.73125 0.5645833333333333 0.7296875 0.5666666666666667 0.728125 0.5666666666666667 0.7265625 0.56875 0.725 0.56875 0.7234375 0.5708333333333333 0.7234375 0.5729166666666666 0.721875 0.575 0.721875 0.5770833333333333 0.7203125 0.5791666666666667 0.7203125 0.5854166666666667 0.721875 0.5875 0.721875 0.5895833333333333 0.7234375 0.5916666666666667 0.7234375 0.59375 0.728125 0.6 0.728125 0.6020833333333333 0.746875 0.6270833333333333 0.75 0.6270833333333333 0.7515625 0.6291666666666667 0.753125 0.6291666666666667 0.7546875 0.63125 0.75625 0.63125 0.759375 0.6354166666666666 0.7625 0.6354166666666666 0.7640625 0.6375 0.775 0.6375 0.7765625 0.6354166666666666 0.778125 0.6354166666666666 0.7859375 0.625 0.7875 0.625 0.7890625 0.6229166666666667 0.790625 0.6229166666666667 0.796875 0.6145833333333334 0.796875 0.6125 0.8 0.6083333333333333 0.8 0.575 0.7984375 0.5729166666666666 0.7984375 0.5645833333333333 0.796875 0.5625 0.796875 0.5604166666666667 0.7953125 0.5583333333333333 0.7953125 0.5541666666666667 0.7921875 0.55 0.7921875 0.5479166666666667 0.7859375 0.5395833333333333 0.784375 0.5395833333333333 0.7828125 0.5375 0.7796875 0.5375
0 0.8015625 0.475 0.8015625 0.47708333333333336 0.8 0.4791666666666667 0.8 0.48333333333333334 0.7984375 0.48541666666666666 0.7984375 0.49583333333333335 0.8 0.4979166666666667 0.8 0.5020833333333333 0.8015625 0.5041666666666667 0.8015625 0.5104166666666666 0.803125 0.5125 0.803125 0.5208333333333334 0.8046875 0.5229166666666667 0.8046875 0.5291666666666667 0.8078125 0.5333333333333333 0.8078125 0.5354166666666667 0.8109375 0.5395833333333333 0.815625 0.5395833333333333 0.8171875 0.5416666666666666 0.828125 0.5416666666666666 0.8296875 0.5395833333333333 0.83125 0.5395833333333333 0.8328125 0.5375 0.8375 0.5375 0.8390625 0.5354166666666667 0.8421875 0.5354166666666667 0.84375 0.5333333333333333 0.8484375 0.5333333333333333 0.85 0.53125 0.8515625 0.53125 0.853125 0.5291666666666667 0.8546875 0.5291666666666667 0.85625 0.5270833333333333 0.8578125 0.5270833333333333 0.859375 0.525 0.8609375 0.525 0.8625 0.5229166666666667 0.8640625 0.5229166666666667 0.8703125 0.5145833333333333 0.8703125 0.5125 0.871875 0.5104166666666666 0.871875 0.49166666666666664 0.8703125 0.4895833333333333 0.8703125 0.4875 0.86875 0.48541666666666666 0.86875 0.48125 0.8671875 0.4791666666666667 0.8671875 0.47708333333333336 0.865625 0.475 0.865625 0.47291666666666665 0.8640625 0.4708333333333333 0.8640625 0.46875 0.8578125 0.46041666666666664 0.85625 0.46041666666666664 0.8546875 0.4583333333333333 0.853125 0.4583333333333333 0.8515625 0.45625 0.8484375 0.45625 0.846875 0.45416666666666666 0.8375 0.45416666666666666 0.8359375 0.45208333333333334 0.821875 0.45208333333333334 0.8203125 0.45416666666666666 0.8171875 0.45416666666666666 0.815625 0.45625 0.8140625 0.45625 0.8109375 0.46041666666666664 0.809375 0.46041666666666664 0.809375 0.4625 0.8046875 0.46875 0.8046875 0.4708333333333333
0 0.878125 0.46458333333333335 0.878125 0.46875 0.8796875 0.46875 0.88125 0.4708333333333333 0.884375 0.4708333333333333 0.8875 0.475 0.8890625 0.475 0.890625 0.47708333333333336 0.8921875 0.47708333333333336 0.89375 0.4791666666666667 0.8953125 0.4791666666666667 0.8984375 0.48333333333333334 0.8953125 0.4875 0.884375 0.4875 0.8828125 0.48541666666666666 0.878125 0.48541666666666666 0.8765625 0.4875 0.8765625 0.49166666666666664 0.878125 0.49375 0.878125 0.4979166666666667 0.8765625 0.5 0.8765625 0.5041666666666667 0.875 0.50625 0.875 0.5104166666666666 0.8734375 0.5125 0.8734375 0.5145833333333333 0.871875 0.5166666666666667 0.871875 0.5208333333333334 0.8765625 0.5270833333333333 0.878125 0.5270833333333333 0.8796875 0.5291666666666667 0.88125 0.5291666666666667 0.884375 0.5333333333333333 0.8859375 0.5333333333333333 0.8875 0.5354166666666667 0.890625 0.5354166666666667 0.8921875 0.5375 0.8953125 0.5375 0.896875 0.5395833333333333 0.9 0.5395833333333333 0.903125 0.54375 0.9046875 0.54375 0.90625 0.5458333333333333 0.9078125 0.5458333333333333 0.909375 0.5479166666666667 0.9125 0.5479166666666667 0.9140625 0.55 0.915625 0.55 0.9171875 0.5479166666666667 0.925 0.5479166666666667 0.9296875 0.5416666666666666 0.9296875 0.5375 0.93125 0.5354166666666667 0.93125 0.53125 0.9328125 0.5291666666666667 0.9328125 0.525 0.934375 0.5229166666666667 0.934375 0.5208333333333334 0.9328125 0.51875 0.9328125 0.5125 0.93125 0.5104166666666666 0.93125 0.50625 0.9296875 0.5041666666666667 0.9296875 0.4875 0.928125 0.48541666666666666 0.928125 0.48125 0.9265625 0.4791666666666667 0.9265625 0.47708333333333336 0.9171875 0.46458333333333335 0.915625 0.46458333333333335 0.9140625 0.4625 0.9125 0.4625 0.9109375 0.46041666666666664 0.909375 0.46041666666666664 0.9078125 0.4583333333333333 0.9 0.4583333333333333 0.8984375 0.45625 0.8890625 0.45625 0.8875 0.4583333333333333 0.8859375 0.4583333333333333 0.8828125 0.4625 0.88125 0.4625 0.8796875 0.46458333333333335
0 0.90625 0.42916666666666664 0.90625 0.44166666666666665 0.9078125 0.44166666666666665 0.909375 0.44375 0.9109375 0.44375 0.9125 0.44583333333333336 0.9125 0.4479166666666667 0.91875 0.45625 0.925 0.45625 0.9265625 0.4583333333333333 0.953125 0.4583333333333333 0.9546875 0.45625 0.959375 0.45625 0.9609375 0.45416666666666666 0.965625 0.45416666666666666 0.9671875 0.45208333333333334 0.984375 0.45208333333333334 0.9859375 0.45 0.9890625 0.45 0.9921875 0.44583333333333336 0.9953125 0.44583333333333336 0.996875 0.44375 0.996875 0.42083333333333334 0.9953125 0.41875 0.9953125 0.4166666666666667 0.9890625 0.4083333333333333 0.9890625 0.40625 0.9828125 0.39791666666666664 0.9828125 0.3958333333333333 0.9796875 0.39166666666666666 0.9796875 0.38958333333333334 0.971875 0.37916666666666665 0.9703125 0.37916666666666665 0.96875 0.3770833333333333 0.9671875 0.3770833333333333 0.965625 0.375 0.9640625 0.375 0.9625 0.3729166666666667 0.9578125 0.3729166666666667 0.95625 0.37083333333333335 0.95 0.37083333333333335 0.946875 0.36666666666666664 0.9421875 0.36666666666666664 0.940625 0.36875 0.9375 0.36875 0.9359375 0.37083333333333335 0.934375 0.37083333333333335 0.9328125 0.3729166666666667 0.93125 0.3729166666666667 0.9234375 0.38333333333333336 0.9234375 0.3854166666666667 0.9203125 0.38958333333333334 0.9203125 0.39166666666666666 0.91875 0.39375 0.91875 0.39791666666666664 0.9171875 0.4 0.9171875 0.40208333333333335 0.915625 0.4041666666666667 0.915625 0.40625 0.909375 0.41458333333333336 0.909375 0.4166666666666667 0.9078125 0.41875 0.9078125 0.4270833333333333
0 0.9265625 0.5625 0.9265625 0.56875 0.9359375 0.58125 0.9375 0.58125 0.9390625 0.5833333333333334 0.9421875 0.5833333333333334 0.94375 0.5854166666666667 0.9484375 0.5854166666666667 0.95 0.5875 0.9640625 0.5875 0.965625 0.5895833333333333 0.971875 0.5895833333333333 0.9734375 0.5916666666666667 0.978125 0.5916666666666667 0.9796875 0.59375 0.984375 0.59375 0.9859375 0.5958333333333333 0.996875 0.5958333333333333 0.9984375 0.59375 0.9984375 0.5291666666666667 0.996875 0.5270833333333333 0.996875 0.525 0.9953125 0.5229166666666667 0.9953125 0.5208333333333334 0.99375 0.51875 0.9921875 0.51875 0.990625 0.5166666666666667 0.990625 0.5145833333333333 0.9890625 0.5125 0.9875 0.5125 0.984375 0.5083333333333333 0.9828125 0.5083333333333333 0.9796875 0.5041666666666667 0.975 0.5041666666666667 0.971875 0.5083333333333333 0.9703125 0.5083333333333333 0.96875 0.5104166666666666 0.9671875 0.5104166666666666 0.965625 0.5125 0.9640625 0.5125 0.9609375 0.5166666666666667 0.959375 0.5166666666666667 0.9515625 0.5270833333333333 0.9515625 0.5291666666666667 0.946875 0.5354166666666667 0.9453125 0.5354166666666667 0.94375 0.5375 0.9421875 0.5375 0.9390625 0.5416666666666666 0.9375 0.5416666666666666 0.9359375 0.54375 0.934375 0.54375 0.9328125 0.5458333333333333 0.9328125 0.5479166666666667 0.93125 0.55 0.93125 0.5520833333333334 0.9296875 0.5541666666666667 0.9296875 0.55625 0.928125 0.5583333333333333 0.928125 0.5604166666666667
0 0.99375 0.45 0.9921875 0.45208333333333334 0.990625 0.45208333333333334 0.9890625 0.45416666666666666 0.9859375 0.45416666666666666 0.984375 0.45625 0.9828125 0.45625 0.98125 0.4583333333333333 0.9796875 0.4583333333333333 0.978125 0.46041666666666664 0.975 0.46041666666666664 0.9734375 0.4625 0.971875 0.4625 0.9640625 0.47291666666666665 0.9640625 0.475 0.9625 0.47708333333333336 0.9625 0.4791666666666667 0.9609375 0.48125 0.9609375 0.4875 0.9625 0.4895833333333333 0.9625 0.49583333333333335 0.9640625 0.4979166666666667 0.9765625 0.4979166666666667 0.978125 0.5 0.978125 0.5020833333333333 0.9796875 0.5020833333333333 0.9828125 0.50625 0.984375 0.50625 0.9859375 0.5083333333333333 0.9875 0.5083333333333333 0.9921875 0.5145833333333333 0.9921875 0.5166666666666667 0.99375 0.51875 0.9953125 0.51875 0.996875 0.5208333333333334 0.996875 0.5166666666666667 0.9984375 0.5145833333333333 0.9984375 0.4583333333333333 0.996875 0.45625 0.996875 0.45208333333333334 0.9953125 0.45208333333333334
0 0.8953125 0.6333333333333333 0.8953125 0.6395833333333333 0.89375 0.6416666666666667 0.89375 0.64375 0.8921875 0.6458333333333334 0.8921875 0.6520833333333333 0.89375 0.6541666666666667 0.89375 0.6583333333333333 0.896875 0.6625 0.896875 0.6645833333333333 0.9015625 0.6708333333333333 0.903125 0.6708333333333333 0.9078125 0.6770833333333334 0.909375 0.6770833333333334 0.9109375 0.6791666666666667 0.9140625 0.6791666666666667 0.915625 0.68125 0.9171875 0.68125 0.91875 0.6833333333333333 0.921875 0.6833333333333333 0.9234375 0.6854166666666667 0.9296875 0.6854166666666667 0.93125 0.6875 0.9328125 0.6875 0.934375 0.6895833333333333 0.9359375 0.6895833333333333 0.9375 0.6916666666666667 0.9453125 0.6916666666666667 0.946875 0.69375 0.9484375 0.69375 0.95 0.6958333333333333 0.953125 0.6958333333333333 0.9546875 0.6979166666666666 0.959375 0.6979166666666666 0.9609375 0.7 0.971875 0.7 0.978125 0.6916666666666667 0.978125 0.6895833333333333 0.9796875 0.6875 0.978125 0.6854166666666667 0.978125 0.6791666666666667 0.9765625 0.6770833333333334 0.9765625 0.66875 0.975 0.6666666666666666 0.975 0.6604166666666667 0.9734375 0.6583333333333333 0.9734375 0.6520833333333333 0.971875 0.65 0.971875 0.6416666666666667 0.9703125 0.6395833333333333 0.9703125 0.6291666666666667 0.96875 0.6270833333333333 0.96875 0.6229166666666667 0.9671875 0.6208333333333333 0.9671875 0.61875 0.959375 0.6083333333333333 0.95 0.6083333333333333 0.9484375 0.60625 0.9359375 0.60625 0.934375 0.6083333333333333 0.928125 0.6083333333333333 0.9265625 0.6104166666666667 0.9234375 0.6104166666666667 0.9203125 0.6145833333333334 0.9171875 0.6145833333333334 0.915625 0.6166666666666667 0.9109375 0.6166666666666667 0.909375 0.61875 0.909375 0.6208333333333333 0.9078125 0.6229166666666667 0.90625 0.6229166666666667 0.903125 0.6270833333333333 0.9015625 0.6270833333333333 0.9 0.6291666666666667 0.8984375 0.6291666666666667