0 0.36414930555555547 0.4201388888888889 0.10590277777777776 0.10416666666666667
0 0.3372395833333333 0.5486111111111112 0.08680555555555554 0.13888888888888892
0 0.2899305555555555 0.6759259259259259 0.09809027777777786 0.13425925925925927
0 0.5338541666666666 0.5092592592592592 0.0859375 0.12037037037037036
0 0.55078125 0.611111111111111 0.08680555555555554 0.125
0 0.6675347222222221 0.5972222222222221 0.0911458333333334 0.13888888888888892
0 0.8090277777777779 0.6140046296296297 0.10156250000000008 0.13773148148148143
0 0.8120659722222221 0.6996527777777778 0.09722222222222206 0.1168981481481481
0 0.859375 0.515625 0.09635416666666644 0.12615740740740738
0 0.921875 0.5862268518518519 0.09461805555555572 0.12847222222222227
0 0.3594924812030075 0.374295112781955 0.34539473684210525 0.3821271929824562 0.3377584586466165 0.3946585213032582 0.33305921052631576 0.41110588972431084 0.33247180451127817 0.42363721804511284 0.33423402255639095 0.4353853383458647 0.33482142857142855 0.4447838345864662 0.3430451127819549 0.45809837092731837 0.353031015037594 0.46436403508771934 0.3818139097744361 0.4659304511278196 0.3976738721804511 0.4588815789473685 0.41118421052631576 0.45026629072681706 0.41118421052631576 0.43303571428571436 0.4041353383458646 0.41972117794486224 0.3923872180451128 0.4001409774436091 0.3824013157894737 0.38447681704260656 0.3677161654135338 0.3735119047619048
0 0.33658364661654133 0.4941259398496241 0.31778665413533835 0.49804197994987476 0.30780075187969924 0.5090068922305765 0.29722744360902253 0.5231046365914788 0.29781484962406013 0.537202380952381 0.3042763157894737 0.5583489974937343 0.3171992481203007 0.574796365914787 0.33070958646616544 0.5943765664160401 0.3406954887218045 0.6084743107769425 0.35126879699248115 0.6123903508771931 0.3600798872180451 0.6022086466165414 0.365953947368421 0.5904605263157895 0.3700657894736842 0.5685307017543859 0.37593984962406013 0.5528665413533835 0.3782894736842105 0.5364191729323309 0.37593984962406013 0.5160557644110276 0.3706531954887218 0.5097901002506267 0.3536184210526315 0.5317199248120301 0.34421992481203006 0.5262374686716792
0 0.25728383458646614 0.6452850877192983 0.2496475563909774 0.6570332080200502 0.24553571428571427 0.6695645363408521 0.253171992481203 0.7016760651629073 0.2590460526315789 0.7243890977443609 0.2643327067669173 0.7345708020050126 0.29370300751879697 0.7275219298245614 0.31778665413533835 0.7110745614035088 0.32189849624060146 0.7008928571428572 0.30838815789473684 0.6907111528822055 0.2989896616541353 0.6883615288220551 0.28606672932330823 0.700109649122807 0.2725563909774436 0.6907111528822055 0.274906015037594 0.6687813283208021 0.26609492481203006 0.6570332080200502
0 0.5151550751879699 0.46828007518796994 0.5004699248120301 0.493342731829574 0.4934210526315789 0.5137061403508772 0.4922462406015037 0.53093671679198 0.5022321428571428 0.5450344611528822 0.5104558270676691 0.5599154135338347 0.519266917293233 0.5700971177944862 0.5357142857142857 0.5653978696741855 0.5539238721804511 0.5520833333333334 0.5662593984962406 0.5340695488721805 0.5691964285714286 0.5231046365914788 0.5639097744360902 0.518405388471178 0.5533364661654134 0.5129229323308271 0.5421757518796992 0.49882518796992487 0.5380639097744361 0.480811403508772 0.5327772556390977 0.47062969924812037 0.5210291353383458 0.4659304511278196
0 0.5521616541353384 0.5622650375939849 0.5357142857142857 0.5700971177944862 0.5298402255639098 0.5755795739348372 0.5216165413533834 0.5975093984962406 0.5180921052631579 0.6139567669172933 0.5139802631578947 0.6343201754385965 0.5128054511278195 0.6523339598997494 0.5210291353383458 0.6648652882205515 0.541000939849624 0.6664317042606516 0.5674342105263157 0.6640820802005013 0.5809445488721805 0.6593828320802005 0.5879934210526315 0.6507675438596492 0.5891682330827067 0.6343201754385965 0.5874060150375939 0.617872807017544 0.5832941729323309 0.6022086466165414 0.5791823308270676 0.5896773182957394 0.5750704887218044 0.5802788220551379 0.5662593984962406 0.5661810776942356 0.5462875939849623 0.5614818295739349
0 0.6526080827067668 0.5505169172932332 0.6314614661654134 0.5669642857142858 0.6267622180451127 0.5881109022556391 0.630874060150376 0.6076911027568922 0.6355733082706767 0.6225720551378446 0.6473214285714286 0.6351033834586467 0.6631813909774436 0.6523339598997494 0.675516917293233 0.6601660401002507 0.6890272556390977 0.6539003759398497 0.6990131578947368 0.6233552631578948 0.7019501879699248 0.6014254385964913 0.7054746240601504 0.5826284461152883 0.6984257518796992 0.5614818295739349 0.6913768796992481 0.5520833333333334 0.6725798872180451 0.543468045112782 0.662593984962406 0.5458176691729323
0 0.7806625939849623 0.5755795739348372 0.7636278195488722 0.5732299498746868 0.7606907894736842 0.5888941102756893 0.7606907894736842 0.599859022556391 0.7630404135338346 0.6147399749373434 0.7695018796992481 0.6327537593984963 0.7777255639097744 0.6413690476190477 0.7900610902255638 0.6531171679197995 0.8047462406015038 0.662515664160401 0.81296992481203 0.6719141604010025 0.8253054511278195 0.674263784461153 0.8329417293233081 0.675046992481203 0.8417528195488722 0.6687813283208021 0.8464520676691729 0.649984335839599 0.8499765037593985 0.6296209273182958 0.8529135338345863 0.6202224310776943 0.8564379699248119 0.6006422305764411 0.8529135338345863 0.5779291979949874 0.8464520676691729 0.574796365914787 0.8323543233082706 0.5763627819548873 0.8264802631578947 0.5818452380952382 0.8112077067669172 0.5794956140350878 0.8023966165413533 0.5724467418546367 0.7877114661654134 0.574796365914787
0 0.7639395043731778 0.6869533527696793 0.768039358600583 0.7009232264334304 0.7744169096209912 0.7136783284742468 0.7830721574344023 0.7270408163265306 0.7962827988338191 0.7404033041788144 0.8094934402332361 0.7531584062196307 0.8199708454810495 0.7543731778425655 0.8277150145772595 0.7495140913508259 0.8304482507288629 0.7452623906705539 0.8409256559766763 0.7452623906705539 0.8463921282798834 0.7343294460641399 0.8504919825072885 0.7270408163265306 0.8568695335276967 0.7088192419825072 0.8591472303206997 0.6893828960155491 0.8559584548104956 0.6741982507288629 0.8495809037900874 0.662050534499514 0.8454810495626821 0.6571914480077745 0.841381195335277 0.6693391642371235 0.8372813411078717 0.6735908649173955 0.8231596209912537 0.6796647230320699 0.8186042274052477 0.6869533527696793 0.8149599125364432 0.6978862973760933 0.8076712827988338 0.6991010689990281 0.7944606413994169 0.6978862973760933 0.789905247813411 0.6899902818270165 0.7880830903790087 0.6857385811467444 0.7817055393586005 0.6972789115646258 0.7725947521865889 0.6978862973760933 0.770317055393586 0.6887755102040816
0 0.8340925655976676 0.47011661807580174 0.8213374635568513 0.4755830903790087 0.8176931486880467 0.48287172011661805 0.8154154518950436 0.4992711370262391 0.8149599125364432 0.5150631681243926 0.8158709912536443 0.5363216715257532 0.8176931486880467 0.5466472303206996 0.8240706997084548 0.548469387755102 0.8313593294460642 0.5508989310009719 0.836825801749271 0.5527210884353742 0.8495809037900874 0.5563654033041788 0.860969387755102 0.5624392614188533 0.8682580174927113 0.564868804664723 0.8746355685131195 0.5612244897959183 0.8801020408163265 0.5563654033041788 0.8846574344023324 0.5527210884353742 0.8892128279883382 0.548469387755102 0.8951348396501457 0.5423955296404276 0.8987791545189504 0.5338921282798833 0.896956997084548 0.5241739552964043 0.893768221574344 0.5162779397473275 0.8883017492711369 0.5102040816326531 0.8832908163265305 0.5023080660835763 0.877368804664723 0.4950194363459669 0.8709912536443148 0.488338192419825 0.8605138483965014 0.4816569484936831 0.8491253644314869 0.47497570456754123 0.8386479591836734 0.47072400388726915
0 0.9024234693877551 0.5417881438289601 0.8933126822157433 0.5448250728862973 0.8864795918367345 0.5515063168124392 0.8828352769679301 0.5587949465500486 0.8796465014577259 0.5764091350826045 0.8778243440233237 0.5915937803692906 0.877368804664723 0.6225704567541303 0.8819241982507288 0.6371477162293488 0.8887572886297376 0.645651117589893 0.9019679300291544 0.645651117589893 0.913356413994169 0.6426141885325559 0.9238338192419825 0.6395772594752187 0.9375 0.6353255587949465 0.9493440233236152 0.6286443148688046 0.9607325072886297 0.6164965986394557 0.9661989795918366 0.6049562682215743 0.9675655976676385 0.5915937803692906 0.9620991253644314 0.5739795918367346 0.9548104956268221 0.5654761904761904 0.9470663265306122 0.5587949465500486 0.9279336734693878 0.5478620019436345 0.9188228862973761 0.5436103012633624 0.9065233236151602 0.5387512147716229