0 0.4669331395348838 0.49418604651162795 0.07921511627906978 0.10465116279069762
0 0.4382267441860465 0.6157945736434108 0.07558139534883726 0.13662790697674426
0 0.3561046511627907 0.684108527131783 0 0
0 0.3531976744186046 0.6821705426356589 0 0
0 0.38880813953488375 0.7446705426356589 0.0712209302325582 0.125
0 0.6202761627906976 0.5765503875968992 0.0792151162790697 0.11821705426356595
0 0.642078488372093 0.6753875968992248 0.08066860465116274 0.11046511627906976
0 0.7463662790697675 0.6579457364341086 0.07994186046511623 0.1259689922480619
0 0.884811046511628 0.6666666666666666 0.09520348837209305 0.12015503875968996
0 0.8884447674418606 0.7495155038759691 0.09229651162790695 0.10755813953488377
0 0.921875 0.5702519379844961 0.08648255813953494 0.10174418604651164
0 0.9705123546511629 0.6411821705426356 0.05585029069767433 0.1176356589147287
0 0.4671875 0.46041666666666664 0.4640625 0.46041666666666664 0.4625 0.4583333333333333 0.4609375 0.46041666666666664 0.4515625 0.46041666666666664 0.446875 0.4666666666666667 0.446875 0.46875 0.44375 0.47291666666666665 0.44375 0.475 0.4421875 0.47708333333333336 0.4421875 0.4791666666666667 0.440625 0.48125 0.440625 0.48333333333333334 0.4375 0.4875 0.4375 0.4895833333333333 0.4359375 0.49166666666666664 0.4359375 0.49375 0.434375 0.49583333333333335 0.434375 0.4979166666666667 0.43125 0.5020833333333333 0.43125 0.50625 0.4296875 0.5083333333333333 0.4296875 0.5104166666666666 0.428125 0.5125 0.428125 0.5166666666666667 0.4265625 0.51875 0.4265625 0.5229166666666667 0.428125 0.525 0.428125 0.5270833333333333 0.4390625 0.5416666666666666 0.440625 0.5416666666666666 0.4421875 0.54375 0.4609375 0.54375 0.4625 0.5416666666666666 0.465625 0.5416666666666666 0.4671875 0.5395833333333333 0.471875 0.5395833333333333 0.4734375 0.5375 0.478125 0.5375 0.4796875 0.5354166666666667 0.49375 0.5354166666666667 0.4953125 0.5333333333333333 0.4984375 0.5333333333333333 0.503125 0.5270833333333333 0.503125 0.5125 0.5 0.5083333333333333 0.5 0.50625 0.4921875 0.49583333333333335 0.4921875 0.49375 0.484375 0.48333333333333334 0.484375 0.48125 0.4796875 0.475 0.4796875 0.47291666666666665 0.4765625 0.46875 0.475 0.46875 0.4703125 0.4625 0.46875 0.4625
0 0.421875 0.5770833333333333 0.41875 0.58125 0.4171875 0.58125 0.415625 0.5833333333333334 0.4140625 0.5833333333333334 0.4109375 0.5875 0.409375 0.5875 0.4046875 0.59375 0.4046875 0.5958333333333333 0.403125 0.5979166666666667 0.403125 0.6041666666666666 0.4015625 0.60625 0.4015625 0.6104166666666667 0.403125 0.6125 0.403125 0.6208333333333333 0.4046875 0.6229166666666667 0.4046875 0.6270833333333333 0.40625 0.6291666666666667 0.40625 0.63125 0.4078125 0.6333333333333333 0.4078125 0.6354166666666666 0.4265625 0.6604166666666667 0.428125 0.6604166666666667 0.4359375 0.6708333333333333 0.4359375 0.6729166666666667 0.4390625 0.6770833333333334 0.440625 0.6770833333333334 0.44375 0.68125 0.45 0.68125 0.4515625 0.6791666666666667 0.453125 0.6791666666666667 0.4578125 0.6729166666666667 0.4578125 0.6708333333333333 0.459375 0.66875 0.459375 0.6666666666666666 0.4609375 0.6645833333333333 0.4609375 0.6583333333333333 0.4625 0.65625 0.4625 0.6520833333333333 0.4640625 0.65 0.4640625 0.6416666666666667 0.465625 0.6395833333333333 0.465625 0.6375 0.4671875 0.6354166666666666 0.4671875 0.6333333333333333 0.46875 0.63125 0.46875 0.6291666666666667 0.4703125 0.6270833333333333 0.4703125 0.6229166666666667 0.471875 0.6208333333333333 0.471875 0.6145833333333334 0.4734375 0.6125 0.4734375 0.60625 0.471875 0.6041666666666666 0.471875 0.5916666666666667 0.4703125 0.5895833333333333 0.4703125 0.5875 0.46875 0.5875 0.4671875 0.5854166666666667 0.4625 0.5854166666666667 0.4625 0.59375 0.45625 0.6020833333333333 0.45 0.6020833333333333 0.446875 0.5979166666666667 0.446875 0.5958333333333333 0.4453125 0.59375 0.4453125 0.5875 0.4390625 0.5791666666666667 0.4390625 0.5770833333333333 0.4375 0.5770833333333333 0.4359375 0.575 0.428125 0.575 0.4265625 0.5770833333333333
0 0.3625 0.7166666666666667 0.3625 0.7229166666666667 0.3609375 0.725 0.3609375 0.7291666666666666 0.35625 0.7354166666666667 0.35625 0.7541666666666667 0.3578125 0.75625 0.3578125 0.7645833333333333 0.359375 0.7666666666666667 0.359375 0.76875 0.3609375 0.7708333333333334 0.3609375 0.7854166666666667 0.3625 0.7875 0.3625 0.7916666666666666 0.3640625 0.79375 0.3640625 0.7958333333333333 0.365625 0.7979166666666667 0.365625 0.8 0.3671875 0.8 0.3703125 0.8041666666666667 0.378125 0.8041666666666667 0.3796875 0.8020833333333334 0.3828125 0.8020833333333334 0.384375 0.8 0.3859375 0.8 0.3875 0.7979166666666667 0.3890625 0.7979166666666667 0.3921875 0.79375 0.39375 0.79375 0.3953125 0.7916666666666666 0.396875 0.7916666666666666 0.3984375 0.7895833333333333 0.4 0.7895833333333333 0.4015625 0.7875 0.403125 0.7875 0.4046875 0.7854166666666667 0.40625 0.7854166666666667 0.4078125 0.7833333333333333 0.4109375 0.7833333333333333 0.4125 0.78125 0.4140625 0.78125 0.41875 0.775 0.41875 0.7729166666666667 0.4203125 0.7708333333333334 0.4203125 0.7625 0.41875 0.7625 0.4171875 0.7604166666666666 0.415625 0.7604166666666666 0.4140625 0.7583333333333333 0.409375 0.7583333333333333 0.403125 0.7666666666666667 0.4015625 0.7666666666666667 0.4 0.76875 0.39375 0.76875 0.390625 0.7645833333333333 0.390625 0.7625 0.3890625 0.7604166666666666 0.3890625 0.75625 0.3875 0.7541666666666667 0.3875 0.75 0.3890625 0.7479166666666667 0.3890625 0.7416666666666667 0.3875 0.7395833333333334 0.3875 0.7354166666666667 0.3859375 0.7354166666666667 0.384375 0.7333333333333333 0.38125 0.7333333333333333 0.3796875 0.73125 0.378125 0.73125 0.371875 0.7229166666666667 0.371875 0.7145833333333333 0.3703125 0.7145833333333333 0.36875 0.7125 0.365625 0.7125
0 0.6015625 0.5416666666666666 0.6 0.54375 0.5984375 0.54375 0.5953125 0.5479166666666667 0.5953125 0.55 0.59375 0.5520833333333334 0.59375 0.5541666666666667 0.5921875 0.55625 0.5921875 0.5583333333333333 0.590625 0.5604166666666667 0.590625 0.5625 0.5890625 0.5645833333333333 0.5890625 0.5666666666666667 0.5859375 0.5708333333333333 0.5859375 0.5729166666666666 0.584375 0.575 0.584375 0.5770833333333333 0.5828125 0.5791666666666667 0.5828125 0.5833333333333334 0.58125 0.5854166666666667 0.58125 0.5958333333333333 0.5828125 0.5979166666666667 0.5828125 0.6020833333333333 0.584375 0.6041666666666666 0.584375 0.60625 0.590625 0.6145833333333334 0.590625 0.6166666666666667 0.59375 0.6208333333333333 0.59375 0.6229166666666667 0.5953125 0.625 0.5953125 0.6270833333333333 0.6 0.6333333333333333 0.6140625 0.6333333333333333 0.615625 0.63125 0.621875 0.63125 0.6234375 0.6291666666666667 0.625 0.6291666666666667 0.628125 0.625 0.6296875 0.625 0.6328125 0.6208333333333333 0.634375 0.6208333333333333 0.6359375 0.61875 0.6375 0.61875 0.6390625 0.6166666666666667 0.640625 0.6166666666666667 0.6421875 0.6145833333333334 0.64375 0.6145833333333334 0.646875 0.6104166666666667 0.6484375 0.6104166666666667 0.6515625 0.60625 0.6515625 0.6041666666666666 0.6546875 0.6 0.6546875 0.59375 0.6515625 0.5895833333333333 0.65 0.5895833333333333 0.646875 0.5854166666666667 0.64375 0.5854166666666667 0.6421875 0.5833333333333334 0.640625 0.5833333333333334 0.6390625 0.58125 0.6390625 0.5791666666666667 0.6375 0.5770833333333333 0.6375 0.575 0.634375 0.5708333333333333 0.634375 0.56875 0.6328125 0.5666666666666667 0.6328125 0.5645833333333333 0.63125 0.5645833333333333 0.6296875 0.5625 0.628125 0.5625 0.625 0.5583333333333333 0.625 0.55625 0.6203125 0.55 0.61875 0.55 0.615625 0.5458333333333333 0.6109375 0.5458333333333333 0.609375 0.54375 0.6046875 0.54375 0.603125 0.5416666666666666
0 0.646875 0.625 0.64375 0.625 0.6421875 0.6229166666666667 0.6375 0.6229166666666667 0.6359375 0.625 0.6328125 0.625 0.63125 0.6270833333333333 0.6296875 0.6270833333333333 0.628125 0.6291666666666667 0.6265625 0.6291666666666667 0.6171875 0.6416666666666667 0.6171875 0.64375 0.6125 0.65 0.6125 0.6520833333333333 0.6109375 0.6541666666666667 0.6109375 0.6604166666666667 0.609375 0.6625 0.609375 0.66875 0.6078125 0.6708333333333333 0.6078125 0.6770833333333334 0.60625 0.6791666666666667 0.60625 0.6916666666666667 0.6046875 0.69375 0.6046875 0.6958333333333333 0.603125 0.6979166666666666 0.603125 0.7020833333333333 0.6015625 0.7041666666666667 0.6015625 0.7145833333333333 0.603125 0.7166666666666667 0.603125 0.71875 0.6078125 0.725 0.609375 0.725 0.6109375 0.7270833333333333 0.6140625 0.7270833333333333 0.615625 0.7291666666666666 0.6203125 0.7291666666666666 0.621875 0.7270833333333333 0.6328125 0.7270833333333333 0.634375 0.725 0.640625 0.725 0.6421875 0.7229166666666667 0.653125 0.7229166666666667 0.6546875 0.7208333333333333 0.659375 0.7208333333333333 0.6609375 0.71875 0.6640625 0.71875 0.665625 0.7166666666666667 0.6671875 0.7166666666666667 0.66875 0.7145833333333333 0.6703125 0.7145833333333333 0.671875 0.7125 0.6734375 0.7125 0.678125 0.70625 0.678125 0.7041666666666667 0.6796875 0.7020833333333333 0.6796875 0.6875 0.678125 0.6854166666666667 0.678125 0.6791666666666667 0.6765625 0.6770833333333334 0.6765625 0.6729166666666667 0.675 0.6708333333333333 0.675 0.6645833333333333 0.671875 0.6604166666666667 0.671875 0.6583333333333333 0.6703125 0.65625 0.6703125 0.6541666666666667 0.66875 0.6520833333333333 0.66875 0.65 0.6671875 0.6479166666666667 0.6671875 0.6458333333333334 0.665625 0.6458333333333334 0.6609375 0.6395833333333333 0.659375 0.6395833333333333 0.6546875 0.6333333333333333 0.653125 0.6333333333333333
0 0.7375 0.60625 0.7359375 0.6083333333333333 0.734375 0.6083333333333333 0.73125 0.6125 0.728125 0.6125 0.7265625 0.6145833333333334 0.725 0.6145833333333334 0.721875 0.61875 0.721875 0.6208333333333333 0.71875 0.625 0.71875 0.6270833333333333 0.7125 0.6354166666666666 0.7125 0.6375 0.7109375 0.6395833333333333 0.7109375 0.6416666666666667 0.709375 0.64375 0.709375 0.6625 0.7109375 0.6645833333333333 0.7109375 0.66875 0.7125 0.6708333333333333 0.7125 0.6729166666666667 0.715625 0.6770833333333334 0.715625 0.6791666666666667 0.7234375 0.6895833333333333 0.725 0.6895833333333333 0.7265625 0.6916666666666667 0.728125 0.6916666666666667 0.7296875 0.69375 0.7328125 0.69375 0.7359375 0.6979166666666666 0.7375 0.6979166666666666 0.7390625 0.7 0.740625 0.7 0.7421875 0.7020833333333333 0.74375 0.7020833333333333 0.746875 0.70625 0.7484375 0.70625 0.75 0.7083333333333334 0.7515625 0.7083333333333334 0.7546875 0.7125 0.75625 0.7125 0.7578125 0.7145833333333333 0.7625 0.7145833333333333 0.7640625 0.7166666666666667 0.7703125 0.7166666666666667 0.775 0.7104166666666667 0.775 0.7083333333333334 0.778125 0.7041666666666667 0.778125 0.6958333333333333 0.7796875 0.69375 0.7796875 0.68125 0.78125 0.6791666666666667 0.78125 0.6708333333333333 0.7828125 0.66875 0.7828125 0.6625 0.784375 0.6604166666666667 0.784375 0.6395833333333333 0.7828125 0.6375 0.7828125 0.63125 0.7703125 0.6145833333333334 0.76875 0.6145833333333334 0.7671875 0.6125 0.7640625 0.6125 0.7625 0.6104166666666667 0.7578125 0.6104166666666667 0.75625 0.6083333333333333 0.7421875 0.6083333333333333 0.740625 0.60625
0 0.846875 0.6270833333333333 0.84375 0.63125 0.84375 0.6333333333333333 0.840625 0.6375 0.840625 0.6395833333333333 0.8390625 0.6416666666666667 0.8390625 0.64375 0.8375 0.6458333333333334 0.8375 0.65 0.8390625 0.6520833333333333 0.8390625 0.65625 0.840625 0.6583333333333333 0.840625 0.6604166666666667 0.8421875 0.6625 0.8421875 0.6645833333333333 0.84375 0.6666666666666666 0.84375 0.66875 0.846875 0.6729166666666667 0.846875 0.675 0.8546875 0.6854166666666667 0.85625 0.6854166666666667 0.8640625 0.6958333333333333 0.865625 0.6958333333333333 0.86875 0.7 0.8703125 0.7 0.871875 0.7020833333333333 0.8734375 0.7020833333333333 0.875 0.7041666666666667 0.8765625 0.7041666666666667 0.8796875 0.7083333333333334 0.88125 0.7083333333333334 0.8859375 0.7145833333333333 0.8875 0.7145833333333333 0.890625 0.71875 0.8921875 0.71875 0.8953125 0.7229166666666667 0.896875 0.7229166666666667 0.8984375 0.725 0.9 0.725 0.9015625 0.7270833333333333 0.9078125 0.7270833333333333 0.909375 0.725 0.9140625 0.725 0.9203125 0.7166666666666667 0.9203125 0.7145833333333333 0.921875 0.7125 0.921875 0.7020833333333333 0.9234375 0.7 0.9234375 0.6875 0.925 0.6854166666666667 0.925 0.6770833333333334 0.9265625 0.675 0.9265625 0.66875 0.928125 0.6666666666666666 0.928125 0.6604166666666667 0.9296875 0.6583333333333333 0.9296875 0.6520833333333333 0.93125 0.65 0.93125 0.6416666666666667 0.9296875 0.6395833333333333 0.9296875 0.6375 0.928125 0.6354166666666666 0.928125 0.63125 0.9265625 0.6291666666666667 0.91875 0.6291666666666667 0.9171875 0.63125 0.903125 0.63125 0.9015625 0.6291666666666667 0.896875 0.6291666666666667 0.8953125 0.6270833333333333 0.8921875 0.6270833333333333 0.890625 0.625 0.8828125 0.625 0.88125 0.6270833333333333 0.8796875 0.6270833333333333 0.878125 0.6291666666666667 0.8765625 0.6291666666666667 0.875 0.63125 0.871875 0.63125 0.8703125 0.6333333333333333 0.8640625 0.6333333333333333 0.8625 0.63125 0.859375 0.63125 0.85625 0.6270833333333333
0 0.8796875 0.55 0.8796875 0.55625 0.878125 0.5583333333333333 0.878125 0.5708333333333333 0.8796875 0.5729166666666666 0.8796875 0.5791666666666667 0.88125 0.58125 0.88125 0.5854166666666667 0.8828125 0.5875 0.8828125 0.5916666666666667 0.884375 0.59375 0.884375 0.5979166666666667 0.8859375 0.6 0.8859375 0.6020833333333333 0.8875 0.6041666666666666 0.8890625 0.6041666666666666 0.890625 0.60625 0.9 0.60625 0.9015625 0.6083333333333333 0.9140625 0.6083333333333333 0.915625 0.6104166666666667 0.9265625 0.6104166666666667 0.928125 0.6125 0.93125 0.6125 0.9328125 0.6145833333333334 0.9390625 0.6145833333333334 0.940625 0.6125 0.94375 0.6125 0.946875 0.6083333333333333 0.9484375 0.6083333333333333 0.95 0.60625 0.9515625 0.60625 0.95625 0.6 0.9578125 0.6 0.9625 0.59375 0.9625 0.58125 0.9609375 0.5791666666666667 0.9609375 0.5770833333333333 0.95 0.5625 0.95 0.5604166666666667 0.946875 0.55625 0.9453125 0.55625 0.9421875 0.5520833333333334 0.940625 0.5520833333333334 0.9390625 0.55 0.9375 0.55 0.9359375 0.5479166666666667 0.934375 0.5479166666666667 0.9328125 0.5458333333333333 0.93125 0.5458333333333333 0.9296875 0.54375 0.928125 0.54375 0.9265625 0.5416666666666666 0.9234375 0.5416666666666666 0.921875 0.5395833333333333 0.9203125 0.5395833333333333 0.91875 0.5375 0.9140625 0.5375 0.9125 0.5354166666666667 0.9078125 0.5354166666666667 0.90625 0.5333333333333333 0.8953125 0.5333333333333333 0.89375 0.5354166666666667 0.890625 0.5354166666666667 0.8890625 0.5375 0.8875 0.5375 0.8828125 0.54375 0.8828125 0.5458333333333333
0 0.996875 0.6020833333333333 0.99375 0.6020833333333333 0.9921875 0.6 0.990625 0.6 0.9890625 0.5979166666666667 0.9859375 0.5979166666666667 0.984375 0.5958333333333333 0.98125 0.5958333333333333 0.9796875 0.59375 0.9765625 0.59375 0.975 0.5916666666666667 0.9734375 0.59375 0.965625 0.59375 0.9640625 0.5958333333333333 0.9625 0.5958333333333333 0.953125 0.6083333333333333 0.95 0.6083333333333333 0.94375 0.6166666666666667 0.94375 0.6208333333333333 0.9453125 0.6229166666666667 0.9453125 0.625 0.94375 0.6270833333333333 0.94375 0.6291666666666667 0.9421875 0.63125 0.9421875 0.6458333333333334 0.94375 0.6479166666666667 0.94375 0.6625 0.9453125 0.6645833333333333 0.9453125 0.6791666666666667 0.946875 0.68125 0.946875 0.6833333333333333 0.9484375 0.6854166666666667 0.9484375 0.6875 0.9515625 0.6916666666666667 0.953125 0.6916666666666667 0.9546875 0.69375 0.9578125 0.69375 0.959375 0.6958333333333333 0.9703125 0.6958333333333333 0.971875 0.69375 0.975 0.69375 0.9765625 0.6916666666666667 0.978125 0.6916666666666667 0.98125 0.6875 0.9875 0.6875 0.9890625 0.6854166666666667 0.996875 0.6854166666666667 0.9984375 0.6833333333333333 0.9984375 0.6083333333333333 0.996875 0.60625
0 0.9328125 0.7604166666666666 0.9328125 0.75 0.93125 0.7479166666666667 0.93125 0.7354166666666667 0.9296875 0.7333333333333333 0.9296875 0.7270833333333333 0.928125 0.725 0.928125 0.7208333333333333 0.9265625 0.71875 0.9265625 0.7166666666666667 0.921875 0.7166666666666667 0.921875 0.71875 0.915625 0.7270833333333333 0.9140625 0.7270833333333333 0.9125 0.7291666666666666 0.9046875 0.7291666666666666 0.903125 0.73125 0.9 0.73125 0.9 0.7354166666666667 0.8984375 0.7375 0.8984375 0.74375 0.89375 0.75 0.8859375 0.75 0.884375 0.7479166666666667 0.8828125 0.7479166666666667 0.88125 0.7458333333333333 0.8796875 0.7458333333333333 0.875 0.7395833333333334 0.865625 0.7395833333333334 0.8609375 0.7458333333333333 0.859375 0.7458333333333333 0.85625 0.75 0.853125 0.75 0.85 0.7458333333333333 0.85 0.74375 0.8484375 0.7416666666666667 0.8484375 0.7395833333333334 0.8453125 0.7395833333333334 0.8453125 0.75 0.846875 0.7520833333333333 0.846875 0.7541666666666667 0.85625 0.7666666666666667 0.85625 0.76875 0.859375 0.7729166666666667 0.859375 0.775 0.8609375 0.7770833333333333 0.8625 0.7770833333333333 0.8640625 0.7791666666666667 0.8640625 0.78125 0.865625 0.7833333333333333 0.8671875 0.7833333333333333 0.8703125 0.7875 0.871875 0.7875 0.8765625 0.79375 0.878125 0.79375 0.88125 0.7979166666666667 0.8828125 0.7979166666666667 0.884375 0.8 0.8875 0.8 0.8890625 0.8020833333333334 0.9015625 0.8020833333333334 0.903125 0.8 0.9046875 0.8 0.909375 0.79375 0.9109375 0.79375 0.9125 0.7916666666666666 0.915625 0.7916666666666666 0.9171875 0.7895833333333333 0.9203125 0.7895833333333333 0.921875 0.7875 0.9234375 0.7875 0.9265625 0.7833333333333333 0.9265625 0.78125 0.9296875 0.7770833333333333 0.9296875 0.775 0.93125 0.7729166666666667 0.93125 0.7625