0 0.0546875 0.515625 0.09765625 0.13125
0 0.150390625 0.5322916666666667 0.1 0.12708333333333333
0 0.214453125 0.5942708333333333 0.090625 0.115625
0 0.246875 0.41458333333333336 0.08984375 0.1375
0 0.32578125 0.48854166666666665 0.08671875 0.11875
0 0.405078125 0.48854166666666665 0.0734375 0.1125
0 0.466796875 0.39114583333333336 0.0953125 0.14479166666666668
0 0.483203125 0.5369791666666667 0.075 0.11770833333333333
0 0.448046875 0.6192708333333333 0.071875 0.103125
0 0.583203125 0.4265625 0.071875 0.12395833333333334
0 0.652734375 0.46145833333333336 0.075 0.10416666666666667
0 0.631640625 0.6244791666666667 0.071875 0.109375
0 0.797265625 0.425 0.0921875 0.13333333333333333
0 0.90078125 0.3385416666666667 0.10078125 0.14375
0 0.880859375 0.5333333333333333 0.0984375 0.12708333333333333
0 0.041015625 0.4552083333333333 0.026171875 0.459375 0.018359375 0.465625 0.012109375 0.475 0.008984375 0.4875 0.005859375 0.49583333333333335 0.013671875 0.5104166666666666 0.015234375 0.5270833333333333 0.026953125 0.540625 0.037109375 0.5625 0.043359375 0.5760416666666667 0.055078125 0.5791666666666667 0.069921875 0.5770833333333333 0.080078125 0.5645833333333333 0.084765625 0.55625 0.088671875 0.5489583333333333 0.092578125 0.5416666666666666 0.096484375 0.5364583333333334 0.098828125 0.528125 0.101953125 0.5135416666666667 0.092578125 0.5125 0.085546875 0.5166666666666667 0.077734375 0.5166666666666667 0.076953125 0.50625 0.082421875 0.4979166666666667 0.088671875 0.49375 0.098828125 0.4864583333333333 0.103515625 0.48125 0.098828125 0.471875 0.089453125 0.46979166666666666 0.074609375 0.4583333333333333 0.051171875 0.45625
0 0.181640625 0.47708333333333336 0.176171875 0.47708333333333336 0.176171875 0.5010416666666667 0.173046875 0.50625 0.158984375 0.5052083333333334 0.145703125 0.503125 0.138671875 0.49895833333333334 0.124609375 0.5135416666666667 0.119921875 0.5104166666666666 0.116015625 0.5010416666666667 0.106640625 0.5041666666666667 0.098828125 0.5208333333333334 0.102734375 0.5354166666666667 0.105078125 0.5520833333333334 0.126953125 0.56875 0.143359375 0.575 0.154296875 0.584375 0.166015625 0.5927083333333333 0.181640625 0.590625 0.187890625 0.584375 0.192578125 0.5666666666666667 0.195703125 0.553125 0.198828125 0.5270833333333333 0.199609375 0.5020833333333333 0.191796875 0.48333333333333334 0.189453125 0.478125
0 0.173046875 0.6072916666666667 0.184765625 0.6229166666666667 0.195703125 0.6302083333333334 0.206640625 0.640625 0.215234375 0.646875 0.232421875 0.646875 0.240234375 0.6385416666666667 0.248828125 0.6333333333333333 0.255078125 0.621875 0.258203125 0.60625 0.257421875 0.5979166666666667 0.253515625 0.5802083333333333 0.246484375 0.5697916666666667 0.237109375 0.5552083333333333 0.229296875 0.5489583333333333 0.223828125 0.5458333333333333 0.213671875 0.5520833333333334 0.208203125 0.5697916666666667 0.198046875 0.578125 0.190234375 0.5927083333333333
0 0.216015625 0.378125 0.203515625 0.39375 0.198828125 0.41041666666666665 0.203515625 0.42916666666666664 0.210546875 0.43645833333333334 0.220703125 0.4552083333333333 0.224609375 0.46458333333333335 0.233203125 0.47708333333333336 0.244921875 0.48020833333333335 0.251171875 0.4791666666666667 0.263671875 0.4625 0.271484375 0.459375 0.281640625 0.45208333333333334 0.288671875 0.440625 0.290234375 0.4322916666666667 0.277734375 0.42291666666666666 0.269140625 0.415625 0.269140625 0.4322916666666667 0.263671875 0.43333333333333335 0.255859375 0.42604166666666665 0.251171875 0.41041666666666665 0.249609375 0.40208333333333335 0.238671875 0.4010416666666667 0.232421875 0.4 0.225390625 0.3885416666666667
0 0.297265625 0.4427083333333333 0.287890625 0.45625 0.284765625 0.4708333333333333 0.287109375 0.48020833333333335 0.283203125 0.5020833333333333 0.283984375 0.5197916666666667 0.283203125 0.5302083333333333 0.292578125 0.54375 0.301953125 0.546875 0.312890625 0.5427083333333333 0.314453125 0.5354166666666667 0.327734375 0.534375 0.338671875 0.5322916666666667 0.349609375 0.5239583333333333 0.356640625 0.5177083333333333 0.358984375 0.5083333333333333 0.351953125 0.5010416666666667 0.348828125 0.49583333333333335 0.339453125 0.4895833333333333 0.335546875 0.48854166666666665 0.331640625 0.484375 0.328515625 0.47708333333333336 0.324609375 0.4625 0.313671875 0.459375 0.302734375 0.4552083333333333
0 0.376171875 0.4479166666666667 0.373046875 0.45729166666666665 0.373046875 0.47604166666666664 0.375390625 0.4947916666666667 0.383203125 0.5104166666666666 0.392578125 0.521875 0.399609375 0.5302083333333333 0.411328125 0.5354166666666667 0.423046875 0.5385416666666667 0.427734375 0.5364583333333334 0.436328125 0.5291666666666667 0.433203125 0.5197916666666667 0.436328125 0.4979166666666667 0.441015625 0.4791666666666667 0.443359375 0.46979166666666666 0.443359375 0.45729166666666665 0.434765625 0.4427083333333333 0.427734375 0.4395833333333333 0.416796875 0.4395833333333333 0.404296875 0.43854166666666666 0.394921875 0.46041666666666664
0 0.469921875 0.33958333333333335 0.450390625 0.3416666666666667 0.444921875 0.35104166666666664 0.437109375 0.3614583333333333 0.428515625 0.375 0.424609375 0.3854166666666667 0.425390625 0.403125 0.424609375 0.41875 0.426953125 0.43020833333333336 0.431640625 0.43854166666666666 0.438671875 0.44166666666666665 0.444140625 0.44375 0.455859375 0.44895833333333335 0.462890625 0.4510416666666667 0.473828125 0.453125 0.487890625 0.45416666666666666 0.494140625 0.45729166666666665 0.499609375 0.45625 0.506640625 0.45208333333333334 0.511328125 0.446875 0.512890625 0.4354166666666667 0.512890625 0.41458333333333336 0.511328125 0.40520833333333334 0.508984375 0.3875 0.505859375 0.378125 0.501953125 0.36666666666666664 0.498828125 0.35833333333333334 0.491015625 0.34479166666666666 0.480078125 0.3385416666666667
0 0.484765625 0.4822916666666667 0.479296875 0.48854166666666665 0.476953125 0.5020833333333333 0.476953125 0.5145833333333333 0.472265625 0.51875 0.459765625 0.521875 0.455078125 0.5260416666666666 0.449609375 0.5385416666666667 0.448828125 0.5541666666666667 0.452734375 0.5635416666666667 0.461328125 0.5760416666666667 0.474609375 0.5791666666666667 0.481640625 0.5791666666666667 0.488671875 0.5833333333333334 0.502734375 0.5895833333333333 0.507421875 0.590625 0.516015625 0.5895833333333333 0.519140625 0.5833333333333334 0.518359375 0.571875 0.517578125 0.5604166666666667 0.517578125 0.546875 0.517578125 0.525 0.517578125 0.515625 0.512890625 0.5 0.506640625 0.49375
0 0.422265625 0.5947916666666667 0.416015625 0.60625 0.414453125 0.6229166666666667 0.418359375 0.6322916666666667 0.427734375 0.6385416666666667 0.439453125 0.646875 0.450390625 0.65625 0.461328125 0.665625 0.476171875 0.665625 0.479296875 0.6520833333333333 0.480078125 0.6322916666666667 0.481640625 0.61875 0.481640625 0.6020833333333333 0.477734375 0.584375 0.477734375 0.5979166666666667 0.453515625 0.5947916666666667 0.437890625 0.6208333333333333
0 0.576953125 0.3854166666666667 0.562109375 0.3854166666666667 0.558984375 0.3927083333333333 0.552734375 0.40625 0.550390625 0.43125 0.548828125 0.44895833333333335 0.545703125 0.459375 0.555859375 0.47291666666666665 0.559765625 0.48333333333333334 0.568359375 0.48854166666666665 0.580078125 0.484375 0.590234375 0.478125 0.605859375 0.47291666666666665 0.612109375 0.465625 0.614453125 0.46041666666666664 0.608984375 0.44895833333333335 0.604296875 0.44166666666666665 0.596484375 0.425 0.590234375 0.4354166666666667 0.578515625 0.4375 0.573046875 0.43645833333333334 0.569140625 0.42604166666666665 0.573828125 0.41354166666666664 0.576171875 0.40729166666666666 0.585546875 0.4041666666666667
0 0.684765625 0.42291666666666666 0.687890625 0.44375 0.687109375 0.45416666666666666 0.684765625 0.4666666666666667 0.683203125 0.47604166666666664 0.681640625 0.48541666666666666 0.673046875 0.503125 0.662109375 0.5072916666666667 0.651171875 0.5104166666666666 0.638671875 0.5083333333333333 0.632421875 0.4979166666666667 0.625390625 0.4864583333333333 0.623046875 0.48020833333333335 0.617578125 0.4635416666666667 0.619921875 0.453125 0.626171875 0.45208333333333334 0.630859375 0.4666666666666667 0.647265625 0.46458333333333335 0.651953125 0.45416666666666666 0.652734375 0.4375 0.660546875 0.434375 0.667578125 0.44166666666666665 0.674609375 0.434375
0 0.601953125 0.5947916666666667 0.597265625 0.609375 0.597265625 0.6270833333333333 0.600390625 0.6427083333333333 0.603515625 0.65 0.608984375 0.6583333333333333 0.615234375 0.6729166666666667 0.630078125 0.678125 0.638671875 0.678125 0.645703125 0.66875 0.652734375 0.6583333333333333 0.658203125 0.6510416666666666 0.668359375 0.634375 0.665234375 0.6197916666666666 0.662109375 0.6145833333333334 0.661328125 0.634375 0.655078125 0.634375 0.643359375 0.6270833333333333 0.639453125 0.6166666666666667 0.627734375 0.63125 0.610546875 0.6333333333333333 0.607421875 0.6229166666666667 0.611328125 0.609375 0.612109375 0.6020833333333333
0 0.753515625 0.43020833333333336 0.751171875 0.43854166666666666 0.751953125 0.446875 0.752734375 0.45416666666666666 0.762109375 0.46041666666666664 0.771484375 0.4739583333333333 0.780078125 0.48333333333333334 0.791015625 0.48854166666666665 0.798828125 0.4875 0.810546875 0.48333333333333334 0.816796875 0.478125 0.825390625 0.46770833333333334 0.831640625 0.459375 0.836328125 0.44479166666666664 0.840234375 0.43333333333333335 0.839453125 0.4270833333333333 0.832421875 0.425 0.829296875 0.4427083333333333 0.822265625 0.4479166666666667 0.815234375 0.440625 0.805859375 0.43645833333333334 0.798828125 0.43125 0.787109375 0.4479166666666667 0.778515625 0.45208333333333334 0.772265625 0.446875 0.771484375 0.4354166666666667 0.770703125 0.43020833333333336
0 0.946484375 0.3 0.944140625 0.31979166666666664 0.951171875 0.325 0.948828125 0.3385416666666667 0.943359375 0.3458333333333333 0.940234375 0.35520833333333335 0.937890625 0.365625 0.931640625 0.38229166666666664 0.932421875 0.38958333333333334 0.930859375 0.4 0.921484375 0.40729166666666666 0.913671875 0.409375 0.906640625 0.40729166666666666 0.884765625 0.39479166666666665 0.872265625 0.38333333333333336 0.865234375 0.378125 0.857421875 0.36770833333333336 0.854296875 0.3572916666666667 0.855078125 0.3416666666666667 0.859765625 0.3489583333333333 0.861328125 0.36666666666666664 0.867578125 0.37604166666666666 0.875390625 0.3802083333333333 0.879296875 0.3572916666666667 0.881640625 0.3489583333333333 0.886328125 0.3416666666666667 0.899609375 0.340625 0.913671875 0.3385416666666667 0.917578125 0.328125 0.919921875 0.31666666666666665 0.933984375 0.31145833333333334
0 0.919921875 0.4947916666666667 0.925390625 0.5083333333333333 0.924609375 0.5177083333333333 0.923046875 0.5354166666666667 0.919921875 0.5416666666666666 0.911328125 0.559375 0.902734375 0.5645833333333333 0.898828125 0.58125 0.893359375 0.5895833333333333 0.876171875 0.5927083333333333 0.866796875 0.5854166666666667 0.862109375 0.571875 0.853515625 0.5614583333333333 0.847265625 0.5541666666666667 0.837109375 0.540625 0.840234375 0.5322916666666667 0.847265625 0.5260416666666666 0.853515625 0.521875 0.866796875 0.5135416666666667 0.888671875 0.51875 0.901171875 0.5