0 0.41426282051282054 0.1346153846153846 0.11618589743589744 0.188034188034188
0 0.34655448717948717 0.2879273504273504 0.09134615384615383 0.14636752136752132
0 0.4415064102564103 0.35042735042735035 0.09375000000000004 0.16452991452991453
0 0.3998397435897436 0.4903846153846155 0.09214743589743594 0.1367521367521368
0 0.24399038461538464 0.28365384615384615 0.11217948717948716 0.15277777777777776
0 0.14983974358974358 0.2003205128205128 0.10977564102564101 0.17414529914529908
0 0.04166666666666667 0.28205128205128205 0.07932692307692307 0.17735042735042728
0 0.09054487179487179 0.4123931623931624 0.12419871794871795 0.17094017094017097
0 0.559695512820513 0.2467948717948718 0.07692307692307691 0.1688034188034188
0 0.6446314102564104 0.2841880341880342 0.0833333333333334 0.1517094017094017
0 0.6330128205128206 0.4722222222222222 0.08733974358974353 0.16880341880341884
0 0.8165064102564102 0.20566239316239318 0.10977564102564089 0.16773504273504272
0 0.9270833333333333 0.08760683760683761 0.1145833333333334 0.16452991452991453
0 0.9302884615384615 0.3108974358974359 0.11939102564102555 0.16666666666666663
0 0 0.20208333333333334 0 0.34375 0.0015625 0.34375 0.0078125 0.35208333333333336 0.009375 0.35208333333333336 0.0125 0.35625 0.0140625 0.35625 0.0171875 0.36041666666666666 0.01875 0.36041666666666666 0.021875 0.3645833333333333 0.0234375 0.3645833333333333 0.025 0.36666666666666664 0.0265625 0.36666666666666664 0.028125 0.36875 0.034375 0.36875 0.0359375 0.37083333333333335 0.0421875 0.37083333333333335 0.04375 0.36875 0.046875 0.36875 0.0484375 0.36666666666666664 0.05 0.36666666666666664 0.0609375 0.35208333333333336 0.0609375 0.34791666666666665 0.0625 0.3458333333333333 0.0625 0.34375 0.0640625 0.3416666666666667 0.0640625 0.3375 0.065625 0.33541666666666664 0.065625 0.32916666666666666 0.0671875 0.32708333333333334 0.0671875 0.325 0.06875 0.3229166666666667 0.06875 0.32083333333333336 0.0703125 0.31875 0.0703125 0.30833333333333335 0.071875 0.30625 0.071875 0.30416666666666664 0.0734375 0.3020833333333333 0.0734375 0.29791666666666666 0.075 0.29583333333333334 0.075 0.2833333333333333 0.0765625 0.28125 0.0765625 0.275 0.078125 0.27291666666666664 0.078125 0.25625 0.0765625 0.25416666666666665 0.0765625 0.24791666666666667 0.075 0.24583333333333332 0.075 0.24375 0.0734375 0.24166666666666667 0.0734375 0.23958333333333334 0.071875 0.2375 0.071875 0.23541666666666666 0.0703125 0.23333333333333334 0.0703125 0.23125 0.0640625 0.22291666666666668 0.0640625 0.22083333333333333 0.0609375 0.21666666666666667 0.059375 0.21666666666666667 0.0578125 0.21458333333333332 0.05625 0.21458333333333332 0.0546875 0.2125 0.053125 0.2125 0.0515625 0.21041666666666667 0.0484375 0.21041666666666667 0.046875 0.20833333333333334 0.04375 0.20833333333333334 0.0421875 0.20625 0.021875 0.20625 0.0203125 0.20416666666666666 0.00625 0.20416666666666666 0.0046875 0.20208333333333334
0 0.115625 0.12708333333333333 0.1125 0.13125 0.1109375 0.13125 0.1109375 0.13333333333333333 0.109375 0.13541666666666666 0.1078125 0.13541666666666666 0.1015625 0.14375 0.1015625 0.14583333333333334 0.1 0.14791666666666667 0.1 0.15 0.0984375 0.15208333333333332 0.0984375 0.15625 0.096875 0.15833333333333333 0.096875 0.16041666666666668 0.0953125 0.1625 0.0953125 0.17708333333333334 0.096875 0.17916666666666667 0.096875 0.18125 0.0984375 0.18333333333333332 0.0984375 0.1875 0.1 0.18958333333333333 0.1 0.19166666666666668 0.1015625 0.19375 0.1015625 0.19583333333333333 0.103125 0.19791666666666666 0.103125 0.2 0.10625 0.20416666666666666 0.10625 0.20625 0.1078125 0.20833333333333334 0.1078125 0.21041666666666667 0.109375 0.2125 0.109375 0.21458333333333332 0.1109375 0.21666666666666667 0.1109375 0.21875 0.115625 0.225 0.115625 0.22708333333333333 0.1171875 0.22916666666666666 0.1171875 0.23125 0.1203125 0.23541666666666666 0.1203125 0.2375 0.121875 0.23958333333333334 0.121875 0.24166666666666667 0.1234375 0.24375 0.1234375 0.24791666666666667 0.125 0.25 0.125 0.2520833333333333 0.1265625 0.25416666666666665 0.1265625 0.25625 0.128125 0.25833333333333336 0.128125 0.2604166666666667 0.1296875 0.2625 0.1296875 0.26458333333333334 0.13125 0.26666666666666666 0.13125 0.26875 0.1359375 0.275 0.1359375 0.27708333333333335 0.1375 0.2791666666666667 0.1390625 0.2791666666666667 0.1421875 0.2833333333333333 0.14375 0.2833333333333333 0.1453125 0.28541666666666665 0.15 0.28541666666666665 0.1515625 0.2875 0.1546875 0.2875 0.15625 0.28541666666666665 0.1578125 0.28541666666666665 0.159375 0.2833333333333333 0.1609375 0.2833333333333333 0.1625 0.28125 0.1640625 0.28125 0.1671875 0.27708333333333335 0.16875 0.27708333333333335 0.1734375 0.2708333333333333 0.1734375 0.26875 0.1796875 0.2604166666666667 0.18125 0.2604166666666667 0.184375 0.25625 0.184375 0.25416666666666665 0.1875 0.25 0.1875 0.24791666666666667 0.1921875 0.24166666666666667 0.1921875 0.23958333333333334 0.19375 0.2375 0.19375 0.23541666666666666 0.196875 0.23125 0.196875 0.22916666666666666 0.2015625 0.22291666666666668 0.2015625 0.22083333333333333 0.2046875 0.21666666666666667 0.2046875 0.21458333333333332 0.20625 0.2125 0.20625 0.21041666666666667 0.2078125 0.20833333333333334 0.2078125 0.20625 0.20625 0.20416666666666666 0.20625 0.20208333333333334 0.2015625 0.19583333333333333 0.2015625 0.19375 0.1984375 0.18958333333333333 0.1984375 0.18541666666666667 0.196875 0.18333333333333332 0.196875 0.17916666666666667 0.1921875 0.17291666666666666 0.190625 0.17291666666666666 0.1890625 0.17083333333333334 0.1859375 0.17083333333333334 0.184375 0.16875 0.18125 0.16875 0.1796875 0.16666666666666666 0.1765625 0.16666666666666666 0.175 0.16458333333333333 0.16875 0.16458333333333333 0.165625 0.16875 0.165625 0.17083333333333334 0.1625 0.175 0.1578125 0.175 0.15 0.16458333333333333 0.15 0.16041666666666668 0.1484375 0.15833333333333333 0.1484375 0.15 0.146875 0.14791666666666667 0.1453125 0.14791666666666667 0.1421875 0.14375 0.140625 0.14375 0.1390625 0.14166666666666666 0.1375 0.14166666666666666 0.1328125 0.13541666666666666 0.13125 0.13541666666666666 0.128125 0.13125 0.1265625 0.13125 0.125 0.12916666666666668 0.121875 0.12916666666666668 0.1203125 0.12708333333333333
0 0.2125 0.22083333333333333 0.20625 0.22916666666666666 0.20625 0.23125 0.2015625 0.2375 0.2015625 0.23958333333333334 0.2 0.24166666666666667 0.2 0.24375 0.1984375 0.24583333333333332 0.1984375 0.2520833333333333 0.196875 0.25416666666666665 0.196875 0.25833333333333336 0.1953125 0.2604166666666667 0.1953125 0.275 0.196875 0.27708333333333335 0.1953125 0.2791666666666667 0.1953125 0.29375 0.19375 0.29583333333333334 0.19375 0.3 0.1921875 0.3020833333333333 0.1921875 0.30833333333333335 0.190625 0.3104166666666667 0.190625 0.31875 0.1890625 0.32083333333333336 0.1890625 0.33541666666666664 0.190625 0.3375 0.190625 0.3416666666666667 0.19375 0.3458333333333333 0.19375 0.34791666666666665 0.1953125 0.34791666666666665 0.1984375 0.35208333333333336 0.2 0.35208333333333336 0.2015625 0.3541666666666667 0.21875 0.3541666666666667 0.2203125 0.35208333333333336 0.221875 0.35208333333333336 0.2234375 0.35 0.2265625 0.35 0.228125 0.34791666666666665 0.2328125 0.34791666666666665 0.234375 0.3458333333333333 0.240625 0.3458333333333333 0.2421875 0.34375 0.246875 0.34375 0.2484375 0.3416666666666667 0.2578125 0.3416666666666667 0.259375 0.33958333333333335 0.265625 0.33958333333333335 0.2671875 0.3375 0.2703125 0.3375 0.2765625 0.32916666666666666 0.278125 0.32916666666666666 0.278125 0.32708333333333334 0.2890625 0.3125 0.2890625 0.3104166666666667 0.290625 0.30833333333333335 0.290625 0.30625 0.2921875 0.30416666666666664 0.2921875 0.3020833333333333 0.29375 0.3 0.29375 0.2875 0.2921875 0.28541666666666665 0.2921875 0.2833333333333333 0.290625 0.2833333333333333 0.2890625 0.28125 0.2859375 0.28125 0.284375 0.2791666666666667 0.2828125 0.2791666666666667 0.28125 0.27708333333333335 0.2796875 0.27708333333333335 0.278125 0.275 0.2765625 0.275 0.271875 0.26875 0.2703125 0.26875 0.259375 0.25416666666666665 0.259375 0.2520833333333333 0.25 0.23958333333333334 0.2484375 0.23958333333333334 0.2421875 0.23125 0.240625 0.23125 0.2375 0.22708333333333333 0.2359375 0.22708333333333333 0.234375 0.225 0.2328125 0.225 0.2296875 0.22083333333333333
0 0.059375 0.3645833333333333 0.0515625 0.375 0.0515625 0.3770833333333333 0.05 0.37916666666666665 0.05 0.38125 0.0484375 0.38333333333333336 0.046875 0.38333333333333336 0.04375 0.3875 0.04375 0.38958333333333334 0.0390625 0.3958333333333333 0.0375 0.3958333333333333 0.0359375 0.39791666666666664 0.034375 0.39791666666666664 0.034375 0.4 0.0328125 0.40208333333333335 0.0328125 0.41458333333333336 0.034375 0.4166666666666667 0.034375 0.42083333333333334 0.0375 0.425 0.0375 0.4270833333333333 0.0421875 0.43333333333333335 0.0421875 0.4354166666666667 0.0453125 0.4395833333333333 0.046875 0.4395833333333333 0.0515625 0.44583333333333336 0.053125 0.44583333333333336 0.059375 0.45416666666666666 0.0609375 0.45416666666666666 0.0640625 0.4583333333333333 0.065625 0.4583333333333333 0.075 0.4708333333333333 0.0765625 0.4708333333333333 0.08125 0.47708333333333336 0.0828125 0.47708333333333336 0.0875 0.48333333333333334 0.0890625 0.48333333333333334 0.090625 0.48541666666666666 0.0921875 0.48541666666666666 0.09375 0.4875 0.0953125 0.4875 0.096875 0.4895833333333333 0.1 0.4895833333333333 0.1015625 0.49166666666666664 0.10625 0.49166666666666664 0.1078125 0.49375 0.115625 0.49375 0.1171875 0.49166666666666664 0.1203125 0.49166666666666664 0.1328125 0.475 0.134375 0.475 0.1359375 0.47291666666666665 0.1375 0.47291666666666665 0.1453125 0.4625 0.1453125 0.46041666666666664 0.146875 0.4583333333333333 0.146875 0.45208333333333334 0.1484375 0.45 0.1484375 0.425 0.146875 0.42291666666666666 0.146875 0.41041666666666665 0.1453125 0.4083333333333333 0.1453125 0.40625 0.14375 0.4041666666666667 0.14375 0.3958333333333333 0.1421875 0.39375 0.1421875 0.39166666666666666 0.140625 0.38958333333333334 0.140625 0.3875 0.1375 0.38333333333333336 0.1375 0.38125 0.1359375 0.37916666666666665 0.1359375 0.3770833333333333 0.134375 0.375 0.134375 0.3729166666666667 0.1296875 0.36666666666666664 0.1296875 0.3645833333333333 0.1265625 0.36041666666666666 0.125 0.36041666666666666 0.121875 0.35625 0.1203125 0.35625 0.11875 0.3541666666666667 0.115625 0.3541666666666667 0.1140625 0.35208333333333336 0.1125 0.35208333333333336 0.1109375 0.35 0.1078125 0.35 0.10625 0.34791666666666665 0.096875 0.34791666666666665 0.0953125 0.35 0.0890625 0.35 0.0875 0.35208333333333336 0.084375 0.35208333333333336 0.0828125 0.3541666666666667 0.08125 0.3541666666666667 0.0796875 0.35625 0.078125 0.35625 0.0765625 0.35833333333333334 0.0703125 0.35833333333333334 0.0671875 0.3625 0.0640625 0.3625 0.0625 0.3645833333333333
0 0.3140625 0.23333333333333334 0.30625 0.24375 0.30625 0.24791666666666667 0.3046875 0.25 0.3046875 0.2604166666666667 0.303125 0.2625 0.303125 0.26875 0.3015625 0.2708333333333333 0.3015625 0.27291666666666664 0.303125 0.275 0.303125 0.2791666666666667 0.3046875 0.28125 0.3046875 0.2875 0.30625 0.28958333333333336 0.30625 0.2916666666666667 0.3078125 0.29375 0.3078125 0.29583333333333334 0.309375 0.29791666666666666 0.309375 0.3 0.3109375 0.3020833333333333 0.3109375 0.30416666666666664 0.321875 0.31875 0.3234375 0.31875 0.328125 0.325 0.3296875 0.325 0.33125 0.32708333333333334 0.3328125 0.32708333333333334 0.334375 0.32916666666666666 0.3359375 0.32916666666666666 0.34375 0.33958333333333335 0.3453125 0.33958333333333335 0.359375 0.35833333333333334 0.3625 0.35833333333333334 0.3640625 0.36041666666666666 0.371875 0.36041666666666666 0.375 0.35625 0.375 0.3541666666666667 0.3765625 0.35208333333333336 0.3765625 0.35 0.378125 0.34791666666666665 0.378125 0.34375 0.3796875 0.3416666666666667 0.3796875 0.3375 0.38125 0.33541666666666664 0.38125 0.32708333333333334 0.3828125 0.325 0.3828125 0.31666666666666665 0.384375 0.3145833333333333 0.384375 0.3104166666666667 0.3859375 0.30833333333333335 0.3859375 0.30625 0.3875 0.30416666666666664 0.3875 0.3020833333333333 0.3890625 0.3 0.3890625 0.29583333333333334 0.390625 0.29375 0.390625 0.2708333333333333 0.3890625 0.26875 0.3890625 0.2604166666666667 0.3875 0.25833333333333336 0.3875 0.25625 0.3859375 0.25416666666666665 0.3859375 0.2520833333333333 0.384375 0.25 0.384375 0.24791666666666667 0.3828125 0.24583333333333332 0.3828125 0.24375 0.375 0.23333333333333334 0.3734375 0.23333333333333334 0.371875 0.23125 0.3703125 0.23125 0.36875 0.22916666666666666 0.365625 0.22916666666666666 0.3640625 0.22708333333333333 0.3609375 0.22708333333333333 0.359375 0.225 0.3515625 0.225 0.35 0.22291666666666668 0.3453125 0.22291666666666668 0.34375 0.22083333333333333 0.3421875 0.22291666666666668 0.3375 0.22291666666666668 0.3359375 0.225 0.3328125 0.225 0.33125 0.22708333333333333 0.3265625 0.22708333333333333 0.325 0.22916666666666666 0.3203125 0.22916666666666666 0.31875 0.23125 0.3171875 0.23125 0.315625 0.23333333333333334
0 0.3765625 0.08958333333333333 0.3734375 0.09375 0.3734375 0.09583333333333334 0.371875 0.09791666666666667 0.371875 0.1 0.365625 0.10833333333333334 0.365625 0.1125 0.3640625 0.11458333333333333 0.3640625 0.11666666666666667 0.3625 0.11875 0.3625 0.12083333333333333 0.3609375 0.12291666666666666 0.3609375 0.12708333333333333 0.359375 0.12916666666666668 0.359375 0.13333333333333333 0.3578125 0.13541666666666666 0.3578125 0.14583333333333334 0.35625 0.14791666666666667 0.35625 0.15416666666666667 0.3578125 0.15625 0.3578125 0.16458333333333333 0.359375 0.16666666666666666 0.359375 0.175 0.3609375 0.17708333333333334 0.3609375 0.17916666666666667 0.3625 0.18125 0.3625 0.18333333333333332 0.3671875 0.18958333333333333 0.3671875 0.19166666666666668 0.36875 0.19375 0.3703125 0.19375 0.371875 0.19583333333333333 0.371875 0.19791666666666666 0.38125 0.21041666666666667 0.3828125 0.21041666666666667 0.3875 0.21666666666666667 0.3890625 0.21666666666666667 0.390625 0.21875 0.39375 0.21875 0.3953125 0.22083333333333333 0.4015625 0.22083333333333333 0.403125 0.22291666666666668 0.4109375 0.22291666666666668 0.4125 0.225 0.421875 0.225 0.4234375 0.22291666666666668 0.4265625 0.22291666666666668 0.428125 0.22083333333333333 0.4328125 0.22083333333333333 0.434375 0.21875 0.4515625 0.21875 0.453125 0.21666666666666667 0.4546875 0.21666666666666667 0.45625 0.21458333333333332 0.4578125 0.21458333333333332 0.465625 0.20416666666666666 0.465625 0.20208333333333334 0.46875 0.19791666666666666 0.46875 0.19583333333333333 0.4703125 0.19375 0.4703125 0.175 0.46875 0.17291666666666666 0.46875 0.16666666666666666 0.4671875 0.16458333333333333 0.4671875 0.15625 0.465625 0.15416666666666667 0.465625 0.15 0.4640625 0.14791666666666667 0.4640625 0.14375 0.4625 0.14166666666666666 0.4625 0.13333333333333333 0.4609375 0.13125 0.4609375 0.12708333333333333 0.459375 0.125 0.459375 0.12291666666666666 0.4578125 0.12083333333333333 0.4578125 0.11875 0.4515625 0.11041666666666666 0.4515625 0.10833333333333334 0.44375 0.09791666666666667 0.44375 0.09583333333333334 0.440625 0.09166666666666666 0.4390625 0.09166666666666666 0.434375 0.08541666666666667 0.4328125 0.08541666666666667 0.43125 0.08333333333333333 0.428125 0.08333333333333333 0.4265625 0.08125 0.425 0.08125 0.4234375 0.07916666666666666 0.421875 0.07916666666666666 0.4203125 0.07708333333333334 0.4171875 0.07708333333333334 0.415625 0.075 0.4078125 0.075 0.40625 0.07291666666666667 0.4046875 0.07291666666666667 0.403125 0.075 0.3953125 0.075 0.3921875 0.07916666666666666 0.390625 0.07916666666666666 0.3890625 0.08125 0.3875 0.08125 0.3859375 0.08333333333333333 0.384375 0.08333333333333333 0.3828125 0.08541666666666667 0.38125 0.08541666666666667 0.378125 0.08958333333333333
0 0.428125 0.29791666666666666 0.421875 0.30625 0.4203125 0.30625 0.4140625 0.3145833333333333 0.4140625 0.31666666666666665 0.409375 0.3229166666666667 0.4078125 0.3229166666666667 0.4046875 0.32708333333333334 0.403125 0.32708333333333334 0.403125 0.33125 0.3984375 0.3375 0.3984375 0.33958333333333335 0.396875 0.3416666666666667 0.396875 0.3458333333333333 0.3953125 0.34791666666666665 0.3953125 0.35625 0.39375 0.35833333333333334 0.39375 0.3854166666666667 0.3953125 0.3875 0.3953125 0.38958333333333334 0.4 0.3958333333333333 0.4015625 0.3958333333333333 0.40625 0.40208333333333335 0.4078125 0.40208333333333335 0.409375 0.4041666666666667 0.4109375 0.4041666666666667 0.4125 0.40625 0.415625 0.40625 0.4171875 0.4083333333333333 0.4203125 0.4083333333333333 0.421875 0.41041666666666665 0.425 0.41041666666666665 0.4265625 0.4125 0.434375 0.4125 0.4359375 0.41458333333333336 0.4390625 0.41458333333333336 0.440625 0.4166666666666667 0.44375 0.4166666666666667 0.4453125 0.41875 0.446875 0.41875 0.4484375 0.42083333333333334 0.4515625 0.42083333333333334 0.453125 0.42291666666666666 0.4578125 0.42291666666666666 0.459375 0.425 0.4609375 0.425 0.4625 0.4270833333333333 0.475 0.4270833333333333 0.4765625 0.425 0.478125 0.425 0.4828125 0.41875 0.4828125 0.4166666666666667 0.484375 0.41458333333333336 0.484375 0.3958333333333333 0.4828125 0.39375 0.4828125 0.3875 0.48125 0.3854166666666667 0.48125 0.36666666666666664 0.4796875 0.3645833333333333 0.4796875 0.3416666666666667 0.478125 0.33958333333333335 0.478125 0.3375 0.4765625 0.33541666666666664 0.4765625 0.32916666666666666 0.471875 0.3229166666666667 0.471875 0.32083333333333336 0.4703125 0.31875 0.4703125 0.31666666666666665 0.4609375 0.30416666666666664 0.459375 0.30416666666666664 0.4546875 0.29791666666666666 0.453125 0.29791666666666666 0.4515625 0.29583333333333334 0.4484375 0.29583333333333334 0.446875 0.29375 0.4453125 0.29375 0.44375 0.2916666666666667 0.440625 0.2916666666666667 0.4390625 0.29375 0.4359375 0.29375 0.4328125 0.29791666666666666
0 0.3671875 0.45 0.359375 0.46041666666666664 0.359375 0.4625 0.3578125 0.46458333333333335 0.3578125 0.47708333333333336 0.35625 0.4791666666666667 0.35625 0.48541666666666666 0.3578125 0.4875 0.3578125 0.4979166666666667 0.359375 0.5 0.359375 0.5020833333333333 0.3609375 0.5041666666666667 0.3609375 0.50625 0.365625 0.5125 0.3671875 0.5125 0.3703125 0.5166666666666667 0.371875 0.5166666666666667 0.3734375 0.51875 0.375 0.51875 0.378125 0.5229166666666667 0.3796875 0.5229166666666667 0.38125 0.525 0.3828125 0.525 0.384375 0.5270833333333333 0.3859375 0.5270833333333333 0.3875 0.5291666666666667 0.3890625 0.5291666666666667 0.390625 0.53125 0.3921875 0.53125 0.39375 0.5333333333333333 0.3953125 0.5333333333333333 0.4 0.5395833333333333 0.4015625 0.5395833333333333 0.4046875 0.54375 0.40625 0.54375 0.4078125 0.5458333333333333 0.409375 0.5458333333333333 0.4125 0.55 0.415625 0.55 0.4171875 0.5520833333333334 0.41875 0.5520833333333334 0.421875 0.55625 0.428125 0.55625 0.4296875 0.5541666666666667 0.4328125 0.5541666666666667 0.4375 0.5479166666666667 0.4375 0.5458333333333333 0.4390625 0.54375 0.4390625 0.5416666666666666 0.440625 0.5395833333333333 0.440625 0.53125 0.4421875 0.5291666666666667 0.4421875 0.5104166666666666 0.44375 0.5083333333333333 0.44375 0.4791666666666667 0.4421875 0.47708333333333336 0.4421875 0.4583333333333333 0.440625 0.45625 0.440625 0.45416666666666666 0.4390625 0.45208333333333334 0.4390625 0.4479166666666667 0.4375 0.44583333333333336 0.4375 0.44375 0.43125 0.4354166666666667 0.4046875 0.4354166666666667 0.390625 0.45416666666666666 0.3890625 0.45416666666666666 0.3875 0.45625 0.38125 0.45625 0.3796875 0.45416666666666666 0.378125 0.45416666666666666 0.375 0.45 0.3734375 0.45 0.371875 0.4479166666666667 0.3703125 0.4479166666666667 0.36875 0.45
0 0.5359375 0.21041666666666667 0.528125 0.22083333333333333 0.528125 0.22291666666666668 0.5265625 0.225 0.5265625 0.22916666666666666 0.525 0.23125 0.525 0.24166666666666667 0.5234375 0.24375 0.5234375 0.2833333333333333 0.521875 0.28541666666666665 0.521875 0.30625 0.5234375 0.30833333333333335 0.5234375 0.3104166666666667 0.525 0.3125 0.525 0.3145833333333333 0.528125 0.31875 0.5296875 0.31875 0.53125 0.32083333333333336 0.5328125 0.32083333333333336 0.534375 0.3229166666666667 0.5359375 0.3229166666666667 0.5375 0.325 0.5390625 0.325 0.540625 0.32708333333333334 0.5515625 0.32708333333333334 0.553125 0.325 0.55625 0.325 0.559375 0.32083333333333336 0.5609375 0.32083333333333336 0.565625 0.3145833333333333 0.5671875 0.3145833333333333 0.575 0.30416666666666664 0.5765625 0.30416666666666664 0.5828125 0.29583333333333334 0.584375 0.29583333333333334 0.5890625 0.28958333333333336 0.590625 0.28958333333333336 0.590625 0.2875 0.59375 0.2833333333333333 0.59375 0.28125 0.5953125 0.2791666666666667 0.5953125 0.26666666666666666 0.59375 0.26458333333333334 0.59375 0.2604166666666667 0.590625 0.25625 0.590625 0.25416666666666665 0.5875 0.25 0.5875 0.24791666666666667 0.5859375 0.24583333333333332 0.5859375 0.24375 0.5828125 0.23958333333333334 0.5828125 0.2375 0.5796875 0.23333333333333334 0.5796875 0.23125 0.578125 0.22916666666666666 0.575 0.22916666666666666 0.5734375 0.22708333333333333 0.571875 0.22708333333333333 0.5703125 0.22916666666666666 0.56875 0.22916666666666666 0.5671875 0.23125 0.5625 0.23125 0.5609375 0.22916666666666666 0.5578125 0.22916666666666666 0.55625 0.22708333333333333 0.553125 0.22708333333333333 0.5515625 0.225 0.55 0.225 0.5484375 0.22291666666666668 0.546875 0.22291666666666668 0.54375 0.21875 0.54375 0.21666666666666667 0.540625 0.2125 0.540625 0.21041666666666667
0 0.671875 0.2375 0.665625 0.2375 0.6640625 0.23958333333333334 0.6609375 0.23958333333333334 0.659375 0.24166666666666667 0.6578125 0.24166666666666667 0.6546875 0.24583333333333332 0.6515625 0.24583333333333332 0.65 0.24791666666666667 0.646875 0.24791666666666667 0.6453125 0.25 0.64375 0.25 0.6421875 0.2520833333333333 0.6390625 0.2520833333333333 0.6359375 0.24791666666666667 0.6328125 0.24791666666666667 0.63125 0.25 0.63125 0.25416666666666665 0.6328125 0.25416666666666665 0.634375 0.25625 0.634375 0.2604166666666667 0.6328125 0.2625 0.6296875 0.2625 0.625 0.26875 0.61875 0.26875 0.6171875 0.26666666666666666 0.6171875 0.26458333333333334 0.6203125 0.2604166666666667 0.6203125 0.25833333333333336 0.615625 0.25833333333333336 0.6140625 0.2604166666666667 0.6125 0.2604166666666667 0.6078125 0.26666666666666666 0.6078125 0.26875 0.6046875 0.27291666666666664 0.6046875 0.28541666666666665 0.603125 0.2875 0.603125 0.28958333333333336 0.6046875 0.2916666666666667 0.6046875 0.30625 0.60625 0.30833333333333335 0.60625 0.3125 0.6078125 0.3145833333333333 0.6078125 0.31666666666666665 0.6109375 0.32083333333333336 0.6109375 0.3229166666666667 0.6140625 0.32708333333333334 0.6140625 0.32916666666666666 0.61875 0.33541666666666664 0.61875 0.3375 0.625 0.3458333333333333 0.625 0.34791666666666665 0.6265625 0.35 0.628125 0.35 0.6328125 0.35625 0.634375 0.35625 0.6359375 0.35833333333333334 0.6375 0.35833333333333334 0.6390625 0.36041666666666666 0.646875 0.36041666666666666 0.6484375 0.35833333333333334 0.6515625 0.35833333333333334 0.653125 0.35625 0.6546875 0.35625 0.65625 0.3541666666666667 0.6578125 0.3541666666666667 0.659375 0.35208333333333336 0.6609375 0.35208333333333336 0.6625 0.3541666666666667 0.6640625 0.35208333333333336 0.6671875 0.35208333333333336 0.66875 0.35 0.6703125 0.35 0.671875 0.34791666666666665 0.6734375 0.34791666666666665 0.6765625 0.34375 0.6765625 0.3416666666666667 0.678125 0.33958333333333335 0.678125 0.3375 0.6796875 0.33541666666666664 0.6796875 0.33125 0.68125 0.32916666666666666 0.68125 0.325 0.6828125 0.3229166666666667 0.6828125 0.32083333333333336 0.684375 0.31875 0.684375 0.30833333333333335 0.6859375 0.30625 0.6859375 0.2625 0.684375 0.2604166666666667 0.684375 0.25833333333333336 0.68125 0.25416666666666665 0.68125 0.2520833333333333 0.6796875 0.25 0.6796875 0.24791666666666667 0.678125 0.24583333333333332 0.678125 0.24375 0.6765625 0.24166666666666667 0.675 0.24166666666666667
0 0.59375 0.44375 0.5921875 0.44583333333333336 0.5921875 0.45 0.590625 0.45208333333333334 0.590625 0.47708333333333336 0.5921875 0.4791666666666667 0.5921875 0.49583333333333335 0.59375 0.4979166666666667 0.59375 0.50625 0.5953125 0.5083333333333333 0.5953125 0.5208333333333334 0.596875 0.5229166666666667 0.596875 0.5270833333333333 0.5984375 0.5291666666666667 0.5984375 0.5333333333333333 0.6 0.5354166666666667 0.6 0.5375 0.60625 0.5458333333333333 0.6078125 0.5458333333333333 0.609375 0.5479166666666667 0.6171875 0.5479166666666667 0.61875 0.55 0.621875 0.55 0.6234375 0.5520833333333334 0.6265625 0.5520833333333334 0.628125 0.5541666666666667 0.6328125 0.5541666666666667 0.634375 0.5520833333333334 0.6375 0.5520833333333334 0.640625 0.5479166666666667 0.6421875 0.5479166666666667 0.6453125 0.54375 0.646875 0.54375 0.65 0.5395833333333333 0.65 0.5375 0.6515625 0.5354166666666667 0.6515625 0.5333333333333333 0.65625 0.5270833333333333 0.65625 0.525 0.659375 0.5208333333333334 0.659375 0.51875 0.6609375 0.5166666666666667 0.6609375 0.5145833333333333 0.6640625 0.5104166666666666 0.6640625 0.5083333333333333 0.665625 0.50625 0.665625 0.5041666666666667 0.6671875 0.5020833333333333 0.6671875 0.5 0.66875 0.4979166666666667 0.66875 0.49583333333333335 0.6703125 0.49375 0.6703125 0.49166666666666664 0.671875 0.4895833333333333 0.671875 0.48541666666666666 0.6734375 0.48333333333333334 0.6734375 0.475 0.671875 0.47291666666666665 0.671875 0.46458333333333335 0.6703125 0.4625 0.6703125 0.46041666666666664 0.6671875 0.45625 0.6640625 0.45625 0.6625 0.45416666666666666 0.659375 0.45416666666666666 0.6578125 0.45208333333333334 0.65625 0.45208333333333334 0.6546875 0.45 0.65 0.45 0.6484375 0.4479166666666667 0.646875 0.4479166666666667 0.6453125 0.44583333333333336 0.6359375 0.44583333333333336 0.6328125 0.45 0.63125 0.45 0.6296875 0.45208333333333334 0.628125 0.45208333333333334 0.6265625 0.45416666666666666 0.6234375 0.45416666666666666 0.621875 0.45625 0.6171875 0.45625 0.615625 0.4583333333333333 0.6125 0.4583333333333333 0.6109375 0.46041666666666664 0.6046875 0.46041666666666664 0.6015625 0.45625 0.6 0.45625 0.5984375 0.45416666666666666 0.5984375 0.45208333333333334 0.596875 0.45 0.596875 0.44583333333333336 0.5953125 0.44375
0 0.865625 0.17291666666666666 0.8640625 0.17083333333333334 0.8609375 0.17083333333333334 0.8609375 0.17291666666666666 0.8546875 0.18125 0.85 0.18125 0.8484375 0.17916666666666667 0.840625 0.17916666666666667 0.8390625 0.17708333333333334 0.8328125 0.17708333333333334 0.83125 0.175 0.81875 0.175 0.8171875 0.17708333333333334 0.815625 0.17708333333333334 0.8109375 0.18333333333333332 0.809375 0.18333333333333332 0.803125 0.19166666666666668 0.8015625 0.19166666666666668 0.796875 0.19791666666666666 0.7875 0.19791666666666666 0.7796875 0.1875 0.7765625 0.1875 0.775 0.18958333333333333 0.771875 0.18958333333333333 0.7703125 0.19166666666666668 0.765625 0.19166666666666668 0.7640625 0.19375 0.7625 0.19375 0.7609375 0.19583333333333333 0.7609375 0.21666666666666667 0.7625 0.21875 0.7625 0.22083333333333333 0.7640625 0.22291666666666668 0.7640625 0.22708333333333333 0.765625 0.22916666666666666 0.765625 0.2375 0.7671875 0.23958333333333334 0.7671875 0.24166666666666667 0.76875 0.24375 0.76875 0.24583333333333332 0.7765625 0.25625 0.778125 0.25625 0.7796875 0.25833333333333336 0.78125 0.25833333333333336 0.784375 0.2625 0.7859375 0.2625 0.7890625 0.26666666666666666 0.7921875 0.26666666666666666 0.7953125 0.2708333333333333 0.796875 0.2708333333333333 0.8 0.275 0.8 0.27708333333333335 0.8015625 0.27708333333333335 0.8078125 0.28541666666666665 0.809375 0.28541666666666665 0.8109375 0.2875 0.8125 0.2875 0.8140625 0.28958333333333336 0.8265625 0.28958333333333336 0.828125 0.2875 0.83125 0.2875 0.834375 0.2833333333333333 0.8359375 0.2833333333333333 0.8359375 0.28125 0.8421875 0.27291666666666664 0.8421875 0.26875 0.8453125 0.26458333333333334 0.8453125 0.2604166666666667 0.846875 0.25833333333333336 0.846875 0.25625 0.8484375 0.25416666666666665 0.8484375 0.2520833333333333 0.85 0.25 0.85 0.24375 0.8515625 0.24166666666666667 0.8515625 0.2375 0.853125 0.23541666666666666 0.853125 0.23333333333333334 0.8546875 0.23125 0.8546875 0.22708333333333333 0.8578125 0.22291666666666668 0.8578125 0.22083333333333333 0.859375 0.21875 0.859375 0.21666666666666667 0.8609375 0.21458333333333332 0.8609375 0.2125 0.8640625 0.20833333333333334 0.8640625 0.20416666666666666 0.865625 0.20208333333333334 0.865625 0.19791666666666666 0.8671875 0.19583333333333333 0.8671875 0.17708333333333334 0.865625 0.175
0 0.9765625 0.24583333333333332 0.9734375 0.24583333333333332 0.971875 0.24375 0.95 0.24375 0.9484375 0.24583333333333332 0.94375 0.24583333333333332 0.9421875 0.24791666666666667 0.940625 0.24791666666666667 0.9390625 0.25 0.9375 0.25 0.9359375 0.2520833333333333 0.9328125 0.2520833333333333 0.93125 0.25416666666666665 0.9296875 0.25416666666666665 0.928125 0.25625 0.9265625 0.25625 0.925 0.25833333333333336 0.9234375 0.25833333333333336 0.921875 0.2604166666666667 0.9203125 0.2604166666666667 0.91875 0.2625 0.9171875 0.2625 0.9125 0.26875 0.9109375 0.26875 0.909375 0.2708333333333333 0.9078125 0.2708333333333333 0.903125 0.27708333333333335 0.9015625 0.27708333333333335 0.8984375 0.28125 0.896875 0.28125 0.8953125 0.2833333333333333 0.89375 0.2833333333333333 0.8921875 0.28541666666666665 0.890625 0.28541666666666665 0.8890625 0.2875 0.8875 0.2875 0.8859375 0.28958333333333336 0.884375 0.28958333333333336 0.8828125 0.2916666666666667 0.88125 0.2916666666666667 0.878125 0.29583333333333334 0.875 0.29583333333333334 0.8734375 0.29791666666666666 0.8734375 0.3 0.871875 0.3020833333333333 0.871875 0.3104166666666667 0.8734375 0.3125 0.8734375 0.31666666666666665 0.875 0.31875 0.875 0.325 0.8765625 0.32708333333333334 0.8765625 0.32916666666666666 0.884375 0.33958333333333335 0.8859375 0.33958333333333335 0.8875 0.3416666666666667 0.8875 0.34375 0.8890625 0.34375 0.8984375 0.35625 0.9 0.35625 0.90625 0.3645833333333333 0.9078125 0.3645833333333333 0.9171875 0.3770833333333333 0.91875 0.3770833333333333 0.9234375 0.38333333333333336 0.925 0.38333333333333336 0.9265625 0.3854166666666667 0.928125 0.3854166666666667 0.9296875 0.3875 0.93125 0.3875 0.9328125 0.38958333333333334 0.9359375 0.38958333333333334 0.9375 0.39166666666666666 0.95 0.39166666666666666 0.9515625 0.38958333333333334 0.953125 0.38958333333333334 0.9546875 0.3875 0.9546875 0.3854166666666667 0.95625 0.38333333333333336 0.9578125 0.38333333333333336 0.9640625 0.375 0.9640625 0.37083333333333335 0.9671875 0.36666666666666664 0.9671875 0.3645833333333333 0.96875 0.3625 0.96875 0.3541666666666667 0.9703125 0.35208333333333336 0.9703125 0.3458333333333333 0.971875 0.34375 0.971875 0.3416666666666667 0.9765625 0.33541666666666664 0.9765625 0.3333333333333333 0.98125 0.32708333333333334 0.98125 0.325 0.9828125 0.3229166666666667 0.9828125 0.32083333333333336 0.984375 0.31875 0.984375 0.31666666666666665 0.9859375 0.3145833333333333 0.9859375 0.3125 0.9875 0.3104166666666667 0.9875 0.3020833333333333 0.9890625 0.3 0.9890625 0.29375 0.990625 0.2916666666666667 0.990625 0.28125 0.9890625 0.2791666666666667 0.9890625 0.26666666666666666 0.9796875 0.25416666666666665 0.9796875 0.25
0 0.9625 0.010416666666666666 0.9609375 0.0125 0.9546875 0.0125 0.95 0.01875 0.9484375 0.01875 0.946875 0.020833333333333332 0.9453125 0.020833333333333332 0.9390625 0.029166666666666667 0.9375 0.029166666666666667 0.9328125 0.035416666666666666 0.93125 0.035416666666666666 0.928125 0.03958333333333333 0.9265625 0.03958333333333333 0.9234375 0.04375 0.921875 0.04375 0.91875 0.04791666666666667 0.9171875 0.04791666666666667 0.9109375 0.05625 0.9109375 0.058333333333333334 0.9078125 0.0625 0.9078125 0.07083333333333333 0.90625 0.07291666666666667 0.90625 0.09166666666666666 0.9046875 0.09375 0.9046875 0.10208333333333333 0.9 0.10833333333333334 0.8984375 0.10833333333333334 0.8717296511627908 0.09786821705426357 0.8702761627906976 0.12015503875968993 0.8848110465116278 0.1327519379844961 0.896438953488372 0.13953488372093023 0.9007994186046512 0.14147286821705427 0.8993459302325582 0.14437984496124032 0.9007994186046512 0.14437984496124032 0.9058866279069766 0.14631782945736435 0.9037063953488372 0.14437984496124032 0.903125 0.14375 0.903125 0.14791666666666667 0.9046875 0.14791666666666667 0.9051598837209303 0.1453488372093023 0.9080668604651162 0.14728682170542634 0.9073401162790697 0.14244186046511628 0.9109375 0.14375 0.9109375 0.14791666666666667 0.915625 0.15416666666666667 0.9171875 0.15416666666666667 0.9203125 0.15833333333333333 0.921875 0.15833333333333333 0.9234375 0.16041666666666668 0.9265625 0.16041666666666668 0.9296875 0.16458333333333333 0.9328125 0.16458333333333333 0.934375 0.16666666666666666 0.9375 0.16666666666666666 0.9390625 0.16875 0.9421875 0.16875 0.94375 0.16666666666666666 0.9453125 0.16666666666666666 0.946875 0.16875 0.9515625 0.16875 0.953125 0.16666666666666666 0.9578125 0.16666666666666666 0.959375 0.16458333333333333 0.9609375 0.16458333333333333 0.9625 0.1625 0.9625 0.16041666666666668 0.965625 0.15625 0.965625 0.15416666666666667 0.9671875 0.15208333333333332 0.9671875 0.15 0.96875 0.14791666666666667 0.96875 0.14583333333333334 0.9703125 0.14375 0.9703125 0.14166666666666666 0.971875 0.13958333333333334 0.971875 0.125 0.9734375 0.12291666666666666 0.9734375 0.11458333333333333 0.975 0.1125 0.975 0.10833333333333334 0.9765625 0.10625 0.9765625 0.10208333333333333 0.978125 0.1 0.978125 0.09375 0.9796875 0.09166666666666666 0.9796875 0.0875 0.98125 0.08541666666666667 0.98125 0.07916666666666666 0.9828125 0.07708333333333334 0.9828125 0.07083333333333333 0.9859375 0.06666666666666667 0.9859375 0.06458333333333334 0.9875 0.0625 0.9875 0.05625 0.9859375 0.05416666666666667 0.9859375 0.052083333333333336 0.984375 0.05 0.984375 0.04583333333333333 0.9828125 0.04375 0.9828125 0.03958333333333333 0.98125 0.0375 0.98125 0.03333333333333333 0.9796875 0.03125 0.9796875 0.029166666666666667 0.978125 0.027083333333333334 0.978125 0.025 0.975 0.020833333333333332 0.975 0.01875 0.971875 0.014583333333333334 0.9703125 0.014583333333333334 0.96875 0.0125 0.9640625 0.0125