0 0.33984375 0.39958333333333335 0.3409375 0.3935416666666667 0.34515625 0.38333333333333336 0.35359375000000004 0.3672916666666667 0.36203124999999997 0.36000000000000004 0.36984374999999997 0.358125 0.3778125 0.36312500000000003 0.38390625 0.37062500000000004 0.38484375000000004 0.3775 0.40171875 0.404375 0.40109374999999997 0.4202083333333333 0.3940625 0.42458333333333337 0.38421875 0.42416666666666664 0.3765625 0.4275 0.36531250000000004 0.430625 0.35859375 0.429375 0.354375 0.4297916666666667 0.34953124999999996 0.42270833333333335 0.34953124999999996 0.413125 0.343125 0.399375
0 0.351875 0.445625 0.3628125 0.4422916666666667 0.36671875 0.44354166666666667 0.37109375 0.4510416666666667 0.37093750000000003 0.47625 0.36109375 0.49270833333333336 0.3540625 0.5091666666666667 0.3490625 0.515625 0.34171874999999996 0.51625 0.31328125 0.47875 0.3125 0.450625 0.31843750000000004 0.44125000000000003 0.32937500000000003 0.430625 0.34515625 0.42916666666666664
0 0.2890625 0.5389583333333333 0.2890625 0.5577083333333334 0.2946875 0.5614583333333333 0.30734374999999997 0.5608333333333333 0.30796875 0.5577083333333334 0.3159375 0.5679166666666667 0.32015625000000003 0.5689583333333333 0.32 0.5764583333333333 0.3171875 0.584375 0.30734374999999997 0.5950000000000001 0.29078125 0.6072916666666667 0.2796875 0.6139583333333333 0.27234375 0.6162500000000001 0.2640625 0.609375 0.26296875000000003 0.5862499999999999 0.26187499999999997 0.546875 0.270625 0.536875 0.28109375000000003 0.528125
0 0.4659375 0.5477083333333332 0.479375 0.5068750000000001 0.48312499999999997 0.5 0.4884375 0.49395833333333333 0.49421875000000004 0.4897916666666667 0.505625 0.49104166666666665 0.51484375 0.4966666666666667 0.5196875000000001 0.503125 0.52296875 0.5125 0.52578125 0.5247916666666667 0.52671875 0.5341666666666666 0.52640625 0.55 0.524375 0.5577083333333334 0.51390625 0.56625 0.47515625000000006 0.5679166666666667 0.468125 0.5629166666666666 0.46609375000000003 0.5591666666666666
0 0.48296875000000006 0.4997916666666667 0.4884375 0.49375 0.49437499999999995 0.49 0.490625 0.48708333333333337 0.49546875 0.4829166666666667 0.501875 0.4825 0.50609375 0.48500000000000004 0.5064062500000001 0.47541666666666665 0.50953125 0.47250000000000003 0.51484375 0.47291666666666665 0.5154687499999999 0.46458333333333335 0.5121875 0.45666666666666667 0.49140625 0.4275 0.4803125 0.42562500000000003 0.47734375 0.42645833333333333 0.46921875 0.43875 0.46015625 0.458125 0.45828125000000003 0.46499999999999997 0.45875000000000005 0.479375 0.46390624999999996 0.486875 0.46624999999999994 0.49541666666666667 0.47406249999999994 0.5016666666666667
0 0.5634375 0.48812500000000003 0.5739062500000001 0.48062499999999997 0.57890625 0.4795833333333333 0.5912499999999999 0.4810416666666667 0.60109375 0.48708333333333337 0.60640625 0.4922916666666667 0.61046875 0.5122916666666667 0.60984375 0.5279166666666667 0.5974999999999999 0.5541666666666667 0.58421875 0.5575 0.5704687500000001 0.5516666666666666 0.5603125 0.5441666666666667 0.55578125 0.535 0.5534375 0.525 0.55390625 0.511875 0.55765625 0.4983333333333333
0 0.64546875 0.49125 0.65625 0.4739583333333333 0.67359375 0.46937500000000004 0.69046875 0.4702083333333333 0.70390625 0.475 0.7059375 0.4814583333333333 0.7053125 0.52125 0.7028125000000001 0.525625 0.7003125 0.5504166666666667 0.6946875 0.5556249999999999 0.6873437499999999 0.5554166666666667 0.683125 0.5527083333333334 0.6778125 0.5475 0.6676562500000001 0.540625 0.6553125 0.5297916666666667 0.649375 0.5204166666666666 0.6448437499999999 0.5077083333333333
0 0.66734375 0.56875 0.68234375 0.5712499999999999 0.6896875 0.5570833333333333 0.6953125 0.55625 0.7003125 0.550625 0.7045312499999999 0.5522916666666667 0.71578125 0.5679166666666667 0.716875 0.5822916666666667 0.7185937499999999 0.6029166666666667 0.7171875 0.615625 0.7112499999999999 0.625 0.70515625 0.6264583333333333 0.6946875 0.636875 0.6865625 0.6366666666666667 0.6732812499999999 0.625625 0.66234375 0.6127083333333334 0.658125 0.6024999999999999 0.65359375 0.5814583333333334
0 0.6859375 0.46520833333333333 0.68578125 0.45666666666666667 0.69015625 0.451875 0.68875 0.446875 0.69921875 0.4375 0.70375 0.4375 0.7103125 0.43875 0.720625 0.444375 0.73046875 0.45416666666666666 0.740625 0.4654166666666667 0.7407812500000001 0.48520833333333335 0.73828125 0.49083333333333334 0.7059375 0.5222916666666666 0.7065625 0.481875 0.70375 0.47541666666666665 0.69046875 0.46979166666666666 0.70546875 0.46979166666666666 0.70234375 0.46791666666666665 0.6889062499999999 0.46479166666666666
0 0.73328125 0.5025 0.73203125 0.5108333333333334 0.7309375 0.5522916666666667 0.73328125 0.5572916666666666 0.7423437500000001 0.5633333333333332 0.75328125 0.5597916666666667 0.7698437499999999 0.5556249999999999 0.78390625 0.5475 0.78953125 0.5320833333333334 0.7884375 0.5185416666666667 0.78359375 0.5058333333333334 0.7759375000000001 0.49604166666666666 0.76296875 0.49 0.75234375 0.48625 0.7453125 0.49125
0 0.79296875 0.5089583333333334 0.79859375 0.5002083333333334 0.8106249999999999 0.49604166666666666 0.8190625 0.49624999999999997 0.83046875 0.4997916666666667 0.83625 0.508125 0.83984375 0.5175 0.83921875 0.5325 0.8370312500000001 0.541875 0.8379687499999999 0.549375 0.8370312500000001 0.560625 0.8370312500000001 0.5704166666666667 0.835 0.5729166666666666 0.8240624999999999 0.5729166666666666 0.81671875 0.5672916666666666 0.8121875 0.5629166666666666 0.8057812500000001 0.5597916666666667 0.8018750000000001 0.5537500000000001 0.7959375 0.5485416666666667 0.7934375 0.544375 0.79109375 0.5377083333333333 0.79109375 0.53125 0.7971874999999999 0.5354166666666667 0.7965625000000001 0.5283333333333333 0.7953125 0.523125 0.79203125 0.5166666666666667 0.80140625 0.5222916666666666 0.80640625 0.5227083333333333 0.8060937499999999 0.519375 0.8018750000000001 0.515625 0.79765625 0.5125
0 0.8099999999999999 0.6370833333333333 0.8190625 0.6275 0.82890625 0.6227083333333333 0.83671875 0.6227083333333333 0.8474999999999999 0.6264583333333333 0.85421875 0.6222916666666667 0.8598437499999999 0.625625 0.86546875 0.6337499999999999 0.8682812500000001 0.689375 0.865625 0.6966666666666667 0.8609375 0.6995833333333333 0.8571875 0.6995833333333333 0.81765625 0.675625 0.8125 0.67 0.8074999999999999 0.6625 0.80546875 0.6549999999999999 0.8060937499999999 0.64625
0 0.83765625 0.5764583333333333 0.8370312500000001 0.5868749999999999 0.84015625 0.595625 0.8510937500000001 0.6058333333333333 0.8682812500000001 0.6083333333333333 0.8815625 0.615625 0.8964062500000001 0.6174999999999999 0.90203125 0.6120833333333333 0.90234375 0.6004166666666666 0.90171875 0.591875 0.8979687500000001 0.588125 0.8975 0.5693750000000001 0.89375 0.5539583333333333 0.88734375 0.5445833333333333 0.88109375 0.5404166666666667 0.8746875 0.5393749999999999 0.8550000000000001 0.5556249999999999
0 0.83421875 0.445625 0.8415625 0.43291666666666667 0.85 0.424375 0.858125 0.42250000000000004 0.8660937499999999 0.4220833333333333 0.8735937500000001 0.424375 0.8778124999999999 0.42854166666666665 0.8826562499999999 0.43687499999999996 0.8910937499999999 0.4516666666666667 0.8984375 0.47312499999999996 0.8996875 0.479375 0.899375 0.489375 0.89578125 0.49375 0.8834375 0.5 0.87578125 0.4970833333333333 0.86421875 0.49937499999999996 0.85609375 0.5008333333333334 0.8459375 0.498125 0.83625 0.49270833333333336 0.829375 0.47875 0.8285937499999999 0.4670833333333333 0.8306250000000001 0.45249999999999996
0 0.91015625 0.495 0.8989062499999999 0.49562500000000004 0.8904687499999999 0.50625 0.8859375 0.51375 0.8856249999999999 0.5227083333333333 0.8829687500000001 0.534375 0.8834375 0.5422916666666667 0.88765625 0.5445833333333333 0.89375 0.5541666666666667 0.8964062500000001 0.564375 0.9 0.564375 0.9064062500000001 0.568125 0.91671875 0.5666666666666667 0.92734375 0.5575 0.9378125 0.5485416666666667 0.940625 0.5399999999999999 0.94453125 0.530625 0.94296875 0.51625 0.9309375 0.50625 0.9171875 0.4975
0 0.945 0.5402083333333334 0.9503125000000001 0.5345833333333334 0.9734375 0.5322916666666667 0.99140625 0.5154166666666666 0.9959374999999999 0.5208333333333334 0.9984375 0.5301086956521738 0.9984375 0.5554166666666667 0.9962500000000001 0.5597916666666667 0.9935937499999999 0.5739583333333333 0.993125 0.5854166666666667 0.9846875 0.5864583333333333 0.978125 0.5902083333333333 0.97203125 0.5908333333333334 0.9629687499999999 0.5847916666666666 0.9598437499999999 0.5795833333333333 0.9526562500000001 0.5704166666666667 0.9481249999999999 0.5641666666666667 0.945 0.5522916666666667
0 0.978125 0.6260416666666667 0.98109375 0.6347916666666666 0.9884375000000001 0.638125 0.99703125 0.6354166666666666 0.9984375 0.6354166666666666 0.9984375 0.7043750000000001 0.9953125 0.7075 0.98859375 0.7043750000000001 0.978125 0.7041666666666667 0.97203125 0.7002083333333334 0.9621875 0.6860416666666667 0.9589062500000001 0.6710416666666668 0.9545312499999999 0.6477083333333333 0.9565625000000001 0.6372916666666666 0.9607812499999999 0.6322916666666667 0.9667187500000001 0.6247916666666666 0.9709375 0.6210416666666667
0 0.37109375 0.3854166666666667 0.06218749999999997 0.08958333333333333
0 0.34171874999999996 0.45770833333333333 0.058125000000000024 0.11624999999999996
0 0.291015625 0.5617708333333333 0.05890624999999998 0.10812500000000007
0 0.48687500000000006 0.4560416666666666 0.057500000000000016 0.09041666666666667
0 0.496484375 0.5205208333333334 0.06015625 0.09562500000000002
0 0.582265625 0.5122916666666666 0.057656250000000055 0.08958333333333328
0 0.6754687500000001 0.5109375 0.061562499999999964 0.08979166666666671
0 0.68625 0.5908333333333334 0.06531250000000002 0.09125000000000003
0 0.7130468750000001 0.47572916666666665 0.05484374999999995 0.09104166666666665
0 0.7600781249999999 0.5178125 0.05859375 0.08854166666666667
0 0.815234375 0.5277083333333333 0.04921875 0.08875000000000005
0 0.8642187499999998 0.4521875 0.07125000000000004 0.09604166666666665
0 0.869921875 0.5722916666666666 0.06578124999999986 0.09166666666666666
0 0.836875 0.6545833333333333 0.06281250000000008 0.09249999999999996
0 0.9138281249999999 0.514375 0.06078124999999997 0.10583333333333336
0 0.971640625 0.5454166666666667 0.053593749999999926 0.09124999999999997
0 0.976796875 0.6628252476689978 0.04328125000000007 0.08898382867132865