0 0.4429505813953488 0.4786821705426355 0.07340116279069768 0.09883720930232555
0 0.4138808139534884 0.5843023255813954 0.07340116279069768 0.12984496124031011
0 0.3659156976744186 0.7083333333333334 0.06613372093023258 0.11046511627906976
0 0.6101017441860466 0.6434108527131783 0.07776162790697674 0.10465116279069768
0 0.4767441860465117 0.5329457364341086 0 0
0 0.4774709302325581 0.5310077519379844 0 0
0 0.5904796511627908 0.5499031007751938 0.0734011627906976 0.10949612403100778
0 0.860828488372093 0.7117248062015504 0.09375000000000018 0.12306201550387594
0 0.9000726744186046 0.5411821705426357 0.08648255813953494 0.1153100775193798
0 0.8524709302325583 0.6332364341085271 0.0959302325581394 0.12306201550387594
0 0.7147529069767443 0.621124031007752 0.08066860465116292 0.12403100775193797
0 0.96171875 0.6114583333333333 0.0765625 0.1125
0 0.4046875 0.47708333333333336 0.4046875 0.48541666666666666 0.403125 0.4875 0.403125 0.4895833333333333 0.4046875 0.49166666666666664 0.4046875 0.49583333333333335 0.40625 0.4979166666666667 0.40625 0.5 0.4140625 0.5104166666666666 0.415625 0.5104166666666666 0.4171875 0.5125 0.421875 0.5125 0.4234375 0.5145833333333333 0.4328125 0.5145833333333333 0.434375 0.5125 0.440625 0.5125 0.4421875 0.5104166666666666 0.446875 0.5104166666666666 0.4484375 0.5083333333333333 0.4515625 0.5083333333333333 0.453125 0.50625 0.465625 0.50625 0.4671875 0.5041666666666667 0.471875 0.5041666666666667 0.4734375 0.5020833333333333 0.475 0.5020833333333333 0.4765625 0.5 0.4765625 0.4979166666666667 0.478125 0.49583333333333335 0.478125 0.49166666666666664 0.4796875 0.4895833333333333 0.478125 0.4875 0.478125 0.48125 0.4734375 0.475 0.4734375 0.47291666666666665 0.459375 0.45416666666666666 0.459375 0.45208333333333334 0.4453125 0.43333333333333335 0.4421875 0.43333333333333335 0.440625 0.43125 0.434375 0.43125 0.4328125 0.43333333333333335 0.4265625 0.43333333333333335 0.4234375 0.4375 0.421875 0.4375 0.4203125 0.4395833333333333 0.4203125 0.44166666666666665 0.4171875 0.44583333333333336 0.4171875 0.4479166666666667 0.415625 0.45 0.415625 0.45208333333333334 0.4125 0.45625 0.4125 0.4583333333333333 0.4109375 0.46041666666666664 0.4109375 0.4625 0.4078125 0.4666666666666667 0.4078125 0.46875 0.40625 0.4708333333333333 0.40625 0.475
0 0.396875 0.5458333333333333 0.3953125 0.5479166666666667 0.39375 0.5479166666666667 0.3921875 0.55 0.390625 0.55 0.3890625 0.5520833333333334 0.3875 0.5520833333333334 0.3859375 0.5541666666666667 0.384375 0.5541666666666667 0.3796875 0.5604166666666667 0.3796875 0.5625 0.378125 0.5645833333333333 0.378125 0.5666666666666667 0.3765625 0.56875 0.3765625 0.5770833333333333 0.378125 0.5791666666666667 0.378125 0.5895833333333333 0.3796875 0.5916666666666667 0.3796875 0.59375 0.3828125 0.5979166666666667 0.3828125 0.6020833333333333 0.3921875 0.6145833333333334 0.39375 0.6145833333333334 0.3984375 0.6208333333333333 0.3984375 0.6229166666666667 0.4015625 0.6270833333333333 0.403125 0.6270833333333333 0.4078125 0.6333333333333333 0.4078125 0.6354166666666666 0.409375 0.6354166666666666 0.4125 0.6395833333333333 0.4125 0.6416666666666667 0.4140625 0.6416666666666667 0.4171875 0.6458333333333334 0.425 0.6458333333333334 0.43125 0.6375 0.43125 0.6354166666666666 0.4328125 0.6333333333333333 0.4328125 0.63125 0.434375 0.6291666666666667 0.434375 0.6270833333333333 0.4359375 0.625 0.4359375 0.61875 0.4375 0.6166666666666667 0.4375 0.6104166666666667 0.4390625 0.6083333333333333 0.4390625 0.6041666666666666 0.440625 0.6020833333333333 0.440625 0.6 0.4421875 0.5979166666666667 0.4421875 0.5958333333333333 0.4453125 0.5916666666666667 0.4453125 0.5875 0.446875 0.5854166666666667 0.446875 0.5833333333333334 0.4484375 0.58125 0.4484375 0.5708333333333333 0.446875 0.56875 0.446875 0.5625 0.4453125 0.5604166666666667 0.4453125 0.5583333333333333 0.440625 0.5520833333333334 0.434375 0.5520833333333334 0.434375 0.55625 0.4328125 0.5583333333333333 0.4328125 0.5604166666666667 0.4265625 0.56875 0.425 0.56875 0.4234375 0.5708333333333333 0.421875 0.5708333333333333 0.415625 0.5625 0.415625 0.5583333333333333 0.4140625 0.55625 0.4140625 0.5541666666666667 0.4125 0.5520833333333334 0.4125 0.54375 0.4140625 0.5416666666666666 0.4171875 0.5416666666666666 0.4140625 0.5416666666666666 0.4125 0.54375 0.4046875 0.54375 0.403125 0.5458333333333333
0 0.334375 0.6958333333333333 0.334375 0.7104166666666667 0.3359375 0.7125 0.3359375 0.7208333333333333 0.3375 0.7229166666666667 0.3375 0.725 0.3390625 0.7270833333333333 0.3390625 0.73125 0.340625 0.7333333333333333 0.340625 0.74375 0.3421875 0.7458333333333333 0.3421875 0.75 0.34375 0.7520833333333333 0.34375 0.7541666666666667 0.3453125 0.75625 0.3453125 0.7583333333333333 0.346875 0.7583333333333333 0.35 0.7625 0.359375 0.7625 0.3609375 0.7604166666666666 0.3625 0.7604166666666666 0.3640625 0.7583333333333333 0.365625 0.7583333333333333 0.3671875 0.75625 0.36875 0.75625 0.3703125 0.7541666666666667 0.371875 0.7541666666666667 0.375 0.75 0.3765625 0.75 0.378125 0.7479166666666667 0.3796875 0.7479166666666667 0.38125 0.7458333333333333 0.3828125 0.7458333333333333 0.384375 0.74375 0.3859375 0.74375 0.3875 0.7416666666666667 0.3890625 0.7416666666666667 0.3953125 0.7333333333333333 0.3953125 0.7291666666666666 0.390625 0.7229166666666667 0.3890625 0.7229166666666667 0.3859375 0.71875 0.3828125 0.71875 0.38125 0.7208333333333333 0.3796875 0.7208333333333333 0.3765625 0.725 0.375 0.725 0.3734375 0.7270833333333333 0.371875 0.7270833333333333 0.3703125 0.7291666666666666 0.3671875 0.7291666666666666 0.365625 0.7270833333333333 0.3640625 0.7270833333333333 0.3625 0.725 0.3625 0.7229166666666667 0.3609375 0.7208333333333333 0.3609375 0.6958333333333333 0.359375 0.6958333333333333 0.3578125 0.69375 0.3546875 0.69375 0.353125 0.6916666666666667 0.3515625 0.6916666666666667 0.35 0.6895833333333333 0.3484375 0.6895833333333333 0.346875 0.6875 0.346875 0.6833333333333333 0.34375 0.6833333333333333 0.3421875 0.6854166666666667 0.340625 0.6854166666666667 0.3390625 0.6875 0.3390625 0.6895833333333333
0 0.5671875 0.5166666666666667 0.5671875 0.51875 0.5640625 0.5229166666666667 0.5640625 0.5270833333333333 0.5625 0.5291666666666667 0.5625 0.53125 0.5609375 0.5333333333333333 0.5609375 0.5354166666666667 0.559375 0.5375 0.559375 0.5395833333333333 0.5578125 0.5416666666666666 0.5578125 0.54375 0.55625 0.5458333333333333 0.55625 0.55 0.5546875 0.5520833333333334 0.5546875 0.5625 0.55625 0.5645833333333333 0.55625 0.5708333333333333 0.5609375 0.5770833333333333 0.5609375 0.5791666666666667 0.5625 0.58125 0.5625 0.5833333333333334 0.5640625 0.5854166666666667 0.5640625 0.5875 0.5671875 0.5916666666666667 0.5671875 0.59375 0.5703125 0.5979166666666667 0.571875 0.5979166666666667 0.5734375 0.6 0.575 0.6 0.5765625 0.6020833333333333 0.58125 0.6020833333333333 0.5828125 0.6 0.5890625 0.6 0.590625 0.5979166666666667 0.5921875 0.5979166666666667 0.59375 0.5958333333333333 0.5953125 0.5958333333333333 0.596875 0.59375 0.5984375 0.59375 0.6015625 0.5895833333333333 0.603125 0.5895833333333333 0.60625 0.5854166666666667 0.609375 0.5854166666666667 0.6109375 0.5833333333333334 0.6125 0.5833333333333334 0.6140625 0.58125 0.615625 0.58125 0.6171875 0.5791666666666667 0.61875 0.5791666666666667 0.6203125 0.5770833333333333 0.6203125 0.575 0.6234375 0.5708333333333333 0.6234375 0.56875 0.625 0.5666666666666667 0.625 0.5625 0.6203125 0.55625 0.61875 0.55625 0.6140625 0.55 0.6125 0.55 0.6109375 0.5479166666666667 0.6078125 0.5479166666666667 0.603125 0.5416666666666666 0.603125 0.5395833333333333 0.6 0.5354166666666667 0.6 0.5333333333333333 0.5953125 0.5270833333333333 0.59375 0.5270833333333333 0.5890625 0.5208333333333334 0.5875 0.5208333333333334 0.5859375 0.51875 0.5859375 0.5166666666666667 0.584375 0.5166666666666667 0.5828125 0.5145833333333333 0.58125 0.5145833333333333 0.5796875 0.5125 0.5703125 0.5125
0 0.6125 0.5916666666666667 0.6046875 0.5916666666666667 0.6015625 0.5958333333333333 0.6 0.5958333333333333 0.5984375 0.5979166666666667 0.596875 0.5979166666666667 0.5953125 0.6 0.59375 0.6 0.5890625 0.60625 0.5890625 0.6083333333333333 0.5828125 0.6166666666666667 0.5828125 0.6208333333333333 0.58125 0.6229166666666667 0.58125 0.6291666666666667 0.5796875 0.63125 0.5796875 0.6395833333333333 0.578125 0.6416666666666667 0.578125 0.64375 0.5765625 0.6458333333333334 0.5765625 0.65625 0.575 0.6583333333333333 0.575 0.6625 0.5734375 0.6645833333333333 0.5734375 0.6666666666666666 0.571875 0.66875 0.571875 0.68125 0.5734375 0.6833333333333333 0.5734375 0.6854166666666667 0.578125 0.6916666666666667 0.5796875 0.6916666666666667 0.58125 0.69375 0.5984375 0.69375 0.6 0.6916666666666667 0.6078125 0.6916666666666667 0.609375 0.6895833333333333 0.6234375 0.6895833333333333 0.625 0.6875 0.6296875 0.6875 0.63125 0.6854166666666667 0.6328125 0.6854166666666667 0.634375 0.6833333333333333 0.6359375 0.6833333333333333 0.6375 0.68125 0.6390625 0.68125 0.6421875 0.6770833333333334 0.64375 0.6770833333333334 0.6453125 0.675 0.6453125 0.6729166666666667 0.646875 0.6708333333333333 0.646875 0.65 0.6453125 0.6479166666666667 0.6453125 0.64375 0.64375 0.6416666666666667 0.64375 0.6395833333333333 0.6421875 0.6375 0.6421875 0.6354166666666666 0.640625 0.6333333333333333 0.640625 0.63125 0.6390625 0.6291666666666667 0.6390625 0.625 0.6328125 0.6166666666666667 0.6328125 0.6125 0.63125 0.6104166666666667 0.6296875 0.6104166666666667 0.6265625 0.60625 0.625 0.60625 0.6234375 0.6041666666666666 0.6234375 0.6020833333333333 0.6203125 0.5979166666666667 0.61875 0.5979166666666667 0.615625 0.59375 0.6140625 0.59375
0 0.696875 0.58125 0.69375 0.5854166666666667 0.6921875 0.5854166666666667 0.6890625 0.5895833333333333 0.6890625 0.5916666666666667 0.6828125 0.6 0.6828125 0.6041666666666666 0.68125 0.60625 0.68125 0.6125 0.6796875 0.6145833333333334 0.6796875 0.63125 0.68125 0.6333333333333333 0.68125 0.6354166666666666 0.6828125 0.6375 0.6828125 0.6395833333333333 0.6859375 0.64375 0.6859375 0.6458333333333334 0.690625 0.6520833333333333 0.690625 0.6541666666666667 0.6921875 0.6541666666666667 0.6953125 0.6583333333333333 0.696875 0.6583333333333333 0.6984375 0.6604166666666667 0.7 0.6604166666666667 0.7015625 0.6625 0.703125 0.6625 0.70625 0.6666666666666666 0.7078125 0.6666666666666666 0.7109375 0.6708333333333333 0.7140625 0.6708333333333333 0.71875 0.6770833333333334 0.7203125 0.6770833333333334 0.7234375 0.68125 0.7265625 0.68125 0.728125 0.6833333333333333 0.7328125 0.6833333333333333 0.734375 0.6854166666666667 0.7359375 0.6833333333333333 0.7390625 0.6833333333333333 0.740625 0.68125 0.740625 0.6791666666666667 0.74375 0.675 0.74375 0.6729166666666667 0.7453125 0.6708333333333333 0.7453125 0.66875 0.746875 0.6666666666666666 0.746875 0.6583333333333333 0.7484375 0.65625 0.7484375 0.6479166666666667 0.75 0.6458333333333334 0.75 0.6416666666666667 0.7515625 0.6395833333333333 0.7515625 0.6354166666666666 0.753125 0.6333333333333333 0.753125 0.6291666666666667 0.7546875 0.6270833333333333 0.7546875 0.6083333333333333 0.753125 0.60625 0.753125 0.6 0.7515625 0.5979166666666667 0.7515625 0.5958333333333333 0.74375 0.5854166666666667 0.7421875 0.5854166666666667 0.740625 0.5833333333333334 0.7390625 0.5833333333333334 0.7375 0.58125 0.734375 0.58125 0.7328125 0.5791666666666667 0.725 0.5791666666666667 0.7234375 0.5770833333333333 0.7109375 0.5770833333333333 0.709375 0.5791666666666667 0.7015625 0.5791666666666667 0.7 0.58125
0 0.8140625 0.5958333333333333 0.809375 0.6020833333333333 0.809375 0.6041666666666666 0.8078125 0.60625 0.8078125 0.6145833333333334 0.80625 0.6166666666666667 0.8078125 0.61875 0.8078125 0.6270833333333333 0.809375 0.6291666666666667 0.809375 0.6333333333333333 0.8125 0.6375 0.8125 0.6395833333333333 0.821875 0.6520833333333333 0.8234375 0.6520833333333333 0.8265625 0.65625 0.828125 0.65625 0.83125 0.6604166666666667 0.8328125 0.6604166666666667 0.8421875 0.6729166666666667 0.84375 0.6729166666666667 0.8453125 0.675 0.846875 0.675 0.85 0.6791666666666667 0.8515625 0.6791666666666667 0.8546875 0.6833333333333333 0.85625 0.6833333333333333 0.8625 0.6916666666666667 0.8640625 0.6916666666666667 0.865625 0.69375 0.8671875 0.69375 0.86875 0.6958333333333333 0.875 0.6958333333333333 0.8765625 0.69375 0.878125 0.69375 0.8796875 0.6916666666666667 0.88125 0.6916666666666667 0.8859375 0.6854166666666667 0.8859375 0.6833333333333333 0.8875 0.68125 0.8875 0.6791666666666667 0.8890625 0.6770833333333334 0.8890625 0.6729166666666667 0.890625 0.6708333333333333 0.890625 0.6604166666666667 0.8921875 0.6583333333333333 0.8921875 0.65 0.89375 0.6479166666666667 0.89375 0.6375 0.8953125 0.6354166666666666 0.8953125 0.6333333333333333 0.896875 0.63125 0.896875 0.625 0.8984375 0.6229166666666667 0.8984375 0.61875 0.9 0.6166666666666667 0.9 0.6104166666666667 0.8984375 0.6083333333333333 0.8984375 0.5979166666666667 0.896875 0.5958333333333333 0.8953125 0.5958333333333333 0.89375 0.59375 0.88125 0.59375 0.8796875 0.5958333333333333 0.8640625 0.5958333333333333 0.8625 0.59375 0.8578125 0.59375 0.85625 0.5916666666666667 0.853125 0.5916666666666667 0.8515625 0.5895833333333333 0.846875 0.5895833333333333 0.8453125 0.5916666666666667 0.84375 0.5916666666666667 0.8421875 0.59375 0.840625 0.59375 0.8390625 0.5958333333333333 0.8359375 0.5958333333333333 0.834375 0.5979166666666667 0.8265625 0.5979166666666667 0.825 0.5958333333333333
0 0.8578125 0.51875 0.8578125 0.5270833333333333 0.85625 0.5291666666666667 0.85625 0.53125 0.8578125 0.5333333333333333 0.8578125 0.5416666666666666 0.859375 0.54375 0.859375 0.5479166666666667 0.8609375 0.55 0.8609375 0.5541666666666667 0.8625 0.55625 0.8625 0.5625 0.8640625 0.5645833333333333 0.8640625 0.5666666666666667 0.865625 0.56875 0.865625 0.5708333333333333 0.8671875 0.5729166666666666 0.871875 0.5729166666666666 0.8734375 0.575 0.884375 0.575 0.8859375 0.5770833333333333 0.890625 0.5770833333333333 0.8921875 0.5791666666666667 0.896875 0.5791666666666667 0.8984375 0.58125 0.9015625 0.58125 0.903125 0.5833333333333334 0.9046875 0.5833333333333334 0.90625 0.5854166666666667 0.9109375 0.5854166666666667 0.9125 0.5833333333333334 0.9140625 0.5833333333333334 0.915625 0.58125 0.91875 0.58125 0.9203125 0.5791666666666667 0.921875 0.5791666666666667 0.9234375 0.5770833333333333 0.9265625 0.5770833333333333 0.93125 0.5708333333333333 0.9328125 0.5708333333333333 0.940625 0.5604166666666667 0.940625 0.55625 0.9421875 0.5541666666666667 0.9421875 0.5479166666666667 0.934375 0.5375 0.9328125 0.5375 0.9265625 0.5291666666666667 0.9265625 0.5270833333333333 0.925 0.525 0.925 0.5229166666666667 0.9234375 0.5229166666666667 0.9203125 0.51875 0.91875 0.51875 0.9171875 0.5166666666666667 0.915625 0.5166666666666667 0.9140625 0.5145833333333333 0.9109375 0.5145833333333333 0.909375 0.5125 0.9078125 0.5125 0.9046875 0.5083333333333333 0.9015625 0.5083333333333333 0.9 0.50625 0.896875 0.50625 0.8953125 0.5041666666666667 0.89375 0.5041666666666667 0.8921875 0.5020833333333333 0.8890625 0.5020833333333333 0.8875 0.5 0.8703125 0.5 0.8671875 0.5041666666666667 0.865625 0.5041666666666667 0.8609375 0.5104166666666666 0.8609375 0.5125 0.859375 0.5145833333333333 0.859375 0.5166666666666667
0 0.9953125 0.5791666666666667 0.99375 0.5791666666666667 0.9921875 0.5770833333333333 0.990625 0.5770833333333333 0.9875 0.5729166666666666 0.98125 0.5729166666666666 0.9796875 0.5708333333333333 0.978125 0.5708333333333333 0.9765625 0.56875 0.975 0.56875 0.9734375 0.5666666666666667 0.9703125 0.5666666666666667 0.96875 0.5645833333333333 0.9671875 0.5645833333333333 0.965625 0.5625 0.9578125 0.5625 0.95625 0.5604166666666667 0.953125 0.5604166666666667 0.9515625 0.5625 0.94375 0.5625 0.9421875 0.5645833333333333 0.940625 0.5645833333333333 0.934375 0.5729166666666666 0.9328125 0.5729166666666666 0.93125 0.575 0.9296875 0.575 0.9296875 0.5770833333333333 0.9265625 0.58125 0.9265625 0.5833333333333334 0.925 0.5854166666666667 0.925 0.5979166666666667 0.9234375 0.6 0.9234375 0.6145833333333334 0.925 0.6166666666666667 0.925 0.65 0.9265625 0.6520833333333333 0.9265625 0.6541666666666667 0.928125 0.65625 0.928125 0.6583333333333333 0.9296875 0.6604166666666667 0.93125 0.6604166666666667 0.9328125 0.6625 0.934375 0.6625 0.9359375 0.6645833333333333 0.953125 0.6645833333333333 0.9546875 0.6625 0.95625 0.6625 0.9578125 0.6604166666666667 0.959375 0.6604166666666667 0.9609375 0.6583333333333333 0.9640625 0.6583333333333333 0.965625 0.65625 0.9765625 0.65625 0.978125 0.6541666666666667 0.9859375 0.6541666666666667 0.9875 0.6520833333333333 0.9890625 0.6520833333333333 0.990625 0.65 0.9921875 0.65 0.99375 0.6479166666666667 0.996875 0.6479166666666667 0.996875 0.64375 0.9984375 0.6416666666666667 0.9984375 0.5895833333333333 0.996875 0.5875 0.996875 0.58125
0 0.90625 0.7354166666666667 0.90625 0.7145833333333333 0.9046875 0.7125 0.9046875 0.6979166666666666 0.903125 0.6958333333333333 0.903125 0.6916666666666667 0.9015625 0.6895833333333333 0.9015625 0.6875 0.8953125 0.6791666666666667 0.8921875 0.6791666666666667 0.8875 0.6854166666666667 0.8875 0.6875 0.8828125 0.69375 0.88125 0.69375 0.8796875 0.6958333333333333 0.878125 0.6958333333333333 0.8765625 0.6979166666666666 0.871875 0.6979166666666666 0.8703125 0.7 0.8671875 0.7 0.8671875 0.7020833333333333 0.865625 0.7041666666666667 0.865625 0.7083333333333334 0.8640625 0.7104166666666667 0.8640625 0.7125 0.859375 0.71875 0.8515625 0.71875 0.8484375 0.7145833333333333 0.846875 0.7145833333333333 0.8453125 0.7125 0.84375 0.7125 0.8390625 0.70625 0.8375 0.70625 0.8359375 0.7083333333333334 0.834375 0.7083333333333334 0.8328125 0.7104166666666667 0.83125 0.7104166666666667 0.8296875 0.7125 0.828125 0.7125 0.8265625 0.7145833333333333 0.8203125 0.7145833333333333 0.8203125 0.7229166666666667 0.821875 0.725 0.821875 0.7270833333333333 0.8296875 0.7375 0.8296875 0.7395833333333334 0.84375 0.7583333333333333 0.8453125 0.7583333333333333 0.8484375 0.7625 0.85 0.7625 0.853125 0.7666666666666667 0.8546875 0.7666666666666667 0.85625 0.76875 0.8578125 0.76875 0.859375 0.7708333333333334 0.8625 0.7708333333333334 0.8640625 0.7729166666666667 0.871875 0.7729166666666667 0.8734375 0.7708333333333334 0.8765625 0.7708333333333334 0.8796875 0.7666666666666667 0.88125 0.7666666666666667 0.884375 0.7625 0.8859375 0.7625 0.8875 0.7604166666666666 0.890625 0.7604166666666666 0.8921875 0.7583333333333333 0.8953125 0.7583333333333333 0.9015625 0.75 0.9015625 0.7479166666666667 0.903125 0.7458333333333333 0.903125 0.74375 0.9046875 0.7416666666666667 0.9046875 0.7375