0 0.3515193370165746 0.35669889502762436 0.1355317679558011 0.16574585635359107
0 0.32001035911602205 0.5339548802946594 0.10531767955801116 0.17495395948434625
0 0.27080455801104975 0.685284300184162 0.1312154696132596 0.15084023941068156
0 0.5716505524861878 0.4953959484346225 0.1217196132596687 0.15538674033149172
0 0.5837361878453038 0.6254604051565379 0.11136049723756933 0.12546040515653753
0 0.6968232044198894 0.6214318600368325 0.11999309392265207 0.14963167587476983
0 0.9273135359116023 0.5264732965009208 0.12171961325966833 0.1300644567219153
0 0.8768128453038674 0.6542357274401474 0.15538674033149177 0.14157458563535907
0 0.9799248964088398 0.7555248618784531 0.037025207182320406 0.07711786372007375
0 0.963440953038674 0.6168278084714551 0.0731180939226519 0.12891344383057113
0 0.8474620165745856 0.7279005524861879 0.11740331491712723 0.12315837937384917
0 0.34375 0.32749999999999996 0.335 0.35083333333333333 0.325625 0.3645833333333333 0.315 0.38333333333333336 0.3128125 0.4066666666666666 0.32437499999999997 0.4275 0.34375 0.4404166666666667 0.36843750000000003 0.43833333333333335 0.38125 0.43125 0.4015625 0.43 0.41500000000000004 0.42375 0.42062499999999997 0.4041666666666667 0.41281249999999997 0.3829166666666667 0.4 0.36333333333333334 0.3821875 0.3358333333333333 0.3678125 0.32166666666666666 0.35375 0.32083333333333336
0 0.3271875 0.48166666666666663 0.30062500000000003 0.48500000000000004 0.2790625 0.4975 0.27218749999999997 0.5266666666666667 0.278125 0.55125 0.28875 0.5658333333333334 0.3003125 0.5808333333333333 0.30593750000000003 0.5916666666666667 0.31062500000000004 0.5920833333333333 0.3178125 0.60625 0.3334375 0.6191666666666666 0.3453125 0.6154166666666666 0.3540625 0.5975 0.35562499999999997 0.5875 0.36062500000000003 0.5654166666666666 0.3696875 0.5470833333333334 0.374375 0.53 0.371875 0.5129166666666667 0.36531250000000004 0.49583333333333335 0.36062500000000003 0.4895833333333333 0.35812499999999997 0.4966666666666667 0.35562499999999997 0.5079166666666667 0.34781249999999997 0.5216666666666667 0.3409375 0.5254166666666666 0.333125 0.51875 0.32937500000000003 0.5008333333333334 0.3296875 0.4841666666666667
0 0.22312500000000002 0.6725 0.2346875 0.65875 0.22625 0.6516666666666667 0.220625 0.6504166666666666 0.21875 0.6658333333333334 0.2125 0.6729166666666667 0.20812499999999998 0.6783333333333333 0.20968749999999997 0.7033333333333334 0.21781250000000002 0.7366666666666667 0.22593749999999999 0.7554166666666667 0.24093749999999997 0.7595833333333334 0.2659375 0.7491666666666668 0.290625 0.7345833333333334 0.29312499999999997 0.7274999999999999 0.280625 0.7104166666666667 0.27531249999999996 0.7258333333333333 0.25875 0.7375 0.2515625 0.7358333333333333 0.2475 0.71625 0.2521875 0.6991666666666667 0.24937499999999999 0.6862499999999999 0.2396875 0.6845833333333334 0.22718750000000001 0.67625
0 0.571875 0.46791666666666665 0.535625 0.45583333333333337 0.5321875 0.4654166666666667 0.5225 0.48041666666666666 0.514375 0.49624999999999997 0.5131249999999999 0.5120833333333333 0.5128125 0.5283333333333333 0.52125 0.5399999999999999 0.525 0.5520833333333334 0.5321875 0.5683333333333334 0.5465625000000001 0.5695833333333333 0.566875 0.56875 0.58125 0.5604166666666667 0.6003125 0.5483333333333333 0.6071875 0.5366666666666667 0.6096874999999999 0.52625 0.6018749999999999 0.5208333333333334 0.590625 0.5120833333333333 0.5846875 0.5045833333333333
0 0.6125 0.6 0.5915625 0.5670833333333333 0.583125 0.5641666666666667 0.5721875 0.5675 0.5575 0.5766666666666667 0.5528125 0.5870833333333334 0.545 0.5924999999999999 0.5434375 0.6095833333333334 0.540625 0.62 0.536875 0.62875 0.5349999999999999 0.6383333333333333 0.534375 0.6445833333333333 0.53 0.6570833333333332 0.528125 0.6720833333333334 0.5346875 0.6862499999999999 0.5493750000000001 0.6908333333333334 0.5721875 0.6904166666666666 0.5856250000000001 0.6858333333333333 0.6053124999999999 0.6825 0.6165625 0.6741666666666667 0.62625 0.6633333333333333 0.62625 0.6508333333333333 0.6253124999999999 0.6366666666666667
0 0.7 0.56 0.6909375 0.5604166666666667 0.6825 0.5666666666666667 0.6740625 0.5754166666666667 0.6681250000000001 0.5866666666666667 0.6628125 0.5945833333333332 0.6615624999999999 0.6116666666666667 0.665625 0.6266666666666667 0.6675 0.64 0.67125 0.6458333333333334 0.6803125 0.6558333333333334 0.6853125 0.6591666666666666 0.6921875 0.66625 0.7 0.6716666666666666 0.7084374999999999 0.6795833333333333 0.7171875 0.6887500000000001 0.7278125 0.6966666666666667 0.73625 0.6925 0.7403125 0.6845833333333334 0.7446875000000001 0.6795833333333333 0.743125 0.66875 0.7446875000000001 0.66125 0.7484375 0.6487499999999999 0.74875 0.6337499999999999 0.755625 0.6183333333333334 0.7581249999999999 0.6029166666666667 0.753125 0.5908333333333334 0.7471875 0.57375 0.7359375 0.5670833333333333 0.72375 0.5616666666666668 0.70625 0.5595833333333334
0 0.9259375000000001 0.49624999999999997 0.9115624999999999 0.4858333333333333 0.8990625 0.4841666666666667 0.890625 0.48041666666666666 0.8793749999999999 0.4920833333333333 0.8771875 0.4975 0.866875 0.5225000000000001 0.8678125 0.535 0.8690625000000001 0.5475 0.8728125 0.5666666666666667 0.87625 0.5754166666666667 0.8846875000000001 0.5825 0.896875 0.5820833333333333 0.9084375 0.58875 0.923125 0.5924999999999999 0.938125 0.58375 0.9553125 0.5758333333333333 0.968125 0.5625 0.9696875 0.5545833333333333 0.9690625 0.5483333333333333 0.9615625 0.53375 0.9584374999999999 0.5245833333333334 0.9534375 0.5145833333333333 0.9403124999999999 0.505
0 0.9890625 0.5745833333333333 0.9753125 0.5695833333333333 0.969375 0.5654166666666666 0.960625 0.5704166666666667 0.9521875 0.5791666666666667 0.9334374999999999 0.5870833333333334 0.9296875 0.59125 0.93125 0.5979166666666667 0.9540625 0.615 0.959375 0.6229166666666667 0.9396875 0.6208333333333333 0.934375 0.6179166666666667 0.9334374999999999 0.6420833333333333 0.93 0.6533333333333334 0.9262499999999999 0.6645833333333333 0.9265625 0.6729166666666667 0.9403124999999999 0.6775 0.9574999999999999 0.6775 0.9675 0.6704166666666667 0.9800000000000001 0.6704166666666667 0.9965624999999999 0.6666666666666666 0.9984375 0.6641666666666666 0.9984375 0.5829166666666666
0 0.8190625 0.7100000000000001 0.8028124999999999 0.7174999999999999 0.8074999999999999 0.7329166666666667 0.8184374999999999 0.7583333333333333 0.8418749999999999 0.7870833333333334 0.86 0.7891666666666667 0.8696875000000001 0.7804166666666668 0.885 0.7775 0.8978125 0.7587499999999999 0.9043749999999999 0.7354166666666667 0.90625 0.7200000000000001 0.8978125 0.7220833333333334 0.8859375 0.7241666666666667 0.8796875 0.7229166666666667 0.87625 0.7304166666666667 0.875 0.7445833333333333 0.8690625000000001 0.7483333333333333 0.8603125 0.7479166666666667 0.8509375 0.7358333333333333 0.8428125 0.7241666666666667 0.8378125000000001 0.7266666666666667 0.8237500000000001 0.7391666666666666 0.818125 0.73
0 0.8490624999999999 0.6016666666666667 0.8390625 0.6129166666666667 0.8324999999999999 0.6229166666666667 0.8271875 0.6258333333333332 0.825 0.615 0.8228125000000001 0.61 0.8175000000000001 0.6254166666666666 0.82125 0.64625 0.8346875 0.66875 0.8584375 0.6991666666666667 0.8740625 0.7141666666666667 0.8825 0.7229166666666667 0.8956250000000001 0.725 0.9034375000000001 0.7204166666666667 0.9065625 0.7108333333333333 0.9106249999999999 0.6970833333333334 0.9153125 0.6829166666666667 0.9196875 0.67125 0.928125 0.6570833333333332 0.9334374999999999 0.6379166666666667 0.931875 0.6229166666666667 0.91625 0.6237499999999999 0.8975 0.6174999999999999 0.8862500000000001 0.6079166666666667 0.881875 0.6179166666666667 0.8678125 0.6237499999999999 0.858125 0.6154166666666666
0 0.9915625 0.7445833333333333 0.97875 0.7466666666666666 0.98125 0.7645833333333333 0.9893750000000001 0.7808333333333334 0.9984375 0.7905779569892474 0.9984375 0.7587499999999999 0.985625 0.7616666666666667