0 0.13771802325581395 0.4113372093023256 0.08866279069767441 0.123062015503876
0 0.13699127906976744 0.5227713178294574 0.09883720930232556 0.12693798449612406
0 0.2688953488372093 0.5 0.09084302325581395 0.14147286821705424
0 0.3811773255813954 0.5082364341085271 0.09883720930232553 0.14825581395348836
0 0.4731104651162791 0.434593023255814 0.0821220930232558 0.1366279069767442
0 0.4113372093023256 0.6182170542635659 0.0966569767441861 0.1356589147286821
0 0.5381540697674418 0.5043604651162791 0.09011627906976746 0.13275193798449614
0 0.6268168604651162 0.5198643410852714 0.07994186046511631 0.126937984496124
0 0.7023982558139534 0.4118217054263566 0.10319767441860464 0.1317829457364341
0 0.7899709302325582 0.495639534883721 0.08212209302325588 0.125
0 0.8717296511627908 0.5314922480620156 0.08284883720930232 0.12112403100775193
0 0.7027616279069768 0.5843023255813954 0.08938953488372095 0.13178294573643418
0 0.653343023255814 0.6991279069767441 0.0821220930232558 0.11918604651162792
0 0.8713662790697676 0.7010658914728682 0.09229651162790713 0.15019379844961248
0 0 0.29583333333333334 0 0.35 0.00625 0.35 0.0078125 0.34791666666666665 0.0109375 0.34791666666666665 0.0125 0.3458333333333333 0.0140625 0.3458333333333333 0.0171875 0.3416666666666667 0.0171875 0.3375 0.01875 0.33541666666666664 0.01875 0.32916666666666666 0.0171875 0.32708333333333334 0.0171875 0.325 0.015625 0.3229166666666667 0.015625 0.32083333333333336 0.0140625 0.31875 0.0140625 0.31666666666666665 0.009375 0.3104166666666667 0.009375 0.30833333333333335
0 0.1484375 0.46041666666666664 0.146875 0.46041666666666664 0.1453125 0.4583333333333333 0.1390625 0.4583333333333333 0.1375 0.46041666666666664 0.134375 0.46041666666666664 0.1296875 0.4666666666666667 0.128125 0.4666666666666667 0.1265625 0.46875 0.125 0.46875 0.1234375 0.4708333333333333 0.121875 0.4708333333333333 0.1203125 0.47291666666666665 0.1203125 0.475 0.115625 0.48125 0.115625 0.48333333333333334 0.1109375 0.4895833333333333 0.1109375 0.49166666666666664 0.1078125 0.49583333333333335 0.1078125 0.4979166666666667 0.10625 0.5 0.10625 0.5041666666666667 0.1046875 0.50625 0.1046875 0.5083333333333333 0.103125 0.5104166666666666 0.103125 0.5145833333333333 0.1015625 0.5166666666666667 0.1015625 0.5208333333333334 0.1 0.5229166666666667 0.1 0.525 0.0984375 0.5270833333333333 0.0984375 0.5291666666666667 0.0953125 0.5333333333333333 0.0953125 0.5354166666666667 0.09375 0.5375 0.09375 0.5395833333333333 0.090625 0.54375 0.090625 0.5458333333333333 0.0890625 0.5479166666666667 0.0890625 0.55 0.0875 0.5520833333333334 0.0875 0.5625 0.0890625 0.5645833333333333 0.0890625 0.56875 0.0921875 0.5729166666666666 0.09375 0.5729166666666666 0.0953125 0.575 0.096875 0.575 0.0984375 0.5770833333333333 0.1296875 0.5770833333333333 0.13125 0.575 0.1609375 0.575 0.1625 0.5729166666666666 0.1671875 0.5729166666666666 0.16875 0.5708333333333333 0.171875 0.5708333333333333 0.175 0.5666666666666667 0.1765625 0.5666666666666667 0.178125 0.5645833333333333 0.1796875 0.5645833333333333 0.18125 0.5625 0.18125 0.5520833333333334 0.1796875 0.5520833333333334 0.178125 0.55 0.178125 0.5479166666666667 0.1765625 0.5458333333333333 0.1765625 0.5354166666666667 0.175 0.5333333333333333 0.175 0.5270833333333333 0.1734375 0.525 0.1734375 0.5208333333333334 0.165625 0.5104166666666666 0.165625 0.5083333333333333 0.159375 0.5 0.159375 0.4979166666666667 0.1578125 0.49583333333333335 0.1578125 0.49375 0.15625 0.49166666666666664 0.15625 0.48541666666666666 0.1546875 0.48333333333333334 0.1546875 0.47291666666666665 0.153125 0.4708333333333333 0.153125 0.4666666666666667
0 0.09375 0.38958333333333334 0.09375 0.4041666666666667 0.0953125 0.40625 0.0953125 0.41041666666666665 0.096875 0.4125 0.096875 0.4375 0.0984375 0.4395833333333333 0.0984375 0.44166666666666665 0.1 0.44375 0.1 0.44583333333333336 0.1015625 0.4479166666666667 0.1015625 0.45 0.103125 0.45208333333333334 0.103125 0.4583333333333333 0.1109375 0.46875 0.1125 0.46875 0.1140625 0.4708333333333333 0.11875 0.4708333333333333 0.121875 0.4666666666666667 0.125 0.4666666666666667 0.128125 0.4625 0.1296875 0.4625 0.134375 0.45625 0.1359375 0.45625 0.1375 0.45416666666666666 0.1421875 0.45416666666666666 0.14375 0.45625 0.1515625 0.45625 0.153125 0.45416666666666666 0.1546875 0.45416666666666666 0.15625 0.45208333333333334 0.1578125 0.45208333333333334 0.159375 0.45 0.1609375 0.45 0.1625 0.4479166666666667 0.1640625 0.4479166666666667 0.165625 0.44583333333333336 0.1671875 0.44583333333333336 0.1765625 0.43333333333333335 0.1765625 0.43125 0.178125 0.42916666666666664 0.178125 0.4270833333333333 0.1796875 0.425 0.1796875 0.41875 0.171875 0.41875 0.1703125 0.42083333333333334 0.1640625 0.42083333333333334 0.1625 0.41875 0.15625 0.41875 0.1546875 0.4166666666666667 0.153125 0.4166666666666667 0.1484375 0.41041666666666665 0.1484375 0.4083333333333333 0.146875 0.40625 0.1453125 0.40625 0.14375 0.4041666666666667 0.1328125 0.4041666666666667 0.1203125 0.3875 0.1203125 0.3854166666666667 0.11875 0.38333333333333336 0.11875 0.38125 0.1171875 0.37916666666666665 0.1171875 0.3770833333333333 0.1109375 0.36875 0.10625 0.36875 0.1046875 0.37083333333333335 0.103125 0.37083333333333335 0.103125 0.3729166666666667 0.1015625 0.375 0.1015625 0.3770833333333333 0.0953125 0.3854166666666667 0.0953125 0.3875
0 0.25 0.4479166666666667 0.2484375 0.45 0.2453125 0.45 0.2421875 0.45416666666666666 0.240625 0.45416666666666666 0.2359375 0.46041666666666664 0.234375 0.46041666666666664 0.225 0.47291666666666665 0.225 0.475 0.2234375 0.47708333333333336 0.2234375 0.4895833333333333 0.225 0.49166666666666664 0.225 0.50625 0.2265625 0.5083333333333333 0.2265625 0.51875 0.228125 0.5208333333333334 0.228125 0.5229166666666667 0.2296875 0.525 0.2296875 0.5270833333333333 0.23125 0.5291666666666667 0.23125 0.53125 0.2328125 0.5333333333333333 0.2328125 0.5354166666666667 0.2390625 0.54375 0.2390625 0.5458333333333333 0.2484375 0.5583333333333333 0.2484375 0.5604166666666667 0.2515625 0.5645833333333333 0.253125 0.5645833333333333 0.2546875 0.5666666666666667 0.259375 0.5666666666666667 0.2609375 0.56875 0.2625 0.5666666666666667 0.2671875 0.5666666666666667 0.26875 0.5645833333333333 0.271875 0.5645833333333333 0.2765625 0.5583333333333333 0.278125 0.5583333333333333 0.28125 0.5541666666666667 0.2828125 0.5541666666666667 0.2984375 0.5333333333333333 0.2984375 0.53125 0.3 0.5291666666666667 0.3015625 0.5291666666666667 0.30625 0.5229166666666667 0.30625 0.5208333333333334 0.3078125 0.51875 0.3078125 0.5166666666666667 0.309375 0.5145833333333333 0.309375 0.5104166666666666 0.3109375 0.5083333333333333 0.3109375 0.5020833333333333 0.3125 0.5 0.3109375 0.4979166666666667 0.3109375 0.49166666666666664 0.309375 0.4895833333333333 0.309375 0.4875 0.3078125 0.48541666666666666 0.3078125 0.48333333333333334 0.30625 0.48125 0.30625 0.4791666666666667 0.3015625 0.47291666666666665 0.3015625 0.4708333333333333 0.2984375 0.4666666666666667 0.2984375 0.46458333333333335 0.2953125 0.46041666666666664 0.29375 0.46041666666666664 0.290625 0.45625 0.2890625 0.45625 0.2875 0.45416666666666666 0.284375 0.45416666666666666 0.2828125 0.45208333333333334 0.2765625 0.45208333333333334 0.275 0.45 0.2671875 0.45 0.265625 0.4479166666666667
0 0.346875 0.45 0.340625 0.4583333333333333 0.340625 0.46041666666666664 0.3375 0.46458333333333335 0.3375 0.4666666666666667 0.3359375 0.46875 0.3359375 0.4708333333333333 0.334375 0.47291666666666665 0.334375 0.475 0.3328125 0.47708333333333336 0.3328125 0.4791666666666667 0.334375 0.48125 0.334375 0.4895833333333333 0.3359375 0.49166666666666664 0.3359375 0.4979166666666667 0.3375 0.5 0.3375 0.5041666666666667 0.3390625 0.50625 0.3390625 0.5083333333333333 0.34375 0.5145833333333333 0.34375 0.5166666666666667 0.3484375 0.5229166666666667 0.3484375 0.525 0.3515625 0.5291666666666667 0.3515625 0.53125 0.35625 0.5375 0.3578125 0.5375 0.3640625 0.5458333333333333 0.365625 0.5458333333333333 0.371875 0.5541666666666667 0.371875 0.55625 0.375 0.5604166666666667 0.375 0.5625 0.3890625 0.58125 0.4 0.58125 0.403125 0.5770833333333333 0.4046875 0.5770833333333333 0.4046875 0.575 0.4109375 0.5666666666666667 0.4109375 0.5645833333333333 0.4125 0.5625 0.4125 0.5583333333333333 0.4140625 0.55625 0.4140625 0.5541666666666667 0.415625 0.5520833333333334 0.415625 0.5416666666666666 0.4171875 0.5395833333333333 0.4171875 0.5354166666666667 0.41875 0.5333333333333333 0.41875 0.5291666666666667 0.4203125 0.5270833333333333 0.4203125 0.5208333333333334 0.421875 0.51875 0.421875 0.5145833333333333 0.4234375 0.5125 0.4234375 0.50625 0.425 0.5041666666666667 0.425 0.5 0.4265625 0.4979166666666667 0.4265625 0.4895833333333333 0.428125 0.4875 0.428125 0.4791666666666667 0.4265625 0.47708333333333336 0.428125 0.475 0.428125 0.4708333333333333 0.4265625 0.46875 0.4265625 0.4666666666666667 0.4203125 0.4583333333333333 0.4203125 0.45625 0.41875 0.45416666666666666 0.4125 0.45416666666666666 0.4109375 0.45208333333333334 0.4 0.45208333333333334 0.3984375 0.45 0.3953125 0.45 0.39375 0.4479166666666667 0.3765625 0.4479166666666667 0.375 0.45 0.3625 0.45 0.3609375 0.4479166666666667 0.35 0.4479166666666667 0.3484375 0.45
0 0.434375 0.5604166666666667 0.4296875 0.5604166666666667 0.428125 0.5625 0.4265625 0.5625 0.4234375 0.5666666666666667 0.421875 0.5666666666666667 0.41875 0.5708333333333333 0.4171875 0.5708333333333333 0.415625 0.5729166666666666 0.4140625 0.5729166666666666 0.4125 0.575 0.4109375 0.575 0.4046875 0.5833333333333334 0.4 0.5833333333333334 0.3984375 0.5854166666666667 0.396875 0.5854166666666667 0.3953125 0.5875 0.3921875 0.5875 0.3921875 0.5895833333333333 0.3890625 0.59375 0.3875 0.59375 0.3875 0.5958333333333333 0.38125 0.6041666666666666 0.3796875 0.6041666666666666 0.378125 0.60625 0.3765625 0.60625 0.375 0.6083333333333333 0.3703125 0.6083333333333333 0.36875 0.6104166666666667 0.36875 0.6125 0.3671875 0.6145833333333334 0.3671875 0.6166666666666667 0.36875 0.61875 0.36875 0.6229166666666667 0.3703125 0.625 0.3703125 0.6270833333333333 0.371875 0.6291666666666667 0.371875 0.63125 0.3734375 0.6333333333333333 0.3734375 0.6354166666666666 0.3828125 0.6479166666666667 0.3828125 0.65 0.3859375 0.6541666666666667 0.3859375 0.65625 0.3953125 0.66875 0.396875 0.66875 0.403125 0.6770833333333334 0.4046875 0.6770833333333334 0.40625 0.6791666666666667 0.4078125 0.6791666666666667 0.409375 0.68125 0.4125 0.68125 0.4140625 0.6833333333333333 0.421875 0.6833333333333333 0.4234375 0.68125 0.4265625 0.68125 0.4296875 0.6770833333333334 0.43125 0.6770833333333334 0.43125 0.675 0.4328125 0.6729166666666667 0.434375 0.6729166666666667 0.4359375 0.6708333333333333 0.4375 0.6708333333333333 0.4390625 0.66875 0.440625 0.66875 0.4421875 0.6666666666666666 0.44375 0.6666666666666666 0.4453125 0.6645833333333333 0.446875 0.6645833333333333 0.4484375 0.6625 0.4484375 0.6604166666666667 0.4515625 0.65625 0.4515625 0.6541666666666667 0.453125 0.6520833333333333 0.453125 0.6479166666666667 0.4546875 0.6458333333333334 0.4546875 0.6395833333333333 0.45625 0.6375 0.45625 0.6145833333333334 0.4546875 0.6125 0.4546875 0.5958333333333333 0.453125 0.59375 0.453125 0.5895833333333333 0.4515625 0.5875 0.4515625 0.5833333333333334 0.4484375 0.5791666666666667 0.4484375 0.5770833333333333 0.44375 0.5708333333333333 0.44375 0.56875 0.4421875 0.5666666666666667 0.440625 0.5666666666666667 0.4375 0.5625 0.4359375 0.5625
0 0.4515625 0.3770833333333333 0.4484375 0.38125 0.446875 0.38125 0.446875 0.38333333333333336 0.44375 0.3875 0.4421875 0.3875 0.440625 0.38958333333333334 0.440625 0.39166666666666666 0.4390625 0.39375 0.4390625 0.3958333333333333 0.4359375 0.4 0.4359375 0.40208333333333335 0.4328125 0.40625 0.4328125 0.4270833333333333 0.434375 0.42916666666666664 0.434375 0.4354166666666667 0.4359375 0.4375 0.4359375 0.44583333333333336 0.4375 0.4479166666666667 0.4375 0.45208333333333334 0.4390625 0.45416666666666666 0.4390625 0.46041666666666664 0.440625 0.4625 0.440625 0.47708333333333336 0.4421875 0.4791666666666667 0.4421875 0.48541666666666666 0.44375 0.4875 0.44375 0.4895833333333333 0.4453125 0.49166666666666664 0.4453125 0.49375 0.446875 0.49583333333333335 0.446875 0.4979166666666667 0.4484375 0.4979166666666667 0.45 0.5 0.4625 0.5 0.4640625 0.4979166666666667 0.465625 0.4979166666666667 0.4671875 0.49583333333333335 0.46875 0.49583333333333335 0.4734375 0.4895833333333333 0.475 0.4895833333333333 0.4828125 0.4791666666666667 0.484375 0.4791666666666667 0.4921875 0.46875 0.49375 0.46875 0.496875 0.46458333333333335 0.4984375 0.46458333333333335 0.509375 0.45 0.509375 0.4479166666666667 0.5109375 0.44583333333333336 0.5109375 0.44375 0.5125 0.44166666666666665 0.5125 0.42083333333333334 0.5109375 0.41875 0.5109375 0.4166666666666667 0.509375 0.4166666666666667 0.5078125 0.41875 0.50625 0.41875 0.5046875 0.42083333333333334 0.5 0.42083333333333334 0.4984375 0.42291666666666666 0.496875 0.42083333333333334 0.4953125 0.42083333333333334 0.4875 0.41041666666666665 0.4875 0.4083333333333333 0.4859375 0.40625 0.4859375 0.40208333333333335 0.484375 0.4 0.484375 0.39791666666666664 0.4828125 0.3958333333333333 0.4828125 0.39375 0.48125 0.39166666666666666 0.4796875 0.39166666666666666 0.478125 0.38958333333333334 0.4765625 0.38958333333333334 0.475 0.3875 0.4734375 0.3875 0.4703125 0.38333333333333336 0.46875 0.38333333333333336 0.465625 0.37916666666666665 0.4625 0.37916666666666665 0.4609375 0.3770833333333333
0 0.5640625 0.4708333333333333 0.5625 0.4708333333333333 0.5609375 0.46875 0.559375 0.46875 0.5578125 0.4666666666666667 0.5546875 0.4666666666666667 0.553125 0.46458333333333335 0.5515625 0.46458333333333335 0.5484375 0.46041666666666664 0.546875 0.46041666666666664 0.54375 0.45625 0.5421875 0.45625 0.540625 0.45416666666666666 0.534375 0.45416666666666666 0.5328125 0.45208333333333334 0.5265625 0.45208333333333334 0.525 0.45416666666666666 0.521875 0.45416666666666666 0.5078125 0.47291666666666665 0.5078125 0.475 0.5046875 0.4791666666666667 0.5046875 0.49166666666666664 0.503125 0.49375 0.503125 0.5 0.5015625 0.5020833333333333 0.5015625 0.5083333333333333 0.5 0.5104166666666666 0.5 0.51875 0.4984375 0.5208333333333334 0.4984375 0.525 0.496875 0.5270833333333333 0.496875 0.53125 0.4953125 0.5333333333333333 0.4953125 0.5375 0.49375 0.5395833333333333 0.49375 0.5520833333333334 0.4953125 0.5541666666666667 0.4953125 0.5583333333333333 0.5 0.5645833333333333 0.503125 0.5645833333333333 0.5046875 0.5666666666666667 0.5171875 0.5666666666666667 0.51875 0.5645833333333333 0.521875 0.5645833333333333 0.5234375 0.5625 0.525 0.5625 0.5265625 0.5604166666666667 0.5328125 0.5604166666666667 0.534375 0.5583333333333333 0.54375 0.5583333333333333 0.5453125 0.55625 0.55 0.55625 0.5515625 0.5541666666666667 0.5546875 0.5541666666666667 0.55625 0.5520833333333334 0.559375 0.5520833333333334 0.5609375 0.55 0.5625 0.55 0.5640625 0.5479166666666667 0.565625 0.5479166666666667 0.5703125 0.5416666666666666 0.571875 0.5416666666666666 0.5734375 0.5395833333333333 0.5734375 0.5375 0.5765625 0.5333333333333333 0.5765625 0.5291666666666667 0.578125 0.5270833333333333 0.578125 0.525 0.58125 0.5208333333333334 0.58125 0.51875 0.5828125 0.5166666666666667 0.5828125 0.5125 0.58125 0.5104166666666666 0.58125 0.5083333333333333 0.5796875 0.50625 0.5796875 0.5041666666666667 0.578125 0.5020833333333333 0.578125 0.5 0.5765625 0.4979166666666667 0.5765625 0.49583333333333335 0.5734375 0.49166666666666664 0.5734375 0.4895833333333333 0.571875 0.4875 0.571875 0.48541666666666666 0.5703125 0.48333333333333334 0.5703125 0.48125 0.56875 0.4791666666666667 0.56875 0.47708333333333336
0 0.6109375 0.4666666666666667 0.609375 0.46875 0.6078125 0.46875 0.60625 0.4708333333333333 0.6046875 0.4708333333333333 0.603125 0.47291666666666665 0.6015625 0.47291666666666665 0.596875 0.4791666666666667 0.5953125 0.4791666666666667 0.5921875 0.48333333333333334 0.5921875 0.48541666666666666 0.590625 0.4875 0.590625 0.49166666666666664 0.5890625 0.49375 0.5890625 0.49583333333333335 0.590625 0.4979166666666667 0.590625 0.5020833333333333 0.5921875 0.5041666666666667 0.5921875 0.50625 0.59375 0.5083333333333333 0.59375 0.5208333333333334 0.5953125 0.5229166666666667 0.5953125 0.525 0.596875 0.5270833333333333 0.596875 0.5291666666666667 0.5984375 0.53125 0.5984375 0.5333333333333333 0.6 0.5354166666666667 0.6 0.5375 0.603125 0.5416666666666666 0.6046875 0.5416666666666666 0.60625 0.54375 0.60625 0.5458333333333333 0.6078125 0.5458333333333333 0.609375 0.5479166666666667 0.6109375 0.5479166666666667 0.6203125 0.5604166666666667 0.621875 0.5604166666666667 0.6328125 0.575 0.634375 0.575 0.6390625 0.58125 0.64375 0.58125 0.6453125 0.5791666666666667 0.646875 0.5791666666666667 0.6484375 0.5770833333333333 0.6484375 0.575 0.65 0.5729166666666666 0.65 0.5708333333333333 0.6515625 0.56875 0.6515625 0.5458333333333333 0.653125 0.54375 0.653125 0.5395833333333333 0.6546875 0.5375 0.6546875 0.5291666666666667 0.6578125 0.525 0.6578125 0.5229166666666667 0.659375 0.5208333333333334 0.659375 0.5166666666666667 0.6609375 0.5145833333333333 0.6609375 0.5125 0.6625 0.5104166666666666 0.6625 0.49375 0.6609375 0.49166666666666664 0.6609375 0.4875 0.659375 0.48541666666666666 0.659375 0.48333333333333334 0.6546875 0.47708333333333336 0.6546875 0.475 0.653125 0.475 0.6484375 0.46875 0.6453125 0.46875 0.64375 0.4666666666666667 0.6421875 0.4666666666666667 0.640625 0.46458333333333335 0.6390625 0.4666666666666667 0.6328125 0.4666666666666667 0.63125 0.46875 0.621875 0.46875 0.6203125 0.4666666666666667
0 0.671875 0.36666666666666664 0.671875 0.36875 0.6625 0.38125 0.6625 0.38333333333333336 0.6578125 0.38958333333333334 0.6578125 0.39375 0.6546875 0.39791666666666664 0.6546875 0.40625 0.653125 0.4083333333333333 0.653125 0.4166666666666667 0.6515625 0.41875 0.6515625 0.4270833333333333 0.653125 0.42916666666666664 0.653125 0.43333333333333335 0.6546875 0.4354166666666667 0.6546875 0.4375 0.65625 0.4395833333333333 0.65625 0.44375 0.6578125 0.44583333333333336 0.6578125 0.4479166666666667 0.6625 0.45416666666666666 0.6625 0.45625 0.6640625 0.45625 0.665625 0.4583333333333333 0.6671875 0.4583333333333333 0.66875 0.46041666666666664 0.6703125 0.46041666666666664 0.671875 0.4625 0.6734375 0.4625 0.675 0.46458333333333335 0.678125 0.46458333333333335 0.6796875 0.4666666666666667 0.684375 0.4666666666666667 0.6859375 0.46875 0.69375 0.46875 0.6953125 0.4708333333333333 0.7015625 0.4708333333333333 0.703125 0.46875 0.71875 0.46875 0.7203125 0.4708333333333333 0.734375 0.4708333333333333 0.7359375 0.46875 0.7390625 0.46875 0.740625 0.4666666666666667 0.7421875 0.4666666666666667 0.7453125 0.4625 0.746875 0.4625 0.746875 0.46041666666666664 0.75 0.45625 0.75 0.4395833333333333 0.7515625 0.4375 0.7515625 0.4354166666666667 0.75 0.43333333333333335 0.75 0.42916666666666664 0.7484375 0.4270833333333333 0.7484375 0.42291666666666666 0.746875 0.42083333333333334 0.746875 0.4166666666666667 0.7453125 0.41458333333333336 0.7453125 0.41041666666666665 0.74375 0.4083333333333333 0.74375 0.40625 0.7421875 0.4041666666666667 0.7421875 0.4 0.740625 0.39791666666666664 0.740625 0.39375 0.7390625 0.39166666666666666 0.7390625 0.38958333333333334 0.7375 0.3875 0.7375 0.3854166666666667 0.734375 0.38125 0.734375 0.37916666666666665 0.7328125 0.3770833333333333 0.7328125 0.375 0.73125 0.3729166666666667 0.73125 0.37083333333333335 0.7265625 0.3645833333333333 0.725 0.3645833333333333 0.7234375 0.3625 0.721875 0.3625 0.7203125 0.36041666666666666 0.71875 0.36041666666666666 0.7171875 0.35833333333333334 0.715625 0.35833333333333334 0.7140625 0.35625 0.7109375 0.35625 0.709375 0.3541666666666667 0.7046875 0.3541666666666667 0.703125 0.35208333333333336 0.6953125 0.35208333333333336 0.69375 0.3541666666666667 0.690625 0.3541666666666667 0.6890625 0.35625 0.6875 0.35625 0.6859375 0.35833333333333334 0.684375 0.35833333333333334 0.6828125 0.36041666666666666 0.6796875 0.36041666666666666 0.678125 0.3625 0.6765625 0.3625 0.6734375 0.36666666666666664
0 0.709375 0.53125 0.709375 0.5354166666666667 0.7046875 0.5416666666666666 0.703125 0.5416666666666666 0.7015625 0.54375 0.7 0.54375 0.696875 0.5479166666666667 0.6953125 0.5479166666666667 0.69375 0.55 0.6921875 0.55 0.690625 0.5520833333333334 0.6875 0.5520833333333334 0.6859375 0.5541666666666667 0.684375 0.5541666666666667 0.6828125 0.55625 0.6796875 0.55625 0.6765625 0.5604166666666667 0.675 0.5604166666666667 0.675 0.5625 0.665625 0.575 0.665625 0.5770833333333333 0.6609375 0.5833333333333334 0.6609375 0.5854166666666667 0.659375 0.5875 0.659375 0.6041666666666666 0.6640625 0.6104166666666667 0.665625 0.6104166666666667 0.66875 0.6145833333333334 0.66875 0.6166666666666667 0.6703125 0.6166666666666667 0.675 0.6229166666666667 0.6765625 0.6229166666666667 0.678125 0.625 0.6796875 0.625 0.68125 0.6270833333333333 0.6859375 0.6270833333333333 0.6875 0.6291666666666667 0.69375 0.6291666666666667 0.6953125 0.63125 0.7 0.63125 0.7015625 0.6333333333333333 0.703125 0.6333333333333333 0.7046875 0.6354166666666666 0.70625 0.6354166666666666 0.7078125 0.6375 0.709375 0.6375 0.7109375 0.6395833333333333 0.7140625 0.6395833333333333 0.715625 0.6416666666666667 0.7171875 0.6416666666666667 0.71875 0.64375 0.7203125 0.64375 0.721875 0.6458333333333334 0.7265625 0.6458333333333334 0.728125 0.6479166666666667 0.7328125 0.6479166666666667 0.734375 0.6458333333333334 0.7375 0.6458333333333334 0.7421875 0.6395833333333333 0.7421875 0.6354166666666666 0.74375 0.6333333333333333 0.74375 0.6166666666666667 0.7421875 0.6145833333333334 0.7421875 0.6104166666666667 0.740625 0.6083333333333333 0.740625 0.5895833333333333 0.7390625 0.5875 0.7390625 0.5729166666666666 0.7375 0.5708333333333333 0.7375 0.5604166666666667 0.7359375 0.5583333333333333 0.7359375 0.55625 0.7296875 0.5479166666666667 0.7296875 0.5458333333333333 0.721875 0.5354166666666667 0.7203125 0.5354166666666667 0.7171875 0.53125
0 0.61875 0.6645833333333333 0.615625 0.66875 0.615625 0.6791666666666667 0.6140625 0.68125 0.6140625 0.6854166666666667 0.615625 0.6875 0.615625 0.6958333333333333 0.6171875 0.6979166666666666 0.6171875 0.7 0.61875 0.7020833333333333 0.61875 0.7041666666666667 0.6234375 0.7104166666666667 0.6234375 0.7125 0.625 0.7145833333333333 0.6265625 0.7145833333333333 0.6328125 0.7229166666666667 0.634375 0.7229166666666667 0.6375 0.7270833333333333 0.6390625 0.7270833333333333 0.640625 0.7291666666666666 0.6421875 0.7291666666666666 0.6453125 0.7333333333333333 0.646875 0.7333333333333333 0.65 0.7375 0.6515625 0.7375 0.65625 0.74375 0.6578125 0.74375 0.6625 0.75 0.6640625 0.75 0.665625 0.7520833333333333 0.6671875 0.7520833333333333 0.66875 0.7541666666666667 0.6703125 0.7541666666666667 0.671875 0.75625 0.675 0.75625 0.6765625 0.7583333333333333 0.678125 0.7583333333333333 0.6796875 0.75625 0.68125 0.75625 0.684375 0.7520833333333333 0.6859375 0.7520833333333333 0.6859375 0.75 0.6875 0.7479166666666667 0.6875 0.7458333333333333 0.6890625 0.74375 0.6890625 0.7395833333333334 0.690625 0.7375 0.690625 0.7125 0.6921875 0.7104166666666667 0.6921875 0.7041666666666667 0.690625 0.7020833333333333 0.690625 0.69375 0.6921875 0.6916666666666667 0.6921875 0.66875 0.690625 0.6666666666666666 0.690625 0.6625 0.6890625 0.6604166666666667 0.6890625 0.65625 0.6875 0.6541666666666667 0.6859375 0.6541666666666667 0.684375 0.6520833333333333 0.678125 0.6520833333333333 0.6765625 0.65 0.6703125 0.65 0.66875 0.6520833333333333 0.6671875 0.6520833333333333 0.6671875 0.6583333333333333 0.665625 0.6604166666666667 0.665625 0.6625 0.6609375 0.66875 0.6546875 0.66875 0.653125 0.6666666666666666 0.6515625 0.6666666666666666 0.6484375 0.6625 0.646875 0.6625 0.6453125 0.6604166666666667 0.64375 0.6604166666666667 0.6421875 0.6583333333333333 0.640625 0.6583333333333333 0.6375 0.6541666666666667 0.634375 0.6541666666666667 0.6328125 0.65625 0.6296875 0.65625 0.628125 0.6583333333333333 0.6265625 0.6583333333333333 0.6234375 0.6625 0.621875 0.6625 0.6203125 0.6645833333333333
0 0.771875 0.45208333333333334 0.7703125 0.45416666666666666 0.76875 0.45416666666666666 0.7671875 0.45625 0.765625 0.45625 0.7625 0.46041666666666664 0.7625 0.4625 0.759375 0.4666666666666667 0.759375 0.46875 0.7578125 0.4708333333333333 0.7578125 0.47291666666666665 0.75625 0.475 0.75625 0.48333333333333334 0.7546875 0.48541666666666666 0.7546875 0.49166666666666664 0.753125 0.49375 0.753125 0.49583333333333335 0.7515625 0.4979166666666667 0.7515625 0.50625 0.75 0.5083333333333333 0.75 0.5333333333333333 0.7515625 0.5354166666666667 0.7515625 0.5375 0.75625 0.54375 0.7578125 0.54375 0.759375 0.5458333333333333 0.7640625 0.5458333333333333 0.76875 0.5520833333333334 0.7703125 0.5520833333333334 0.771875 0.5541666666666667 0.7859375 0.5541666666666667 0.7875 0.5520833333333334 0.7890625 0.5520833333333334 0.790625 0.55 0.7921875 0.55 0.79375 0.5479166666666667 0.7953125 0.5479166666666667 0.7984375 0.54375 0.8 0.54375 0.8015625 0.5416666666666666 0.803125 0.5416666666666666 0.80625 0.5375 0.8078125 0.5375 0.8125 0.53125 0.8140625 0.53125 0.8203125 0.5229166666666667 0.821875 0.5229166666666667 0.8234375 0.5208333333333334 0.8234375 0.51875 0.8265625 0.5145833333333333 0.8265625 0.5125 0.828125 0.5104166666666666 0.828125 0.49166666666666664 0.8265625 0.4895833333333333 0.8265625 0.48541666666666666 0.825 0.48333333333333334 0.825 0.48125 0.821875 0.47708333333333336 0.815625 0.47708333333333336 0.8140625 0.4791666666666667 0.8078125 0.4791666666666667 0.80625 0.47708333333333336 0.803125 0.47708333333333336 0.796875 0.46875 0.796875 0.4666666666666667 0.7953125 0.46458333333333335 0.7953125 0.45416666666666666 0.7859375 0.45416666666666666 0.784375 0.45208333333333334
0 0.896875 0.4895833333333333 0.8953125 0.4895833333333333 0.89375 0.49166666666666664 0.8890625 0.49166666666666664 0.8875 0.49375 0.8859375 0.49375 0.884375 0.49583333333333335 0.8828125 0.49583333333333335 0.88125 0.4979166666666667 0.8796875 0.4979166666666667 0.871875 0.5083333333333333 0.8703125 0.5083333333333333 0.86875 0.5104166666666666 0.8671875 0.5104166666666666 0.865625 0.5125 0.8640625 0.5125 0.8625 0.5145833333333333 0.85625 0.5145833333333333 0.8546875 0.5125 0.853125 0.5125 0.8484375 0.50625 0.846875 0.50625 0.84375 0.5104166666666666 0.8421875 0.5104166666666666 0.8359375 0.51875 0.834375 0.51875 0.8328125 0.5208333333333334 0.83125 0.5208333333333334 0.83125 0.5354166666666667 0.8328125 0.5375 0.8328125 0.5395833333333333 0.834375 0.5416666666666666 0.834375 0.5479166666666667 0.8359375 0.55 0.8359375 0.5520833333333334 0.8375 0.5541666666666667 0.8375 0.55625 0.8421875 0.5625 0.8421875 0.5645833333333333 0.8453125 0.56875 0.8453125 0.5708333333333333 0.8515625 0.5791666666666667 0.8515625 0.58125 0.853125 0.5833333333333334 0.8546875 0.5833333333333334 0.8578125 0.5875 0.859375 0.5875 0.8609375 0.5895833333333333 0.871875 0.5895833333333333 0.8734375 0.5875 0.878125 0.5875 0.8796875 0.5854166666666667 0.88125 0.5854166666666667 0.8828125 0.5833333333333334 0.8875 0.5833333333333334 0.8921875 0.5770833333333333 0.8921875 0.575 0.890625 0.5729166666666666 0.890625 0.56875 0.8921875 0.5666666666666667 0.8953125 0.5708333333333333 0.8953125 0.56875 0.896875 0.5666666666666667 0.896875 0.55625 0.8984375 0.5541666666666667 0.8984375 0.55 0.9 0.5479166666666667 0.9 0.5458333333333333 0.90625 0.5375 0.90625 0.5354166666666667 0.909375 0.53125 0.909375 0.5291666666666667 0.9109375 0.5270833333333333 0.9109375 0.51875 0.909375 0.5166666666666667 0.909375 0.5125 0.9078125 0.5104166666666666 0.9078125 0.5041666666666667 0.9046875 0.5 0.9046875 0.4979166666666667 0.9015625 0.49375 0.9 0.49375
0 0.8359375 0.6583333333333333 0.834375 0.6604166666666667 0.834375 0.6625 0.8328125 0.6645833333333333 0.83125 0.6645833333333333 0.828125 0.66875 0.828125 0.6708333333333333 0.8265625 0.6729166666666667 0.8265625 0.6791666666666667 0.825 0.68125 0.825 0.6895833333333333 0.8265625 0.6916666666666667 0.8265625 0.7270833333333333 0.828125 0.7291666666666666 0.828125 0.7375 0.8296875 0.7395833333333334 0.8296875 0.7416666666666667 0.83125 0.74375 0.83125 0.7479166666666667 0.8328125 0.75 0.8328125 0.7520833333333333 0.840625 0.7625 0.8421875 0.7625 0.84375 0.7645833333333333 0.85 0.7645833333333333 0.8515625 0.7666666666666667 0.8578125 0.7666666666666667 0.8609375 0.7708333333333334 0.8640625 0.7708333333333334 0.865625 0.7729166666666667 0.8796875 0.7729166666666667 0.88125 0.7708333333333334 0.884375 0.7708333333333334 0.8859375 0.76875 0.8875 0.76875 0.890625 0.7645833333333333 0.8921875 0.7645833333333333 0.896875 0.7583333333333333 0.896875 0.75625 0.9015625 0.75 0.9015625 0.7479166666666667 0.90625 0.7416666666666667 0.90625 0.7395833333333334 0.9109375 0.7333333333333333 0.9109375 0.73125 0.9140625 0.7270833333333333 0.9140625 0.7229166666666667 0.915625 0.7208333333333333 0.915625 0.7083333333333334 0.9171875 0.70625 0.915625 0.7041666666666667 0.915625 0.69375 0.9140625 0.6916666666666667 0.9125 0.6916666666666667 0.909375 0.6875 0.9078125 0.6875 0.90625 0.6854166666666667 0.9046875 0.6854166666666667 0.9015625 0.68125 0.8984375 0.68125 0.896875 0.6791666666666667 0.8875 0.6791666666666667 0.8828125 0.6854166666666667 0.8796875 0.6854166666666667 0.878125 0.6875 0.8734375 0.6875 0.871875 0.6895833333333333 0.86875 0.6895833333333333 0.8671875 0.6916666666666667 0.8609375 0.6916666666666667 0.859375 0.6895833333333333 0.8578125 0.6895833333333333 0.853125 0.6833333333333333 0.853125 0.68125 0.8515625 0.6791666666666667 0.8515625 0.6770833333333334 0.85 0.675 0.85 0.6645833333333333 0.846875 0.6604166666666667 0.8453125 0.6604166666666667 0.84375 0.6583333333333333
0 0.984375 0.4625 0.9828125 0.46458333333333335 0.9828125 0.4791666666666667 0.9875 0.48541666666666666 0.9875 0.4875 0.9890625 0.4895833333333333 0.9890625 0.49166666666666664 0.996875 0.5020833333333333 0.9984375 0.5 0.9984375 0.4666666666666667 0.996875 0.46458333333333335 0.9890625 0.46458333333333335 0.9875 0.4625