0 0.12630208333333331 0.48032407407407407 0.10069444444444442 0.13194444444444448
0 0.15234375 0.5896990740740741 0.09375 0.12384259259259262
0 0.26692708333333337 0.5729166666666666 0.09548611111111116 0.13888888888888887
0 0.3723958333333333 0.5902777777777778 0.09461805555555554 0.14351851851851852
0 0.41840277777777785 0.6481481481481481 0.08246527777777776 0.12037037037037036
0 0.4565972222222222 0.4774305555555555 0.08767361111111108 0.13078703703703703
0 0.5269097222222221 0.5428240740740741 0.08940972222222224 0.13194444444444448
0 0.6098090277777779 0.5376157407407407 0.0729166666666667 0.12615740740740738
0 0.6827256944444444 0.44155092592592593 0.10243055555555554 0.14236111111111113
0 0.6883680555555556 0.587962962962963 0.09461805555555554 0.1296296296296296
0 0.6436631944444444 0.6678240740740741 0.09027777777777768 0.12037037037037036
0 0.7730034722222221 0.48090277777777773 0.08506944444444438 0.13541666666666666
0 0.8480902777777779 0.5034722222222222 0.07725694444444428 0.1319444444444444
0 0.8355034722222223 0.6637731481481481 0.09201388888888902 0.15162037037037035
0 0.9773003472222221 0.4501880787037039 0.04227430555555571 0.15500578703703755
0 0.08052385892116184 0.4727697095435685 0.08052385892116184 0.48660096818810517 0.07987551867219919 0.49178769017980645 0.08571058091286309 0.5047544951590596 0.09478734439834027 0.5177213001383126 0.1019190871369295 0.5306881051175657 0.10840248962655603 0.537603734439834 0.11812759336099585 0.5445193637621024 0.12914937759336104 0.5453838174273858 0.14211618257261413 0.537603734439834 0.15378630705394195 0.5289591977869986 0.16545643153526973 0.515127939142462 0.16934647302904565 0.5004322268326419 0.16415975103734443 0.49870331950207475 0.16026970954356848 0.5082123098201937 0.15248962655601664 0.5108056708160443 0.13692946058091288 0.5004322268326419 0.1323910788381743 0.4978388658367912 0.12461099585062244 0.502161134163209 0.1135892116182573 0.5056189488243431 0.10580912863070542 0.4995677731673583 0.10321576763485481 0.49178769017980645 0.09932572614107885 0.4857365145228217 0.08830394190871373 0.47709197786998625
0 0.1336877593360996 0.5462482710926694 0.12461099585062244 0.5514349930843707 0.11747925311203322 0.5592150760719226 0.11553423236514523 0.5799619640387275 0.11164419087136931 0.6197268326417704 0.10645746887966809 0.6326936376210236 0.11099585062240665 0.6422026279391424 0.12136929460580914 0.6499827109266944 0.13109439834024897 0.6499827109266944 0.14600622406639005 0.6482538035961273 0.16351141078838177 0.6439315352697096 0.17388485477178425 0.6378803596127247 0.18685165975103737 0.63182918395574 0.1816649377593361 0.5989799446749654 0.1674014522821577 0.5963865836791148 0.15637966804979256 0.5851486860304288 0.15313796680497926 0.569588520055325 0.15054460580912865 0.5626728907330567
0 0.2445539419087137 0.5237724757952974 0.23223547717842324 0.5350103734439834 0.22704875518672202 0.5410615491009682 0.22315871369294604 0.547112724757953 0.22251037344398342 0.5566217150760718 0.2257520746887967 0.5704529737206087 0.23029045643153528 0.5842842323651453 0.2354771784232365 0.5972510373443983 0.24260892116182572 0.6102178423236515 0.25233402489626555 0.6283713692946058 0.25816908713692943 0.6378803596127247 0.27113589211618255 0.643067081604426 0.27891597510373445 0.6396092669432919 0.28799273858921165 0.6214557399723375 0.2931794605809129 0.6084889349930844 0.2996628630705394 0.5911998616874136 0.3048495850622407 0.5704529737206087 0.3087396265560166 0.5522994467496543 0.3054979253112033 0.5445193637621024 0.2983661825726141 0.537603734439834 0.28864107883817425 0.5263658367911481 0.2808609958506224 0.5229080221300139 0.26983921161825725 0.5194502074688797 0.25363070539419086 0.5194502074688797
0 0.3476400414937759 0.5644017980636238 0.36190352697095435 0.5765041493775933 0.36903526970954353 0.5721818810511756 0.3742219917012448 0.5635373443983404 0.38394709543568467 0.5652662517289073 0.39043049792531115 0.567859612724758 0.39691390041493774 0.567859612724758 0.405990663900415 0.5600795297372062 0.4085840248962656 0.54884163208852 0.4085840248962656 0.5410615491009682 0.4150674273858922 0.567859612724758 0.4111773858921162 0.598115491009682 0.4124740663900416 0.6171334716459198 0.40923236514522826 0.63182918395574 0.4053423236514523 0.6465248962655602 0.40015560165975106 0.6534405255878285 0.3897821576763486 0.6568983402489627 0.3807053941908714 0.6517116182572614 0.3638485477178423 0.6387448132780082 0.3508817427385892 0.6283713692946058 0.3372665975103734 0.6188623789764869 0.3340248962655602 0.6041666666666666 0.3307831950207469 0.5937932226832642 0.3307831950207469 0.579097510373444 0.3307831950207469 0.5730463347164592
0 0.3800570539419087 0.6802385892116182 0.40015560165975106 0.6992565698478561 0.4221991701244813 0.7122233748271093 0.43386929460580914 0.7001210235131397 0.4487811203319502 0.6897475795297372 0.45331950207468885 0.6759163208852005 0.4526711618257262 0.6603561549100968 0.4500778008298756 0.6456604426002766 0.4487811203319502 0.6378803596127247 0.44553941908713696 0.6275069156293223 0.4410010373443984 0.6197268326417704 0.4325726141078839 0.6110822959889349 0.4260892116182573 0.609353388658368 0.4221991701244813 0.609353388658368 0.42414419087136934 0.6301002766251729 0.41895746887966806 0.6361514522821577 0.4111773858921162 0.6370159059474413 0.40469398340248963 0.6508471645919779 0.3988589211618257 0.6560338865836791 0.39302385892116176 0.6577627939142462 0.38589211618257263 0.6638139695712311
0 0.42479253112033194 0.4390560165975105 0.4209024896265561 0.4485650069156294 0.4131224066390041 0.46239626556016605 0.4124740663900416 0.4753630705394192 0.41636410788381745 0.4900587828492393 0.42414419087136934 0.5073478561549102 0.42738589211618266 0.5211791147994468 0.4351659751037345 0.5401970954356847 0.44294605809128634 0.5384681881051175 0.45202282157676354 0.5350103734439834 0.46304460580912865 0.5237724757952974 0.47601141078838183 0.513399031811895 0.48703319502074693 0.5012966804979254 0.4948132780082988 0.49178769017980645 0.4941649377593361 0.4822786998616875 0.48573651452282157 0.48141424619640394 0.4824948132780083 0.4900587828492393 0.47406639004149376 0.48832987551867224 0.4669346473029046 0.47017634854771795 0.46304460580912865 0.4615318118948825 0.45331950207468885 0.45202282157676354 0.44813278008298757 0.44337828492392817 0.43905601659751037 0.4390560165975105
0 0.5090767634854771 0.4969744121715077 0.49675829875518673 0.5047544951590596 0.4889782157676349 0.5159923928077456 0.48573651452282157 0.5306881051175657 0.485088174273859 0.5531639004149377 0.48314315352697096 0.567859612724758 0.4844398340248963 0.5860131396957123 0.4883298755186722 0.5989799446749654 0.5006483402489627 0.6033022130013831 0.5142634854771784 0.598115491009682 0.5272302904564315 0.588606500691563 0.5421421161825727 0.5834197786998616 0.5596473029045643 0.5730463347164592 0.5667790456431535 0.5600795297372062 0.5577022821576764 0.5540283540802213 0.5512188796680498 0.5419260027662517 0.5427904564315353 0.5289591977869986 0.5330653526970954 0.5185857538035962 0.5239885892116183 0.5073478561549102
0 0.5907676348547718 0.503890041493776 0.5991960580912863 0.5090767634854773 0.6017894190871369 0.513399031811895 0.6115145228215768 0.5108056708160443 0.6141078838174274 0.49870331950207475 0.6160529045643154 0.49438105117565706 0.6303163900414938 0.49438105117565706 0.6413381742738589 0.5073478561549102 0.6426348547717843 0.5246369294605809 0.639393153526971 0.5548928077455049 0.6322614107883818 0.5782330567081605 0.6329097510373444 0.588606500691563 0.6238329875518672 0.5955221300138313 0.6056794605809129 0.59033540802213 0.5907676348547718 0.569588520055325 0.5797458506224067 0.5574861687413555 0.575207468879668 0.547112724757953 0.5739107883817428 0.5324170124481328 0.579097510373444 0.5108056708160443 0.5842842323651453 0.5047544951590596
0 0.6082728215767635 0.6586272475795297 0.6017894190871369 0.6715940525587829 0.6017894190871369 0.6811030428769018 0.6082728215767635 0.6966632088520055 0.6218879668049793 0.705307745504841 0.6303163900414938 0.7130878284923928 0.6426348547717843 0.7225968188105117 0.6568983402489627 0.727783540802213 0.6653267634854771 0.7191390041493776 0.6685684647302905 0.7009854771784233 0.6679201244813278 0.6802385892116182 0.6692168049792532 0.6646784232365145 0.6705134854771784 0.6517116182572614 0.6530082987551867 0.6508471645919779 0.6471732365145229 0.652576071922545 0.6419865145228216 0.6672717842323652 0.6413381742738589 0.6741874135546335 0.6296680497925311 0.6646784232365145 0.6238329875518672 0.6560338865836791 0.6160529045643154 0.6551694329183956
0 0.6893153526970954 0.5410615491009682 0.7022821576763485 0.5505705394190872 0.7068205394190872 0.5592150760719226 0.7178423236514523 0.5782330567081605 0.7133039419087137 0.5989799446749654 0.7152489626556017 0.6145401106500691 0.7191390041493776 0.6309647302904564 0.7126556016597511 0.6447959889349931 0.7042271784232366 0.6456604426002766 0.6698651452282158 0.6326936376210236 0.6504149377593361 0.620591286307054 0.6458765560165975 0.6058955739972338 0.6445798755186722 0.5998443983402489 0.6581950207468881 0.59033540802213 0.6601400414937759 0.5825553250345782 0.6633817427385893 0.5782330567081605 0.6795902489626556 0.5713174273858922 0.6847769709543569 0.5661307053941909
0 0.6666234439834026 0.39842669432918404 0.6744035269709544 0.39064661134163214 0.6886670124481328 0.38978215767634866 0.7074688796680498 0.39669778699861696 0.7236773858921162 0.4459716459197788 0.7288641078838174 0.47104080221300143 0.7269190871369295 0.4848720608575381 0.7230290456431535 0.4969744121715077 0.7152489626556017 0.5047544951590596 0.6996887966804979 0.5073478561549102 0.6776452282157677 0.503890041493776 0.654304979253112 0.5012966804979254 0.6452282157676349 0.48746542185338876 0.6361514522821576 0.4675829875518673 0.633558091286307 0.45202282157676354 0.6361514522821576 0.43559820193637633 0.6458765560165975 0.41571576763485485 0.654304979253112 0.40361341632088527
0 0.7723029045643154 0.44770055325034586 0.7716545643153527 0.4667185338865838 0.7755446058091285 0.4848720608575381 0.789808091286307 0.4900587828492393 0.8021265560165975 0.47968533886583686 0.804719917012448 0.4969744121715077 0.795643153526971 0.5108056708160443 0.7781379668049793 0.5246369294605809 0.7664678423236515 0.5350103734439834 0.7535010373443984 0.537603734439834 0.7476659751037344 0.5246369294605809 0.7398858921161826 0.5168568464730291 0.7346991701244814 0.5047544951590596 0.7359958506224067 0.4848720608575381 0.7405342323651453 0.4563450899031813 0.7463692946058091 0.44510719225449524 0.7515560165975104 0.4390560165975105 0.7735995850622407 0.4364626556016598
0 0.8112033195020747 0.4969744121715077 0.8099066390041495 0.5168568464730291 0.8125 0.5289591977869986 0.8183350622406639 0.5462482710926694 0.8280601659751037 0.5566217150760718 0.8364885892116183 0.5618084370677732 0.8546421161825727 0.5600795297372062 0.8676089211618259 0.5401970954356847 0.878630705394191 0.5194502074688797 0.8818724066390041 0.502161134163209 0.8825207468879668 0.4909232365145229 0.8760373443983402 0.48141424619640394 0.8695539419087137 0.4857365145228217 0.8507520746887967 0.49438105117565706 0.8455653526970954 0.502161134163209 0.8358402489626556 0.5099412171507608
0 0.8131483402489627 0.6560338865836791 0.8105549792531119 0.6724585062240663 0.8150933609958507 0.6836964038727523 0.8196317427385893 0.6897475795297372 0.8449170124481327 0.6759163208852005 0.8650155601659751 0.6871542185338867 0.8643672199170125 0.705307745504841 0.8514004149377593 0.7269190871369294 0.8416753112033195 0.7398858921161826 0.8332468879668049 0.7407503457814661 0.8170383817427386 0.7329702627939143 0.8066649377593361 0.7286479944674966 0.8001815352697095 0.7174100968188105 0.7930497925311203 0.6992565698478561 0.7904564315352698 0.6690006915629322 0.7943464730290456 0.6491182572614107 0.795643153526971 0.6422026279391424