0 0.041299273858921196 0.3772475795297373 0.08104253112033197 0.14263485477178423
0 0.05102437759336102 0.49870331950207475 0.09789937759336098 0.12966804979253108
0 0.17518153526970956 0.4809820193637621 0.09984439834024898 0.13053250345781459
0 0.28604771784232363 0.48876210235131395 0.09984439834024897 0.1374481327800829
0 0.3285140041493776 0.5812586445366529 0.0940093360995851 0.12015905947441206
0 0.37811203319502074 0.39669778699861696 0.0868775933609958 0.12966804979253108
0 0.4510503112033195 0.47060857538035966 0.09660269709543572 0.12707468879668038
0 0.5301478215767634 0.4740663900414938 0.07715248962655599 0.12534578146611342
0 0.6030860995850622 0.5306881051175657 0.08687759336099585 0.11929460580912862
0 0.5622406639004149 0.6301002766251729 0.08817427385892121 0.11583679114799447
0 0.596926867219917 0.36860304287690193 0.10178941908713686 0.12534578146611342
0 0.6935295643153527 0.4416493775933611 0.08104253112033195 0.10892116182572611
0 0.7632261410788381 0.4684474412171509 0.0674273858921162 0.10200553250345781
0 0.7557702282157676 0.6348547717842323 0.08882261410788388 0.11843015214384517
0 0.9094268672199171 0.4183091286307055 0.09919605809128633 0.12275242047026277
0 0.07047639860139861 0.3918269230769231 0.06774475524475525 0.4063956876456877 0.06392045454545456 0.41368006993006995 0.054632867132867136 0.4246066433566434 0.04807692307692308 0.4304341491841492 0.033872377622377624 0.43480477855477856 0.02786276223776224 0.43917540792540793 0.02021416083916084 0.44208916083916083 0.017482517482517484 0.44208916083916083 0.019667832167832168 0.4253350815850816 0.020760489510489512 0.37871503496503495 0.036057692307692304 0.37871503496503495 0.04261363636363637 0.3874562937062937 0.05244755244755245 0.3896416083916084
0 0.039335664335664336 0.4450029137529138 0.021306818181818184 0.4479166666666667 0.015843531468531468 0.45592948717948717 0.015297202797202796 0.47705419580419584 0.014750874125874128 0.4945367132867133 0.015297202797202796 0.5360576923076922 0.015843531468531468 0.5477127039627039 0.018575174825174824 0.5571824009324009 0.03004807692307692 0.5513548951048951 0.038789335664335664 0.5506264568764567 0.05900349650349651 0.5498980186480186 0.0743006993006993 0.5455273892773892 0.0857736013986014 0.5411567599067599 0.0934222027972028 0.5338723776223776 0.09451486013986014 0.5287733100233101 0.08795891608391608 0.5287733100233101 0.08358828671328672 0.5258595571095571 0.07867132867132867 0.515661421911422 0.07539335664335664 0.5047348484848485 0.07047639860139861 0.49745046620046623 0.06337412587412587 0.48943764568764575 0.054632867132867136 0.47778263403263405 0.05080856643356644 0.4661276223776224 0.04753059440559441 0.4581148018648019
0 0.1464160839160839 0.4267919580419581 0.1371284965034965 0.43553321678321677 0.13057255244755245 0.445731351981352 0.1294798951048951 0.4566579254079254 0.1294798951048951 0.46976981351981356 0.13385052447552448 0.48579545454545453 0.14368444055944057 0.5134761072261073 0.14750874125874128 0.5185751748251748 0.15625 0.5338723776223776 0.16280594405594406 0.5411567599067599 0.1710008741258741 0.5455273892773892 0.1808347902097902 0.5404283216783217 0.1890297202797203 0.5287733100233101 0.19394667832167833 0.5185751748251748 0.20104895104895104 0.5112907925407926 0.20869755244755245 0.5003642191142191 0.21689248251748255 0.48943764568764575 0.22017045454545453 0.4792395104895105 0.21798513986013987 0.46831293706293703 0.2097902097902098 0.45083041958041964 0.2021416083916084 0.43407634032634035 0.18848339160839161 0.4246066433566434 0.17646416083916086 0.4246066433566434 0.1600743006993007 0.42242132867132864 0.15570367132867133 0.4231497668997669
0 0.25568181818181823 0.4413607226107226 0.2453015734265734 0.45083041958041964 0.24038461538461536 0.4639423076923077 0.2420236013986014 0.47996794871794873 0.2491258741258741 0.4945367132867133 0.25786713286713286 0.5083770396270396 0.27043269230769235 0.522217365967366 0.28409090909090906 0.5389714452214452 0.29228583916083917 0.5484411421911422 0.31140734265734266 0.5557255244755245 0.3201486013986014 0.5433420745920745 0.32342657342657344 0.5258595571095571 0.32888986013986016 0.49089452214452217 0.33380681818181823 0.47268356643356646 0.33326048951048953 0.45155885780885785 0.32670454545454547 0.4377185314685315 0.32288024475524474 0.43407634032634035 0.31632430069930073 0.4384469696969697 0.3053977272727273 0.4377185314685315 0.2933784965034965 0.436261655011655 0.28736888111888115 0.43407634032634035 0.28135926573426573 0.4384469696969697 0.274256993006993 0.44208916083916083
0 0.2846372377622378 0.5790355477855478 0.2879152097902098 0.5943327505827506 0.29228583916083917 0.6016171328671328 0.3026660839160839 0.611815268065268 0.307583041958042 0.6183712121212122 0.31632430069930073 0.6285693473193473 0.3223339160839161 0.6343968531468531 0.33107517482517484 0.6365821678321678 0.3381774475524476 0.6365821678321678 0.34582604895104896 0.6336684149184149 0.3529283216783217 0.6292977855477856 0.3589379370629371 0.6241987179487178 0.36494755244755245 0.6183712121212122 0.36658653846153844 0.611815268065268 0.3715034965034965 0.5826777389277389 0.3698645104895105 0.5695658508158508 0.36658653846153844 0.5564539627039626 0.35784527972027974 0.5418851981351981 0.35347465034965037 0.5331439393939393 0.34801136363636365 0.5273164335664335 0.33763111888111885 0.5302301864801865 0.33653846153846156 0.5346008158508158 0.3277972027972028 0.5404283216783217 0.32124125874125875 0.5469842657342656 0.317416958041958 0.554268648018648 0.30976835664335667 0.560824592074592 0.30157342657342656 0.5644667832167832 0.29665646853146854 0.5695658508158508 0.2917395104895105 0.5753933566433566
0 0.35511363636363635 0.3422931235431236 0.3469187062937063 0.35030594405594406 0.34090909090909094 0.3597756410256411 0.3381774475524476 0.37580128205128205 0.34036276223776224 0.39546911421911424 0.3447333916083916 0.4093094405594406 0.349104020979021 0.4231497668997669 0.35019667832167833 0.43407634032634035 0.3512893356643357 0.4442744755244756 0.35565996503496505 0.45301573426573427 0.3589379370629371 0.45738636363636365 0.3616695804195804 0.46030011655011654 0.3693181818181818 0.46102855477855476 0.3807910839160839 0.4566579254079254 0.3851617132867133 0.45083041958041964 0.390625 0.4413607226107226 0.40100524475524474 0.43189102564102566 0.4102928321678322 0.4209644522144522 0.41520979020979026 0.41295163170163174 0.4163024475524476 0.40421037296037293 0.41848776223776224 0.39255536130536134 0.41466346153846156 0.3809003496503497 0.4097465034965035 0.37652972027972026 0.4064685314685315 0.385270979020979 0.40155157342657344 0.3889131701631702 0.39390297202797203 0.3823572261072261 0.3917176573426574 0.37871503496503495 0.3884396853146853 0.3699737762237762 0.3868006993006993 0.3656031468531468 0.38243006993006995 0.3612325174825175 0.3786057692307693 0.3561334498834499 0.3736888111888112 0.3517628205128205 0.3682255244755245 0.34739219114219116
0 0.44088723776223776 0.41877913752913754 0.43269230769230776 0.41732226107226106 0.42449737762237766 0.4246066433566434 0.41903409090909094 0.4297057109557109 0.4130244755244755 0.4377185314685315 0.4135708041958043 0.45228729603729606 0.4141171328671329 0.4646707459207459 0.40920017482517484 0.47778263403263405 0.4059222027972028 0.48579545454545453 0.4048295454545455 0.5061917249417249 0.4059222027972028 0.5163898601398602 0.4130244755244755 0.522217365967366 0.4195804195804196 0.5236742424242424 0.4277753496503497 0.522217365967366 0.4348776223776224 0.5185751748251748 0.4419798951048951 0.515661421911422 0.45509178321678323 0.5134761072261073 0.462194055944056 0.5105623543123543 0.47148164335664344 0.5069201631701632 0.4769449300699301 0.49963578088578087 0.48568618881118886 0.4865238927738928 0.4878715034965035 0.47851107226107226 0.4884178321678322 0.47195512820512825 0.48677884615384615 0.4675844988344988 0.4824082167832168 0.461756993006993 0.4785839160839161 0.45520104895104896 0.47312062937062943 0.4471882284382284 0.46765734265734266 0.4384469696969697 0.463833041958042 0.43407634032634035 0.4561844405594406 0.4260635198135198 0.4474431818181818 0.4180506993006993
0 0.5130026223776224 0.4297057109557109 0.5048076923076923 0.43480477855477856 0.5015297202797203 0.44208916083916083 0.4982517482517482 0.45301573426573427 0.49989073426573427 0.4639423076923077 0.505354020979021 0.47851107226107226 0.5108173076923077 0.49089452214452217 0.5195585664335665 0.49745046620046623 0.5239291958041958 0.5025495337995338 0.5337631118881119 0.5120192307692307 0.5381337412587412 0.5171182983682984 0.5441433566433567 0.5236742424242424 0.5506993006993007 0.5273164335664335 0.5528846153846154 0.5171182983682984 0.5561625874125874 0.5025495337995338 0.5583479020979021 0.49307983682983686 0.5638111888111889 0.47851107226107226 0.5649038461538461 0.46831293706293703 0.5665428321678322 0.4537441724941725 0.5649038461538461 0.44208916083916083 0.5599868881118881 0.43334790209790214 0.5550699300699301 0.4253350815850816 0.5490603146853147 0.41877913752913754 0.5414117132867133 0.41513694638694637 0.5364947552447552 0.41659382284382285 0.5315777972027973 0.42242132867132864 0.5222902097902098 0.4253350815850816
0 0.6080638111888113 0.47778263403263405 0.6080638111888113 0.48215326340326337 0.6075174825174826 0.487252331002331 0.6020541958041958 0.4923513986013986 0.5965909090909091 0.49599358974358976 0.5900349650349651 0.49963578088578087 0.5840253496503497 0.5061917249417249 0.5747377622377623 0.515661421911422 0.5692744755244756 0.5251311188811189 0.5654501748251748 0.5375145687645687 0.5638111888111889 0.5462558275058275 0.5659965034965035 0.5535402097902098 0.5725524475524476 0.5615530303030302 0.5878496503496503 0.5659236596736597 0.6026005244755245 0.5644667832167832 0.6102491258741259 0.5717511655011654 0.621722027972028 0.5819493006993006 0.6310096153846154 0.5826777389277389 0.6419361888111889 0.5739364801864801 0.6419361888111889 0.5622814685314684 0.6419361888111889 0.5520833333333334 0.6408435314685315 0.5411567599067599 0.6397508741258742 0.5302301864801865 0.6397508741258742 0.5207604895104895 0.6381118881118881 0.5098339160839161 0.6375655594405595 0.5025495337995338 0.6326486013986015 0.49380827505827507 0.626638986013986 0.4865238927738928 0.620083041958042 0.47851107226107226
0 0.5430506993006994 0.5921474358974359 0.5354020979020979 0.595789627039627 0.5277534965034965 0.6038024475524476 0.5244755244755245 0.6154574592074591 0.5233828671328672 0.6285693473193473 0.5299388111888113 0.6445949883449883 0.537041083916084 0.6504224941724941 0.5512456293706294 0.6598921911421911 0.5594405594405595 0.6686334498834499 0.572006118881119 0.6810168997668998 0.5807473776223777 0.6795600233100232 0.5938592657342657 0.6649912587412586 0.5971372377622377 0.6496940559440559 0.5976835664335665 0.6322115384615384 0.5987762237762239 0.6161858974358975 0.5987762237762239 0.605259324009324 0.5944055944055944 0.5928758741258741 0.5905812937062938 0.5921474358974359 0.5823863636363636 0.5914189976689976 0.5736451048951049 0.5914189976689976 0.5698208041958043 0.5914189976689976 0.5698208041958043 0.6016171328671328 0.5659965034965035 0.6081730769230769 0.5605332167832169 0.6110868298368298 0.5556162587412588 0.6067162004662005 0.548513986013986 0.5965180652680652
0 0.6927447552447552 0.3903700466200466 0.6856424825174826 0.3889131701631702 0.6790865384615385 0.3896416083916084 0.6714379370629371 0.39328379953379955 0.6654283216783217 0.4049388111888112 0.6626966783216783 0.41440850815850816 0.659965034965035 0.4282488344988345 0.6577797202797203 0.43990384615384615 0.6528627622377623 0.45301573426573427 0.6550480769230769 0.47122668997669 0.661604020979021 0.47778263403263405 0.6676136363636365 0.4792395104895105 0.6730769230769231 0.48870920745920743 0.6867351398601399 0.487252331002331 0.6993006993006994 0.48142482517482516 0.7069493006993007 0.47268356643356646 0.7222465034965035 0.4566579254079254 0.7244318181818182 0.445731351981352 0.7238854895104895 0.43189102564102566 0.7189685314685315 0.4231497668997669 0.7145979020979022 0.41877913752913754 0.7113199300699301 0.4267919580419581 0.7020323426573427 0.42242132867132864 0.698208041958042 0.41877913752913754 0.693291083916084 0.410766317016317 0.693291083916084 0.39765442890442887
0 0.7905375874125874 0.4275203962703963 0.7943618881118881 0.4413607226107226 0.7932692307692308 0.45228729603729606 0.7921765734265735 0.4646707459207459 0.7899912587412588 0.47559731934731936 0.7883522727272727 0.48943764568764575 0.7867132867132868 0.5018210955710956 0.7807036713286714 0.5083770396270396 0.7736013986013986 0.5105623543123543 0.7681381118881119 0.512747668997669 0.7566652097902098 0.5214889277389277 0.7451923076923077 0.5083770396270396 0.7386363636363636 0.49890734265734266 0.7298951048951049 0.4836101398601399 0.7288024475524476 0.47341200466200467 0.7288024475524476 0.4653991841491842 0.7293487762237763 0.4537441724941725 0.7315340909090909 0.445731351981352 0.7359047202797203 0.43990384615384615 0.7446459790209791 0.4450029137529138 0.7533872377622378 0.4464597902097902 0.7604895104895105 0.445731351981352 0.7664991258741259 0.44281759906759904 0.7736013986013986 0.4377185314685315 0.7790646853146853 0.43407634032634035
0 0.7288024475524476 0.5906905594405595 0.7222465034965035 0.5928758741258741 0.7189685314685315 0.6001602564102563 0.7184222027972028 0.6140005827505827 0.7189685314685315 0.6234702797202797 0.7173295454545455 0.6409527972027971 0.7184222027972028 0.6598921911421911 0.7227928321678322 0.6737325174825174 0.7304414335664335 0.6781031468531468 0.738090034965035 0.6781031468531468 0.7435533216783218 0.6824737762237763 0.7533872377622378 0.6868444055944055 0.7664991258741259 0.681745337995338 0.774694055944056 0.6686334498834499 0.782888986013986 0.6555215617715617 0.7899912587412588 0.6424096736596737 0.791083916083916 0.6256555944055944 0.7817963286713286 0.6140005827505827 0.7681381118881119 0.6045308857808858 0.7621284965034965 0.6103583916083916 0.7561188811188811 0.6176427738927739 0.7451923076923077 0.6198280885780886 0.736451048951049 0.6169143356643356 0.736451048951049 0.6008886946386945 0.7369973776223777 0.595789627039627
0 0.8648382867132867 0.41149475524475526 0.8681162587412589 0.43189102564102566 0.8719405594405595 0.4442744755244756 0.8801354895104895 0.4537441724941725 0.8899694055944056 0.461756993006993 0.900895979020979 0.4704982517482518 0.9069055944055945 0.47341200466200467 0.9058129370629372 0.45083041958041964 0.9058129370629372 0.4377185314685315 0.9069055944055945 0.4260635198135198 0.9069055944055945 0.41732226107226106 0.8970716783216783 0.41659382284382285 0.892701048951049 0.41513694638694637 0.887784090909091 0.4085810023310023 0.8872377622377623 0.40421037296037293 0.8697552447552448 0.4078525641025641