0 0.133984375 0.37378472222222225 0.11223958333333331 0.12118055555555554
0 0.19206054145867996 0.34670341098169716 0.11641274958402656 0.1343790441856165
0 0.2319010416666667 0.4585069444444444 0.10494791666666672 0.1440972222222222
0 0.30396409629783694 0.31009977583656867 0.08084485926234053 0.13478288500647068
0 0.36393229166666663 0.35798611111111106 0.0872395833333333 0.1277777777777778
0 0.4420296850725311 0.3621357296362008 0.08346747469303777 0.12874548404592723
0 0.5018522926319088 0.2495445257494926 0.09108708140284927 0.14049428183434814
0 0.5118574027652653 0.421297908757044 0.09868102780280283 0.12129307137480096
0 0.47271468568921354 0.5369405097423058 0.10270977209944779 0.128693600368324
0 0.6358441458641675 0.3425636459696291 0.08887579172833507 0.150405069717036
0 0.6975260416666667 0.3647569444444444 0.07317708333333339 0.14548611111111112
0 0.7009552662478589 0.5226433502608195 0.11371446750428227 0.1415188550339164
0 0.920123795410427 0.18710135884636708 0.11160175748752081 0.1387860510260675
0 0.8308502865945494 0.29759595795936583 0.11274223985576529 0.13269191591873172
0 0.9380236514955124 0.34732693662547287 0.12395269700897522 0.165762793415721
0 0.19031368787977682 0.2884711471774585 0.17390743787977683 0.2884711471774585 0.1647928545464435 0.2943739249552363 0.15515743787977684 0.309651702733014 0.1507303545464435 0.31798503606634737 0.14968868787977685 0.33395725828856965 0.1561991045464435 0.34888781384412515 0.16687618787977684 0.36520725828856965 0.17729285454644347 0.38326281384412514 0.1890116045464435 0.3968044805107918 0.19708452121311018 0.4075683693996807 0.20843949320576818 0.41285068866703634 0.2206587111758181 0.41319733314845625 0.2279382452856351 0.40522451007579957 0.23677767956184143 0.392052019781845 0.242757296866334 0.37679966259937137 0.24479166666666674 0.3607638888888889 0.24791666666666673 0.34375 0.24661458333333336 0.3260416666666667 0.2417173634220744 0.30885734424107963 0.22755327121311023 0.3013183693996807 0.21948035454644343 0.2943739249552363 0.20645952121311018 0.289165591621903
0 0.23004231983296716 0.41265106166415916 0.21676106983296717 0.4220260616641591 0.20295898649963381 0.4341788394419369 0.19566731983296717 0.44390106166415916 0.1946256531663005 0.4564010616641591 0.2006152364996338 0.4737621727752703 0.2084277364996338 0.49147050610860354 0.21936523649963383 0.504664950553048 0.2258756531663005 0.5150816172197147 0.23603190316630052 0.5258455061086036 0.2500944031663005 0.5289705061086036 0.26389648649963393 0.5164705061086036 0.27446530088740995 0.5047149426881125 0.2812248682750972 0.49015587446847847 0.28356471852468124 0.4638108938805694 0.28278476844148653 0.44405215843963763 0.2762851844148641 0.42568000092438524 0.26389648649963393 0.41056772833082583 0.25269856983296723 0.4070955061086036 0.24202148649963381 0.4070955061086036
0 0.31081163310152216 0.2817471284047765 0.3039127495840267 0.2746741541874653 0.2993532997681887 0.2643860172936654 0.29023871643485544 0.2567471284047765 0.2834678831015221 0.25639990618255426 0.27669704976818876 0.25917768396033203 0.2696657997681887 0.26994157284922093 0.26549913310152207 0.281052683960332 0.26405730033277874 0.30053441024218885 0.2676970673876872 0.31336025605472356 0.27419665141430954 0.3331189914956553 0.28008246643485546 0.35188601729366537 0.2842491331015221 0.36785823951588764 0.29466579976818874 0.37549712840477656 0.3084678831015222 0.36994157284922097 0.3175824664348555 0.3584832395158876 0.32396483291736 0.34967415418746534 0.32708983291736 0.33404915418746534 0.33307941625069337 0.325715820854132 0.34361220881863563 0.31648005638750226 0.345172108985025 0.30053441024218885 0.33476996643485546 0.2848721284047765 0.32695746643485546 0.27584435062699875 0.3178428831015222 0.27584435062699875
0 0.3571657997681887 0.31855210621952956 0.344405383101522 0.3175104395528629 0.338155383101522 0.32237155066397405 0.333467883101522 0.3300104395528629 0.3293012164348554 0.3386909951084185 0.32865233291735996 0.3503680208911073 0.32799913310152207 0.36195488399730735 0.3269574664348554 0.3699409951084185 0.32253038310152204 0.37896877288619624 0.32018663310152207 0.3904271062195296 0.3191449664348554 0.4015382173306407 0.32318358291735994 0.41529857644666285 0.3294335829173599 0.4198124653355517 0.3415407997681887 0.41959377288619637 0.3540407997681887 0.4157743284417519 0.366280383101522 0.41507988399730744 0.37851996643485536 0.41507988399730744 0.3860720497681887 0.41021877288619635 0.39948566625069326 0.3993263542244406 0.40521483291735994 0.3882152431133295 0.4044335829173599 0.3673819097799962 0.3971419162506933 0.35870135422444066 0.39348958333333334 0.3506944444444445 0.38723958333333336 0.3409722222222222 0.37838541666666664 0.33125 0.3703125 0.3215277777777778
0 0.4236583924927147 0.32884139859493444 0.414804225826048 0.3368275097060456 0.4108979758260479 0.35279973192826775 0.4119396424927147 0.36842473192826775 0.4150646424927146 0.38404973192826775 0.4207938091593813 0.39168862081715666 0.4293875591593813 0.3989802874838233 0.440585475826048 0.4107858430393789 0.4536063091593814 0.42224417637271217 0.46480422582604797 0.42606362081715665 0.471054225826048 0.4149525097060455 0.46871047582604797 0.4024525097060455 0.4728771424927148 0.39689695415049 0.481210475826048 0.39099417637271217 0.48303339249271476 0.3774525097060455 0.48303339249271476 0.3649525097060455 0.48225214249271475 0.35002195415049 0.474179225826048 0.33752195415048997 0.4700125591593814 0.33092473192826777 0.4619396424927146 0.3243275097060455 0.4489188091593812 0.3194663985949344 0.44136672582604797 0.3201608430393789 0.4306896424927146 0.32189695415048997
0 0.4711475900164858 0.22732340219237634 0.4596892566831525 0.24919840219237635 0.4586475900164859 0.26378173552570977 0.46411634001648594 0.28843451330348724 0.4727100900164859 0.3037122910812651 0.4802083333333333 0.3138888888888889 0.4924479166666667 0.3201388888888889 0.5145833333333334 0.31875 0.5268767566831525 0.3113511799701539 0.5390702995008321 0.30071582085413184 0.5466145833333333 0.2875 0.5448455066831526 0.2613511799701541 0.5378142566831525 0.23947617997015413 0.5292205066831526 0.2255872910812652 0.5175017566831526 0.21412895774793186 0.5042205066831525 0.20614284663682078 0.4935434233498193 0.20822617997015413 0.484428840016486 0.21135117997015412 0.4784392566831526 0.2203789577479319
0 0.495106356655421 0.3904096558937477 0.48885635665542104 0.39839576700485885 0.48547093998875435 0.4081179892270811 0.48208552332208765 0.42200687811597 0.4789605233220876 0.4348541003381923 0.4823459399887543 0.44874298922708117 0.48937718998875435 0.4595068781159701 0.4987521899887543 0.4661041003381922 0.5089084399887543 0.47096521144930337 0.5175021899887543 0.4699235447826367 0.5260959399887544 0.47304854478263675 0.536512606655421 0.4779096558937479 0.547450106655421 0.4817291003381923 0.5578125 0.4756944444444445 0.56015625 0.46076388888888886 0.56015625 0.45243055555555556 0.5583333333333333 0.4461805555555555 0.5570855233220876 0.43068743367152557 0.556043856655421 0.41645132256041445 0.5529188566554211 0.40464576700485894 0.5484917733220877 0.39249298922708115 0.539637606655421 0.38172910033819224 0.5307834399887543 0.37513187811597 0.5227105233220877 0.37200687811597 0.5133355233220877 0.3740902114493033 0.5023980233220876 0.3838124336715255
0 0.47829095604547983 0.4950042752819376 0.47335127218524686 0.4977774311332964 0.4679397137367739 0.5017540210759847 0.46273138040344064 0.5024484655204291 0.4530959637367739 0.5086984655204291 0.44997096373677403 0.5177262432982068 0.4502313804034407 0.5274484655204291 0.4478876304034407 0.5399484655204287 0.45049179707010734 0.5510595766315399 0.45465846373677393 0.56043457663154 0.46221054707010734 0.5670317988537621 0.470283463736774 0.57605957663154 0.48252304707010724 0.5833512432982066 0.49033554707010724 0.5927262432982067 0.5002313804034407 0.5982817988537621 0.5111979166666667 0.6010416666666667 0.51953125 0.5895833333333333 0.5223958333333333 0.5753472222222222 0.5215855470701073 0.5559206877426511 0.5221063804034407 0.5284901321870957 0.5197626304034407 0.505573465520429 0.5127313804034407 0.4958512432982068 0.5007522137367741 0.49168457663154014 0.48721054707010725 0.49029568774265125 0.4817417970701072 0.4934206877426513
0 0.6316711730449251 0.3247943242743575 0.6232850243072473 0.3229019869431856 0.617295440973914 0.31873532027651896 0.6105246076405807 0.3176936536098522 0.6037537743072473 0.31942976472096335 0.5982850243072473 0.3256797647209633 0.594639190973914 0.33644365360985223 0.593076690973914 0.35206865360985223 0.5912537743072473 0.36942976472096334 0.5925558576405807 0.3826242091654078 0.5917746076405807 0.3975547647209634 0.5948996076405807 0.40484643138763 0.5980246076405806 0.40901309805429675 0.6057378327787022 0.41321813181734146 0.613810749445369 0.4142597984840081 0.6193787743072473 0.4093603202765189 0.6297954409739139 0.4006797647209634 0.6425558576405808 0.3906103202765189 0.6529898086522464 0.3778309299315954 0.652451690973914 0.3656103202765189 0.6511496076405806 0.3541519869431856 0.6495871076405807 0.3465130980542967 0.6438903910149751 0.3473262155666481 0.6381707570715476 0.33415372527269355
0 0.6654860453571856 0.3561265517926435 0.6626214620238522 0.36168210734819906 0.6605381286905189 0.3762654406815324 0.6634027120238521 0.3901543295704213 0.6693922953571856 0.4057793295704213 0.6786458333333334 0.4204861111111111 0.6842360453571856 0.42800155179264354 0.6925693786905189 0.4342515517926435 0.7097568786905188 0.43459877401486574 0.7209547953571855 0.4328626629037546 0.7285068786905189 0.42730710734819904 0.7321527120238522 0.42244599623708795 0.7342360453571856 0.4102932184593102 0.7346306503050472 0.39828526529857644 0.7339756286905189 0.38980710734819907 0.7339756286905189 0.36515432957042127 0.7313714620238523 0.35300155179264353 0.7242187500000001 0.34131944444444445 0.7250112659456461 0.3421288593085598 0.7174717484747644 0.3355426141615825 0.7096722476428174 0.3355426141615825 0.6975172953571855 0.3384182184593102 0.6886631286905189 0.3422376629037547 0.6818922953571855 0.3477932184593102 0.6732985453571856 0.35195988512597687
0 0.6941750416739442 0.48333668167643645 0.68394776067665 0.4842588740987242 0.6751646250072775 0.48854501500976977 0.6670917083406108 0.492017237231992 0.6620517106426367 0.4951230536838028 0.6584058773093033 0.4944286092393584 0.6547600439759701 0.4999841647949139 0.6534579606426367 0.5083174981282472 0.6524162939759701 0.5197758314615806 0.6560621273093034 0.5294980536838029 0.6565829606426367 0.541998053683803 0.6584058773093033 0.5513730536838027 0.6592792083406109 0.5638922372319918 0.6615308773093034 0.5742897203504694 0.6627682161674986 0.5864808652246254 0.67116629397597 0.5933869425726915 0.6765702995008318 0.5962030874468477 0.6843827995008318 0.5948141985579587 0.69069754397597 0.5944286092393583 0.7036458333333333 0.5888888888888889 0.7158854166666667 0.5739583333333333 0.72421875 0.5534722222222223 0.7330729166666667 0.5326388888888889 0.7315104166666667 0.5114583333333333 0.7247395833333333 0.49756944444444445 0.7169270833333333 0.4895833333333333 0.71022879397597 0.49060916479491395
0 0.833926727400312 0.2572624253214154 0.821426727400312 0.26837353643252654 0.8123121440669786 0.27497075865474874 0.803197560733645 0.272192980876971 0.799551727400312 0.2763596475436377 0.7935621440669787 0.2843457586547488 0.7935621440669787 0.2947624253214155 0.7941824389905712 0.3022606997596598 0.7983421727676095 0.30815365594379734 0.7991221228508042 0.3182063459049732 0.8018954774003119 0.32462353643252656 0.8071038107336452 0.33156798087697104 0.8177808940669786 0.3402485364325266 0.8235100607336451 0.33955409198808206 0.8310621440669786 0.3506652030991933 0.8394195438158624 0.3559905943797375 0.8518987451469775 0.36431006193381404 0.8609981627842485 0.36119026160103535 0.8666787992235163 0.3528060870770938 0.875 0.33958333333333335 0.8783854166666666 0.32013888888888886 0.8833333333333334 0.29270833333333335 0.8856770833333334 0.27361111111111114 0.88203125 0.25590277777777776 0.8695776136993898 0.24957073858384177 0.8633380130338326 0.24853080513958217 0.8591782792567942 0.25442376132371974
0 0.9088450672490296 0.15908381863560728 0.9005255996949529 0.1674032861896838 0.9033854166666668 0.18542879922351632 0.9049453168330561 0.20310766777592895 0.9025300402873665 0.20987977948048517 0.8807291666666666 0.2045138888888889 0.8778645833333334 0.2204861111111111 0.8880208333333334 0.2326388888888889 0.896875 0.2388888888888889 0.9083333333333334 0.2420138888888889 0.91953125 0.2451388888888889 0.9302083333333334 0.2513888888888889 0.9522696236206999 0.2553658905915962 0.9637279569540331 0.25397700170270743 0.9677161328341655 0.24586048715104453 0.975 0.2361111111111111 0.9739583333333334 0.2173611111111111 0.9747395833333334 0.20104166666666667 0.9760416666666666 0.184375 0.9752604166666666 0.17083333333333334 0.9731770833333334 0.1607638888888889 0.9648515495008322 0.146554931595489 0.9572994661674988 0.13961048715104454 0.9515702995008322 0.1344021538177112 0.9387431537714921 0.13412541597337765 0.9273038858846367 0.14244488352745419 0.9171133736206999 0.1550186683693741
0 0.9919270833333333 0.2996527777777778 0.9841145833333333 0.29583333333333334 0.9724023329173599 0.29899126455906816 0.9577441837460892 0.2941819490280676 0.9423796004127558 0.30182083791695646 0.9371712670794224 0.31189028236140093 0.9223275170794224 0.3216125045836231 0.9134733504127558 0.32959861569473425 0.9080046004127558 0.3403625045836231 0.9048796004127558 0.3514736156947343 0.9056608504127558 0.3757791712502898 0.9181608504127559 0.3875847268058453 0.9322496360232945 0.40417475503789974 0.9470686876039934 0.41561402292475497 0.9609375 0.42361111111111105 0.9716145833333334 0.428125 0.9830729166666666 0.4288194444444445 0.9903645833333334 0.421875 0.99453125 0.4184027777777778 0.9984375 0.4114583333333333 0.9997395833333332 0.34027777777777773 1 0.328125 0.9984375 0.3170138888888889 0.9984375 0.3065972222222222
0 0.08489583333333334 0.4034722222222222 0.07864583333333333 0.3777777777777778 0.08098958333333334 0.3590277777777778 0.09661458333333334 0.33819444444444446 0.10833333333333332 0.33298611111111115 0.1197916666666666 0.33265102144573855 0.13072916666666665 0.3354287992235163 0.1466145833333333 0.3447916666666667 0.15651041666666665 0.3614583333333334 0.1661458333333333 0.3836805555555556 0.1627604166666666 0.3996649103346275 0.15885416666666666 0.41180555555555554 0.15234375 0.42291666666666666 0.14010416666666664 0.43124999999999997 0.1265625 0.43368055555555557 0.11354166666666665 0.4323037992235164 0.10026041666666666 0.42640102144573855 0.08932291666666667 0.41423611111111114
0 0.04036458333333333 0.4015625 0.08072916666666666 0.11979166666666667
0 0.0010416666666666667 0.36006944444444444 0.011458333333333333 0.3597222222222222 0.020052083333333335 0.37986111111111115 0.02838541666666667 0.3923611111111111 0.034375 0.39305555555555555 0.0375 0.42743055555555554 0.047135416666666666 0.4263888888888889 0.05286458333333334 0.42604166666666665 0.055989583333333336 0.440625 0.05651041666666666 0.4493055555555555 0.04869791666666667 0.4545138888888889 0.03645833333333333 0.459375 0.024479166666666666 0.4600694444444445 0.006770833333333333 0.4590277777777778 0.0010416666666666667 0.459375