0 0.20355902777777776 0.42592592592592593 0.09548611111111112 0.10648148148148148
0 0.16362847222222224 0.5590277777777779 0.10069444444444446 0.12962962962962965
0 0.12152777777777776 0.6770833333333334 0.10503472222222224 0.13425925925925927
0 0.3606770833333333 0.5034722222222221 0.07986111111111108 0.13425925925925922
0 0.3745659722222222 0.6215277777777779 0.0885416666666667 0.12962962962962965
0 0.48741319444444436 0.6035879629629629 0.078125 0.1400462962962963
0 0.6067708333333334 0.6145833333333334 0.09461805555555562 0.13425925925925927
0 0.622829861111111 0.7002314814814814 0.09548611111111116 0.12268518518518512
0 0.6731770833333333 0.5219907407407407 0.08333333333333322 0.13194444444444448
0 0.736111111111111 0.5896990740740741 0.08767361111111124 0.12847222222222215
0 0.8177083333333333 0.5960648148148148 0.07899305555555562 0.1412037037037037
0 0.8953993055555556 0.4976851851851851 0.10763888888888892 0.12499999999999994
0 0.9590711805555555 0.5556599608629248 0.07873263888888893 0.11363473654066443
0 0.890625 0.6533564814814814 0.09461805555555572 0.12847222222222227
0 0.8368055555555556 0.7476851851851852 0.0894097222222224 0.12962962962962965
0 0.19268672199170128 0.3828665283540803 0.17907157676348548 0.38891770401106507 0.17258817427385895 0.39583333333333337 0.16610477178423239 0.40966459197787003 0.1602697095435685 0.42176694329183967 0.1589730290456432 0.4468360995850623 0.16934647302904565 0.46412517289073313 0.17647821576763487 0.471905255878285 0.18555497925311207 0.47449861687413564 0.20111514522821577 0.4727697095435685 0.2095435684647303 0.47104080221300143 0.23029045643153528 0.4658540802213002 0.2445539419087137 0.4589384508990319 0.247795643153527 0.44770055325034586 0.2439056016597511 0.4364626556016598 0.23677385892116182 0.4252247579529738 0.22899377593360998 0.41485131396957126 0.2231587136929461 0.4062067773167359 0.2166753112033195 0.39669778699861696 0.20759854771784236 0.3854598893499309
0 0.20695020746887968 0.5358748271092669 0.20241182572614108 0.5600795297372062 0.1952800829875519 0.5808264177040111 0.18879668049792536 0.5972510373443983 0.18101659751037347 0.6084889349930844 0.17453319502074693 0.6110822959889349 0.16675311203319504 0.6110822959889349 0.149896265560166 0.5894709543568465 0.14017116182572617 0.5799619640387275 0.12655601659751042 0.558350622406639 0.12396265560165978 0.5436549100968189 0.12461099585062244 0.5272302904564315 0.13174273858921165 0.5168568464730291 0.13887448132780086 0.5125345781466114 0.15054460580912865 0.5064834024896266 0.15508298755186725 0.5255013831258645 0.16091804979253116 0.5324170124481328 0.1699948132780083 0.5332814661134163 0.17712655601659755 0.5203146611341632 0.18425829875518676 0.5116701244813279 0.19463174273858924 0.5177213001383126
0 0.14730290456431538 0.707036652835408 0.13757780082987553 0.718274550484094 0.1252593360995851 0.7312413554633471 0.11164419087136931 0.7407503457814661 0.0960840248962656 0.7381569847856154 0.08635892116182575 0.7329702627939143 0.07728215767634858 0.7035788381742738 0.07468879668049795 0.6897475795297372 0.07339211618257264 0.6802385892116182 0.07274377593360999 0.6690006915629322 0.07339211618257264 0.6638139695712311 0.08765560165975106 0.6672717842323652 0.091545643153527 0.6690006915629322 0.0870072614107884 0.686289764868603 0.0870072614107884 0.6975276625172891 0.09219398340248966 0.7061721991701245 0.10127074688796685 0.7035788381742738 0.11812759336099588 0.6966632088520055 0.12331431535269713 0.6949343015214385 0.13757780082987553 0.7018499308437068 0.14081950207468882 0.7044432918395575
0 0.3366182572614108 0.47968533886583686 0.3236514522821577 0.5116701244813279 0.3236514522821577 0.537603734439834 0.3314315352697096 0.5574861687413555 0.3398599585062241 0.5626728907330567 0.3508817427385892 0.5669951590594745 0.366441908713693 0.5609439834024896 0.37227697095435686 0.558350622406639 0.38394709543568467 0.5445193637621024 0.3891338174273859 0.5358748271092669 0.39367219917012447 0.5306881051175657 0.38783713692946054 0.5263658367911481 0.37876037344398344 0.5229080221300139 0.37098029045643155 0.5177213001383126 0.366441908713693 0.5168568464730291
0 0.37357365145228216 0.5687240663900415 0.3606068464730291 0.5721818810511756 0.3515300829875519 0.5808264177040111 0.34310165975103735 0.6102178423236515 0.3379149377593361 0.6352869986168741 0.33337655601659755 0.6465248962655602 0.33726659751037347 0.6629495159059474 0.3515300829875519 0.6672717842323652 0.36838692946058094 0.6672717842323652 0.3852437759336099 0.6672717842323652 0.39756224066390045 0.6612206085753803 0.40534232365145223 0.6482538035961273 0.40988070539419086 0.633558091286307 0.40339730290456427 0.6214557399723375 0.39691390041493774 0.6050311203319503 0.3917271784232365 0.5851486860304288 0.3865404564315353 0.5756396957123098
0 0.47017634854771784 0.5505705394190872 0.45396784232365145 0.5661307053941909 0.45202282157676343 0.59033540802213 0.4526711618257261 0.609353388658368 0.45850622406639 0.6309647302904564 0.4734180497925311 0.6465248962655602 0.4831431535269709 0.6594917012448133 0.498054979253112 0.6638139695712311 0.5110217842323651 0.6413381742738589 0.516856846473029 0.620591286307054 0.5220435684647302 0.5972510373443983 0.5200985477178424 0.5730463347164592 0.5123184647302904 0.5618084370677732 0.5012966804979253 0.5497060857538035 0.4805497925311203 0.547112724757953
0 0.5648340248962656 0.5816908713692946 0.5615923236514522 0.6033022130013831 0.5661307053941909 0.6179979253112032 0.577152489626556 0.6378803596127247 0.5862292531120332 0.6473893499308437 0.5966026970954357 0.6560338865836791 0.6037344398340249 0.6646784232365145 0.6167012448132779 0.6724585062240663 0.627723029045643 0.6724585062240663 0.6329097510373444 0.6603561549100968 0.6400414937759336 0.6370159059474413 0.6445798755186722 0.6058955739972338 0.6458765560165974 0.5842842323651453 0.6413381742738589 0.5739107883817428 0.6244813278008298 0.5739107883817428 0.6173495850622406 0.5730463347164592 0.6063278008298755 0.5765041493775933 0.5920643153526971 0.567859612724758 0.5842842323651452 0.5713174273858922
0 0.5816908713692945 0.6932053941908713 0.5888226141078838 0.7122233748271093 0.5991960580912863 0.7286479944674966 0.6154045643153527 0.7433437067773168 0.6264263485477178 0.7502593360995851 0.6400414937759336 0.7528526970954357 0.6465248962655601 0.7424792531120332 0.6549533195020747 0.737292531120332 0.6601400414937759 0.7286479944674966 0.6659751037344398 0.7096300138312587 0.6646784232365145 0.695798755186722 0.6601400414937759 0.676780774550484 0.658195020746888 0.6629495159059474 0.6439315352697095 0.6447959889349931 0.6452282157676348 0.6629495159059474 0.6342064315352697 0.6577627939142462 0.6309647302904564 0.6750518672199171 0.6167012448132779 0.6811030428769018 0.6082728215767634 0.6992565698478561 0.6024377593360996 0.7044432918395575 0.5914159751037344 0.6854253112033195
0 0.6471732365145229 0.47449861687413564 0.6367997925311203 0.4840076071922546 0.635503112033195 0.5073478561549102 0.6387448132780082 0.5280947441217152 0.6406898340248962 0.5445193637621024 0.6504149377593361 0.5661307053941909 0.6517116182572613 0.5747752420470263 0.6478215767634854 0.579097510373444 0.6517116182572613 0.588606500691563 0.6620850622406638 0.5825553250345782 0.6685684647302904 0.5739107883817428 0.6769968879668049 0.567859612724758 0.6841286307053942 0.5592150760719226 0.6964470954356846 0.5497060857538035 0.7081172199170125 0.5410615491009682 0.7120072614107883 0.5289591977869986 0.7055238589211618 0.5194502074688797 0.6970954356846473 0.5159923928077456 0.691908713692946 0.5004322268326419 0.6867219917012448 0.49610995850622414 0.673106846473029 0.4900587828492393 0.6646784232365145 0.4805497925311204 0.6575466804979253 0.4762275242047027
0 0.7275674273858921 0.5427904564315352 0.7068205394190871 0.5427904564315352 0.7035788381742738 0.5548928077455049 0.695798755186722 0.588606500691563 0.6945020746887967 0.6136756569847857 0.695798755186722 0.633558091286307 0.7009854771784232 0.6439315352697096 0.7094139004149377 0.6508471645919779 0.7230290456431534 0.6422026279391424 0.7288641078838174 0.6387448132780082 0.7418309128630705 0.6370159059474413 0.7567427385892116 0.6275069156293223 0.769061203319502 0.6179979253112032 0.7755446058091287 0.6041666666666666 0.7755446058091287 0.5851486860304288 0.7684128630705394 0.5739107883817428 0.7593360995850622 0.5626728907330567 0.7489626556016596 0.5548928077455049 0.7353475103734439 0.5410615491009682
0 0.8086099585062241 0.5557572614107884 0.787863070539419 0.5548928077455049 0.7807313278008299 0.5661307053941909 0.789808091286307 0.5834197786998616 0.7930497925311204 0.598115491009682 0.7813796680497925 0.5989799446749654 0.789808091286307 0.6136756569847857 0.7995331950207467 0.6231846473029046 0.8112033195020747 0.633558091286307 0.8235217842323651 0.6499827109266944 0.8325985477178424 0.6568983402489627 0.8436203319502076 0.6482538035961273 0.8423236514522822 0.633558091286307 0.8423236514522822 0.6214557399723375 0.8449170124481329 0.6128112033195021 0.8494553941908715 0.5920643153526971 0.8514004149377593 0.577368603042877 0.8507520746887968 0.567859612724758 0.8442686721991702 0.5522994467496543 0.8338952282157676 0.5419260027662517 0.8306535269709544 0.5505705394190872
0 0.7956431535269709 0.7312413554633471 0.7982365145228216 0.7476659751037344 0.8099066390041495 0.7597683264177041 0.8196317427385893 0.7692773167358229 0.8300051867219918 0.780515214384509 0.8462136929460581 0.7986687413554634 0.8604771784232366 0.8055843706777317 0.870850622406639 0.8055843706777317 0.8773340248962656 0.7874308437067773 0.8773340248962656 0.7623616874135546 0.8779823651452283 0.7407503457814661 0.878630705394191 0.7217323651452283 0.868905601659751 0.7174100968188105 0.8565871369294606 0.7156811894882434 0.8565871369294606 0.7295124481327802 0.8371369294605809 0.7251901798063625 0.8235217842323651 0.7174100968188105 0.8060165975103735 0.7225968188105117
0 0.8436203319502076 0.6482538035961273 0.8488070539419088 0.6741874135546335 0.8624221991701246 0.686289764868603 0.8812240663900415 0.6923409405255878 0.893542531120332 0.6992565698478561 0.9078060165975105 0.7104944674965421 0.9285529045643154 0.7122233748271093 0.9350363070539419 0.6992565698478561 0.9350363070539419 0.6854253112033195 0.9324429460580912 0.6733229598893499 0.9298495850622407 0.6612206085753803 0.929201244813278 0.6465248962655602 0.9240145228215768 0.6197268326417704 0.9162344398340249 0.6076244813278008 0.9019709543568466 0.5972510373443983 0.9039159751037344 0.6102178423236515 0.8909491701244814 0.6188623789764869 0.8734439834024897 0.6240491009681881 0.8656639004149378 0.6361514522821577 0.8565871369294606 0.6447959889349931
0 0.8514004149377593 0.483143153526971 0.8384336099585064 0.502161134163209 0.8455653526970954 0.5237724757952974 0.8624221991701246 0.5393326417704011 0.8831690871369295 0.5453838174273858 0.8993775933609959 0.54884163208852 0.9175311203319503 0.5548928077455049 0.933091286307054 0.5557572614107884 0.9467064315352698 0.5453838174273858 0.9492997925311204 0.5237724757952974 0.9415197095435686 0.49265214384509 0.9317946058091288 0.46931189488243436 0.9227178423236515 0.4554806362378977 0.9045643153526971 0.44337828492392817 0.8909491701244814 0.44251383125864463 0.878630705394191 0.44770055325034586 0.8695539419087137 0.4589384508990319 0.855938796680498 0.4753630705394192
0 0.9661566390041495 0.5142634854771785 0.9525414937759337 0.5108056708160443 0.9499481327800829 0.5220435684647303 0.9512448132780082 0.5367392807745506 0.9421680497925312 0.5548928077455049 0.9311462655601661 0.5574861687413555 0.9279045643153527 0.5730463347164592 0.92725622406639 0.5937932226832642 0.9421680497925312 0.5955221300138313 0.9512448132780082 0.6067600276625172 0.9784751037344398 0.6050311203319503 0.995331950207469 0.5911998616874136 0.9972769709543569 0.5661307053941909 0.9979253112033195 0.5479771784232366 0.9894968879668051 0.5401970954356847 0.9875518672199171 0.5229080221300139 0.9758817427385893 0.5142634854771785