0 0.09193313953488372 0.34253875968992253 0.08575581395348834 0.09980620155038758
0 0.045421511627906974 0.436531007751938 0.08575581395348837 0.11724806201550392
0 0.23110465116279072 0.4127906976744186 0.06758720930232562 0.10465116279069768
0 0.23473837209302326 0.4898255813953488 0.0806686046511628 0.10562015503875971
0 0.33720930232558144 0.47529069767441867 0.06468023255813957 0.08624031007751937
0 0.4269622093023256 0.4544573643410853 0.06540697674418597 0.10658914728682169
0 0.4894622093023256 0.4181201550387597 0.05959302325581408 0.10174418604651164
0 0.5421511627906976 0.46172480620155043 0.0646802325581394 0.10562015503875966
0 0.450218023255814 0.5465116279069768 0.0799418604651164 0.10852713178294575
0 0.6075581395348838 0.4714147286821706 0.05450581395348841 0.09011627906976744
0 0.6540697674418604 0.3885658914728682 0.07485465116279073 0.09108527131782947
0 0.6671511627906976 0.5164728682170543 0.06613372093023244 0.09108527131782941
0 0.6355377906976745 0.6104651162790697 0.0625 0.09108527131782947
0 0.7256540697674418 0.4505813953488372 0.056686046511627806 0.10852713178294575
0 0.7848837209302325 0.47674418604651164 0.05450581395348823 0.09496124031007748
0 0.7961482558139534 0.5949612403100775 0.0654069767441861 0.10658914728682174
0 0.8888081395348838 0.42344961240310075 0.07340116279069768 0.09689922480620154
0 0.9465843023255814 0.3507751937984496 0.06686046511627897 0.09689922480620154
0 0.9665697674418606 0.4791666666666667 0.06177325581395347 0.10368217054263565
0 0.05 0.35208333333333336 0.05 0.36041666666666666 0.0546875 0.36666666666666664 0.0546875 0.36875 0.065625 0.38333333333333336 0.0671875 0.38333333333333336 0.06875 0.3854166666666667 0.071875 0.3854166666666667 0.0765625 0.39166666666666666 0.09375 0.39166666666666666 0.0953125 0.38958333333333334 0.1015625 0.38958333333333334 0.103125 0.3875 0.1109375 0.3875 0.1125 0.3854166666666667 0.1171875 0.3854166666666667 0.11875 0.38333333333333336 0.121875 0.38333333333333336 0.1234375 0.38125 0.128125 0.38125 0.134375 0.3729166666666667 0.134375 0.36666666666666664 0.1328125 0.3645833333333333 0.1328125 0.36041666666666666 0.1296875 0.35625 0.1296875 0.3541666666666667 0.1234375 0.3458333333333333 0.1234375 0.34375 0.1109375 0.32708333333333334 0.1109375 0.325 0.1078125 0.32083333333333336 0.10625 0.32083333333333336 0.1015625 0.3145833333333333 0.1 0.3145833333333333 0.0984375 0.3125 0.0953125 0.3125 0.09375 0.3104166666666667 0.078125 0.3104166666666667 0.0765625 0.3125 0.0734375 0.3125 0.0703125 0.31666666666666665 0.06875 0.31666666666666665 0.0640625 0.3229166666666667 0.0625 0.3229166666666667 0.0609375 0.325 0.0609375 0.32708333333333334 0.05625 0.3333333333333333 0.05625 0.33541666666666664 0.053125 0.33958333333333335 0.053125 0.3416666666666667 0.0515625 0.34375 0.0515625 0.35
0 0.028125 0.38958333333333334 0.0265625 0.39166666666666666 0.025 0.39166666666666666 0.0234375 0.39375 0.021875 0.39375 0.0203125 0.3958333333333333 0.01875 0.3958333333333333 0.0171875 0.39791666666666664 0.015625 0.39791666666666664 0.0140625 0.4 0.0140625 0.40208333333333335 0.0078125 0.41041666666666665 0.0078125 0.4125 0.00625 0.41458333333333336 0.00625 0.41875 0.0046875 0.42083333333333334 0.0046875 0.4375 0.00625 0.4395833333333333 0.00625 0.44166666666666665 0.0078125 0.44375 0.0078125 0.4479166666666667 0.0171875 0.46041666666666664 0.01875 0.46041666666666664 0.0203125 0.4625 0.0203125 0.46458333333333335 0.0234375 0.46875 0.0234375 0.4708333333333333 0.025 0.4708333333333333 0.0375 0.4875 0.0390625 0.4875 0.040625 0.4895833333333333 0.0421875 0.4895833333333333 0.04375 0.49166666666666664 0.0484375 0.49166666666666664 0.05 0.4895833333333333 0.053125 0.4895833333333333 0.0546875 0.4875 0.05625 0.4875 0.071875 0.4666666666666667 0.071875 0.46458333333333335 0.084375 0.4479166666666667 0.084375 0.44583333333333336 0.0859375 0.44375 0.0859375 0.44166666666666665 0.0875 0.4395833333333333 0.0875 0.4270833333333333 0.0859375 0.425 0.0859375 0.42083333333333334 0.084375 0.41875 0.084375 0.4166666666666667 0.0828125 0.41458333333333336 0.0828125 0.4125 0.08125 0.41041666666666665 0.0796875 0.41041666666666665 0.075 0.4041666666666667 0.0734375 0.4041666666666667 0.071875 0.40208333333333335 0.0671875 0.40208333333333335 0.065625 0.4041666666666667 0.0640625 0.4041666666666667 0.0625 0.40625 0.059375 0.40625 0.0578125 0.4083333333333333 0.046875 0.4083333333333333 0.0453125 0.40625 0.04375 0.40625 0.040625 0.40208333333333335 0.040625 0.4 0.0390625 0.39791666666666664 0.0390625 0.3958333333333333 0.0359375 0.39166666666666666 0.0296875 0.39166666666666666
0 0.01875 0.5583333333333333 0.0171875 0.5583333333333333 0.015625 0.55625 0.0140625 0.55625 0.0125 0.5583333333333333 0 0.5583333333333333 0 0.5895833333333333 0.0015625 0.5895833333333333 0.0078125 0.58125 0.009375 0.58125 0.0109375 0.5791666666666667 0.0125 0.5791666666666667 0.015625 0.575 0.015625 0.5729166666666666 0.0171875 0.5708333333333333 0.0171875 0.56875 0.01875 0.5666666666666667 0.01875 0.5645833333333333 0.0203125 0.5625 0.0203125 0.5604166666666667
0 0.2140625 0.38125 0.20625 0.39166666666666666 0.20625 0.39375 0.203125 0.39791666666666664 0.203125 0.40208333333333335 0.2015625 0.4041666666666667 0.2015625 0.4125 0.2 0.41458333333333336 0.2 0.42083333333333334 0.1984375 0.42291666666666666 0.1984375 0.42916666666666664 0.196875 0.43125 0.196875 0.4375 0.1984375 0.4395833333333333 0.1984375 0.44166666666666665 0.203125 0.4479166666666667 0.203125 0.45208333333333334 0.2046875 0.45416666666666666 0.2046875 0.45625 0.20625 0.4583333333333333 0.2078125 0.4583333333333333 0.209375 0.46041666666666664 0.2109375 0.46041666666666664 0.2125 0.4625 0.2171875 0.4625 0.2234375 0.45416666666666666 0.225 0.45416666666666666 0.2359375 0.4395833333333333 0.24375 0.4395833333333333 0.2453125 0.44166666666666665 0.246875 0.44166666666666665 0.2484375 0.44375 0.253125 0.44375 0.2609375 0.43333333333333335 0.2609375 0.43125 0.2640625 0.4270833333333333 0.2640625 0.42291666666666666 0.2546875 0.42291666666666666 0.253125 0.42083333333333334 0.253125 0.41875 0.2515625 0.41875 0.2453125 0.41041666666666665 0.24375 0.41041666666666665 0.2421875 0.4083333333333333 0.2375 0.4083333333333333 0.23125 0.4 0.23125 0.3958333333333333 0.225 0.3875 0.2234375 0.3875 0.2203125 0.38333333333333336 0.21875 0.38333333333333336 0.2171875 0.38125
0 0.2515625 0.45208333333333334 0.25 0.45208333333333334 0.2484375 0.45 0.2328125 0.45 0.23125 0.45208333333333334 0.2296875 0.45208333333333334 0.2265625 0.45625 0.225 0.45625 0.215625 0.46875 0.215625 0.4708333333333333 0.2140625 0.47291666666666665 0.2140625 0.475 0.2109375 0.4791666666666667 0.2109375 0.48333333333333334 0.209375 0.48541666666666666 0.209375 0.4875 0.2078125 0.4895833333333333 0.2078125 0.49375 0.20625 0.49583333333333335 0.20625 0.4979166666666667 0.2046875 0.5 0.2046875 0.5020833333333333 0.2 0.5083333333333333 0.2 0.5104166666666666 0.1984375 0.5125 0.1984375 0.5166666666666667 0.196875 0.51875 0.196875 0.5291666666666667 0.203125 0.5375 0.209375 0.5375 0.2109375 0.5395833333333333 0.2140625 0.5395833333333333 0.215625 0.5375 0.246875 0.5375 0.2484375 0.5354166666666667 0.25625 0.5354166666666667 0.2578125 0.5333333333333333 0.259375 0.5333333333333333 0.2609375 0.53125 0.2640625 0.53125 0.2671875 0.5270833333333333 0.2671875 0.525 0.2703125 0.5208333333333334 0.2703125 0.51875 0.271875 0.5166666666666667 0.271875 0.50625 0.26875 0.5020833333333333 0.26875 0.4979166666666667 0.2671875 0.49583333333333335 0.2671875 0.49166666666666664 0.265625 0.4895833333333333 0.265625 0.48541666666666666 0.2640625 0.48333333333333334 0.2640625 0.4791666666666667 0.2625 0.47708333333333336 0.2625 0.475 0.2609375 0.47291666666666665 0.2609375 0.4708333333333333 0.259375 0.46875 0.259375 0.4666666666666667 0.2578125 0.46458333333333335 0.2578125 0.4625 0.25625 0.46041666666666664 0.25625 0.4583333333333333
0 0.321875 0.43333333333333335 0.3203125 0.4354166666666667 0.31875 0.4354166666666667 0.315625 0.4395833333333333 0.3140625 0.4395833333333333 0.30625 0.45 0.30625 0.45625 0.3046875 0.4583333333333333 0.3046875 0.46875 0.30625 0.4708333333333333 0.3046875 0.47291666666666665 0.3046875 0.4895833333333333 0.30625 0.49166666666666664 0.30625 0.49583333333333335 0.3109375 0.5020833333333333 0.3109375 0.5041666666666667 0.3125 0.50625 0.3140625 0.50625 0.315625 0.5083333333333333 0.3171875 0.5083333333333333 0.31875 0.5104166666666666 0.321875 0.5104166666666666 0.3234375 0.5125 0.325 0.5125 0.3265625 0.5145833333333333 0.3296875 0.5145833333333333 0.33125 0.5166666666666667 0.3328125 0.5166666666666667 0.334375 0.51875 0.340625 0.51875 0.3421875 0.5166666666666667 0.34375 0.5166666666666667 0.3484375 0.5104166666666666 0.35 0.5104166666666666 0.35625 0.5020833333333333 0.3578125 0.5020833333333333 0.3609375 0.4979166666666667 0.3609375 0.49583333333333335 0.3640625 0.49166666666666664 0.3640625 0.4895833333333333 0.365625 0.4875 0.365625 0.48541666666666666 0.3671875 0.48333333333333334 0.3671875 0.48125 0.36875 0.4791666666666667 0.36875 0.47291666666666665 0.3703125 0.4708333333333333 0.3703125 0.46458333333333335 0.365625 0.4583333333333333 0.365625 0.45625 0.3640625 0.45416666666666666 0.3640625 0.45208333333333334 0.3625 0.45 0.3625 0.4479166666666667 0.359375 0.44375 0.359375 0.44166666666666665 0.3578125 0.44166666666666665 0.35625 0.4395833333333333 0.3546875 0.4395833333333333 0.353125 0.4375 0.3515625 0.4375 0.35 0.4354166666666667 0.346875 0.4354166666666667 0.3453125 0.43333333333333335
0 0.4140625 0.4083333333333333 0.4109375 0.4125 0.409375 0.4125 0.4015625 0.42291666666666666 0.4015625 0.425 0.3984375 0.42916666666666664 0.3984375 0.43333333333333335 0.396875 0.4354166666666667 0.396875 0.4395833333333333 0.3953125 0.44166666666666665 0.3953125 0.44375 0.396875 0.44583333333333336 0.396875 0.4583333333333333 0.3984375 0.46041666666666664 0.3984375 0.4625 0.4015625 0.4666666666666667 0.4015625 0.46875 0.4078125 0.47708333333333336 0.409375 0.47708333333333336 0.4140625 0.48333333333333334 0.415625 0.48333333333333334 0.4171875 0.48541666666666666 0.41875 0.48541666666666666 0.421875 0.4895833333333333 0.421875 0.49166666666666664 0.428125 0.5 0.4296875 0.5 0.4328125 0.5041666666666667 0.4359375 0.5041666666666667 0.4375 0.50625 0.4453125 0.50625 0.446875 0.5041666666666667 0.4484375 0.5041666666666667 0.4546875 0.49583333333333335 0.4546875 0.49375 0.45625 0.49166666666666664 0.45625 0.48541666666666666 0.4578125 0.48333333333333334 0.4578125 0.47708333333333336 0.459375 0.475 0.459375 0.4666666666666667 0.4609375 0.46458333333333335 0.4609375 0.45416666666666666 0.4625 0.45208333333333334 0.4625 0.4270833333333333 0.4609375 0.425 0.4609375 0.42291666666666666 0.453125 0.4125 0.4515625 0.4125 0.4484375 0.4083333333333333
0 0.4734375 0.375 0.4625 0.38958333333333334 0.4625 0.39166666666666666 0.4609375 0.39375 0.4609375 0.4125 0.4625 0.41458333333333336 0.4625 0.42083333333333334 0.4640625 0.42291666666666666 0.4640625 0.44583333333333336 0.465625 0.4479166666666667 0.465625 0.45 0.46875 0.45416666666666666 0.46875 0.4583333333333333 0.4703125 0.46041666666666664 0.4703125 0.46458333333333335 0.4734375 0.46875 0.48125 0.46875 0.4828125 0.4666666666666667 0.4859375 0.4666666666666667 0.4890625 0.4625 0.490625 0.4625 0.515625 0.42916666666666664 0.515625 0.4270833333333333 0.5171875 0.425 0.5171875 0.42291666666666666 0.51875 0.42083333333333334 0.51875 0.40625 0.5171875 0.4041666666666667 0.5171875 0.40208333333333335 0.515625 0.4 0.5140625 0.4 0.5125 0.39791666666666664 0.5078125 0.39791666666666664 0.50625 0.3958333333333333 0.5046875 0.3958333333333333 0.5015625 0.39166666666666666 0.5015625 0.38958333333333334 0.4953125 0.38125 0.49375 0.38125 0.4921875 0.37916666666666665 0.4890625 0.37916666666666665 0.4875 0.3770833333333333 0.4859375 0.3770833333333333 0.484375 0.375
0 0.4625 0.49583333333333335 0.4609375 0.49583333333333335 0.459375 0.4979166666666667 0.4578125 0.4979166666666667 0.45625 0.5 0.4546875 0.5 0.45 0.50625 0.4484375 0.50625 0.446875 0.5083333333333333 0.4453125 0.5083333333333333 0.44375 0.5104166666666666 0.4390625 0.5104166666666666 0.4375 0.5125 0.434375 0.5125 0.4328125 0.5104166666666666 0.43125 0.5104166666666666 0.43125 0.5125 0.4328125 0.5125 0.434375 0.5145833333333333 0.434375 0.5166666666666667 0.4296875 0.5229166666666667 0.428125 0.5229166666666667 0.4265625 0.525 0.425 0.525 0.4234375 0.5270833333333333 0.4234375 0.5291666666666667 0.41875 0.5354166666666667 0.41875 0.5375 0.415625 0.5416666666666666 0.415625 0.5479166666666667 0.4171875 0.55 0.4171875 0.5520833333333334 0.41875 0.5541666666666667 0.41875 0.55625 0.421875 0.5604166666666667 0.421875 0.5625 0.425 0.5666666666666667 0.425 0.56875 0.43125 0.5770833333333333 0.43125 0.5791666666666667 0.4328125 0.5791666666666667 0.4359375 0.5833333333333334 0.4359375 0.5854166666666667 0.4375 0.5875 0.4390625 0.5875 0.440625 0.5895833333333333 0.4421875 0.5895833333333333 0.4453125 0.59375 0.446875 0.59375 0.4484375 0.5958333333333333 0.45 0.5958333333333333 0.4515625 0.5979166666666667 0.4625 0.5979166666666667 0.465625 0.59375 0.4671875 0.59375 0.4734375 0.5854166666666667 0.475 0.5854166666666667 0.478125 0.58125 0.4796875 0.58125 0.4796875 0.5791666666666667 0.4828125 0.575 0.4828125 0.5729166666666666 0.484375 0.5708333333333333 0.484375 0.5645833333333333 0.4859375 0.5625 0.4859375 0.5458333333333333 0.484375 0.54375 0.484375 0.53125 0.4828125 0.5291666666666667 0.4828125 0.5229166666666667 0.48125 0.5208333333333334 0.48125 0.51875 0.4796875 0.5166666666666667 0.4796875 0.5145833333333333 0.4765625 0.5104166666666666 0.4765625 0.5083333333333333 0.4734375 0.5041666666666667 0.471875 0.5041666666666667 0.46875 0.5 0.465625 0.5
0 0.55625 0.43333333333333335 0.5546875 0.43333333333333335 0.553125 0.43125 0.5515625 0.43125 0.55 0.42916666666666664 0.5484375 0.42916666666666664 0.546875 0.4270833333333333 0.5390625 0.4270833333333333 0.5375 0.425 0.5328125 0.425 0.53125 0.4270833333333333 0.528125 0.4270833333333333 0.525 0.43125 0.5234375 0.43125 0.5234375 0.43333333333333335 0.51875 0.4395833333333333 0.51875 0.44166666666666665 0.515625 0.44583333333333336 0.515625 0.45 0.5140625 0.45208333333333334 0.5140625 0.4708333333333333 0.5125 0.47291666666666665 0.5125 0.48333333333333334 0.5109375 0.48541666666666666 0.5109375 0.5 0.5125 0.5020833333333333 0.5125 0.50625 0.5140625 0.5083333333333333 0.5171875 0.5083333333333333 0.51875 0.5104166666666666 0.5234375 0.5104166666666666 0.525 0.5083333333333333 0.5296875 0.5083333333333333 0.53125 0.50625 0.5375 0.50625 0.5390625 0.5041666666666667 0.546875 0.5041666666666667 0.5484375 0.5020833333333333 0.553125 0.5020833333333333 0.5546875 0.5 0.55625 0.5 0.5578125 0.4979166666666667 0.559375 0.4979166666666667 0.571875 0.48125 0.571875 0.4791666666666667 0.5734375 0.47708333333333336 0.5734375 0.4666666666666667 0.571875 0.46458333333333335 0.571875 0.46041666666666664 0.5671875 0.45416666666666666 0.5671875 0.45208333333333334 0.565625 0.45 0.565625 0.4479166666666667 0.5625 0.44375 0.5625 0.44166666666666665
0 0.59375 0.42916666666666664 0.5890625 0.4354166666666667 0.5875 0.4354166666666667 0.584375 0.4395833333333333 0.5828125 0.4395833333333333 0.5828125 0.44166666666666665 0.578125 0.4479166666666667 0.578125 0.4625 0.5796875 0.46458333333333335 0.5796875 0.4666666666666667 0.58125 0.46875 0.58125 0.4708333333333333 0.5828125 0.47291666666666665 0.5828125 0.48125 0.584375 0.48333333333333334 0.584375 0.48541666666666666 0.590625 0.49375 0.5921875 0.49375 0.5953125 0.4979166666666667 0.596875 0.4979166666666667 0.603125 0.50625 0.6046875 0.50625 0.6078125 0.5104166666666666 0.6109375 0.5104166666666666 0.6125 0.5125 0.615625 0.5125 0.6171875 0.5145833333333333 0.621875 0.5145833333333333 0.6265625 0.5083333333333333 0.6265625 0.48541666666666666 0.628125 0.48333333333333334 0.628125 0.47291666666666665 0.6296875 0.4708333333333333 0.6296875 0.4666666666666667 0.63125 0.46458333333333335 0.63125 0.45208333333333334 0.6296875 0.45 0.6296875 0.4479166666666667 0.6203125 0.4354166666666667 0.61875 0.4354166666666667 0.6171875 0.43333333333333335 0.6109375 0.43333333333333335 0.609375 0.43125 0.60625 0.43125 0.6046875 0.42916666666666664
0 0.6234375 0.36666666666666664 0.6234375 0.36875 0.621875 0.37083333333333335 0.621875 0.3729166666666667 0.6203125 0.375 0.6203125 0.38333333333333336 0.61875 0.3854166666666667 0.61875 0.4041666666666667 0.6203125 0.40625 0.6203125 0.41041666666666665 0.6234375 0.41458333333333336 0.6234375 0.4166666666666667 0.625 0.41875 0.625 0.42083333333333334 0.6296875 0.4270833333333333 0.63125 0.4270833333333333 0.6328125 0.42916666666666664 0.6359375 0.42916666666666664 0.6375 0.43125 0.65625 0.43125 0.6578125 0.42916666666666664 0.6609375 0.42916666666666664 0.6625 0.4270833333333333 0.6734375 0.4270833333333333 0.675 0.425 0.6796875 0.425 0.68125 0.42291666666666666 0.6828125 0.42291666666666666 0.684375 0.42083333333333334 0.6859375 0.42083333333333334 0.6890625 0.4166666666666667 0.6890625 0.41458333333333336 0.690625 0.4125 0.690625 0.40625 0.6890625 0.4041666666666667 0.6890625 0.39791666666666664 0.6875 0.3958333333333333 0.6875 0.39166666666666666 0.6859375 0.38958333333333334 0.6859375 0.3875 0.684375 0.3854166666666667 0.684375 0.38333333333333336 0.6796875 0.3770833333333333 0.6796875 0.3729166666666667 0.678125 0.37083333333333335 0.678125 0.36875 0.675 0.3645833333333333 0.675 0.3625 0.6671875 0.35208333333333336 0.665625 0.35208333333333336 0.6640625 0.35 0.659375 0.35 0.6578125 0.34791666666666665 0.65625 0.34791666666666665 0.6546875 0.3458333333333333 0.646875 0.3458333333333333 0.6453125 0.34791666666666665 0.64375 0.34791666666666665 0.6421875 0.35 0.640625 0.35 0.6390625 0.35208333333333336 0.6375 0.35208333333333336 0.6359375 0.3541666666666667 0.634375 0.3541666666666667 0.6328125 0.35625 0.63125 0.35625
0 0.6640625 0.4708333333333333 0.6609375 0.475 0.659375 0.475 0.659375 0.47708333333333336 0.6515625 0.4875 0.65 0.4875 0.6453125 0.49375 0.6453125 0.49583333333333335 0.6421875 0.5 0.6421875 0.5020833333333333 0.6390625 0.50625 0.6390625 0.5104166666666666 0.6375 0.5125 0.6375 0.5145833333333333 0.6359375 0.5166666666666667 0.6359375 0.5208333333333334 0.634375 0.5229166666666667 0.634375 0.5354166666666667 0.6375 0.5395833333333333 0.6390625 0.5395833333333333 0.64375 0.5458333333333333 0.6453125 0.5458333333333333 0.646875 0.5479166666666667 0.6484375 0.5479166666666667 0.65 0.55 0.6625 0.55 0.6640625 0.5520833333333334 0.66875 0.5520833333333334 0.6703125 0.5541666666666667 0.671875 0.5541666666666667 0.6734375 0.55625 0.678125 0.55625 0.6796875 0.5583333333333333 0.6921875 0.5583333333333333 0.69375 0.55625 0.6953125 0.55625 0.696875 0.5541666666666667 0.696875 0.5520833333333334 0.6984375 0.55 0.6984375 0.5354166666666667 0.696875 0.5333333333333333 0.696875 0.53125 0.6953125 0.5291666666666667 0.6953125 0.5270833333333333 0.69375 0.525 0.69375 0.5208333333333334 0.6921875 0.51875 0.6921875 0.5083333333333333 0.690625 0.50625 0.690625 0.5020833333333333 0.6890625 0.5 0.6890625 0.49583333333333335 0.6875 0.49375 0.6875 0.49166666666666664 0.6859375 0.4895833333333333 0.6859375 0.4875 0.6796875 0.4791666666666667 0.678125 0.4791666666666667 0.6765625 0.47708333333333336 0.675 0.47708333333333336 0.6734375 0.475 0.671875 0.475 0.6703125 0.47291666666666665 0.66875 0.47291666666666665 0.6671875 0.4708333333333333
0 0.6203125 0.575 0.615625 0.58125 0.6140625 0.58125 0.6109375 0.5854166666666667 0.6109375 0.5875 0.60625 0.59375 0.60625 0.6 0.6046875 0.6020833333333333 0.6046875 0.6083333333333333 0.60625 0.6104166666666667 0.60625 0.6145833333333334 0.6078125 0.6166666666666667 0.6078125 0.6208333333333333 0.615625 0.63125 0.6171875 0.63125 0.61875 0.6333333333333333 0.6203125 0.6333333333333333 0.621875 0.6354166666666666 0.6234375 0.6354166666666666 0.625 0.6375 0.628125 0.6375 0.6296875 0.6395833333333333 0.6328125 0.6395833333333333 0.6359375 0.64375 0.6375 0.64375 0.6390625 0.6458333333333334 0.6421875 0.6458333333333334 0.64375 0.6479166666666667 0.6453125 0.6479166666666667 0.646875 0.65 0.6484375 0.65 0.65 0.6520833333333333 0.6546875 0.6520833333333333 0.65625 0.6541666666666667 0.6578125 0.6520833333333333 0.6609375 0.6520833333333333 0.6640625 0.6479166666666667 0.6640625 0.64375 0.665625 0.6416666666666667 0.665625 0.6104166666666667 0.6640625 0.6083333333333333 0.6640625 0.5833333333333334 0.6609375 0.5791666666666667 0.6609375 0.5770833333333333 0.6578125 0.5729166666666666 0.65625 0.5729166666666666 0.6546875 0.5708333333333333 0.653125 0.5708333333333333 0.6515625 0.56875 0.6453125 0.56875 0.64375 0.5708333333333333 0.6421875 0.5708333333333333 0.640625 0.5729166666666666 0.6390625 0.5729166666666666 0.6375 0.575
0 0.7109375 0.42916666666666664 0.709375 0.43125 0.7078125 0.43125 0.70625 0.43333333333333335 0.7046875 0.43333333333333335 0.703125 0.4354166666666667 0.703125 0.4375 0.7015625 0.4395833333333333 0.7015625 0.44166666666666665 0.7 0.44375 0.7 0.45625 0.6984375 0.4583333333333333 0.6984375 0.47291666666666665 0.696875 0.475 0.696875 0.4875 0.6984375 0.4895833333333333 0.6984375 0.4979166666666667 0.7015625 0.5020833333333333 0.7078125 0.5020833333333333 0.709375 0.5041666666666667 0.721875 0.5041666666666667 0.7234375 0.5020833333333333 0.725 0.5020833333333333 0.7265625 0.5 0.728125 0.5 0.7484375 0.47291666666666665 0.7484375 0.4708333333333333 0.75 0.46875 0.75 0.4666666666666667 0.7515625 0.46458333333333335 0.7515625 0.4583333333333333 0.75 0.45625 0.75 0.45208333333333334 0.7484375 0.45 0.7484375 0.4479166666666667 0.7453125 0.44375 0.74375 0.44375 0.7421875 0.44166666666666665 0.740625 0.44166666666666665 0.7390625 0.4395833333333333 0.7328125 0.4395833333333333 0.7265625 0.43125 0.725 0.43125 0.7234375 0.42916666666666664
0 0.796875 0.44583333333333336 0.7953125 0.44583333333333336 0.79375 0.4479166666666667 0.7921875 0.4479166666666667 0.790625 0.45 0.7875 0.45 0.7859375 0.45208333333333334 0.784375 0.45208333333333334 0.7796875 0.4583333333333333 0.778125 0.4583333333333333 0.7765625 0.46041666666666664 0.775 0.46041666666666664 0.7734375 0.4625 0.771875 0.4625 0.7703125 0.46041666666666664 0.76875 0.46041666666666664 0.7671875 0.4625 0.7640625 0.4625 0.7625 0.46458333333333335 0.7609375 0.46458333333333335 0.75625 0.4708333333333333 0.75625 0.47291666666666665 0.7546875 0.475 0.75625 0.47708333333333336 0.75625 0.48125 0.7578125 0.48333333333333334 0.7578125 0.48541666666666666 0.759375 0.4875 0.759375 0.49166666666666664 0.7640625 0.4979166666666667 0.7640625 0.5 0.76875 0.50625 0.76875 0.5083333333333333 0.778125 0.5208333333333334 0.7796875 0.5208333333333334 0.78125 0.5229166666666667 0.790625 0.5229166666666667 0.7921875 0.5208333333333334 0.79375 0.5208333333333334 0.7953125 0.51875 0.7984375 0.51875 0.8 0.5166666666666667 0.8015625 0.5166666666666667 0.80625 0.5104166666666666 0.80625 0.48541666666666666 0.8078125 0.48333333333333334 0.8078125 0.4791666666666667 0.809375 0.47708333333333336 0.809375 0.47291666666666665 0.8109375 0.4708333333333333 0.8109375 0.46875 0.809375 0.4666666666666667 0.809375 0.4625 0.8078125 0.46041666666666664 0.8078125 0.4583333333333333 0.8046875 0.45416666666666666 0.8046875 0.45208333333333334 0.803125 0.45 0.8015625 0.45 0.8 0.4479166666666667 0.7984375 0.4479166666666667
0 0.7703125 0.5645833333333333 0.7671875 0.56875 0.7671875 0.5708333333333333 0.765625 0.5729166666666666 0.765625 0.575 0.7640625 0.5770833333333333 0.7640625 0.5833333333333334 0.7625 0.5854166666666667 0.7625 0.5875 0.7640625 0.5895833333333333 0.7640625 0.5979166666666667 0.765625 0.6 0.765625 0.6083333333333333 0.7671875 0.6104166666666667 0.7671875 0.61875 0.76875 0.6208333333333333 0.76875 0.6270833333333333 0.7703125 0.6291666666666667 0.7703125 0.63125 0.771875 0.6333333333333333 0.771875 0.6354166666666666 0.778125 0.64375 0.7796875 0.64375 0.78125 0.6458333333333334 0.79375 0.6458333333333334 0.7953125 0.64375 0.8046875 0.64375 0.80625 0.6416666666666667 0.8078125 0.6416666666666667 0.8171875 0.6291666666666667 0.8171875 0.625 0.81875 0.6229166666666667 0.81875 0.6208333333333333 0.8203125 0.61875 0.8203125 0.6145833333333334 0.821875 0.6125 0.821875 0.6104166666666667 0.8234375 0.6083333333333333 0.8234375 0.60625 0.825 0.6041666666666666 0.825 0.6020833333333333 0.8265625 0.6 0.8265625 0.5833333333333334 0.8234375 0.5791666666666667 0.8234375 0.5770833333333333 0.821875 0.575 0.81875 0.575 0.8171875 0.5729166666666666 0.815625 0.5729166666666666 0.8140625 0.5708333333333333 0.8125 0.5708333333333333 0.8109375 0.56875 0.809375 0.56875 0.8078125 0.5666666666666667 0.8 0.5666666666666667 0.7984375 0.56875 0.7921875 0.56875 0.7890625 0.5729166666666666 0.7890625 0.575 0.7875 0.5770833333333333 0.7828125 0.5708333333333333 0.78125 0.5708333333333333 0.778125 0.5666666666666667 0.778125 0.5645833333333333
0 0.8546875 0.41458333333333336 0.8546875 0.4270833333333333 0.85625 0.42916666666666664 0.85625 0.43125 0.8578125 0.43333333333333335 0.859375 0.43333333333333335 0.8625 0.4375 0.8625 0.4395833333333333 0.8671875 0.44583333333333336 0.86875 0.44583333333333336 0.875 0.45416666666666666 0.8765625 0.45416666666666666 0.878125 0.45625 0.8796875 0.45625 0.8828125 0.46041666666666664 0.884375 0.46041666666666664 0.8890625 0.4666666666666667 0.890625 0.4666666666666667 0.8921875 0.46875 0.89375 0.46875 0.8953125 0.4708333333333333 0.9015625 0.4708333333333333 0.903125 0.46875 0.90625 0.46875 0.909375 0.46458333333333335 0.9109375 0.46458333333333335 0.9125 0.4625 0.9125 0.46041666666666664 0.9140625 0.4583333333333333 0.9140625 0.45416666666666666 0.915625 0.45208333333333334 0.915625 0.4479166666666667 0.9171875 0.44583333333333336 0.9171875 0.4375 0.91875 0.4354166666666667 0.91875 0.43125 0.9203125 0.42916666666666664 0.9203125 0.4270833333333333 0.921875 0.425 0.921875 0.42291666666666666 0.9234375 0.42083333333333334 0.9234375 0.41875 0.925 0.4166666666666667 0.925 0.4083333333333333 0.9234375 0.40625 0.9234375 0.4041666666666667 0.921875 0.40208333333333335 0.91875 0.40208333333333335 0.9171875 0.4 0.8984375 0.4 0.896875 0.40208333333333335 0.89375 0.40208333333333335 0.8875 0.41041666666666665 0.8859375 0.41041666666666665 0.884375 0.4125 0.8765625 0.4125 0.875 0.41041666666666665 0.865625 0.41041666666666665 0.8640625 0.4125 0.8578125 0.4125 0.85625 0.41458333333333336
0 0.9578125 0.31666666666666665 0.95625 0.31875 0.9546875 0.31875 0.9515625 0.3229166666666667 0.95 0.3229166666666667 0.94375 0.33125 0.9421875 0.33125 0.9390625 0.33541666666666664 0.9375 0.33541666666666664 0.9375 0.3375 0.9359375 0.33958333333333335 0.935791015625 0.3727213541666667 0.9191080729166666 0.3591579861111111 0.91259765625 0.361328125 0.9142252604166666 0.37163628472222227 0.9207356770833334 0.3803168402777778 0.9256184895833334 0.3841145833333333 0.9390462239583334 0.3857421875 0.9423014322916666 0.38791232638888895 0.94375 0.3854166666666667 0.94375 0.3875 0.9484375 0.39375 0.953125 0.39375 0.9546875 0.3958333333333333 0.95625 0.3958333333333333 0.9578125 0.39791666666666664 0.971875 0.39791666666666664 0.9734375 0.3958333333333333 0.975 0.3958333333333333 0.975 0.39375 0.9765625 0.39166666666666666 0.9765625 0.38958333333333334 0.978125 0.3875 0.978125 0.3645833333333333 0.9796875 0.3625 0.9796875 0.33958333333333335 0.978125 0.3375 0.978125 0.33541666666666664 0.9765625 0.3333333333333333 0.9765625 0.33125 0.9671875 0.31875 0.9640625 0.31875 0.9625 0.31666666666666665
0 0.9375 0.4666666666666667 0.9375 0.46875 0.9359375 0.4708333333333333 0.9359375 0.48125 0.9390625 0.48541666666666666 0.9390625 0.4875 0.940625 0.4895833333333333 0.940625 0.49166666666666664 0.9421875 0.49166666666666664 0.9453125 0.49583333333333335 0.946875 0.49583333333333335 0.95 0.5 0.9515625 0.5 0.953125 0.5020833333333333 0.9546875 0.5020833333333333 0.95625 0.5041666666666667 0.9578125 0.5041666666666667 0.959375 0.50625 0.9625 0.50625 0.965625 0.5104166666666666 0.9671875 0.5104166666666666 0.96875 0.5125 0.9703125 0.5125 0.971875 0.5145833333333333 0.9734375 0.5145833333333333 0.975 0.5166666666666667 0.9765625 0.5166666666666667 0.978125 0.51875 0.9796875 0.51875 0.98125 0.5208333333333334 0.9828125 0.5208333333333334 0.984375 0.5229166666666667 0.9890625 0.5229166666666667 0.990625 0.525 0.996875 0.525 0.996875 0.5229166666666667 0.9984375 0.5208333333333334 0.9984375 0.4395833333333333 0.996875 0.4375 0.99375 0.4375 0.9921875 0.4354166666666667 0.978125 0.4354166666666667 0.9765625 0.4375 0.975 0.4375 0.9734375 0.4395833333333333 0.971875 0.4395833333333333 0.9703125 0.44166666666666665 0.9671875 0.44166666666666665 0.9671875 0.44375 0.9625 0.45 0.9609375 0.45 0.9578125 0.45416666666666666 0.95625 0.45416666666666666 0.9546875 0.45625 0.953125 0.45625 0.95 0.46041666666666664 0.9453125 0.46041666666666664 0.94375 0.4625 0.940625 0.4625