0 0.339389534883721 0.32703488372093026 0.09084302325581399 0.09786821705426357
0 0.3052325581395349 0.4161821705426357 0.08357558139534885 0.14244186046511628
0 0.23582848837209305 0.5663759689922482 0.09156976744186045 0.14244186046511623
0 0.5036337209302326 0.3977713178294574 0.07776162790697674 0.126937984496124
0 0.526889534883721 0.48594961240310075 0.0850290697674418 0.126937984496124
0 0.6326308139534884 0.46802325581395354 0.07848837209302326 0.12596899224806196
0 0.7601744186046512 0.44718992248062023 0.0850290697674417 0.123062015503876
0 0.789607558139535 0.40503875968992253 0.07122093023255802 0.10077519379844961
0 0.8499273255813954 0.4626937984496124 0.07848837209302317 0.11337209302325585
0 0.7743459302325582 0.561046511627907 0.08720930232558137 0.11434108527131782
0 0.9109738372093024 0.4786821705426357 0.0741279069767442 0.10077519379844961
0 0.9578488372093024 0.3905038759689923 0.07921511627906988 0.10465116279069768
0 0.9683866279069768 0.5285852713178295 0.05959302325581408 0.1036821705426357
0 0.9465843023255814 0.6342054263565892 0.09011627906976738 0.09980620155038764
0 0.3078125 0.3104166666666667 0.3078125 0.3125 0.30625 0.3145833333333333 0.30625 0.3229166666666667 0.3125 0.33125 0.3125 0.3333333333333333 0.3140625 0.33541666666666664 0.3140625 0.3375 0.315625 0.33958333333333335 0.315625 0.3416666666666667 0.3171875 0.34375 0.3171875 0.35625 0.31875 0.35833333333333334 0.31875 0.36041666666666666 0.3234375 0.36666666666666664 0.3234375 0.36875 0.3265625 0.3729166666666667 0.328125 0.3729166666666667 0.3296875 0.375 0.33125 0.375 0.3328125 0.3770833333333333 0.34375 0.3770833333333333 0.3453125 0.375 0.346875 0.375 0.3484375 0.3729166666666667 0.3578125 0.3729166666666667 0.3609375 0.36875 0.375 0.36875 0.3765625 0.36666666666666664 0.378125 0.36666666666666664 0.3796875 0.3645833333333333 0.38125 0.3645833333333333 0.38125 0.3625 0.3828125 0.36041666666666666 0.3828125 0.34375 0.3796875 0.33958333333333335 0.3796875 0.3375 0.3734375 0.32916666666666666 0.3734375 0.32708333333333334 0.3640625 0.3145833333333333 0.3640625 0.3125 0.3625 0.3104166666666667 0.3625 0.30833333333333335 0.3609375 0.30625 0.3609375 0.30416666666666664 0.359375 0.3020833333333333 0.359375 0.3 0.353125 0.2916666666666667 0.3515625 0.2916666666666667 0.3484375 0.2875 0.346875 0.2875 0.3453125 0.28541666666666665 0.3421875 0.28541666666666665 0.340625 0.2833333333333333 0.3296875 0.2833333333333333 0.328125 0.28541666666666665 0.3265625 0.28541666666666665 0.325 0.2875 0.3234375 0.2875 0.3125 0.3020833333333333 0.3125 0.30416666666666664
0 0.290625 0.36666666666666664 0.2859375 0.3729166666666667 0.284375 0.3729166666666667 0.28125 0.3770833333333333 0.2796875 0.3770833333333333 0.278125 0.37916666666666665 0.2765625 0.37916666666666665 0.265625 0.39375 0.265625 0.3958333333333333 0.2640625 0.39791666666666664 0.2640625 0.42083333333333334 0.265625 0.42291666666666666 0.265625 0.43125 0.2671875 0.43333333333333335 0.2671875 0.4354166666666667 0.26875 0.4375 0.26875 0.4395833333333333 0.271875 0.44375 0.271875 0.44583333333333336 0.2734375 0.4479166666666667 0.275 0.4479166666666667 0.2796875 0.45416666666666666 0.28125 0.45416666666666666 0.2921875 0.46875 0.29375 0.46875 0.303125 0.48125 0.3046875 0.48125 0.30625 0.48333333333333334 0.309375 0.48333333333333334 0.3109375 0.48541666666666666 0.3140625 0.48541666666666666 0.315625 0.48333333333333334 0.31875 0.48333333333333334 0.328125 0.4708333333333333 0.328125 0.46875 0.3296875 0.4666666666666667 0.3296875 0.46458333333333335 0.33125 0.4625 0.33125 0.46041666666666664 0.3328125 0.4583333333333333 0.3328125 0.45625 0.334375 0.45416666666666666 0.334375 0.45208333333333334 0.3359375 0.45 0.3359375 0.4479166666666667 0.3375 0.44583333333333336 0.3375 0.44375 0.340625 0.4395833333333333 0.340625 0.4375 0.34375 0.43333333333333335 0.34375 0.43125 0.3453125 0.42916666666666664 0.3453125 0.4270833333333333 0.346875 0.425 0.346875 0.4041666666666667 0.3453125 0.40208333333333335 0.3453125 0.39791666666666664 0.34375 0.3958333333333333 0.34375 0.39375 0.3390625 0.3875 0.325 0.3875 0.3234375 0.3854166666666667 0.321875 0.3854166666666667 0.3171875 0.37916666666666665 0.3171875 0.3770833333333333 0.315625 0.375 0.315625 0.3729166666666667 0.3125 0.36875 0.3109375 0.36875 0.309375 0.36666666666666664
0 0.2265625 0.5083333333333333 0.215625 0.5083333333333333 0.2140625 0.5104166666666666 0.2109375 0.5104166666666666 0.209375 0.5125 0.20625 0.5125 0.1921875 0.53125 0.1921875 0.5354166666666667 0.190625 0.5375 0.190625 0.5479166666666667 0.1921875 0.55 0.1921875 0.56875 0.19375 0.5708333333333333 0.19375 0.6125 0.1953125 0.6145833333333334 0.1953125 0.6208333333333333 0.196875 0.6229166666666667 0.196875 0.625 0.2 0.6291666666666667 0.2015625 0.6291666666666667 0.203125 0.63125 0.20625 0.63125 0.2078125 0.6333333333333333 0.209375 0.6333333333333333 0.2109375 0.63125 0.2171875 0.63125 0.21875 0.6291666666666667 0.221875 0.6291666666666667 0.2234375 0.6270833333333333 0.225 0.6270833333333333 0.2265625 0.625 0.228125 0.625 0.2296875 0.6229166666666667 0.23125 0.6229166666666667 0.2328125 0.6208333333333333 0.234375 0.6208333333333333 0.2375 0.6166666666666667 0.2390625 0.6166666666666667 0.2421875 0.6125 0.24375 0.6125 0.246875 0.6083333333333333 0.2484375 0.6083333333333333 0.25 0.60625 0.2515625 0.60625 0.253125 0.6041666666666666 0.2546875 0.6041666666666666 0.2578125 0.6 0.259375 0.6 0.2609375 0.5979166666666667 0.2625 0.5979166666666667 0.265625 0.59375 0.265625 0.5916666666666667 0.2671875 0.5895833333333333 0.26875 0.5895833333333333 0.2734375 0.5833333333333334 0.2734375 0.58125 0.275 0.5791666666666667 0.275 0.5770833333333333 0.2765625 0.575 0.2765625 0.5708333333333333 0.278125 0.56875 0.278125 0.55625 0.2765625 0.5541666666666667 0.275 0.5541666666666667 0.271875 0.55 0.2703125 0.55 0.26875 0.5479166666666667 0.265625 0.5479166666666667 0.2640625 0.5458333333333333 0.2484375 0.5458333333333333 0.246875 0.54375 0.24375 0.54375 0.2421875 0.5416666666666666 0.240625 0.5416666666666666 0.2359375 0.5354166666666667 0.2359375 0.5333333333333333 0.234375 0.53125 0.234375 0.5145833333333333 0.23125 0.5104166666666666 0.228125 0.5104166666666666
0 0.5109375 0.36041666666666666 0.496875 0.36041666666666666 0.4953125 0.3625 0.49375 0.3625 0.4921875 0.3645833333333333 0.4890625 0.3645833333333333 0.4875 0.36666666666666664 0.4859375 0.36666666666666664 0.478125 0.3770833333333333 0.478125 0.37916666666666665 0.475 0.38333333333333336 0.475 0.3854166666666667 0.471875 0.38958333333333334 0.471875 0.39375 0.4703125 0.3958333333333333 0.4703125 0.39791666666666664 0.46875 0.4 0.46875 0.40208333333333335 0.4671875 0.4041666666666667 0.4671875 0.40625 0.465625 0.4083333333333333 0.465625 0.4125 0.4640625 0.41458333333333336 0.4640625 0.43333333333333335 0.465625 0.4354166666666667 0.465625 0.4375 0.4671875 0.4375 0.4734375 0.44583333333333336 0.4734375 0.4479166666666667 0.4765625 0.45208333333333334 0.4765625 0.45416666666666666 0.478125 0.45625 0.478125 0.4583333333333333 0.4796875 0.46041666666666664 0.48125 0.46041666666666664 0.4828125 0.4625 0.4859375 0.4625 0.4875 0.46458333333333335 0.4890625 0.46458333333333335 0.490625 0.4625 0.496875 0.4625 0.50625 0.45 0.5078125 0.45 0.5109375 0.44583333333333336 0.5125 0.44583333333333336 0.5125 0.44375 0.5140625 0.44166666666666665 0.5140625 0.4395833333333333 0.51875 0.43333333333333335 0.5203125 0.43333333333333335 0.521875 0.43125 0.5296875 0.43125 0.53125 0.42916666666666664 0.5328125 0.42916666666666664 0.5328125 0.4270833333333333 0.5359375 0.42291666666666666 0.5359375 0.42083333333333334 0.5375 0.41875 0.5375 0.4166666666666667 0.5390625 0.41458333333333336 0.5390625 0.40208333333333335 0.5375 0.4 0.5375 0.39791666666666664 0.5328125 0.39166666666666666 0.5328125 0.38958333333333334 0.528125 0.38333333333333336 0.528125 0.38125 0.5140625 0.3625 0.5125 0.3625
0 0.5140625 0.44583333333333336 0.509375 0.45208333333333334 0.5078125 0.45208333333333334 0.4984375 0.46458333333333335 0.4984375 0.4666666666666667 0.496875 0.46875 0.496875 0.47291666666666665 0.4953125 0.475 0.4953125 0.47708333333333336 0.49375 0.4791666666666667 0.49375 0.48333333333333334 0.4921875 0.48541666666666666 0.4921875 0.49166666666666664 0.490625 0.49375 0.490625 0.49583333333333335 0.4890625 0.4979166666666667 0.4890625 0.50625 0.4875 0.5083333333333333 0.4875 0.5125 0.4859375 0.5145833333333333 0.4859375 0.51875 0.484375 0.5208333333333334 0.484375 0.5291666666666667 0.4859375 0.53125 0.4859375 0.5354166666666667 0.4890625 0.5395833333333333 0.490625 0.5395833333333333 0.4921875 0.5416666666666666 0.49375 0.5416666666666666 0.4953125 0.54375 0.4984375 0.54375 0.5 0.5458333333333333 0.5234375 0.5458333333333333 0.525 0.54375 0.5421875 0.54375 0.54375 0.5416666666666666 0.5484375 0.5416666666666666 0.55 0.5395833333333333 0.5515625 0.5395833333333333 0.553125 0.5375 0.5546875 0.5375 0.559375 0.53125 0.5609375 0.53125 0.5609375 0.5291666666666667 0.565625 0.5229166666666667 0.565625 0.5166666666666667 0.5671875 0.5145833333333333 0.5671875 0.49375 0.565625 0.49166666666666664 0.565625 0.48541666666666666 0.5640625 0.48333333333333334 0.5640625 0.4791666666666667 0.5625 0.47708333333333336 0.5625 0.475 0.5578125 0.46875 0.5578125 0.4666666666666667 0.553125 0.46041666666666664 0.553125 0.4583333333333333 0.55 0.45416666666666666 0.55 0.45208333333333334 0.5484375 0.45 0.546875 0.45 0.5453125 0.4479166666666667 0.5421875 0.4479166666666667 0.540625 0.44583333333333336
0 0.625 0.425 0.6234375 0.4270833333333333 0.6203125 0.4270833333333333 0.6171875 0.43125 0.615625 0.43125 0.6125 0.4354166666666667 0.6109375 0.4354166666666667 0.6046875 0.44375 0.6046875 0.4479166666666667 0.603125 0.45 0.603125 0.45208333333333334 0.6015625 0.45416666666666666 0.6015625 0.45625 0.6 0.4583333333333333 0.6 0.4625 0.5984375 0.46458333333333335 0.5984375 0.46875 0.596875 0.4708333333333333 0.596875 0.47291666666666665 0.5953125 0.475 0.5953125 0.49166666666666664 0.603125 0.5020833333333333 0.603125 0.5041666666666667 0.6078125 0.5104166666666666 0.609375 0.5104166666666666 0.6140625 0.5166666666666667 0.615625 0.5166666666666667 0.61875 0.5208333333333334 0.621875 0.5208333333333334 0.6234375 0.5229166666666667 0.628125 0.5229166666666667 0.6296875 0.525 0.6421875 0.525 0.64375 0.5229166666666667 0.6453125 0.5229166666666667 0.646875 0.5208333333333334 0.65 0.5208333333333334 0.6515625 0.51875 0.65625 0.51875 0.659375 0.5145833333333333 0.6609375 0.5145833333333333 0.6640625 0.5104166666666666 0.6640625 0.5083333333333333 0.665625 0.50625 0.665625 0.5041666666666667 0.6671875 0.5020833333333333 0.6671875 0.4895833333333333 0.66875 0.4875 0.66875 0.46875 0.6703125 0.4666666666666667 0.6703125 0.46458333333333335 0.66875 0.4625 0.66875 0.4583333333333333 0.6671875 0.45625 0.6671875 0.45416666666666666 0.665625 0.45208333333333334 0.665625 0.45 0.6640625 0.4479166666666667 0.6640625 0.44583333333333336 0.65625 0.4354166666666667 0.6546875 0.4354166666666667 0.653125 0.43333333333333335 0.6515625 0.43333333333333335 0.65 0.43125 0.646875 0.43125 0.6453125 0.42916666666666664 0.64375 0.42916666666666664 0.6421875 0.4270833333333333 0.6375 0.4270833333333333 0.6359375 0.425
0 0.7359375 0.40625 0.7328125 0.41041666666666665 0.7328125 0.4125 0.728125 0.41875 0.728125 0.42083333333333334 0.7234375 0.4270833333333333 0.7234375 0.42916666666666664 0.721875 0.43125 0.721875 0.43333333333333335 0.7203125 0.4354166666666667 0.7203125 0.4375 0.71875 0.4395833333333333 0.71875 0.44375 0.7203125 0.44583333333333336 0.7203125 0.45416666666666666 0.7234375 0.4583333333333333 0.7234375 0.46041666666666664 0.7296875 0.46875 0.7296875 0.4708333333333333 0.73125 0.47291666666666665 0.73125 0.475 0.734375 0.4791666666666667 0.7359375 0.4791666666666667 0.7375 0.48125 0.7390625 0.48125 0.740625 0.48333333333333334 0.74375 0.48333333333333334 0.7453125 0.48541666666666666 0.746875 0.48541666666666666 0.7484375 0.4875 0.7515625 0.4875 0.753125 0.4895833333333333 0.7546875 0.4895833333333333 0.7578125 0.49375 0.7609375 0.49375 0.7625 0.49583333333333335 0.765625 0.49583333333333335 0.76875 0.5 0.7703125 0.5 0.7734375 0.5041666666666667 0.7765625 0.5041666666666667 0.778125 0.50625 0.790625 0.50625 0.7921875 0.5041666666666667 0.79375 0.5041666666666667 0.8 0.49583333333333335 0.8 0.47708333333333336 0.8015625 0.475 0.8015625 0.46875 0.8 0.4666666666666667 0.8 0.45208333333333334 0.8015625 0.45 0.8015625 0.4479166666666667 0.803125 0.44583333333333336 0.803125 0.44375 0.8046875 0.44166666666666665 0.8046875 0.4395833333333333 0.8015625 0.4354166666666667 0.8015625 0.42083333333333334 0.8 0.41875 0.8 0.41458333333333336 0.79375 0.40625 0.79375 0.4041666666666667 0.7921875 0.40208333333333335 0.790625 0.40208333333333335 0.7890625 0.4 0.7859375 0.4 0.784375 0.39791666666666664 0.7734375 0.39791666666666664 0.771875 0.3958333333333333 0.759375 0.3958333333333333 0.7578125 0.39791666666666664 0.7546875 0.39791666666666664 0.753125 0.4 0.7515625 0.4 0.75 0.40208333333333335 0.7453125 0.40208333333333335 0.74375 0.4041666666666667 0.7390625 0.4041666666666667 0.7375 0.40625
0 0.7546875 0.38333333333333336 0.7546875 0.38958333333333334 0.778125 0.38958333333333334 0.7796875 0.39166666666666666 0.8015625 0.39166666666666666 0.803125 0.39375 0.8 0.39791666666666664 0.7921875 0.39791666666666664 0.790625 0.4 0.79375 0.4041666666666667 0.79375 0.40625 0.7953125 0.40625 0.8015625 0.41458333333333336 0.8015625 0.41875 0.803125 0.42083333333333334 0.803125 0.4354166666666667 0.8015625 0.4375 0.8015625 0.44583333333333336 0.8046875 0.44583333333333336 0.8078125 0.44166666666666665 0.809375 0.44166666666666665 0.8125 0.4375 0.8140625 0.4375 0.8203125 0.42916666666666664 0.8203125 0.4270833333333333 0.821875 0.425 0.821875 0.42291666666666666 0.8234375 0.42083333333333334 0.8234375 0.40625 0.821875 0.4041666666666667 0.821875 0.4 0.8203125 0.39791666666666664 0.8203125 0.3958333333333333 0.8125 0.3854166666666667 0.8109375 0.3854166666666667 0.8078125 0.38125 0.80625 0.38125 0.8046875 0.37916666666666665 0.803125 0.37916666666666665 0.8015625 0.3770833333333333 0.8 0.3770833333333333 0.7984375 0.375 0.796875 0.375 0.7953125 0.3729166666666667 0.7921875 0.3729166666666667 0.790625 0.37083333333333335 0.78125 0.37083333333333335 0.7796875 0.36875 0.775 0.36875 0.7734375 0.37083333333333335 0.7703125 0.37083333333333335 0.76875 0.3729166666666667 0.7671875 0.3729166666666667 0.765625 0.375 0.7640625 0.375 0.7625 0.3770833333333333 0.7609375 0.3770833333333333 0.7578125 0.38125 0.75625 0.38125
0 0.796875 0.5104166666666666 0.7875 0.5104166666666666 0.784375 0.5145833333333333 0.784375 0.5208333333333334 0.778125 0.5291666666666667 0.771875 0.5291666666666667 0.7703125 0.53125 0.765625 0.53125 0.7640625 0.5333333333333333 0.7578125 0.5333333333333333 0.75625 0.5354166666666667 0.7515625 0.5354166666666667 0.7484375 0.5395833333333333 0.746875 0.5395833333333333 0.7453125 0.5416666666666666 0.74375 0.5416666666666666 0.7421875 0.54375 0.7390625 0.54375 0.7359375 0.5479166666666667 0.7359375 0.5520833333333334 0.734375 0.5541666666666667 0.734375 0.55625 0.7328125 0.5583333333333333 0.734375 0.5604166666666667 0.734375 0.5666666666666667 0.7359375 0.56875 0.7359375 0.5708333333333333 0.740625 0.5770833333333333 0.740625 0.5791666666666667 0.759375 0.6041666666666666 0.7609375 0.6041666666666666 0.7625 0.60625 0.7640625 0.60625 0.765625 0.6083333333333333 0.7671875 0.6083333333333333 0.76875 0.6104166666666667 0.7703125 0.6104166666666667 0.7734375 0.6145833333333334 0.775 0.6145833333333334 0.7765625 0.6166666666666667 0.7890625 0.6166666666666667 0.7921875 0.6125 0.79375 0.6125 0.8015625 0.6020833333333333 0.803125 0.6020833333333333 0.8046875 0.6 0.80625 0.6 0.8125 0.5916666666666667 0.8125 0.5895833333333333 0.8140625 0.5875 0.8140625 0.5833333333333334 0.815625 0.58125 0.815625 0.55625 0.8140625 0.5541666666666667 0.8140625 0.5416666666666666 0.8125 0.5395833333333333 0.8125 0.5375 0.8109375 0.5354166666666667 0.8109375 0.5333333333333333 0.809375 0.53125 0.809375 0.5291666666666667 0.8078125 0.5270833333333333 0.8078125 0.525
0 0.871875 0.4375 0.8703125 0.4375 0.8671875 0.43333333333333335 0.865625 0.43333333333333335 0.8640625 0.43125 0.8546875 0.43125 0.853125 0.42916666666666664 0.8484375 0.42916666666666664 0.846875 0.4270833333333333 0.8375 0.4270833333333333 0.8359375 0.42916666666666664 0.83125 0.42916666666666664 0.8296875 0.43125 0.828125 0.43125 0.8265625 0.43333333333333335 0.825 0.43333333333333335 0.8234375 0.4354166666666667 0.8234375 0.4375 0.821875 0.4395833333333333 0.8203125 0.4395833333333333 0.8171875 0.44375 0.815625 0.44375 0.8140625 0.44583333333333336 0.8140625 0.4479166666666667 0.8125 0.45 0.8125 0.45208333333333334 0.8109375 0.45416666666666666 0.8109375 0.45625 0.809375 0.4583333333333333 0.809375 0.4791666666666667 0.8109375 0.48125 0.8109375 0.48333333333333334 0.8125 0.48541666666666666 0.8125 0.4875 0.8140625 0.4895833333333333 0.8140625 0.49583333333333335 0.815625 0.4979166666666667 0.815625 0.5020833333333333 0.8171875 0.5041666666666667 0.8171875 0.50625 0.81875 0.5083333333333333 0.81875 0.5104166666666666 0.8203125 0.5125 0.8203125 0.5145833333333333 0.821875 0.5166666666666667 0.825 0.5166666666666667 0.8265625 0.51875 0.840625 0.51875 0.8421875 0.5166666666666667 0.8453125 0.5166666666666667 0.846875 0.5145833333333333 0.8515625 0.5145833333333333 0.853125 0.5125 0.85625 0.5125 0.8578125 0.5104166666666666 0.8609375 0.5104166666666666 0.8625 0.5083333333333333 0.865625 0.5083333333333333 0.8671875 0.50625 0.8703125 0.50625 0.8734375 0.5020833333333333 0.875 0.5020833333333333 0.878125 0.4979166666666667 0.8796875 0.4979166666666667 0.88125 0.49583333333333335 0.88125 0.49375 0.8828125 0.49166666666666664 0.8828125 0.4895833333333333 0.884375 0.4875 0.884375 0.48125 0.8859375 0.4791666666666667 0.8859375 0.475 0.884375 0.47291666666666665 0.884375 0.4666666666666667 0.8828125 0.46458333333333335 0.8828125 0.46041666666666664 0.88125 0.4583333333333333 0.88125 0.45625 0.8796875 0.45416666666666666 0.8796875 0.45208333333333334 0.878125 0.45 0.878125 0.44583333333333336
0 0.9 0.43333333333333335 0.89375 0.44166666666666665 0.89375 0.44583333333333336 0.896875 0.44583333333333336 0.8984375 0.4479166666666667 0.9 0.4479166666666667 0.9015625 0.45 0.903125 0.45 0.9046875 0.45208333333333334 0.90625 0.45208333333333334 0.9078125 0.45416666666666666 0.909375 0.45416666666666666 0.9125 0.4583333333333333 0.9125 0.46041666666666664 0.9109375 0.4625 0.909375 0.4625 0.9078125 0.46458333333333335 0.9015625 0.46458333333333335 0.9 0.4625 0.890625 0.4625 0.8890625 0.46458333333333335 0.890625 0.4666666666666667 0.890625 0.475 0.8921875 0.47708333333333336 0.890625 0.4791666666666667 0.890625 0.48333333333333334 0.8890625 0.48541666666666666 0.8875 0.48541666666666666 0.8875 0.4875 0.884375 0.49166666666666664 0.884375 0.49375 0.8828125 0.49583333333333335 0.8828125 0.4979166666666667 0.88125 0.5 0.8828125 0.5020833333333333 0.884375 0.5020833333333333 0.8859375 0.5041666666666667 0.8875 0.5041666666666667 0.8890625 0.50625 0.890625 0.50625 0.8953125 0.5125 0.896875 0.5125 0.8984375 0.5145833333333333 0.9015625 0.5145833333333333 0.903125 0.5166666666666667 0.90625 0.5166666666666667 0.9078125 0.51875 0.909375 0.51875 0.9109375 0.5208333333333334 0.9125 0.5208333333333334 0.9140625 0.5229166666666667 0.915625 0.5229166666666667 0.9171875 0.525 0.91875 0.525 0.9203125 0.5270833333333333 0.921875 0.5270833333333333 0.9234375 0.5291666666666667 0.93125 0.5291666666666667 0.9328125 0.5270833333333333 0.9359375 0.5270833333333333 0.9375 0.525 0.9390625 0.525 0.9421875 0.5208333333333334 0.9421875 0.51875 0.94375 0.5166666666666667 0.94375 0.5104166666666666 0.9453125 0.5083333333333333 0.9453125 0.50625 0.946875 0.5041666666666667 0.946875 0.49166666666666664 0.9453125 0.4895833333333333 0.9453125 0.48125 0.94375 0.4791666666666667 0.94375 0.4708333333333333 0.9421875 0.46875 0.9421875 0.46458333333333335 0.940625 0.4625 0.940625 0.4583333333333333 0.9328125 0.4479166666666667 0.9328125 0.44583333333333336 0.93125 0.44375 0.9296875 0.44375 0.928125 0.44166666666666665 0.928125 0.4395833333333333 0.9265625 0.4395833333333333 0.925 0.4375 0.9234375 0.4375 0.921875 0.4354166666666667 0.9109375 0.4354166666666667 0.909375 0.43333333333333335
0 0.91875 0.39791666666666664 0.91875 0.4041666666666667 0.9171875 0.40625 0.9171875 0.4125 0.91875 0.41458333333333336 0.91875 0.4166666666666667 0.9203125 0.4166666666666667 0.9234375 0.42083333333333334 0.9234375 0.42291666666666666 0.925 0.425 0.925 0.4270833333333333 0.9296875 0.43333333333333335 0.93125 0.43333333333333335 0.9328125 0.4354166666666667 0.9375 0.4354166666666667 0.9390625 0.4375 0.9578125 0.4375 0.959375 0.4354166666666667 0.9671875 0.4354166666666667 0.96875 0.43333333333333335 0.9734375 0.43333333333333335 0.975 0.43125 0.978125 0.43125 0.9796875 0.42916666666666664 0.9828125 0.42916666666666664 0.984375 0.43125 0.9890625 0.43125 0.990625 0.42916666666666664 0.9953125 0.42916666666666664 0.996875 0.4270833333333333 0.996875 0.425 0.9984375 0.42291666666666666 0.9984375 0.38958333333333334 0.996875 0.3875 0.996875 0.3770833333333333 0.9953125 0.375 0.9953125 0.3729166666666667 0.99375 0.37083333333333335 0.99375 0.36875 0.9859375 0.35833333333333334 0.984375 0.35833333333333334 0.9796875 0.35208333333333336 0.978125 0.35208333333333336 0.9765625 0.35 0.975 0.35 0.9734375 0.34791666666666665 0.971875 0.34791666666666665 0.9703125 0.3458333333333333 0.9671875 0.3458333333333333 0.965625 0.34375 0.953125 0.34375 0.9515625 0.3458333333333333 0.9484375 0.3458333333333333 0.946875 0.34791666666666665 0.9453125 0.34791666666666665 0.940625 0.3541666666666667 0.9390625 0.3541666666666667 0.9359375 0.35833333333333334 0.9359375 0.36041666666666666 0.93125 0.36666666666666664 0.93125 0.36875 0.9296875 0.37083333333333335 0.9296875 0.3770833333333333 0.9265625 0.38125 0.9265625 0.38333333333333336 0.9234375 0.3875 0.9234375 0.38958333333333334 0.921875 0.39166666666666666 0.921875 0.39375
0 0.996875 0.48541666666666666 0.99375 0.48541666666666666 0.9921875 0.48333333333333334 0.9890625 0.48333333333333334 0.9875 0.48541666666666666 0.984375 0.48541666666666666 0.98125 0.4895833333333333 0.9796875 0.4895833333333333 0.975 0.49583333333333335 0.9734375 0.49583333333333335 0.9578125 0.5166666666666667 0.95625 0.5166666666666667 0.953125 0.5208333333333334 0.9515625 0.5208333333333334 0.95 0.5229166666666667 0.9484375 0.5229166666666667 0.946875 0.525 0.946875 0.5270833333333333 0.9453125 0.5291666666666667 0.9453125 0.53125 0.94375 0.5333333333333333 0.94375 0.5354166666666667 0.940625 0.5395833333333333 0.940625 0.5416666666666666 0.9375 0.5458333333333333 0.9375 0.5479166666666667 0.946875 0.5604166666666667 0.95 0.5604166666666667 0.9515625 0.5625 0.953125 0.5625 0.9546875 0.5645833333333333 0.95625 0.5645833333333333 0.9578125 0.5666666666666667 0.965625 0.5666666666666667 0.9671875 0.56875 0.98125 0.56875 0.9828125 0.5708333333333333 0.9921875 0.5708333333333333 0.99375 0.5729166666666666 0.996875 0.5729166666666666 0.996875 0.5625 0.9984375 0.5604166666666667 0.9984375 0.4895833333333333 0.996875 0.4875
0 0.9046875 0.61875 0.9046875 0.625 0.903125 0.6270833333333333 0.903125 0.6354166666666666 0.9046875 0.6375 0.9046875 0.6395833333333333 0.90625 0.6416666666666667 0.90625 0.64375 0.9125 0.6520833333333333 0.9140625 0.6520833333333333 0.9203125 0.6604166666666667 0.921875 0.6604166666666667 0.9234375 0.6625 0.9265625 0.6625 0.928125 0.6645833333333333 0.93125 0.6645833333333333 0.9328125 0.6666666666666666 0.9359375 0.6666666666666666 0.9375 0.66875 0.9453125 0.66875 0.946875 0.6708333333333333 0.9484375 0.6708333333333333 0.95 0.6729166666666667 0.9546875 0.6729166666666667 0.95625 0.675 0.959375 0.675 0.9609375 0.6770833333333334 0.9640625 0.6770833333333334 0.965625 0.6791666666666667 0.971875 0.6791666666666667 0.9734375 0.68125 0.98125 0.68125 0.9828125 0.6833333333333333 0.984375 0.6833333333333333 0.990625 0.675 0.990625 0.6729166666666667 0.9921875 0.6708333333333333 0.9921875 0.6541666666666667 0.990625 0.6520833333333333 0.990625 0.6458333333333334 0.9890625 0.64375 0.9890625 0.6416666666666667 0.9875 0.6395833333333333 0.9875 0.6375 0.9859375 0.6354166666666666 0.9859375 0.63125 0.984375 0.6291666666666667 0.984375 0.6208333333333333 0.9828125 0.61875 0.9828125 0.6083333333333333 0.98125 0.60625 0.98125 0.6020833333333333 0.9765625 0.5958333333333333 0.9765625 0.59375 0.975 0.59375 0.9734375 0.5916666666666667 0.971875 0.5916666666666667 0.9703125 0.5895833333333333 0.9625 0.5895833333333333 0.9609375 0.5875 0.95 0.5875 0.9484375 0.5895833333333333 0.9390625 0.5895833333333333 0.9375 0.5916666666666667 0.9328125 0.5916666666666667 0.93125 0.59375 0.9296875 0.59375 0.928125 0.5958333333333333 0.9265625 0.5958333333333333 0.921875 0.6020833333333333 0.9203125 0.6020833333333333 0.91875 0.6041666666666666 0.9171875 0.6041666666666666 0.915625 0.60625 0.9140625 0.60625 0.9125 0.6083333333333333 0.9109375 0.6083333333333333 0.9078125 0.6125 0.9078125 0.6145833333333334