0 0.14892375518672202 0.4788208852005533 0.08493257261410789 0.12448132780082972
0 0.15832468879668052 0.5803941908713693 0.09076763485477177 0.10978561549100961
0 0.26692168049792536 0.5656984785615491 0.08104253112033195 0.11497233748271084
0 0.35931016597510373 0.5752074688796681 0.08687759336099576 0.12707468879668044
0 0.39691390041493774 0.6586272475795297 0.08298755186721989 0.11410788381742734
0 0.44489107883817425 0.48357538035961284 0.08169087136929462 0.12880359612724757
0 0.5081042531120332 0.5535961272475796 0.08363589211618257 0.10805670816044254
0 0.590119294605809 0.5579183955739973 0.07131742738589208 0.11497233748271084
0 0.6549533195020747 0.4593706777316736 0.09206431535269707 0.11843015214384511
0 0.6624092323651452 0.6123789764868602 0.08363589211618257 0.11151452282157676
0 0.6215637966804979 0.7087655601659751 0.07455912863070546 0.1106500691562933
0 0.7479901452282157 0.5229080221300139 0.07844917012448142 0.10027662517289067
0 0.8254668049792532 0.5501383125864455 0.07909751037344401 0.10286998616874131
0 0.8176867219917012 0.7005532503457814 0.08687759336099594 0.14955048409405264
0 0.9657643931535269 0.48979226869689785 0.06534621369294609 0.14469518746295182
0 0.11164419087136931 0.4554806362378977 0.10386410788381746 0.4727697095435685 0.10969917012448135 0.4848720608575381 0.11618257261410792 0.5047544951590596 0.12136929460580917 0.5203146611341632 0.12850103734439838 0.5306881051175657 0.13498443983402492 0.5358748271092669 0.14341286307053944 0.5306881051175657 0.14795124481327804 0.5237724757952974 0.1570280082987552 0.5237724757952974 0.16480809128630708 0.515127939142462 0.17582987551867224 0.5064834024896266 0.18360995850622408 0.4935165975103735 0.1849066390041494 0.48660096818810517 0.17777489626556017 0.4935165975103735 0.16480809128630708 0.49438105117565706 0.1557313278008299 0.4900587828492393 0.14924792531120334 0.4857365145228217 0.14017116182572617 0.48660096818810517 0.13303941908713696 0.483143153526971 0.1252593360995851 0.46498962655601667
0 0.15508298755186725 0.5315525587828493 0.1440612033195021 0.5332814661134163 0.13757780082987553 0.5401970954356847 0.12850103734439838 0.5566217150760718 0.12331431535269713 0.569588520055325 0.12331431535269713 0.5782330567081605 0.11683091286307057 0.5929287690179806 0.11034751037344401 0.6119467496542186 0.11423755186721996 0.6240491009681881 0.11812759336099588 0.6292358229598894 0.12655601659751042 0.6326936376210236 0.13757780082987553 0.63182918395574 0.15054460580912865 0.6309647302904564 0.16091804979253116 0.6275069156293223 0.1699948132780083 0.6257780082987552 0.1849066390041494 0.620591286307054 0.1939834024896266 0.6102178423236515 0.189445020746888 0.6058955739972338 0.18425829875518676 0.59033540802213 0.18166493775933615 0.5825553250345782 0.17323651452282157 0.5747752420470263 0.16610477178423239 0.5713174273858922 0.16221473029045647 0.558350622406639 0.16091804979253116 0.547112724757953
0 0.24844398340248963 0.513399031811895 0.2374221991701245 0.5246369294605809 0.2328838174273859 0.5332814661134163 0.22834543568464732 0.5445193637621024 0.22834543568464732 0.5574861687413555 0.22769709543568467 0.5808264177040111 0.23677385892116182 0.5946576763485478 0.2490923236514523 0.6162690179806363 0.2581690871369295 0.622320193637621 0.2659491701244813 0.6188623789764869 0.2769709543568465 0.6084889349930844 0.283454356846473 0.5998443983402489 0.2931794605809129 0.5842842323651453 0.29642116182572614 0.5713174273858922 0.29836618257261416 0.5609439834024896 0.29577282157676354 0.5445193637621024 0.29058609958506226 0.5315525587828493 0.28604771784232363 0.5229080221300139 0.2769709543568465 0.515127939142462 0.27178423236514526 0.515127939142462 0.2627074688796681 0.5142634854771785
0 0.3320798755186722 0.5306881051175657 0.32429979253112035 0.5401970954356847 0.31846473029045647 0.5566217150760718 0.3204097510373444 0.5739107883817428 0.328838174273859 0.5851486860304288 0.33467323651452285 0.5955221300138313 0.3411566390041494 0.6024377593360997 0.34634336099585067 0.6076244813278008 0.35347510373443985 0.6179979253112032 0.3599585062240664 0.6257780082987552 0.366441908713693 0.63182918395574 0.37681535269709543 0.6344225449515906 0.387188796680498 0.6292358229598894 0.39043049792531126 0.6171334716459198 0.39107883817427386 0.6015733056708161 0.3917271784232365 0.5877420470262794 0.39496887966804983 0.5739107883817428 0.3982105809128631 0.558350622406639 0.39885892116182575 0.547112724757953 0.3982105809128631 0.537603734439834 0.3943205394190871 0.5332814661134163 0.3845954356846474 0.5332814661134163 0.3755186721991702 0.5332814661134163 0.36514522821576767 0.5306881051175657 0.3593101659751038 0.5289591977869986 0.3541234439834025 0.5324170124481328 0.34569502074688796 0.5350103734439834
0 0.3593101659751038 0.6612206085753803 0.3612551867219917 0.6785096818810512 0.36968360995850624 0.6888831258644537 0.38394709543568467 0.7018499308437068 0.39691390041493774 0.7104944674965421 0.4085840248962655 0.7113589211618258 0.41441908713692943 0.7027143845089903 0.4267375518672199 0.6932053941908713 0.4312759336099584 0.6828319502074689 0.4358143153526971 0.6612206085753803 0.4332209543568465 0.643067081604426 0.4260892116182572 0.6240491009681881 0.41960580912863066 0.6119467496542186 0.4105290456431535 0.6041666666666666 0.40728734439834025 0.6136756569847857 0.3982105809128631 0.6214557399723375 0.3897821576763486 0.6249135546334716 0.3826504149377593 0.6370159059474413 0.37681535269709543 0.6387448132780082 0.37098029045643155 0.6465248962655602
0 0.4241441908713693 0.4364626556016598 0.41441908713692943 0.45029391424619647 0.4092323651452282 0.460667358229599 0.4066390041493776 0.471905255878285 0.40793568464730284 0.4848720608575381 0.41247406639004147 0.5012966804979254 0.4137707468879667 0.5082123098201937 0.41701244813278004 0.5237724757952974 0.41960580912863066 0.5350103734439834 0.42544087136929454 0.5436549100968189 0.42997925311203317 0.5462482710926694 0.437759336099585 0.5462482710926694 0.44618775933609955 0.5393326417704011 0.4526711618257261 0.5298236514522823 0.4578578838174273 0.5220435684647303 0.46952800829875513 0.5125345781466114 0.4734180497925311 0.503890041493776 0.48119813278008294 0.4900587828492393 0.4799014522821577 0.4822786998616875 0.47276970954356845 0.47449861687413564 0.4688796680497925 0.4788208852005533 0.4604512448132779 0.48141424619640394 0.45202282157676343 0.47449861687413564 0.4500778008298755 0.4667185338865838 0.44618775933609955 0.45202282157676354 0.44100103734439833 0.44770055325034586 0.43646265560165975 0.44251383125864463
0 0.4935165975103734 0.5073478561549102 0.47730809128630697 0.5116701244813279 0.4734180497925311 0.5280947441217152 0.47276970954356845 0.5419260027662517 0.4714730290456431 0.5592150760719226 0.4688796680497925 0.5721818810511756 0.4682313278008299 0.5851486860304288 0.4688796680497925 0.5989799446749654 0.4760114107883817 0.6084889349930844 0.48379149377593356 0.609353388658368 0.49546161825726137 0.6015733056708161 0.49870331950207464 0.5998443983402489 0.5071317427385892 0.5972510373443983 0.5330653526970954 0.5808264177040111 0.5408454356846473 0.5721818810511756 0.5460321576763485 0.5600795297372062 0.5453838174273858 0.5522994467496543 0.535658713692946 0.5453838174273858 0.5304719917012448 0.5384681881051175 0.5233402489626556 0.5306881051175657 0.5155601659751037 0.5237724757952974 0.5051867219917012 0.5099412171507608
0 0.6004927385892116 0.503890041493776 0.6134595435684647 0.5116701244813279 0.6192946058091285 0.5220435684647303 0.620591286307054 0.537603734439834 0.618646265560166 0.5531639004149377 0.6167012448132779 0.569588520055325 0.6134595435684647 0.59033540802213 0.6134595435684647 0.6033022130013831 0.6076244813278008 0.6154045643153527 0.6017894190871369 0.6128112033195021 0.5940093360995851 0.6033022130013831 0.5849325726141078 0.59033540802213 0.5765041493775933 0.5816908713692946 0.5680757261410788 0.5747752420470263 0.560295643153527 0.5635373443983404 0.5557572614107883 0.5505705394190872 0.5557572614107883 0.5384681881051175 0.5583506224066389 0.5306881051175657 0.5615923236514522 0.5211791147994468 0.5641856846473028 0.5159923928077456 0.5680757261410788 0.5108056708160443 0.5784491701244813 0.5090767634854773 0.5881742738589211 0.5125345781466114
0 0.6257780082987552 0.42263139695712315 0.6154045643153527 0.43386929460580925 0.6134595435684647 0.4468360995850623 0.6115145228215767 0.460667358229599 0.6115145228215767 0.4779564315352698 0.6154045643153527 0.48746542185338876 0.6244813278008298 0.4969744121715077 0.6400414937759336 0.5082123098201937 0.6601400414937759 0.5073478561549102 0.6795902489626555 0.5108056708160443 0.6932053941908713 0.5064834024896266 0.695798755186722 0.49438105117565706 0.6964470954356846 0.46931189488243436 0.6925570539419087 0.4485650069156294 0.6886670124481327 0.4373271092669434 0.6782935684647302 0.4183091286307055 0.6679201244813278 0.40793568464730295 0.6588433609958506 0.40102005532503465 0.6504149377593361 0.4027489626556017 0.6406898340248962 0.40707123098201947 0.6329097510373444 0.41571576763485485
0 0.6607883817427386 0.5618084370677732 0.6607883817427386 0.5730463347164592 0.6556016597510373 0.5799619640387275 0.6458765560165974 0.5868775933609959 0.6361514522821576 0.5911998616874136 0.6283713692946058 0.6033022130013831 0.6257780082987552 0.6171334716459198 0.6251296680497924 0.6309647302904564 0.6316130705394191 0.643067081604426 0.6426348547717842 0.6482538035961273 0.6543049792531119 0.6499827109266944 0.6594917012448132 0.652576071922545 0.6698651452282157 0.6560338865836791 0.6769968879668049 0.6638139695712311 0.6899636929460581 0.6664073305670816 0.6945020746887967 0.6629495159059474 0.7022821576763485 0.6517116182572614 0.6990404564315352 0.6413381742738589 0.695798755186722 0.6326936376210236 0.6951504149377593 0.6128112033195021 0.6951504149377593 0.5972510373443983 0.6945020746887967 0.588606500691563 0.691908713692946 0.5834197786998616 0.686073651452282 0.5782330567081605 0.6763485477178424 0.569588520055325
0 0.7450726141078838 0.46931189488243436 0.72951244813278 0.471905255878285 0.7243257261410788 0.48832987551867224 0.7223807053941909 0.5064834024896266 0.7146006224066389 0.5324170124481328 0.7146006224066389 0.5453838174273858 0.7184906639004149 0.5548928077455049 0.7262707468879668 0.5600795297372062 0.7308091286307054 0.5644017980636238 0.7379408713692945 0.5661307053941909 0.7522043568464729 0.5644017980636238 0.7573910788381741 0.5609439834024896 0.7697095435684647 0.5462482710926694 0.7768412863070538 0.5367392807745506 0.7800829875518672 0.5306881051175657 0.7794346473029046 0.5177213001383126 0.774896265560166 0.5116701244813279 0.7697095435684647 0.5047544951590596 0.7664678423236514 0.5116701244813279 0.7554460580912863 0.5073478561549102 0.7483143153526971 0.5004322268326419 0.7483143153526971 0.48746542185338876 0.7483143153526971 0.47968533886583686
0 0.8475103734439834 0.502161134163209 0.8552904564315353 0.513399031811895 0.8585321576763485 0.5237724757952974 0.8585321576763485 0.5384681881051175 0.8565871369294606 0.5626728907330567 0.8514004149377593 0.577368603042877 0.8449170124481329 0.5955221300138313 0.829356846473029 0.5998443983402489 0.8209284232365146 0.5998443983402489 0.8131483402489627 0.5920643153526971 0.8034232365145229 0.5808264177040111 0.7943464730290455 0.5635373443983404 0.789808091286307 0.5479771784232366 0.7891597510373443 0.5384681881051175 0.7930497925311204 0.5229080221300139 0.8008298755186722 0.5289591977869986 0.8118516597510373 0.5358748271092669 0.8209284232365146 0.5350103734439834 0.8300051867219918 0.5255013831258645 0.8364885892116183 0.5177213001383126
0 0.7904564315352697 0.6750518672199171 0.7787863070539418 0.6793741355463347 0.7774896265560165 0.7113589211618258 0.7807313278008299 0.7329702627939143 0.7852697095435685 0.7528526970954357 0.8008298755186722 0.7597683264177041 0.8073132780082988 0.7666839557399724 0.8209284232365146 0.7710062240663901 0.8332468879668051 0.7684128630705394 0.8449170124481329 0.7545816044260027 0.85399377593361 0.7329702627939143 0.8546421161825727 0.7148167358229599 0.8501037344398341 0.7079011065006916 0.8397302904564314 0.6992565698478561 0.8313018672199171 0.694069847856155 0.8215767634854773 0.7035788381742738 0.8092582987551868 0.705307745504841 0.7995331950207467 0.7018499308437068 0.7975881742738589 0.6828319502074689
0 0.9376296680497926 0.4909232365145229 0.9356846473029046 0.5082123098201937 0.9428163900414939 0.5237724757952974 0.9564315352697095 0.5358748271092669 0.9713433609958507 0.5427904564315352 0.9849585062240663 0.5540283540802213 0.9959802904564314 0.5514349930843707 0.9966286307053942 0.5306881051175657 0.9979253112033195 0.513399031811895 0.9972769709543569 0.48832987551867224 0.9894968879668051 0.48832987551867224 0.9778267634854773 0.4995677731673583 0.9726400414937759 0.5056189488243431 0.9635632780082988 0.5030255878284925 0.9583765560165975 0.4952455048409406 0.9480031120331951 0.49178769017980645