0 0.32808022922636104 0.6321633237822349 0.10118194842406876 0.11103151862464185
0 0.35337571633237824 0.5250119388729703 0.08909383954154726 0.12237344794651381
0 0.37173173352435535 0.3799546322827125 0.10968839541547282 0.1390878701050621
0 0.5526056590257881 0.46949617956064943 0.09536174785100285 0.12356733524355298
0 0.5655891833810889 0.5745582617000955 0.08551217765042977 0.10685291308500476
0 0.6631894699140402 0.5682903533906399 0.1025250716332378 0.12177650429799419
0 0.7979494985673352 0.5876910219675262 0.12043338108882526 0.12356733524355305
0 0.7878760744985673 0.646191499522445 0.09849570200573066 0.0877507163323782
0 0.8595093123209171 0.48083810888252143 0.09580945558739255 0.11998567335243558
0 0.9127865329512895 0.5506805157593123 0.10924068767908324 0.10565902578796559
0 0.9535279369627508 0.664696752626552 0.08954154727793692 0.10446513849092653
0 0.965013878939828 0.5534024997311776 0.06684724212034379 0.09916412076130457
0 0.289344165085389 0.6102941176470588 0.2819319259962049 0.6348039215686274 0.29586693548387094 0.6739405439595193 0.30565109108159394 0.6865907653383935 0.3192896110056926 0.6850094876660342 0.344194734345351 0.6711733080328907 0.3477526091081594 0.6636622390891841 0.3373754743833017 0.652988614800759 0.3311491935483871 0.6684060721062618 0.31810365275142316 0.6763124604680582 0.31217386148007586 0.6565464895635673 0.31098790322580644 0.6395477545857052 0.29260555028463 0.6332226438962681 0.3026861954459203 0.6178051865907653
0 0.31840014231499053 0.49841872232764073 0.31840014231499053 0.5233238456672992 0.3332246204933586 0.5509962049335864 0.350717504743833 0.5672043010752688 0.3673209203036053 0.5877609108159393 0.3791805028462998 0.5806451612903226 0.38451731499051234 0.5612745098039216 0.38777870018975336 0.5391366223908919 0.39696987666034156 0.5134408602150538 0.3934120018975332 0.4956514864010121 0.38066295066413663 0.4833965844402277 0.3797734819734345 0.5027672359266288 0.3699893263757116 0.5205566097406705 0.3622805977229601 0.5166034155597723 0.3569437855787476 0.502371916508539 0.35664729601518025 0.48379190385831755 0.3358930265654649 0.4877450980392157
0 0.34093334914611007 0.42014547754585707 0.34893856736242884 0.43833017077798864 0.3634665559772296 0.44781783681214427 0.3815524193548387 0.4438646426312461 0.3963768975332068 0.43556293485135994 0.4117943548387097 0.43200506008855155 0.4233574478178368 0.42409867172675525 0.4248398956356736 0.4078905755850728 0.4203925521821632 0.394449715370019 0.40438211574952565 0.3727071473750791 0.3904471062618596 0.3549177735610373 0.3762156072106262 0.347011385199241 0.3607981499051233 0.3497786211258697 0.35397888994307397 0.3774509803921569 0.343305265654649 0.4047280202403542
0 0.5182341081593929 0.4426786843769766 0.506078036053131 0.4750948766603416 0.506967504743833 0.5015812776723593 0.5152692125237192 0.510673624288425 0.5188270872865275 0.5276723592662872 0.5383953984819734 0.5312302340290955 0.5644864800759013 0.5253004427577482 0.5810898956356736 0.5035578747628083 0.5754565939278937 0.49644212523719167 0.5710092504743833 0.5047438330170778 0.5570742409867172 0.4833965844402277 0.5464006166982922 0.4584914611005693
0 0.5464006166982922 0.5316255534471853 0.533948055028463 0.5462523719165086 0.5262393263757115 0.5759013282732448 0.526535815939279 0.584203036053131 0.5220884724857685 0.6051549652118913 0.5256463472485768 0.6197817836812144 0.5496620018975331 0.6257115749525617 0.575753083491461 0.6221537001897534 0.5873161764705882 0.6138519924098672 0.5991757590132827 0.6015970904490828 0.5991757590132827 0.5913187855787476 0.5849442599620494 0.5545540796963947 0.5653759487666034 0.5268817204301075
0 0.6383123814041746 0.5253004427577482 0.6300106736242884 0.5502055660974068 0.6314931214421252 0.5727387729285263 0.6445386622390892 0.5901328273244781 0.6614385673624288 0.6091081593927894 0.6759665559772297 0.6261068943706516 0.6845647533206831 0.6265022137887414 0.6919769924098671 0.6146426312460469 0.6949418880455408 0.5976438962681847 0.6996857210626185 0.5782732447817837 0.7073944497153699 0.5549493991144845 0.704133064516129 0.532416192283365 0.686936669829222 0.5166034155597723 0.6596596299810247 0.5142314990512334
0 0.7521643738140418 0.6320366856419988 0.7569082068311195 0.6565464895635673 0.7776624762808348 0.6838235294117647 0.799899193548387 0.6893580012650221 0.8120552656546488 0.6814516129032259 0.8239148481973434 0.6778937381404174 0.8331060246679316 0.6561511701454775 0.8348849620493357 0.6205724225173941 0.8298446394686907 0.6150379506641367 0.8215429316888045 0.6387571157495257 0.8108693074003794 0.6470588235294118 0.8010851518026565 0.6474541429475017 0.7951553605313093 0.6644528779253637 0.7862606736242884 0.6652435167615434 0.7767730075901328 0.6545698924731183 0.7749940702087286 0.642314990512334 0.7601695920303605 0.6561511701454775 0.7592801233396584 0.6300600885515497
0 0.7527573529411764 0.5743200506008855 0.76135555028463 0.5972485768500949 0.7818133301707779 0.6174098671726755 0.7963413187855787 0.6431056293485136 0.8120552656546488 0.6474541429475017 0.8236183586337761 0.6391524351676154 0.8319200664136621 0.6122707147375078 0.8396287950664136 0.5917141049968375 0.8443726280834914 0.5786685641998734 0.8422972011385198 0.571157495256167 0.8307341081593927 0.5664136622390892 0.8310305977229602 0.5790638836179632 0.8167990986717267 0.5774826059456041 0.7987132352941175 0.5616698292220115 0.7904115275142314 0.5723434535104365 0.7782554554079696 0.5782732447817837 0.7675818311195446 0.5632511068943706 0.772918643263757 0.5553447185325743 0.7666923624288424 0.5545540796963947
0 0.826879743833017 0.4379348513598988 0.8141306925996205 0.4537476280834915 0.8123517552182162 0.48655913978494625 0.8150201612903226 0.5118595825426946 0.8135377134724857 0.5272770398481973 0.8289551707779885 0.5383459835547123 0.8422972011385198 0.5359740670461732 0.8594935958254268 0.5272770398481973 0.8677953036053131 0.5264864010120177 0.8843987191650854 0.517394054395952 0.8903285104364326 0.5031625553447185 0.8799513757115749 0.4909076533839343 0.8737250948766603 0.4711416824794434 0.8541567836812144 0.452561669829222
0 0.8633479601518026 0.5256957621758381 0.8615690227703985 0.5541587602783049 0.857121679316888 0.5810404807084125 0.8660163662239089 0.6004111321948133 0.8846952087286526 0.6004111321948133 0.8927004269449714 0.5932953826691968 0.9158266129032258 0.5917141049968375 0.9368773719165086 0.575506008855155 0.9448825901328272 0.5506008855154966 0.942214184060721 0.5371600253004428 0.9164195920303605 0.510673624288425 0.907821394686907 0.5090923466160658 0.904560009487666 0.504348513598988 0.8986302182163188 0.5075110689437066 0.8900320208728653 0.5031625553447185 0.8843987191650854 0.5181846932321316
0 0.9244248102466793 0.6557558507273877 0.9250177893738141 0.6656388361796332 0.9416212049335864 0.6858001265022138 0.9600035578747628 0.700426944971537 0.9780894212523717 0.7150537634408602 0.9938033681214421 0.7130771663504112 0.9973612428842504 0.7008222643896268 0.9979542220113851 0.6525932953826692 0.9938033681214421 0.6676154332700822 0.9804613377609108 0.6624762808349146 0.9683052656546488 0.6502213788741303 0.9439931214421252 0.6648481973434535 0.9374703510436433 0.6585230866540165 0.9434001423149905 0.6506166982922201
0 0.9377668406072106 0.5205566097406705 0.9383598197343452 0.530044275774826 0.9600035578747628 0.5478336495888679 0.9608930265654647 0.558111954459203 0.9665263282732447 0.5683902593295382 0.952887808349146 0.5557400379506642 0.9448825901328272 0.5553447185325743 0.94458610056926 0.5612745098039216 0.9789788899430739 0.601201771030993 0.9984375 0.601201771030993 0.9976577324478179 0.5249051233396584 0.9783859108159392 0.5118595825426946 0.9700842030360531 0.5071157495256168 0.952887808349146 0.5158127767235927