0 0.1349826388888889 0.29861111111111105 0.10590277777777776 0.11342592592592589
0 0.0859375 0.40219907407407407 0.10329861111111108 0.13078703703703703
0 0.3038194444444445 0.37673611111111105 0.07899305555555554 0.1284722222222222
0 0.3111979166666667 0.4623842592592593 0.08506944444444446 0.1215277777777778
0 0.43185763888888895 0.4386574074074074 0.08159722222222224 0.11342592592592589
0 0.5529513888888888 0.4126157407407407 0.08767361111111108 0.12615740740740738
0 0.5755208333333333 0.5271990740740741 0.08940972222222214 0.12615740740740738
0 0.6067708333333334 0.3761574074074074 0.07725694444444456 0.125
0 0.6749131944444444 0.4270833333333333 0.07986111111111108 0.10648148148148148
0 0.7486979166666666 0.4346064814814815 0.0677083333333334 0.10995370370370369
0 0.8046875 0.32986111111111105 0.09635416666666652 0.11574074074074077
0 0.81640625 0.48495370370370366 0.08333333333333348 0.11342592592592596
0 0.779079861111111 0.5925925925925927 0.08333333333333348 0.11111111111111108
0 0.8706597222222221 0.42245370370370366 0.07378472222222214 0.10416666666666667
0 0.943576388888889 0.4409722222222222 0.0703125 0.10416666666666667
0 0.9616753472222221 0.5783217592592594 0.07352430555555571 0.1265509259259262
0 0.1135892116182573 0.2523340248962656 0.10321576763485481 0.2618430152143846 0.09802904564315354 0.2730809128630706 0.09349066390041495 0.2791320885200554 0.09089730290456434 0.2929633471645921 0.08635892116182574 0.3050656984785617 0.09024896265560169 0.31284578146611347 0.09608402489626558 0.323219225449516 0.10256742738589213 0.3318637621023514 0.11423755186721993 0.34223720608575386 0.12266597510373445 0.3482883817427387 0.13174273858921165 0.3491528354080222 0.14146784232365145 0.3465594744121716 0.15119294605809133 0.34483056708160453 0.16934647302904565 0.334457123098202 0.17647821576763487 0.3309993084370679 0.1829616182572614 0.3275414937759337 0.1829616182572614 0.3163035961272477 0.17647821576763487 0.302472337482711 0.17193983402489627 0.2929633471645921 0.1674014522821577 0.28345435684647313 0.15832468879668055 0.27135200553250355 0.15119294605809133 0.2601141078838175 0.13757780082987553 0.25319847856154915 0.12007261410788383 0.25060511756569853
0 0.07922717842323654 0.345695020746888 0.07209543568464732 0.34396611341632094 0.06042531120331953 0.34742392807745515 0.05329356846473031 0.3508817427385893 0.04551348547717845 0.36644190871369303 0.03838174273858924 0.3854598893499309 0.03838174273858924 0.3949688796680499 0.04940352697095438 0.42176694329183967 0.05783195020746891 0.4321403872752422 0.06690871369294608 0.4442427385892117 0.07728215767634858 0.45807399723374836 0.08311721991701247 0.4632607192254496 0.08960062240663903 0.46412517289073313 0.09608402489626558 0.4589384508990319 0.1077541493775934 0.44510719225449524 0.11553423236514523 0.43386929460580925 0.12201763485477182 0.42349585062240674 0.12850103734439836 0.4062067773167359 0.12850103734439836 0.37940871369294615 0.12396265560165975 0.3724930843706778 0.11488589211618261 0.36211964038727534 0.1090508298755187 0.36039073305670827 0.09997406639004153 0.36211964038727534 0.09478734439834027 0.36471300138312596 0.08700726141078839 0.3629840940525588
0 0.29642116182572614 0.3292704011065008 0.285399377593361 0.3292704011065008 0.26724585062240663 0.3465594744121716 0.26400414937759337 0.3526106500691564 0.26076244813278004 0.3750864453665284 0.26270746887966806 0.4027489626556017 0.27502593360995853 0.42263139695712315 0.28021265560165975 0.43041147994467505 0.283454356846473 0.43300484094052566 0.28993775933609955 0.419173582295989 0.2944761410788382 0.41658022130013844 0.30160788381742737 0.4139868603042878 0.3048495850622407 0.40361341632088527 0.323003112033195 0.40102005532503465 0.3223547717842324 0.38200207468879677 0.32948651452282157 0.3941044260027663 0.3340248962655602 0.40102005532503465 0.3398599585062241 0.3923755186721992 0.3398599585062241 0.38373098201936384 0.3372665975103734 0.3750864453665284 0.3340248962655602 0.37162863070539426 0.324948132780083 0.36471300138312596 0.3171680497925311 0.3526106500691564 0.3113329875518672 0.34483056708160453 0.3054979253112033 0.3379149377593362
0 0.32040975103734437 0.4183091286307055 0.31068464730290457 0.41571576763485485 0.29901452282157676 0.419173582295989 0.2944761410788382 0.4269536652835409 0.285399377593361 0.45115836791148006 0.2756742738589212 0.4762275242047027 0.27308091286307057 0.48660096818810517 0.26983921161825725 0.5047544951590596 0.2743775933609959 0.515127939142462 0.28928941908713696 0.5211791147994468 0.30809128630705396 0.5211791147994468 0.32559647302904565 0.5194502074688797 0.3411566390041494 0.513399031811895 0.34699170124481327 0.5082123098201937 0.3521784232365145 0.4952455048409406 0.3521784232365145 0.4840076071922546 0.3489367219917012 0.46498962655601667 0.34699170124481327 0.4485650069156294 0.34310165975103735 0.4390560165975105 0.3366182572614108 0.4295470262793915 0.32948651452282157 0.4200380359612726
0 0.4351659751037345 0.38978215767634866 0.4286825726141079 0.39151106500691574 0.4150674273858922 0.39583333333333337 0.40923236514522826 0.4018845089903182 0.402100622406639 0.4105290456431536 0.39756224066390045 0.4209024896265561 0.3962655601659751 0.43992047026279396 0.3956172199170125 0.45807399723374836 0.39691390041493774 0.4667185338865838 0.40663900414937765 0.47968533886583686 0.42155082987551873 0.49178769017980645 0.4351659751037345 0.4909232365145229 0.45461618257261416 0.4762275242047027 0.46045124481327804 0.4589384508990319 0.4662863070539419 0.44770055325034586 0.4669346473029046 0.4312759336099586 0.4669346473029046 0.41571576763485485 0.46563796680497926 0.40707123098201947 0.4552645228215768 0.39842669432918404 0.4468360995850623 0.3932399723374828
0 0.5395487551867221 0.3577973720608576 0.5246369294605809 0.3681708160442601 0.5162085062240664 0.38027316735822964 0.5136151452282158 0.39756224066390045 0.5149118257261411 0.42263139695712315 0.5252852697095436 0.44251383125864463 0.537603734439834 0.45029391424619647 0.545383817427386 0.45720954356846477 0.5531639004149378 0.4632607192254496 0.5635373443983402 0.4675829875518673 0.5700207468879668 0.47104080221300143 0.579097510373444 0.4727697095435685 0.5836358921161826 0.46412517289073313 0.5868775933609959 0.4546161825726142 0.5888226141078838 0.4416493775933611 0.5920643153526971 0.42349585062240674 0.5940093360995851 0.40707123098201947 0.5940093360995851 0.3854598893499309 0.5914159751037344 0.375950899031812 0.5842842323651453 0.3629840940525588 0.5758558091286308 0.36039073305670827 0.5667790456431535 0.3577973720608576 0.5577022821576764 0.3560684647302905 0.5492738589211619 0.3560684647302905
0 0.5745591286307055 0.3482883817427387 0.5797458506224067 0.3318637621023514 0.5842842323651453 0.32408367911479957 0.5914159751037344 0.32062586445366537 0.6050311203319503 0.3171680497925312 0.616701244813278 0.32494813278008305 0.6270746887966805 0.3301348547717843 0.639393153526971 0.3396438450899033 0.6452282157676349 0.3569329183955741 0.6465248962655602 0.36903526970954365 0.6458765560165975 0.3776798063623791 0.6367997925311204 0.3932399723374828 0.6270746887966805 0.40534232365145234 0.6212396265560166 0.4113934993084371 0.6121628630705395 0.4200380359612726 0.6024377593360997 0.4243603042876903 0.597899377593361 0.42608921161825736 0.5946576763485478 0.4209024896265561 0.5991960580912863 0.4027489626556017 0.595954356846473 0.387188796680498 0.5907676348547718 0.37162863070539426 0.5868775933609959 0.36471300138312596 0.579097510373444 0.3560684647302905
0 0.5661307053941909 0.483143153526971 0.5622406639004149 0.49178769017980645 0.5570539419087137 0.49610995850622414 0.5466804979253113 0.49870331950207475 0.5382520746887967 0.5047544951590596 0.5337136929460582 0.5082123098201937 0.5311203319502076 0.5324170124481328 0.5363070539419088 0.5410615491009682 0.5427904564315353 0.5540283540802213 0.5577022821576764 0.5721818810511756 0.5674273858921162 0.5808264177040111 0.5778008298755186 0.5868775933609959 0.5907676348547718 0.5851486860304288 0.6082728215767635 0.5652662517289073 0.6134595435684648 0.5566217150760718 0.616701244813278 0.5436549100968189 0.6160529045643154 0.5289591977869986 0.6141078838174274 0.5108056708160443 0.6102178423236515 0.4995677731673583 0.6063278008298756 0.4848720608575381 0.6004927385892117 0.47017634854771795 0.5972510373443984 0.4667185338865838 0.5881742738589212 0.4684474412171509 0.5797458506224067 0.4736341632088521
0 0.6679201244813278 0.3776798063623791 0.654304979253112 0.38027316735822964 0.6439315352697096 0.39151106500691574 0.6380964730290457 0.419173582295989 0.6380964730290457 0.4373271092669434 0.6380964730290457 0.45029391424619647 0.637448132780083 0.46412517289073313 0.6432831950207469 0.4753630705394192 0.6510632780082988 0.4779564315352698 0.6692168049792532 0.47017634854771795 0.6795902489626556 0.4667185338865838 0.6906120331950207 0.4615318118948825 0.7048755186721991 0.45202282157676354 0.7100622406639004 0.4381915629322269 0.7087655601659751 0.42349585062240674 0.7055238589211619 0.4105290456431536 0.6983921161825727 0.39756224066390045 0.6951504149377594 0.39151106500691574 0.6880186721991701 0.38373098201936384 0.6744035269709544 0.38200207468879677
0 0.7398858921161826 0.37940871369294615 0.7359958506224067 0.3828665283540803 0.7223807053941909 0.38632434301521446 0.7184906639004149 0.3932399723374828 0.7191390041493776 0.3992911479944676 0.7288641078838174 0.40793568464730295 0.7308091286307054 0.4139868603042878 0.7269190871369295 0.41658022130013844 0.716545643153527 0.41485131396957126 0.716545643153527 0.4459716459197788 0.7178423236514523 0.4563450899031813 0.7191390041493776 0.460667358229599 0.7288641078838174 0.4658540802213002 0.7385892116182573 0.46931189488243436 0.7470176348547718 0.4736341632088521 0.756094398340249 0.47968533886583686 0.7658195020746887 0.48141424619640394 0.7703578838174273 0.4779564315352698 0.772951244813278 0.4667185338865838 0.7748962655601661 0.45720954356846477 0.7742479253112033 0.4459716459197788 0.772951244813278 0.4295470262793915 0.772951244813278 0.4183091286307055 0.77100622406639 0.4062067773167359 0.7697095435684647 0.39583333333333337 0.7632261410788381 0.39064661134163214 0.7586877593360997 0.387188796680498 0.7509076763485477 0.3828665283540803
0 0.7885114107883817 0.28172544951590606 0.7787863070539419 0.29036998616874143 0.7690612033195021 0.302472337482711 0.7638744813278009 0.3163035961272477 0.7619294605809129 0.32062586445366537 0.7612811203319503 0.3335926694329185 0.7599844398340249 0.3465594744121716 0.7586877593360997 0.36125518672199175 0.7690612033195021 0.3750864453665284 0.7781379668049793 0.3854598893499309 0.789808091286307 0.38632434301521446 0.8053682572614107 0.3845954356846474 0.8150933609958507 0.38027316735822964 0.8306535269709544 0.375950899031812 0.8377852697095436 0.3742219917012449 0.8475103734439834 0.36125518672199175 0.848158713692946 0.35174619640387284 0.8488070539419088 0.3318637621023514 0.8416753112033195 0.3145746887966806 0.8306535269709544 0.2938278008298756 0.8215767634854773 0.28777662517289077 0.8073132780082988 0.28086099585062246 0.795643153526971 0.279996542185339
0 0.8721473029045643 0.37940871369294615 0.8585321576763485 0.3768153526970955 0.848158713692946 0.38200207468879677 0.8423236514522822 0.38978215767634866 0.8364885892116183 0.39842669432918404 0.8338952282157676 0.419173582295989 0.8371369294605809 0.4416493775933611 0.8416753112033195 0.4485650069156294 0.8455653526970954 0.4563450899031813 0.8514004149377593 0.46412517289073313 0.8630705394190871 0.47017634854771795 0.8740923236514522 0.4658540802213002 0.8818724066390041 0.45980290456431544 0.8922458506224066 0.44510719225449524 0.8993775933609959 0.43386929460580925 0.902619294605809 0.419173582295989 0.9032676348547717 0.40880013831258655 0.9000259336099585 0.4027489626556017 0.8941908713692946 0.39583333333333337 0.8883558091286308 0.387188796680498 0.8838174273858922 0.38373098201936384
0 0.8176867219917012 0.43559820193637633 0.8118516597510373 0.44510719225449524 0.8079616182572614 0.45115836791148006 0.8001815352697095 0.45807399723374836 0.7924014522821577 0.4675829875518673 0.7865663900414939 0.4736341632088521 0.7794346473029046 0.49178769017980645 0.7800829875518673 0.5090767634854773 0.7846213692946058 0.513399031811895 0.7924014522821577 0.5177213001383126 0.804719917012448 0.5229080221300139 0.8222251037344398 0.5263658367911481 0.8358402489626556 0.5306881051175657 0.8455653526970954 0.5315525587828493 0.8552904564315353 0.5272302904564315 0.8578838174273858 0.5159923928077456 0.8585321576763485 0.502161134163209 0.8546421161825727 0.4848720608575381 0.8526970954356846 0.4684474412171509 0.8462136929460581 0.4546161825726142 0.8397302904564314 0.4459716459197788 0.8338952282157676 0.44078492392807755 0.8248184647302905 0.43559820193637633
0 0.7930497925311203 0.5479771784232366 0.7865663900414939 0.5540283540802213 0.7742479253112033 0.5540283540802213 0.7535010373443984 0.5514349930843707 0.7496109958506224 0.558350622406639 0.7424792531120332 0.5661307053941909 0.73923755186722 0.5730463347164592 0.737292531120332 0.5963865836791148 0.7483143153526971 0.6128112033195021 0.7554460580912863 0.6197268326417704 0.7703578838174273 0.6275069156293223 0.7904564315352698 0.6378803596127247 0.7982365145228216 0.6439315352697096 0.8092582987551868 0.6482538035961273 0.8163900414937759 0.6404737206085754 0.8183350622406639 0.6275069156293223 0.8189834024896265 0.6145401106500691 0.8183350622406639 0.5937932226832642 0.8163900414937759 0.579097510373444 0.8144450207468881 0.5661307053941909 0.8105549792531119 0.5531639004149377 0.8034232365145229 0.547112724757953
0 0.9149377593360996 0.41658022130013844 0.9129927385892117 0.4252247579529738 0.910399377593361 0.43992047026279396 0.9091026970954357 0.4554806362378977 0.9201244813278008 0.4762275242047027 0.9266078838174273 0.483143153526971 0.9317946058091285 0.4900587828492393 0.9395746887966805 0.49178769017980645 0.9544865145228215 0.48832987551867224 0.9661566390041493 0.4762275242047027 0.9693983402489627 0.4589384508990319 0.9713433609958507 0.44337828492392817 0.9726400414937759 0.42781811894882443 0.96875 0.40534232365145234 0.9596732365145229 0.39756224066390045 0.9499481327800829 0.40361341632088527 0.9421680497925312 0.40880013831258655 0.933091286307054 0.4122579529737207 0.9220695020746887 0.4131224066390042
0 0.9557831950207468 0.5393326417704011 0.9415197095435686 0.5393326417704011 0.9356846473029046 0.5436549100968189 0.9266078838174273 0.5566217150760718 0.9233661825726142 0.5851486860304288 0.9266078838174273 0.6007088520055325 0.9317946058091285 0.6136756569847857 0.9415197095435686 0.6275069156293223 0.9512448132780082 0.6387448132780082 0.9693983402489627 0.6370159059474413 0.9830134854771785 0.63182918395574 0.991441908713693 0.6240491009681881 0.9959802904564314 0.6007088520055325 0.9966286307053942 0.5842842323651453 0.9959802904564314 0.569588520055325 0.9966286307053942 0.5557572614107884 0.9959802904564314 0.5436549100968189 0.9927385892116183 0.5410615491009682 0.9784751037344398 0.5427904564315352 0.9739367219917012 0.5453838174273858 0.9629149377593361 0.5401970954356847