0 0.3917271784232365 0.40750345781466124 0.0972510373443984 0.10978561549100968
0 0.3495850622406639 0.5194502074688797 0.08817427385892115 0.13485477178423236
0 0.285399377593361 0.6586272475795297 0.08817427385892115 0.1452282157676348
0 0.5531639004149378 0.49308437067773175 0.08169087136929462 0.11843015214384506
0 0.5742349585062241 0.5877420470262795 0.09141597510373449 0.1210235131396957
0 0.6912603734439834 0.5734785615491009 0.08947095435684646 0.12188796680497914
0 0.8384336099585064 0.5609439834024897 0.10373443983402489 0.13312586445366523
0 0.867933091286307 0.49265214384508993 0.09011929460580922 0.09336099585062237
0 0.9389263485477178 0.5700207468879668 0.09076763485477173 0.10978561549100968
0 0.8449170124481327 0.6746196403872753 0.09984439834024901 0.13053250345781464
0 0.38200207468879666 0.35174619640387284 0.3742219917012448 0.36039073305670827 0.36709024896265563 0.3681708160442601 0.3638485477178423 0.3768153526970955 0.3586618257261411 0.387188796680498 0.3528267634854772 0.3992911479944676 0.3515300829875519 0.4122579529737207 0.3541234439834025 0.4209024896265561 0.36060684647302904 0.43300484094052566 0.3612551867219917 0.43992047026279396 0.37033195020746884 0.44510719225449524 0.3787603734439834 0.4468360995850623 0.3865404564315353 0.4468360995850623 0.3962655601659751 0.4442427385892117 0.4053423236514523 0.44078492392807755 0.4144190871369295 0.4381915629322269 0.42738589211618266 0.4381915629322269 0.4325726141078839 0.4364626556016598 0.4325726141078839 0.4269536652835409 0.4306275933609959 0.41658022130013844 0.42479253112033194 0.4062067773167359 0.4196058091286307 0.39756224066390045 0.4131224066390041 0.3845954356846474 0.40728734439834025 0.37335753803596133 0.39950726141078835 0.3595262793914247 0.39043049792531115 0.3560684647302905
0 0.3508817427385892 0.46412517289073313 0.3392116182572614 0.46239626556016605 0.3333765560165975 0.4615318118948825 0.3210580912863071 0.4753630705394192 0.31522302904564314 0.47968533886583686 0.31068464730290457 0.49178769017980645 0.3119813278008299 0.5099412171507608 0.3171680497925311 0.5246369294605809 0.3262448132780083 0.5462482710926694 0.34180497925311204 0.5618084370677732 0.3482883817427386 0.5739107883817428 0.3567168049792531 0.5782330567081605 0.37098029045643155 0.5669951590594745 0.3781120331950208 0.5497060857538035 0.38394709543568467 0.5315525587828493 0.3891338174273859 0.5177213001383126 0.3943205394190871 0.503890041493776 0.39043049792531115 0.48660096818810517 0.38459543568464727 0.47709197786998625 0.3742219917012448 0.4822786998616875 0.36320020746887965 0.483143153526971 0.3586618257261411 0.47104080221300143
0 0.2620591286307054 0.6058955739972338 0.24779564315352695 0.6179979253112032 0.24196058091286304 0.6257780082987552 0.2445539419087137 0.6439315352697096 0.2445539419087137 0.6560338865836791 0.2445539419087137 0.6724585062240663 0.2445539419087137 0.6914764868603043 0.24520228215767634 0.707036652835408 0.24844398340248963 0.7208679114799447 0.25816908713692943 0.7251901798063625 0.27632261410788383 0.716545643153527 0.28475103734439833 0.7113589211618258 0.29771784232365145 0.7044432918395575 0.31522302904564314 0.6914764868603043 0.3242997925311203 0.6793741355463347 0.324948132780083 0.6707295988934994 0.3236514522821577 0.6629495159059474 0.3184647302904564 0.6586272475795297 0.31068464730290457 0.6517116182572614 0.306146265560166 0.6482538035961273 0.29642116182572614 0.6517116182572614 0.28150933609958506 0.6517116182572614 0.2782676348547718 0.6447959889349931 0.27891597510373445 0.6326936376210236 0.2795643153526971 0.6240491009681881 0.26854253112033194 0.6136756569847857
0 0.5609439834024896 0.4442427385892117 0.545383817427386 0.4468360995850623 0.5343620331950207 0.45288727524204714 0.5265819502074689 0.4615318118948825 0.5220435684647303 0.47449861687413564 0.5188018672199171 0.4840076071922546 0.5175051867219918 0.4969744121715077 0.5149118257261411 0.513399031811895 0.5246369294605809 0.5272302904564315 0.5311203319502076 0.537603734439834 0.5389004149377594 0.547112724757953 0.5538122406639004 0.5445193637621024 0.5589989626556017 0.5393326417704011 0.5693724066390041 0.5289591977869986 0.575207468879668 0.5229080221300139 0.5855809128630706 0.5220435684647303 0.5920643153526971 0.5159923928077456 0.5946576763485478 0.5004322268326419 0.5901192946058091 0.48746542185338876 0.5855809128630706 0.4788208852005533 0.5771524896265561 0.4658540802213002 0.5693724066390041 0.45720954356846477
0 0.5778008298755186 0.5350103734439834 0.5635373443983402 0.5384681881051175 0.5557572614107884 0.5462482710926694 0.5512188796680498 0.5540283540802213 0.5479771784232366 0.5618084370677732 0.5395487551867221 0.5834197786998616 0.5369553941908715 0.5963865836791148 0.5337136929460582 0.6171334716459198 0.5343620331950207 0.6266424619640387 0.5408454356846473 0.6378803596127247 0.5641856846473029 0.6396092669432919 0.5868775933609959 0.6396092669432919 0.6050311203319503 0.6387448132780082 0.6128112033195021 0.6231846473029046 0.6134595435684648 0.598115491009682 0.6095695020746887 0.5661307053941909 0.6043827800829875 0.5557572614107884 0.5914159751037344 0.5419260027662517
0 0.6750518672199171 0.5220435684647303 0.6601400414937759 0.5367392807745506 0.6549533195020747 0.5540283540802213 0.6530082987551867 0.5765041493775933 0.6530082987551867 0.5868775933609959 0.6607883817427387 0.6058955739972338 0.6698651452282158 0.6119467496542186 0.6867219917012448 0.6197268326417704 0.7042271784232366 0.6249135546334716 0.7210840248962656 0.6197268326417704 0.7230290456431535 0.6067600276625172 0.7256224066390041 0.5816908713692946 0.7321058091286308 0.547112724757953 0.7158973029045643 0.5315525587828493 0.6996887966804979 0.5203146611341632 0.6802385892116183 0.515127939142462
0 0.8241701244813278 0.5047544951590596 0.8060165975103735 0.5116701244813279 0.7969398340248963 0.5203146611341632 0.7917531120331951 0.5332814661134163 0.7904564315352698 0.5669951590594745 0.8053682572614107 0.5842842323651453 0.8222251037344398 0.598115491009682 0.8345435684647302 0.6084889349930844 0.8468620331950207 0.6214557399723375 0.8552904564315353 0.6240491009681881 0.8682572614107883 0.620591286307054 0.8753890041493776 0.6162690179806363 0.8805757261410788 0.5998443983402489 0.8831690871369295 0.5739107883817428 0.8864107883817427 0.547112724757953 0.8831690871369295 0.5272302904564315 0.8766856846473029 0.5142634854771785 0.8617738589211619 0.5047544951590596 0.8514004149377593 0.5064834024896266 0.8364885892116183 0.5090767634854773
0 0.795643153526971 0.6594917012448133 0.7962914937759337 0.6733229598893499 0.8066649377593361 0.6888831258644537 0.8150933609958507 0.7018499308437068 0.8332468879668049 0.7174100968188105 0.8462136929460581 0.7286479944674966 0.8604771784232366 0.7312413554633471 0.8702022821576764 0.7251901798063625 0.8799273858921162 0.718274550484094 0.8864107883817427 0.7079011065006916 0.8903008298755187 0.6932053941908713 0.8903008298755187 0.6715940525587829 0.8864107883817427 0.6534405255878285 0.8838174273858922 0.6447959889349931 0.8773340248962656 0.6266424619640387 0.8676089211618259 0.6214557399723375 0.8617738589211619 0.6266424619640387 0.85399377593361 0.643067081604426 0.8494553941908715 0.6491182572614107 0.8306535269709544 0.6439315352697096 0.8241701244813278 0.6439315352697096 0.8170383817427386 0.6534405255878285 0.8086099585062241 0.6577627939142462 0.8027748962655602 0.6517116182572614
0 0.8507520746887967 0.45202282157676354 0.8306535269709544 0.4632607192254496 0.829356846473029 0.483143153526971 0.829356846473029 0.4969744121715077 0.8533454356846473 0.5012966804979254 0.8695539419087137 0.503890041493776 0.8883558091286308 0.5229080221300139 0.8864107883817427 0.5324170124481328 0.8987292531120332 0.5229080221300139 0.9078060165975105 0.5099412171507608 0.9084543568464729 0.49178769017980645 0.9045643153526971 0.4805497925311204 0.887707468879668 0.4675829875518673 0.870850622406639 0.45288727524204714
0 0.92725622406639 0.5203146611341632 0.9045643153526971 0.5332814661134163 0.8980809128630705 0.5427904564315352 0.8974325726141078 0.5687240663900415 0.8974325726141078 0.5946576763485478 0.9019709543568466 0.6102178423236515 0.9110477178423236 0.6197268326417704 0.9246628630705395 0.6197268326417704 0.933091286307054 0.6188623789764869 0.9467064315352698 0.6128112033195021 0.9648599585062241 0.6058955739972338 0.9745850622406639 0.5989799446749654 0.9817168049792532 0.5851486860304288 0.9817168049792532 0.5713174273858922 0.9784751037344398 0.5497060857538035 0.96875 0.5384681881051175 0.9596732365145229 0.5298236514522823 0.9551348547717842 0.5263658367911481 0.9402230290456431 0.5211791147994468