0 0.034520348837209315 0.23982558139534885 0.0683139534883721 0.11724806201550386
0 0.17332848837209305 0.29990310077519383 0.08575581395348839 0.15988372093023256
0 0.1573401162790698 0.4045542635658915 0.10610465116279073 0.1366279069767442
0 0.298328488372093 0.376453488372093 0.09302325581395347 0.1443798449612403
0 0.407703488372093 0.3367248062015504 0.10247093023255811 0.16763565891472867
0 0.5039970930232558 0.30959302325581395 0.08866279069767442 0.1618217054263566
0 0.5763081395348838 0.36773255813953487 0.0966569767441861 0.15019379844961242
0 0.4407703488372093 0.4811046511627907 0.10029069767441863 0.1579457364341086
0 0.6649709302325582 0.38323643410852715 0.08066860465116274 0.13662790697674415
0 0.7430959302325583 0.2543604651162791 0.11191860465116284 0.1540697674418605
0 0.7605377906976745 0.4423449612403101 0.1046511627906975 0.1482558139534884
0 0.7132994186046512 0.5780038759689923 0.09447674418604643 0.14244186046511634
0 0.846656976744186 0.38226744186046513 0.0821220930232558 0.1385658914728682
0 0.9349563953488371 0.40552325581395354 0.09447674418604653 0.13856589147286827
0 0.9536155523255815 0.5770106589147287 0.08964389534883725 0.15014534883720926
0 0 0.18541666666666667 0 0.29375 0.009375 0.29375 0.0109375 0.29583333333333334 0.0203125 0.29583333333333334 0.021875 0.29375 0.0265625 0.29375 0.028125 0.2916666666666667 0.03125 0.2916666666666667 0.0328125 0.28958333333333336 0.0359375 0.28958333333333336 0.0375 0.2875 0.0421875 0.2875 0.04375 0.28541666666666665 0.0453125 0.28541666666666665 0.046875 0.2833333333333333 0.05 0.2833333333333333 0.0515625 0.28125 0.0578125 0.28125 0.0609375 0.27708333333333335 0.0625 0.27708333333333335 0.065625 0.27291666666666664 0.065625 0.25833333333333336 0.0625 0.25416666666666665 0.0625 0.2520833333333333 0.059375 0.24791666666666667 0.059375 0.24583333333333332 0.0546875 0.23958333333333334 0.0546875 0.2375 0.05 0.23125 0.05 0.22916666666666666 0.046875 0.225 0.046875 0.22291666666666668 0.0390625 0.2125 0.0390625 0.21041666666666667 0.03125 0.2 0.0296875 0.2 0.0265625 0.19583333333333333 0.025 0.19583333333333333 0.0234375 0.19375 0.021875 0.19375 0.0203125 0.19166666666666668 0.015625 0.19166666666666668 0.0140625 0.18958333333333333 0.0125 0.18958333333333333 0.0109375 0.1875 0.00625 0.1875 0.0046875 0.18541666666666667
0 0.1796875 0.35208333333333336 0.178125 0.35208333333333336 0.1765625 0.35 0.1734375 0.35 0.171875 0.35208333333333336 0.1640625 0.35208333333333336 0.1625 0.3541666666666667 0.159375 0.3541666666666667 0.1578125 0.35625 0.15625 0.35625 0.1546875 0.35833333333333334 0.1515625 0.35833333333333334 0.15 0.36041666666666666 0.146875 0.36041666666666666 0.1453125 0.3625 0.14375 0.3625 0.1359375 0.3729166666666667 0.1359375 0.375 0.1328125 0.37916666666666665 0.1328125 0.38125 0.13125 0.38333333333333336 0.13125 0.3854166666666667 0.1296875 0.3875 0.1296875 0.38958333333333334 0.128125 0.39166666666666666 0.128125 0.39375 0.1265625 0.3958333333333333 0.1265625 0.39791666666666664 0.125 0.4 0.125 0.40208333333333335 0.1234375 0.4041666666666667 0.1234375 0.4083333333333333 0.115625 0.41875 0.115625 0.42083333333333334 0.1140625 0.42291666666666666 0.1140625 0.425 0.1109375 0.42916666666666664 0.1109375 0.43125 0.109375 0.43333333333333335 0.109375 0.4354166666666667 0.1078125 0.4375 0.1078125 0.45 0.109375 0.45208333333333334 0.109375 0.45416666666666666 0.115625 0.4625 0.11875 0.4625 0.1203125 0.46458333333333335 0.125 0.46458333333333335 0.1265625 0.4666666666666667 0.1875 0.4666666666666667 0.1890625 0.46458333333333335 0.1921875 0.46458333333333335 0.19375 0.4625 0.1953125 0.4625 0.196875 0.46041666666666664 0.2 0.46041666666666664 0.2015625 0.4583333333333333 0.203125 0.4583333333333333 0.20625 0.45416666666666666 0.20625 0.45208333333333334 0.209375 0.4479166666666667 0.209375 0.44583333333333336 0.2109375 0.44375 0.2109375 0.4375 0.20625 0.43125 0.203125 0.43125 0.2 0.4270833333333333 0.2 0.41458333333333336 0.1984375 0.4125 0.1984375 0.4 0.196875 0.39791666666666664 0.196875 0.39375 0.1953125 0.39166666666666666 0.1953125 0.38958333333333334 0.19375 0.3875 0.19375 0.3854166666666667 0.1921875 0.38333333333333336 0.1921875 0.38125 0.190625 0.37916666666666665 0.190625 0.3770833333333333 0.1890625 0.375 0.1890625 0.37083333333333335 0.1875 0.36875 0.1875 0.36666666666666664 0.1859375 0.3645833333333333 0.1859375 0.36041666666666666
0 0.13125 0.2833333333333333 0.13125 0.2875 0.1296875 0.28958333333333336 0.1296875 0.3125 0.13125 0.3145833333333333 0.13125 0.32708333333333334 0.1296875 0.32916666666666666 0.1296875 0.34791666666666665 0.13125 0.35 0.13125 0.35208333333333336 0.1328125 0.3541666666666667 0.1328125 0.36041666666666666 0.134375 0.3625 0.134375 0.3645833333333333 0.1359375 0.3645833333333333 0.1375 0.36666666666666664 0.140625 0.3625 0.1421875 0.3625 0.14375 0.36041666666666666 0.1453125 0.36041666666666666 0.146875 0.35833333333333334 0.1484375 0.35833333333333334 0.15 0.35625 0.153125 0.35625 0.1546875 0.3541666666666667 0.15625 0.3541666666666667 0.1578125 0.35208333333333336 0.159375 0.35208333333333336 0.1609375 0.35 0.1609375 0.34791666666666665 0.1625 0.3458333333333333 0.1625 0.34375 0.1640625 0.3416666666666667 0.1671875 0.3416666666666667 0.16875 0.33958333333333335 0.1703125 0.33958333333333335 0.1703125 0.32708333333333334 0.16875 0.325 0.16875 0.3229166666666667 0.171875 0.31875 0.175 0.3229166666666667 0.175 0.32708333333333334 0.1765625 0.32916666666666666 0.1765625 0.3333333333333333 0.178125 0.33541666666666664 0.178125 0.3375 0.1796875 0.33958333333333335 0.1796875 0.3416666666666667 0.18125 0.34375 0.18125 0.3458333333333333 0.1859375 0.35208333333333336 0.1875 0.35208333333333336 0.1890625 0.3541666666666667 0.1921875 0.3541666666666667 0.19375 0.35208333333333336 0.196875 0.35208333333333336 0.2 0.34791666666666665 0.2015625 0.34791666666666665 0.20625 0.3416666666666667 0.2078125 0.3416666666666667 0.209375 0.33958333333333335 0.209375 0.3375 0.2109375 0.33541666666666664 0.2109375 0.3333333333333333 0.2125 0.33125 0.2125 0.3229166666666667 0.209375 0.31875 0.209375 0.31666666666666665 0.2078125 0.31666666666666665 0.2046875 0.3125 0.203125 0.3125 0.2015625 0.3104166666666667 0.1953125 0.3104166666666667 0.19375 0.30833333333333335 0.1921875 0.30833333333333335 0.190625 0.30625 0.1890625 0.30625 0.1875 0.30416666666666664 0.1859375 0.30416666666666664 0.18125 0.29791666666666666 0.1796875 0.29791666666666666 0.171875 0.2875 0.16875 0.2875 0.1671875 0.28541666666666665 0.1671875 0.2833333333333333 0.1625 0.27708333333333335 0.1609375 0.27708333333333335 0.1578125 0.27291666666666664 0.1578125 0.2708333333333333 0.1546875 0.26666666666666666 0.146875 0.26666666666666666 0.1453125 0.26875 0.14375 0.26875 0.1421875 0.2708333333333333 0.140625 0.2708333333333333
0 0.2703125 0.32916666666666666 0.265625 0.33541666666666664 0.2640625 0.33541666666666664 0.25625 0.3458333333333333 0.2546875 0.3458333333333333 0.2515625 0.35 0.2515625 0.4041666666666667 0.253125 0.40625 0.253125 0.4125 0.25625 0.4166666666666667 0.25625 0.41875 0.265625 0.43125 0.2671875 0.43125 0.2703125 0.4354166666666667 0.271875 0.4354166666666667 0.2734375 0.4375 0.2765625 0.4375 0.278125 0.4395833333333333 0.284375 0.4395833333333333 0.2859375 0.44166666666666665 0.2875 0.44166666666666665 0.2890625 0.44375 0.290625 0.44375 0.2921875 0.44583333333333336 0.3015625 0.44583333333333336 0.303125 0.44375 0.3078125 0.44375 0.321875 0.425 0.3234375 0.425 0.3328125 0.4125 0.3328125 0.41041666666666665 0.334375 0.4083333333333333 0.334375 0.4041666666666667 0.3359375 0.40208333333333335 0.3359375 0.39791666666666664 0.3375 0.3958333333333333 0.3375 0.39375 0.3390625 0.39166666666666666 0.3390625 0.3875 0.340625 0.3854166666666667 0.340625 0.38125 0.3390625 0.37916666666666665 0.3390625 0.3770833333333333 0.3375 0.375 0.3375 0.37083333333333335 0.3359375 0.36875 0.3359375 0.36666666666666664 0.3328125 0.3625 0.3328125 0.35833333333333334 0.3296875 0.3541666666666667 0.3296875 0.35208333333333336 0.328125 0.35 0.328125 0.34791666666666665 0.3265625 0.3458333333333333 0.3265625 0.34375 0.325 0.3416666666666667 0.3234375 0.3416666666666667 0.3203125 0.3375 0.315625 0.3375 0.3140625 0.33541666666666664 0.3125 0.33541666666666664 0.3109375 0.3333333333333333 0.309375 0.3333333333333333 0.3078125 0.33125 0.303125 0.33125 0.3015625 0.32916666666666666 0.2890625 0.32916666666666666 0.2875 0.32708333333333334 0.275 0.32708333333333334 0.2734375 0.32916666666666666
0 0.3875 0.27291666666666664 0.3859375 0.275 0.384375 0.275 0.3828125 0.27708333333333335 0.38125 0.27708333333333335 0.3796875 0.2791666666666667 0.378125 0.2791666666666667 0.3765625 0.28125 0.375 0.28125 0.3734375 0.2833333333333333 0.3734375 0.28541666666666665 0.365625 0.29583333333333334 0.365625 0.29791666666666666 0.3640625 0.3 0.3640625 0.3020833333333333 0.3625 0.30416666666666664 0.3625 0.3104166666666667 0.3609375 0.3125 0.3609375 0.32083333333333336 0.359375 0.3229166666666667 0.359375 0.32708333333333334 0.3609375 0.32916666666666666 0.3609375 0.3375 0.3640625 0.3416666666666667 0.3640625 0.35625 0.3703125 0.3645833333333333 0.3703125 0.36666666666666664 0.371875 0.36875 0.371875 0.37083333333333335 0.3765625 0.3770833333333333 0.378125 0.3770833333333333 0.384375 0.3854166666666667 0.3859375 0.3854166666666667 0.3890625 0.38958333333333334 0.390625 0.38958333333333334 0.39375 0.39375 0.3953125 0.39375 0.4078125 0.41041666666666665 0.409375 0.41041666666666665 0.4125 0.41458333333333336 0.415625 0.41458333333333336 0.4171875 0.4166666666666667 0.4265625 0.4166666666666667 0.428125 0.41458333333333336 0.4296875 0.41458333333333336 0.43125 0.4125 0.4328125 0.4125 0.4390625 0.4041666666666667 0.4390625 0.40208333333333335 0.440625 0.4 0.440625 0.39791666666666664 0.4421875 0.3958333333333333 0.4421875 0.39375 0.44375 0.39166666666666666 0.44375 0.3875 0.4453125 0.3854166666666667 0.4453125 0.38333333333333336 0.446875 0.38125 0.446875 0.3770833333333333 0.4484375 0.375 0.4484375 0.36875 0.45 0.36666666666666664 0.45 0.3645833333333333 0.4515625 0.3625 0.4515625 0.35625 0.453125 0.3541666666666667 0.453125 0.3458333333333333 0.4546875 0.34375 0.4546875 0.3416666666666667 0.45625 0.33958333333333335 0.45625 0.33541666666666664 0.4578125 0.3333333333333333 0.4578125 0.3125 0.45625 0.3104166666666667 0.45625 0.30416666666666664 0.4546875 0.3020833333333333 0.453125 0.3020833333333333 0.4515625 0.3 0.4515625 0.29791666666666666 0.45 0.29583333333333334 0.45 0.29375 0.4484375 0.2916666666666667 0.4484375 0.28958333333333336 0.446875 0.28958333333333336 0.4390625 0.2791666666666667 0.4359375 0.2791666666666667 0.434375 0.27708333333333335 0.4328125 0.27708333333333335 0.43125 0.275 0.425 0.275 0.4234375 0.27291666666666664 0.4078125 0.27291666666666664 0.40625 0.275 0.403125 0.275 0.4015625 0.27291666666666664
0 0.4421875 0.41458333333333336 0.440625 0.4166666666666667 0.4359375 0.4166666666666667 0.434375 0.41875 0.43125 0.41875 0.4296875 0.42083333333333334 0.4265625 0.42083333333333334 0.425 0.42291666666666666 0.421875 0.42291666666666666 0.4203125 0.425 0.41875 0.425 0.4171875 0.4270833333333333 0.415625 0.4270833333333333 0.4125 0.43125 0.4109375 0.43125 0.409375 0.43333333333333335 0.4078125 0.43333333333333335 0.40625 0.4354166666666667 0.4046875 0.4354166666666667 0.4 0.44166666666666665 0.4 0.45 0.396875 0.45416666666666666 0.396875 0.45625 0.3953125 0.4583333333333333 0.3953125 0.46041666666666664 0.39375 0.4625 0.39375 0.46875 0.3921875 0.4708333333333333 0.3921875 0.48333333333333334 0.39375 0.48541666666666666 0.39375 0.4895833333333333 0.3953125 0.49166666666666664 0.3953125 0.49583333333333335 0.4 0.5020833333333333 0.4 0.5041666666666667 0.4015625 0.50625 0.4015625 0.5083333333333333 0.409375 0.51875 0.409375 0.5208333333333334 0.4140625 0.5270833333333333 0.4140625 0.5291666666666667 0.415625 0.5291666666666667 0.4171875 0.53125 0.4171875 0.5333333333333333 0.4234375 0.5416666666666666 0.4265625 0.5416666666666666 0.43125 0.5479166666666667 0.4328125 0.5479166666666667 0.434375 0.55 0.4359375 0.55 0.4390625 0.5541666666666667 0.4546875 0.5541666666666667 0.45625 0.5520833333333334 0.4578125 0.5520833333333334 0.46875 0.5375 0.4703125 0.5375 0.471875 0.5354166666666667 0.4734375 0.5354166666666667 0.475 0.5333333333333333 0.4765625 0.5333333333333333 0.484375 0.5229166666666667 0.484375 0.51875 0.4859375 0.5166666666666667 0.4859375 0.5145833333333333 0.4875 0.5125 0.4875 0.5083333333333333 0.4890625 0.50625 0.4890625 0.4979166666666667 0.490625 0.49583333333333335 0.490625 0.48333333333333334 0.4890625 0.48125 0.4890625 0.46041666666666664 0.4875 0.4583333333333333 0.4875 0.45208333333333334 0.4859375 0.45 0.4859375 0.44583333333333336 0.484375 0.44375 0.484375 0.44166666666666665 0.48125 0.4375 0.48125 0.4354166666666667 0.4703125 0.42083333333333334 0.46875 0.42083333333333334 0.4671875 0.41875 0.465625 0.41875 0.4640625 0.4166666666666667 0.45625 0.4166666666666667 0.4546875 0.41458333333333336
0 0.484375 0.25 0.4828125 0.2520833333333333 0.48125 0.2520833333333333 0.4796875 0.25416666666666665 0.478125 0.25416666666666665 0.4734375 0.2604166666666667 0.471875 0.2604166666666667 0.4703125 0.2625 0.4703125 0.26458333333333334 0.46875 0.26666666666666666 0.46875 0.26875 0.4640625 0.275 0.4640625 0.27708333333333335 0.4625 0.2791666666666667 0.4625 0.2875 0.4609375 0.28958333333333336 0.4625 0.2916666666666667 0.4625 0.3020833333333333 0.4640625 0.30416666666666664 0.4640625 0.3104166666666667 0.465625 0.3125 0.465625 0.31666666666666665 0.4671875 0.31875 0.4671875 0.325 0.46875 0.32708333333333334 0.46875 0.3333333333333333 0.4703125 0.33541666666666664 0.4703125 0.35208333333333336 0.471875 0.3541666666666667 0.471875 0.3645833333333333 0.4734375 0.36666666666666664 0.4734375 0.37083333333333335 0.475 0.3729166666666667 0.475 0.375 0.4765625 0.3770833333333333 0.4765625 0.37916666666666665 0.4796875 0.38333333333333336 0.48125 0.38333333333333336 0.4828125 0.3854166666666667 0.490625 0.3854166666666667 0.4921875 0.38333333333333336 0.49375 0.38333333333333336 0.4953125 0.38125 0.496875 0.38125 0.5 0.3770833333333333 0.5015625 0.3770833333333333 0.5078125 0.36875 0.509375 0.36875 0.5125 0.3645833333333333 0.5140625 0.3645833333333333 0.515625 0.3625 0.515625 0.36041666666666666 0.5203125 0.3541666666666667 0.521875 0.3541666666666667 0.5296875 0.34375 0.5296875 0.3416666666666667 0.5375 0.33125 0.5375 0.32916666666666666 0.540625 0.325 0.540625 0.3229166666666667 0.5421875 0.32083333333333336 0.5421875 0.31875 0.5453125 0.3145833333333333 0.5453125 0.29375 0.5375 0.2833333333333333 0.5375 0.28125 0.534375 0.27708333333333335 0.528125 0.27708333333333335 0.5265625 0.275 0.525 0.275 0.5234375 0.27291666666666664 0.521875 0.27291666666666664 0.5125 0.2604166666666667 0.5109375 0.2604166666666667 0.509375 0.25833333333333336 0.50625 0.25833333333333336 0.5046875 0.25625 0.503125 0.25625 0.5015625 0.25416666666666665 0.4984375 0.25416666666666665 0.496875 0.2520833333333333 0.4921875 0.2520833333333333 0.490625 0.25
0 0.5984375 0.33125 0.5953125 0.33125 0.5921875 0.32708333333333334 0.5890625 0.32708333333333334 0.5875 0.325 0.5828125 0.325 0.58125 0.3229166666666667 0.575 0.3229166666666667 0.5734375 0.32083333333333336 0.5578125 0.32083333333333336 0.5546875 0.325 0.553125 0.325 0.5515625 0.32708333333333334 0.5515625 0.32916666666666666 0.5421875 0.3416666666666667 0.5421875 0.34375 0.540625 0.3458333333333333 0.540625 0.34791666666666665 0.5390625 0.35 0.5390625 0.35208333333333336 0.5375 0.3541666666666667 0.5375 0.3645833333333333 0.5359375 0.36666666666666664 0.5359375 0.3770833333333333 0.534375 0.37916666666666665 0.534375 0.38333333333333336 0.5328125 0.3854166666666667 0.5328125 0.38958333333333334 0.53125 0.39166666666666666 0.53125 0.3958333333333333 0.5296875 0.39791666666666664 0.5296875 0.4041666666666667 0.528125 0.40625 0.528125 0.425 0.5296875 0.4270833333333333 0.5296875 0.42916666666666664 0.53125 0.43125 0.5328125 0.43125 0.5359375 0.4354166666666667 0.5390625 0.4354166666666667 0.540625 0.4375 0.5484375 0.4375 0.55 0.4354166666666667 0.55625 0.4354166666666667 0.5578125 0.43333333333333335 0.565625 0.43333333333333335 0.5671875 0.43125 0.571875 0.43125 0.5734375 0.43333333333333335 0.5828125 0.43333333333333335 0.584375 0.43125 0.590625 0.43125 0.5921875 0.42916666666666664 0.59375 0.42916666666666664 0.60625 0.4125 0.6078125 0.4125 0.6109375 0.4083333333333333 0.6125 0.4083333333333333 0.6171875 0.40208333333333335 0.6171875 0.39791666666666664 0.61875 0.3958333333333333 0.61875 0.39375 0.6203125 0.39166666666666666 0.6203125 0.38958333333333334 0.621875 0.3875 0.621875 0.3854166666666667 0.6234375 0.38333333333333336 0.621875 0.38125 0.621875 0.3770833333333333 0.61875 0.3729166666666667 0.61875 0.37083333333333335 0.6171875 0.36875 0.6171875 0.36666666666666664 0.615625 0.3645833333333333 0.615625 0.3625 0.6140625 0.36041666666666666 0.6140625 0.35833333333333334 0.6109375 0.3541666666666667 0.6109375 0.35208333333333336 0.60625 0.3458333333333333 0.60625 0.34375 0.6046875 0.3416666666666667 0.6046875 0.33958333333333335
0 0.653125 0.32708333333333334 0.65 0.33125 0.6484375 0.33125 0.6453125 0.33541666666666664 0.64375 0.33541666666666664 0.640625 0.33958333333333335 0.6390625 0.33958333333333335 0.634375 0.3458333333333333 0.634375 0.35208333333333336 0.6359375 0.3541666666666667 0.6359375 0.36041666666666666 0.634375 0.3625 0.6328125 0.3625 0.6296875 0.36666666666666664 0.63125 0.36875 0.63125 0.3729166666666667 0.6328125 0.375 0.6328125 0.37916666666666665 0.634375 0.38125 0.634375 0.38958333333333334 0.6328125 0.39166666666666666 0.6328125 0.4 0.634375 0.40208333333333335 0.634375 0.40625 0.6421875 0.4166666666666667 0.64375 0.4166666666666667 0.646875 0.42083333333333334 0.6484375 0.42083333333333334 0.653125 0.4270833333333333 0.6546875 0.4270833333333333 0.6578125 0.43125 0.659375 0.43125 0.6625 0.4354166666666667 0.6640625 0.4354166666666667 0.665625 0.4375 0.6671875 0.4375 0.6703125 0.44166666666666665 0.671875 0.44166666666666665 0.6734375 0.44375 0.675 0.44375 0.6765625 0.44583333333333336 0.6796875 0.44583333333333336 0.68125 0.4479166666666667 0.6953125 0.4479166666666667 0.6984375 0.44375 0.6984375 0.44166666666666665 0.7 0.4395833333333333 0.7 0.39791666666666664 0.7015625 0.3958333333333333 0.7015625 0.39375 0.703125 0.39166666666666666 0.703125 0.38958333333333334 0.7046875 0.3875 0.7046875 0.3854166666666667 0.70625 0.38333333333333336 0.70625 0.3770833333333333 0.7078125 0.375 0.7078125 0.36875 0.70625 0.36666666666666664 0.70625 0.36041666666666666 0.7046875 0.35833333333333334 0.7046875 0.3541666666666667 0.7 0.34791666666666665 0.7 0.3458333333333333 0.69375 0.3375 0.6921875 0.3375 0.690625 0.33541666666666664 0.6890625 0.33541666666666664 0.6875 0.3333333333333333 0.684375 0.3333333333333333 0.6828125 0.33125 0.6796875 0.33125 0.678125 0.32916666666666666 0.675 0.32916666666666666 0.6734375 0.32708333333333334
0 0.7546875 0.20833333333333334 0.7515625 0.20833333333333334 0.75 0.20625 0.746875 0.20625 0.7453125 0.20416666666666666 0.740625 0.20416666666666666 0.7390625 0.20208333333333334 0.7328125 0.20208333333333334 0.73125 0.20416666666666666 0.728125 0.20416666666666666 0.7265625 0.20625 0.725 0.20625 0.7234375 0.20833333333333334 0.721875 0.20833333333333334 0.7203125 0.21041666666666667 0.71875 0.21041666666666667 0.7171875 0.2125 0.715625 0.2125 0.7140625 0.21458333333333332 0.7125 0.21458333333333332 0.7109375 0.21666666666666667 0.709375 0.21666666666666667 0.7 0.22916666666666666 0.6984375 0.22916666666666666 0.696875 0.23125 0.696875 0.23958333333333334 0.6921875 0.24583333333333332 0.6921875 0.24791666666666667 0.690625 0.25 0.690625 0.2520833333333333 0.6890625 0.25416666666666665 0.6890625 0.26666666666666666 0.6875 0.26875 0.6875 0.2875 0.6890625 0.28958333333333336 0.6875 0.2916666666666667 0.6875 0.29375 0.6890625 0.29583333333333334 0.6890625 0.3 0.690625 0.3 0.6921875 0.3020833333333333 0.6921875 0.30416666666666664 0.69375 0.30625 0.69375 0.30833333333333335 0.6953125 0.3104166666666667 0.6953125 0.3125 0.696875 0.3145833333333333 0.696875 0.31666666666666665 0.703125 0.325 0.7046875 0.325 0.70625 0.32708333333333334 0.7078125 0.32708333333333334 0.709375 0.32916666666666666 0.7140625 0.32916666666666666 0.715625 0.33125 0.728125 0.33125 0.7296875 0.32916666666666666 0.7421875 0.32916666666666666 0.74375 0.32708333333333334 0.746875 0.32708333333333334 0.7484375 0.325 0.7515625 0.325 0.753125 0.3229166666666667 0.75625 0.3229166666666667 0.7578125 0.32083333333333336 0.7609375 0.32083333333333336 0.7625 0.31875 0.7703125 0.31875 0.771875 0.31666666666666665 0.775 0.31666666666666665 0.7765625 0.3145833333333333 0.7796875 0.3145833333333333 0.78125 0.3125 0.7828125 0.3125 0.784375 0.3104166666666667 0.7859375 0.3104166666666667 0.7875 0.30833333333333335 0.7890625 0.30833333333333335 0.79375 0.3020833333333333 0.79375 0.3 0.7953125 0.29791666666666666 0.7953125 0.2791666666666667 0.79375 0.27708333333333335 0.79375 0.27291666666666664 0.7921875 0.2708333333333333 0.7921875 0.26875 0.7890625 0.26458333333333334 0.7890625 0.2625 0.7859375 0.25833333333333336 0.7859375 0.25416666666666665 0.784375 0.2520833333333333 0.784375 0.25 0.7796875 0.24375 0.7796875 0.24166666666666667 0.7765625 0.2375 0.7765625 0.23541666666666666 0.7734375 0.23125 0.7734375 0.22916666666666666 0.7671875 0.22083333333333333 0.765625 0.22083333333333333 0.7578125 0.21041666666666667 0.75625 0.21041666666666667
0 0.7546875 0.3875 0.7484375 0.3958333333333333 0.746875 0.3958333333333333 0.7453125 0.39791666666666664 0.74375 0.39791666666666664 0.7375 0.40625 0.7359375 0.40625 0.728125 0.4166666666666667 0.728125 0.41875 0.7265625 0.42083333333333334 0.7265625 0.42291666666666666 0.725 0.425 0.725 0.4270833333333333 0.7234375 0.42916666666666664 0.7234375 0.43125 0.7203125 0.4354166666666667 0.7203125 0.4375 0.71875 0.4395833333333333 0.71875 0.44166666666666665 0.7140625 0.4479166666666667 0.7140625 0.45 0.7125 0.45208333333333334 0.7125 0.45625 0.7109375 0.4583333333333333 0.7109375 0.46041666666666664 0.709375 0.4625 0.709375 0.47291666666666665 0.7109375 0.475 0.7109375 0.47708333333333336 0.7125 0.4791666666666667 0.7125 0.48125 0.7171875 0.4875 0.71875 0.4875 0.721875 0.49166666666666664 0.7234375 0.49166666666666664 0.725 0.49375 0.7265625 0.49375 0.7296875 0.4979166666666667 0.7328125 0.4979166666666667 0.734375 0.5 0.7421875 0.5 0.74375 0.5020833333333333 0.7578125 0.5020833333333333 0.759375 0.5041666666666667 0.765625 0.5041666666666667 0.7671875 0.50625 0.7703125 0.50625 0.771875 0.5083333333333333 0.7765625 0.5083333333333333 0.778125 0.5104166666666666 0.784375 0.5104166666666666 0.7859375 0.5125 0.7953125 0.5125 0.796875 0.5104166666666666 0.8015625 0.5104166666666666 0.8078125 0.5020833333333333 0.8078125 0.49583333333333335 0.809375 0.49375 0.809375 0.4791666666666667 0.8078125 0.47708333333333336 0.8078125 0.47291666666666665 0.8046875 0.46875 0.8046875 0.4666666666666667 0.803125 0.46458333333333335 0.803125 0.4625 0.8015625 0.46041666666666664 0.8015625 0.45625 0.8 0.45416666666666666 0.8 0.44375 0.8015625 0.44166666666666665 0.8 0.4395833333333333 0.8 0.4354166666666667 0.7984375 0.43333333333333335 0.7984375 0.43125 0.796875 0.42916666666666664 0.796875 0.4270833333333333 0.7953125 0.425 0.7953125 0.42291666666666666 0.79375 0.42083333333333334 0.79375 0.41875 0.7921875 0.4166666666666667 0.7921875 0.41458333333333336 0.790625 0.4125 0.790625 0.41041666666666665 0.7875 0.40625 0.7875 0.4041666666666667 0.7796875 0.39375 0.778125 0.39375 0.7765625 0.39166666666666666 0.775 0.39166666666666666 0.7734375 0.38958333333333334 0.7671875 0.38958333333333334 0.765625 0.3875
0 0.8828125 0.35833333333333334 0.878125 0.35208333333333336 0.875 0.35208333333333336 0.871875 0.34791666666666665 0.8703125 0.34791666666666665 0.8671875 0.34375 0.865625 0.34375 0.8640625 0.3416666666666667 0.8609375 0.3416666666666667 0.859375 0.33958333333333335 0.8546875 0.33958333333333335 0.853125 0.3375 0.8296875 0.3375 0.828125 0.33958333333333335 0.825 0.33958333333333335 0.8234375 0.3416666666666667 0.821875 0.3416666666666667 0.8203125 0.34375 0.81875 0.34375 0.815625 0.34791666666666665 0.8140625 0.34791666666666665 0.8125 0.35 0.8125 0.35208333333333336 0.809375 0.35625 0.809375 0.36041666666666666 0.8078125 0.3625 0.8078125 0.36666666666666664 0.80625 0.36875 0.80625 0.375 0.8046875 0.3770833333333333 0.8046875 0.38958333333333334 0.803125 0.39166666666666666 0.803125 0.4125 0.8015625 0.41458333333333336 0.8015625 0.41875 0.803125 0.42083333333333334 0.803125 0.425 0.8015625 0.4270833333333333 0.8015625 0.42916666666666664 0.803125 0.43125 0.803125 0.4354166666666667 0.8046875 0.4375 0.8046875 0.4395833333333333 0.809375 0.44583333333333336 0.8390625 0.44583333333333336 0.840625 0.44375 0.8421875 0.44375 0.84375 0.44166666666666665 0.846875 0.44166666666666665 0.85 0.4375 0.8515625 0.4375 0.859375 0.4270833333333333 0.8609375 0.4270833333333333 0.8671875 0.41875 0.86875 0.41875 0.878125 0.40625 0.8796875 0.40625 0.8796875 0.4041666666666667 0.884375 0.39791666666666664 0.884375 0.39375 0.8859375 0.39166666666666666 0.8859375 0.36875 0.884375 0.36666666666666664 0.884375 0.3645833333333333 0.8828125 0.3625
0 0.6703125 0.5541666666666667 0.6703125 0.55625 0.66875 0.5583333333333333 0.66875 0.56875 0.6671875 0.5708333333333333 0.66875 0.5729166666666666 0.66875 0.5958333333333333 0.6703125 0.5979166666666667 0.6703125 0.6 0.671875 0.6020833333333333 0.671875 0.60625 0.6765625 0.6125 0.678125 0.6125 0.6828125 0.61875 0.684375 0.61875 0.6859375 0.6208333333333333 0.6875 0.6208333333333333 0.690625 0.625 0.6921875 0.625 0.69375 0.6270833333333333 0.696875 0.6270833333333333 0.6984375 0.6291666666666667 0.7015625 0.6291666666666667 0.703125 0.63125 0.7078125 0.63125 0.709375 0.6333333333333333 0.7109375 0.6333333333333333 0.7140625 0.6375 0.715625 0.6375 0.7171875 0.6395833333333333 0.721875 0.6395833333333333 0.7234375 0.6416666666666667 0.725 0.6416666666666667 0.7265625 0.64375 0.728125 0.64375 0.7296875 0.6458333333333334 0.73125 0.6458333333333334 0.7328125 0.6479166666666667 0.7359375 0.6479166666666667 0.7375 0.65 0.75 0.65 0.75625 0.6416666666666667 0.75625 0.6375 0.7578125 0.6354166666666666 0.7578125 0.6333333333333333 0.759375 0.63125 0.759375 0.6 0.7578125 0.5979166666666667 0.7578125 0.5875 0.75625 0.5854166666666667 0.75625 0.55625 0.7546875 0.5541666666666667 0.7546875 0.55 0.753125 0.5479166666666667 0.753125 0.5458333333333333 0.7515625 0.54375 0.7515625 0.5416666666666666 0.75 0.5395833333333333 0.75 0.5375 0.7484375 0.5354166666666667 0.746875 0.5354166666666667 0.7421875 0.5291666666666667 0.740625 0.5291666666666667 0.7390625 0.5270833333333333 0.7375 0.5270833333333333 0.7359375 0.525 0.725 0.525 0.7234375 0.5270833333333333 0.721875 0.5270833333333333 0.7203125 0.5291666666666667 0.7171875 0.5291666666666667 0.715625 0.53125 0.7140625 0.53125 0.7125 0.5291666666666667 0.703125 0.5291666666666667 0.7015625 0.53125 0.69375 0.53125 0.6921875 0.5333333333333333 0.6890625 0.5333333333333333 0.6859375 0.5375 0.684375 0.5375 0.675 0.55 0.6734375 0.55
0 0.965625 0.36041666666666666 0.9609375 0.36041666666666666 0.959375 0.35833333333333334 0.953125 0.35833333333333334 0.9515625 0.36041666666666666 0.9484375 0.36041666666666666 0.946875 0.3625 0.9390625 0.3625 0.9359375 0.36666666666666664 0.934375 0.36666666666666664 0.9328125 0.36875 0.93125 0.36875 0.9296875 0.37083333333333335 0.9140625 0.37083333333333335 0.9125 0.3729166666666667 0.9109375 0.3729166666666667 0.909375 0.375 0.9078125 0.375 0.90625 0.3770833333333333 0.9046875 0.3770833333333333 0.9015625 0.38125 0.9 0.38125 0.8953125 0.3875 0.8953125 0.38958333333333334 0.89375 0.39166666666666666 0.89375 0.39375 0.8921875 0.3958333333333333 0.8921875 0.41041666666666665 0.89375 0.4125 0.89375 0.41875 0.8953125 0.42083333333333334 0.8953125 0.425 0.896875 0.4270833333333333 0.896875 0.42916666666666664 0.9 0.43333333333333335 0.9 0.4354166666666667 0.9078125 0.44583333333333336 0.909375 0.44583333333333336 0.9125 0.45 0.9140625 0.45 0.915625 0.45208333333333334 0.915625 0.45416666666666666 0.9171875 0.45625 0.91875 0.45625 0.921875 0.46041666666666664 0.9234375 0.46041666666666664 0.928125 0.4666666666666667 0.9296875 0.4666666666666667 0.93125 0.46875 0.9328125 0.46875 0.9359375 0.47291666666666665 0.9484375 0.47291666666666665 0.95 0.4708333333333333 0.9515625 0.4708333333333333 0.953125 0.46875 0.95625 0.46875 0.9578125 0.4666666666666667 0.9671875 0.4666666666666667 0.96875 0.46458333333333335 0.9703125 0.46458333333333335 0.9734375 0.46041666666666664 0.9734375 0.4583333333333333 0.9765625 0.45416666666666666 0.9765625 0.45 0.978125 0.4479166666666667 0.978125 0.44583333333333336 0.98125 0.44166666666666665 0.98125 0.4395833333333333 0.9796875 0.4375 0.9796875 0.43333333333333335 0.978125 0.43125 0.978125 0.4125 0.9796875 0.41041666666666665 0.9796875 0.40625 0.98125 0.4041666666666667 0.98125 0.39791666666666664 0.9828125 0.3958333333333333 0.9828125 0.3875 0.98125 0.3854166666666667 0.98125 0.38125 0.9796875 0.37916666666666665 0.9796875 0.3770833333333333 0.9765625 0.3729166666666667 0.9765625 0.37083333333333335 0.971875 0.3645833333333333 0.9703125 0.3645833333333333 0.96875 0.3625 0.9671875 0.3625
0 0.9234375 0.525 0.915625 0.5354166666666667 0.915625 0.5375 0.9109375 0.54375 0.9109375 0.5458333333333333 0.909375 0.5479166666666667 0.909375 0.5708333333333333 0.9109375 0.5729166666666666 0.9109375 0.575 0.9125 0.5770833333333333 0.9125 0.58125 0.9140625 0.5833333333333334 0.9140625 0.5916666666666667 0.915625 0.59375 0.915625 0.6041666666666666 0.9171875 0.60625 0.9171875 0.6104166666666667 0.91875 0.6125 0.91875 0.6166666666666667 0.9203125 0.61875 0.9203125 0.6229166666666667 0.925 0.6291666666666667 0.925 0.63125 0.928125 0.6354166666666666 0.928125 0.6375 0.93125 0.6416666666666667 0.9328125 0.6416666666666667 0.9359375 0.6458333333333334 0.9375 0.6458333333333334 0.940625 0.65 0.9546875 0.65 0.95625 0.6479166666666667 0.9828125 0.6479166666666667 0.984375 0.6458333333333334 0.9875 0.6458333333333334 0.9890625 0.64375 0.9921875 0.64375 0.99375 0.6416666666666667 0.9953125 0.6416666666666667 0.996875 0.6395833333333333 0.996875 0.6354166666666666 0.9984375 0.6333333333333333 0.9984375 0.5375 0.996875 0.5354166666666667 0.996875 0.525 0.9953125 0.5229166666666667 0.9921875 0.5229166666666667 0.990625 0.5208333333333334 0.9796875 0.5208333333333334 0.978125 0.5229166666666667 0.975 0.5229166666666667 0.9734375 0.525 0.9703125 0.525 0.965625 0.53125 0.953125 0.53125 0.9515625 0.5291666666666667 0.9484375 0.5291666666666667 0.9453125 0.525 0.94375 0.525 0.9421875 0.5229166666666667 0.940625 0.5229166666666667 0.9390625 0.5208333333333334 0.9328125 0.5208333333333334 0.93125 0.5229166666666667 0.928125 0.5229166666666667 0.9265625 0.525