0 0.35562499999999997 0.2983333333333333 0.35578125 0.29229166666666667 0.36046875 0.28500000000000003 0.36984374999999997 0.2704166666666667 0.3796875 0.261875 0.38640625 0.2622916666666667 0.393125 0.26416666666666666 0.40015625000000005 0.271875 0.40890624999999997 0.2914583333333333 0.42015624999999995 0.31479166666666664 0.42281250000000004 0.32145833333333335 0.42234375 0.3302083333333333 0.4175 0.335625 0.41187500000000005 0.33916666666666667 0.40265625 0.33875 0.39328124999999997 0.34104166666666663 0.3753125 0.3458333333333333 0.37078125 0.3416666666666667 0.36328125 0.3285416666666666 0.36359375 0.3139583333333333 0.36046875 0.30604166666666666
0 0.3621875 0.3408333333333333 0.364375 0.3485416666666667 0.37 0.3545833333333333 0.3796875 0.351875 0.38578125 0.35625 0.3871875 0.3614583333333333 0.3875 0.39125000000000004 0.38125 0.4 0.37671875 0.409375 0.36890625 0.42875 0.361875 0.4345833333333333 0.3559375 0.43833333333333335 0.34921875 0.43291666666666667 0.344375 0.42250000000000004 0.3359375 0.41270833333333334 0.32609374999999996 0.39958333333333335 0.32218749999999996 0.39166666666666666 0.3196875 0.3804166666666667 0.3203125 0.3597916666666666 0.32765625 0.35 0.34249999999999997 0.3358333333333333 0.34703125 0.33479166666666665 0.35234375 0.33708333333333335 0.35859375 0.336875
0 0.29296875 0.4583333333333333 0.29359375 0.47375 0.30203125000000003 0.4827083333333333 0.3115625 0.483125 0.3146875 0.48000000000000004 0.32921875 0.49104166666666665 0.32859375 0.5052083333333334 0.32609374999999996 0.5083333333333333 0.32390625 0.5154166666666666 0.31734375 0.5229166666666667 0.30140625 0.5333333333333333 0.27828125 0.54875 0.271875 0.5483333333333333 0.265625 0.54375 0.26265625 0.5379166666666666 0.26171875 0.5225000000000001 0.263125 0.508125 0.26109375 0.486875 0.26109375 0.4670833333333333 0.26625 0.45979166666666665 0.27468750000000003 0.45041666666666663 0.2840625 0.448125
0 0.529375 0.4125 0.52 0.4189583333333333 0.5115624999999999 0.4297916666666667 0.503125 0.4545833333333333 0.4965625 0.47854166666666664 0.4971875 0.49083333333333334 0.5078125 0.49937499999999996 0.54765625 0.500625 0.5575 0.49562500000000004 0.5650000000000001 0.48625 0.568125 0.47520833333333334 0.568125 0.46125 0.566875 0.44729166666666664 0.564375 0.435625 0.5584374999999999 0.42375 0.55234375 0.4166666666666667 0.54390625 0.413125
0 0.505625 0.345625 0.5146875 0.33875 0.525625 0.3404166666666667 0.53296875 0.34833333333333333 0.54203125 0.3625 0.55171875 0.37770833333333337 0.55203125 0.38687499999999997 0.54765625 0.395625 0.54109375 0.40562499999999996 0.53578125 0.4033333333333333 0.52953125 0.40375 0.5253125 0.408125 0.5290625 0.41229166666666667 0.52 0.41875 0.5125 0.428125 0.49796874999999996 0.4272916666666667 0.49703125000000004 0.42541666666666667 0.49437499999999995 0.41125 0.48562500000000003 0.4014583333333333 0.4859375 0.38875 0.4890625 0.3775 0.495625 0.36166666666666664
0 0.595625 0.450625 0.5973437500000001 0.43645833333333334 0.60265625 0.4233333333333333 0.6078125 0.414375 0.6159375 0.40687500000000004 0.6240625 0.403125 0.6325000000000001 0.40270833333333333 0.64328125 0.40729166666666666 0.6485937500000001 0.4110416666666667 0.655625 0.42 0.6615624999999999 0.4325 0.66140625 0.45666666666666667 0.6575 0.46437500000000004 0.6560937499999999 0.4775 0.65015625 0.48374999999999996 0.6409374999999999 0.489375 0.62625 0.49041666666666667 0.61484375 0.4860416666666667 0.6051562500000001 0.47729166666666667 0.59875 0.46604166666666663
0 0.721875 0.391875 0.70609375 0.41291666666666665 0.70421875 0.42562500000000003 0.7053125 0.4377083333333333 0.71 0.4529166666666667 0.7221875 0.46437500000000004 0.74109375 0.478125 0.7471875 0.48500000000000004 0.7559375 0.489375 0.7640625 0.48854166666666665 0.7692187500000001 0.4825 0.7720312500000001 0.4720833333333333 0.7753125 0.448125 0.77671875 0.429375 0.77609375 0.4083333333333333 0.76828125 0.3985416666666667 0.75890625 0.390625 0.73953125 0.3877083333333333
0 0.7464062499999999 0.381875 0.749375 0.3725 0.7590625 0.36374999999999996 0.7696875000000001 0.36000000000000004 0.7776562499999999 0.3627083333333333 0.7876562500000001 0.3670833333333333 0.79953125 0.37916666666666665 0.8081250000000001 0.390625 0.8084374999999999 0.41333333333333333 0.8067187499999999 0.415 0.805625 0.419375 0.79609375 0.4297916666666667 0.78796875 0.43812500000000004 0.7746875 0.451875 0.77734375 0.4275 0.77625 0.4075 0.75984375 0.3908333333333333 0.77890625 0.3922916666666667 0.7778125 0.388125 0.7584375 0.38354166666666667
0 0.7328125 0.50625 0.7457812500000001 0.50625 0.75234375 0.5014583333333333 0.7514062499999999 0.49583333333333335 0.7584375 0.49 0.76359375 0.48791666666666667 0.7675 0.4895833333333333 0.77453125 0.4947916666666667 0.7798437500000001 0.5068750000000001 0.7828125 0.5195833333333334 0.78515625 0.53125 0.7854687499999999 0.5420833333333334 0.78421875 0.5570833333333333 0.7775000000000001 0.5693750000000001 0.76765625 0.573125 0.7620312499999999 0.581875 0.7542187499999999 0.583125 0.7471875 0.5833333333333334 0.73234375 0.5704166666666667 0.7209375 0.5539583333333333 0.7153125 0.5445833333333333 0.7109375 0.53125 0.70984375 0.5235416666666667 0.71375 0.515625 0.7209375 0.513125 0.7309375 0.5029166666666667
0 0.81640625 0.41875 0.8 0.43395833333333333 0.79578125 0.4475 0.795 0.4847916666666666 0.79875 0.496875 0.8114062499999999 0.50375 0.8225 0.5002083333333334 0.8324999999999999 0.4997916666666667 0.8520312499999999 0.489375 0.86109375 0.478125 0.86296875 0.46604166666666663 0.86171875 0.4510416666666667 0.8568749999999999 0.43687499999999996 0.84890625 0.4275 0.8396874999999999 0.42250000000000004 0.8284375 0.41875
0 0.8598437499999999 0.481875 0.8618750000000001 0.486875 0.8934374999999999 0.513125 0.90328125 0.5179166666666667 0.913125 0.5175 0.91859375 0.505 0.9198437500000001 0.485625 0.91859375 0.4720833333333333 0.9203125 0.45708333333333334 0.91828125 0.44395833333333334 0.90984375 0.4360416666666667 0.9003125000000001 0.43083333333333335 0.889375 0.43020833333333336 0.8803124999999999 0.43166666666666664 0.8671875 0.43875 0.88546875 0.4510416666666667 0.88828125 0.455625 0.87921875 0.45625 0.87046875 0.453125 0.86484375 0.44916666666666666 0.8678125 0.45875 0.8734375 0.47291666666666665 0.86296875 0.46875 0.8615625 0.4775
0 0.9073437500000001 0.39458333333333334 0.9220312500000001 0.36520833333333336 0.93046875 0.354375 0.94171875 0.34729166666666667 0.9550000000000001 0.34770833333333334 0.9637499999999999 0.35104166666666664 0.97625 0.3697916666666667 0.9821875 0.38791666666666663 0.9881249999999999 0.3954166666666667 0.990625 0.4077083333333333 0.9909375 0.42416666666666664 0.9871874999999999 0.42791666666666667 0.9796875 0.43166666666666664 0.95796875 0.43312500000000004 0.9481249999999999 0.4354166666666667 0.9265625 0.4354166666666667 0.913125 0.43125 0.9084375 0.4204166666666667 0.9051562499999999 0.4064583333333333
0 0.9881249999999999 0.435625 0.99515625 0.4379166666666666 0.9984375 0.43984166666666674 0.9984375 0.5154166666666666 0.98671875 0.5195833333333334 0.9829687500000001 0.5035416666666667 0.9765625 0.49 0.9689062500000001 0.48166666666666663 0.959375 0.4810416666666667 0.9678125 0.47541666666666665 0.96421875 0.4741666666666667 0.959375 0.47479166666666667 0.960625 0.4610416666666667 0.9673437500000001 0.44854166666666667 0.9751562500000001 0.43979166666666664
0 0.9126562500000001 0.5245833333333334 0.93390625 0.5016666666666667 0.959375 0.4810416666666667 0.9690625 0.4810416666666667 0.9765625 0.48895833333333333 0.9829687500000001 0.5039583333333334 0.9864062499999999 0.5204166666666666 0.99 0.541875 0.9901562500000001 0.5616666666666668 0.98109375 0.5697916666666667 0.9650000000000001 0.56625 0.9506249999999999 0.5583333333333333 0.9375 0.556875 0.9271874999999999 0.5547916666666667 0.9203125 0.5489583333333333 0.9135937500000001 0.5381250000000001
0 0.884375 0.5875 0.8765625 0.5958333333333333 0.8735937500000001 0.6020833333333333 0.87375 0.6154166666666666 0.8770312499999999 0.6235416666666667 0.88640625 0.6341666666666667 0.9037499999999999 0.645 0.9395312499999999 0.6610416666666666 0.9467187499999999 0.6579166666666667 0.9496874999999999 0.6485416666666667 0.94953125 0.6377083333333334 0.94921875 0.6279166666666666 0.9467187499999999 0.6189583333333334 0.9473437499999999 0.5897916666666667 0.94359375 0.581875 0.9365625 0.574375 0.93265625 0.5779166666666666 0.9214062500000001 0.5733333333333334 0.90703125 0.5729166666666666 0.898125 0.578125
0 0.388984375 0.29083333333333333 0.06734375 0.10874999999999997
0 0.353515625 0.368125 0.06703124999999996 0.13916666666666663
0 0.29515624999999995 0.486875 0.06781250000000001 0.12333333333333336
0 0.5190625 0.3758333333333333 0.065625 0.10291666666666668
0 0.532265625 0.44625 0.07140624999999998 0.10875000000000004
0 0.628828125 0.43875000000000003 0.06640625 0.10291666666666668
0 0.74046875 0.435625 0.07312500000000002 0.10583333333333336
0 0.74765625 0.5304166666666668 0.07593750000000003 0.10500000000000001
0 0.7776562499999999 0.40208333333333335 0.061875000000000034 0.09791666666666667
0 0.8290624999999998 0.4492708333333333 0.06781249999999997 0.10812500000000001
0 0.890234375 0.4671875 0.06015625 0.1014583333333333
0 0.948046875 0.3815625 0.08578125000000014 0.10770833333333331
0 0.9786718750000001 0.45867318211068203 0.03953124999999993 0.12067969755469748
0 0.95140625 0.5161458333333333 0.07781249999999992 0.10562500000000004
0 0.9119531250000001 0.6085416666666668 0.07640624999999997 0.1045833333333333