0 0.10112847222222221 0.41608796296296297 0.10069444444444442 0.09837962962962958
0 0.06032986111111109 0.548611111111111 0.10069444444444442 0.125
0 0.2612847222222222 0.4988425925925926 0.07378472222222224 0.12731481481481483
0 0.2690972222222222 0.6064814814814814 0.08420138888888884 0.1180555555555556
0 0.37890625 0.5896990740740741 0.07986111111111108 0.13310185185185183
0 0.48784722222222215 0.5978009259259259 0.0963541666666667 0.13310185185185178
0 0.5629340277777778 0.513888888888889 0.07465277777777786 0.11574074074074077
0 0.625 0.5815972222222221 0.0807291666666666 0.11921296296296298
0 0.5143229166666666 0.6828703703703703 0.0833333333333333 0.125
0 0.7026909722222222 0.5833333333333334 0.078125 0.1203703703703703
0 0.7782118055555556 0.48611111111111105 0.10763888888888884 0.125
0 0.7786458333333333 0.6371527777777778 0.0928819444444442 0.12384259259259262
0 0.73046875 0.7355324074074073 0.08680555555555554 0.1168981481481481
0 0.8598090277777777 0.5462962962962962 0.08680555555555536 0.11111111111111108
0 0.9383680555555556 0.5729166666666666 0.08072916666666678 0.11574074074074071
0 0.9375 0.7482638888888888 0.09461805555555572 0.13773148148148154
0 0.0902489626556017 0.3681708160442601 0.10580912863070542 0.3768153526970955 0.11942427385892118 0.387188796680498 0.131094398340249 0.40534232365145234 0.14081950207468882 0.419173582295989 0.14535788381742742 0.4321403872752422 0.14535788381742742 0.44078492392807755 0.13303941908713696 0.44770055325034586 0.11618257261410792 0.4537517289073306 0.10256742738589215 0.4589384508990319 0.07857883817427389 0.45980290456431544 0.06496369294605812 0.45288727524204714 0.053941908713692976 0.4381915629322269 0.053941908713692976 0.42349585062240674 0.05653526970954359 0.40793568464730295 0.0636670124481328 0.3932399723374828 0.07987551867219919 0.3776798063623791
0 0.041623443983402515 0.49438105117565706 0.029304979253112068 0.49438105117565706 0.02087655601659754 0.5090767634854773 0.014393153526970986 0.5237724757952974 0.022821576763485514 0.5453838174273858 0.03125000000000003 0.5652662517289073 0.04292012448132783 0.5825553250345782 0.05070020746887969 0.5946576763485478 0.059128630705394224 0.6033022130013831 0.06626037344398343 0.6024377593360997 0.07533713692946062 0.5972510373443983 0.08246887966804983 0.5834197786998616 0.08506224066390045 0.5739107883817428 0.091545643153527 0.5574861687413555 0.09997406639004151 0.5436549100968189 0.1019190871369295 0.5367392807745506 0.10516078838174277 0.5255013831258645 0.10386410788381746 0.5177213001383126 0.09802904564315355 0.5116701244813279 0.08960062240663905 0.5056189488243431 0.07922717842323654 0.5004322268326419 0.0740404564315353 0.5125345781466114 0.061073651452282184 0.5203146611341632 0.05134854771784236 0.5203146611341632 0.04616182572614111 0.5125345781466114
0 0.038057572614107915 0.6668395573997234 0.07066908713692946 0.13226141078838177
0 0.053941908713692976 0.6741874135546335 0.05070020746887969 0.6880186721991701 0.042271784232365175 0.6983921161825727 0.03125000000000003 0.707036652835408 0.02411825726141082 0.7130878284923928 0.009206431535269738 0.7225968188105117 0.0033713692946058414 0.7251901798063625 0.0020746887966805296 0.707036652835408 0.004668049792531154 0.6914764868603043 0.008558091286307084 0.684560857538036 0.02606327800829879 0.6897475795297372 0.03254668049792535 0.694069847856155 0.039678423236514555 0.6828319502074689 0.041623443983402515 0.6759163208852005
0 0.23029045643153528 0.46239626556016605 0.2218620331950208 0.483143153526971 0.2218620331950208 0.503890041493776 0.22640041493775936 0.5315525587828493 0.23677385892116182 0.5514349930843707 0.2445539419087137 0.5574861687413555 0.2555757261410788 0.5548928077455049 0.2607624481327801 0.54884163208852 0.2640041493775934 0.547112724757953 0.2724325726141079 0.5427904564315352 0.2769709543568465 0.5341459197786999 0.28475103734439833 0.5263658367911481 0.29188278008298757 0.5125345781466114 0.2828060165975104 0.5099412171507608 0.26919087136929465 0.5099412171507608 0.2581690871369295 0.5030255878284925 0.2503890041493776 0.5004322268326419 0.2439056016597511 0.4848720608575381 0.2374221991701245 0.4762275242047027
0 0.2659491701244813 0.5566217150760718 0.24844398340248963 0.5644017980636238 0.2439056016597511 0.5808264177040111 0.24131224066390042 0.6024377593360997 0.2328838174273859 0.6283713692946058 0.22769709543568467 0.6465248962655602 0.23677385892116182 0.6560338865836791 0.2464989626556017 0.6577627939142462 0.2633558091286307 0.6568983402489627 0.2769709543568465 0.6534405255878285 0.29577282157676354 0.643067081604426 0.30549792531120334 0.6283713692946058 0.306146265560166 0.622320193637621 0.29771784232365145 0.6041666666666666 0.2925311203319502 0.5911998616874136 0.28669605809128634 0.5808264177040111 0.2795643153526971 0.5626728907330567 0.2724325726141079 0.5548928077455049
0 0.3690352697095436 0.5358748271092669 0.3599585062240664 0.5393326417704011 0.3495850622406639 0.5479771784232366 0.34310165975103735 0.5618084370677732 0.34310165975103735 0.579097510373444 0.34375 0.5955221300138313 0.35217842323651455 0.6171334716459198 0.3606068464730291 0.6301002766251729 0.3716286307053942 0.6439315352697096 0.3852437759336099 0.6465248962655602 0.39367219917012447 0.633558091286307 0.40469398340248963 0.6136756569847857 0.41247406639004147 0.5868775933609959 0.41636410788381745 0.5661307053941909 0.4059906639004149 0.5522994467496543 0.3930238589211619 0.5410615491009682 0.3826504149377593 0.5393326417704011
0 0.44813278008298757 0.5618084370677732 0.4442427385892116 0.5747752420470263 0.44359439834024894 0.5911998616874136 0.4526711618257261 0.6084889349930844 0.4617479253112033 0.620591286307054 0.4708246887966805 0.6309647302904564 0.4831431535269709 0.6439315352697096 0.4935165975103734 0.6568983402489627 0.5090767634854771 0.6603561549100968 0.5162085062240663 0.6473893499308437 0.5181535269709543 0.633558091286307 0.5200985477178424 0.6171334716459198 0.5220435684647302 0.5972510373443983 0.5233402489626556 0.5816908713692946 0.5246369294605808 0.5618084370677732 0.516856846473029 0.5548928077455049 0.49935165975103735 0.5540283540802213 0.4935165975103734 0.5531639004149377 0.4870331950207468 0.5592150760719226 0.47536307053941906 0.5600795297372062 0.46952800829875513 0.5557572614107884 0.46109958506224064 0.5592150760719226
0 0.47406639004149376 0.6793741355463347 0.47536307053941906 0.7001210235131397 0.4824948132780083 0.7079011065006916 0.4935165975103734 0.7191390041493776 0.5084284232365145 0.7312413554633471 0.514911825726141 0.7381569847856154 0.5265819502074688 0.7364280774550485 0.535658713692946 0.7286479944674966 0.5473288381742738 0.7200034578146611 0.5538122406639003 0.7044432918395575 0.5551089211618258 0.6828319502074689 0.5505705394190871 0.6646784232365145 0.5440871369294605 0.6482538035961273 0.5369553941908713 0.6396092669432919 0.5259336099585062 0.6283713692946058 0.5278786307053942 0.6387448132780082 0.5246369294605808 0.6447959889349931 0.514911825726141 0.6517116182572614 0.5103734439834025 0.6586272475795297 0.5038900414937759 0.6620850622406639 0.4974066390041493 0.665542876901798 0.4915715767634855 0.6741874135546335 0.4883298755186722 0.6811030428769018 0.4824948132780083 0.686289764868603
0 0.539548755186722 0.4632607192254496 0.5285269709543569 0.4727697095435685 0.5272302904564314 0.48141424619640394 0.5259336099585062 0.502161134163209 0.5252852697095436 0.5168568464730291 0.5285269709543569 0.5298236514522823 0.5317686721991701 0.5419260027662517 0.5324170124481327 0.5514349930843707 0.5414937759336099 0.5713174273858922 0.5538122406639003 0.5713174273858922 0.5648340248962656 0.5592150760719226 0.575207468879668 0.5453838174273858 0.5849325726141078 0.5306881051175657 0.5927126556016596 0.5203146611341632 0.5959543568464729 0.5125345781466114 0.5959543568464729 0.5064834024896266 0.5894709543568465 0.513399031811895 0.5758558091286307 0.5004322268326419 0.5726141078838174 0.48832987551867224 0.5693724066390041 0.483143153526971 0.556405601659751 0.47104080221300143 0.5460321576763485 0.4667185338865838
0 0.6154045643153527 0.5298236514522823 0.5985477178423235 0.5298236514522823 0.5920643153526971 0.5410615491009682 0.5881742738589211 0.5635373443983404 0.5836358921161826 0.5799619640387275 0.5842842323651452 0.5946576763485478 0.5842842323651452 0.6154045643153527 0.590119294605809 0.6283713692946058 0.597899377593361 0.6352869986168741 0.6082728215767634 0.6344225449515906 0.6173495850622406 0.6257780082987552 0.6270746887966805 0.6214557399723375 0.6536566390041493 0.6050311203319503 0.6607883817427386 0.5765041493775933 0.6536566390041493 0.5618084370677732 0.6419865145228215 0.54884163208852 0.6296680497925311 0.5367392807745506
0 0.686073651452282 0.5393326417704011 0.6757002074688796 0.54884163208852 0.6685684647302904 0.558350622406639 0.673106846473029 0.577368603042877 0.678941908713693 0.5937932226832642 0.6932053941908713 0.6102178423236515 0.7009854771784232 0.6214557399723375 0.7152489626556016 0.6370159059474413 0.7249740663900415 0.6378803596127247 0.72951244813278 0.6283713692946058 0.7308091286307054 0.6102178423236515 0.7288641078838174 0.5963865836791148 0.7340508298755186 0.5808264177040111 0.7372925311203319 0.569588520055325 0.7385892116182572 0.5548928077455049 0.7308091286307054 0.5445193637621024 0.7197873443983401 0.5324170124481328 0.7133039419087137 0.5280947441217152 0.7035788381742738 0.5410615491009682 0.6951504149377593 0.5367392807745506
0 0.7800829875518672 0.5834197786998616 0.7826763485477177 0.5989799446749654 0.7800829875518672 0.6050311203319503 0.7645228215767634 0.6102178423236515 0.7547977178423235 0.6179979253112032 0.7489626556016596 0.6275069156293223 0.7444242738589211 0.6361514522821577 0.7379408713692945 0.6370159059474413 0.7366441908713692 0.6534405255878285 0.7444242738589211 0.6672717842323652 0.7528526970954357 0.6741874135546335 0.7638744813278008 0.6776452282157677 0.774896265560166 0.6819674965421854 0.7833246887966804 0.6888831258644537 0.791753112033195 0.6932053941908713 0.8001815352697095 0.6932053941908713 0.8125 0.6906120331950208 0.8176867219917012 0.676780774550484 0.8157417012448134 0.6594917012448133 0.8137966804979253 0.6508471645919779 0.8131483402489627 0.6326936376210236 0.8112033195020747 0.6162690179806363 0.8021265560165975 0.6007088520055325 0.7930497925311204 0.5929287690179806
0 0.6945020746887967 0.7035788381742738 0.6938537344398339 0.7217323651452283 0.6970954356846473 0.7364280774550485 0.7061721991701244 0.7511237897648686 0.7171939834024895 0.7623616874135546 0.72951244813278 0.7718706777316736 0.7346991701244813 0.7761929460580912 0.746369294605809 0.7848374827109267 0.7535010373443983 0.7865663900414938 0.7599844398340249 0.7831085753803596 0.7638744813278008 0.7718706777316736 0.7651711618257261 0.7554460580912863 0.7664678423236514 0.7390214384508991 0.769061203319502 0.7217323651452283 0.767116182572614 0.7044432918395575 0.7606327800829875 0.695798755186722 0.7450726141078838 0.694069847856155 0.7418309128630705 0.7113589211618258 0.7405342323651452 0.7200034578146611 0.7191390041493776 0.7096300138312587 0.712655601659751 0.7044432918395575
0 0.8604771784232366 0.5030255878284925 0.8364885892116183 0.5030255878284925 0.8274118257261411 0.5047544951590596 0.8254668049792532 0.5194502074688797 0.8228734439834025 0.5315525587828493 0.8189834024896265 0.547112724757953 0.8189834024896265 0.5652662517289073 0.8215767634854773 0.577368603042877 0.8287085062240663 0.5842842323651453 0.8345435684647302 0.5894709543568465 0.839081950207469 0.5955221300138313 0.848158713692946 0.5963865836791148 0.8598288381742739 0.5911998616874136 0.8740923236514524 0.5816908713692946 0.8799273858921163 0.5747752420470263 0.8922458506224066 0.5609439834024896 0.89548755186722 0.5522994467496543 0.8864107883817427 0.5401970954356847 0.8812240663900415 0.5358748271092669 0.8702022821576764 0.5315525587828493 0.8656639004149378 0.5220435684647303
0 0.7599844398340249 0.4312759336099586 0.7483143153526971 0.4459716459197788 0.7385892116182572 0.460667358229599 0.7288641078838174 0.4848720608575381 0.7340508298755186 0.5168568464730291 0.7424792531120332 0.5280947441217152 0.7573910788381741 0.5315525587828493 0.7703578838174272 0.5324170124481328 0.7956431535269709 0.5350103734439834 0.8086099585062241 0.537603734439834 0.8215767634854773 0.5332814661134163 0.8228734439834025 0.5177213001383126 0.8222251037344399 0.5004322268326419 0.8176867219917012 0.4762275242047027 0.8131483402489627 0.45807399723374836 0.8079616182572614 0.45115836791148006 0.7988848547717843 0.4416493775933611 0.7865663900414938 0.43041147994467505 0.7735995850622406 0.4295470262793915
0 0.9668049792531119 0.5306881051175657 0.976530082987552 0.5540283540802213 0.9700466804979253 0.579097510373444 0.9648599585062241 0.5963865836791148 0.9557831950207468 0.6136756569847857 0.9454097510373444 0.6214557399723375 0.933091286307054 0.6266424619640387 0.9233661825726142 0.6179979253112032 0.9116960580912863 0.6033022130013831 0.9032676348547717 0.5868775933609959 0.9013226141078838 0.5765041493775933 0.8993775933609959 0.5669951590594745 0.9019709543568466 0.5548928077455049 0.9091026970954357 0.5540283540802213 0.9227178423236515 0.5626728907330567 0.9298495850622407 0.5635373443983404 0.93698132780083 0.5618084370677732 0.9454097510373444 0.5548928077455049 0.9544865145228216 0.547112724757953 0.960969917012448 0.5367392807745506
0 0.9220695020746887 0.7113589211618258 0.9227178423236515 0.7260546334716459 0.9259595435684649 0.7390214384508991 0.9447614107883817 0.7338347164591977 0.9570798755186722 0.7269190871369294 0.960969917012448 0.7225968188105117 0.9706950207468881 0.7312413554633471 0.976530082987552 0.7390214384508991 0.9784751037344398 0.7493948824343015 0.9726400414937759 0.7675484094052559 0.9674533195020747 0.7822441217150761 0.9629149377593361 0.7934820193637621 0.9531898340248963 0.8021265560165975 0.9421680497925312 0.8038554633471645 0.9356846473029046 0.802991009681881 0.9259595435684649 0.8003976486860304 0.9207728215767634 0.7969398340248962 0.9110477178423236 0.7908886583679116 0.9052126556016598 0.7848374827109267 0.9013226141078838 0.7787863070539419 0.8967842323651454 0.7640905947441218 0.8941908713692946 0.7519882434301521 0.8941908713692946 0.7398858921161826 0.8941908713692946 0.727783540802213 0.8967842323651454 0.716545643153527 0.8993775933609959 0.7079011065006916 0.9019709543568466 0.6983921161825727