0 0.044661458333333334 0.3624958153691055 0.08932291666666667 0.12223059148401129
0 0.08907181607043815 0.33074274357552225 0.13073566625069327 0.13643926788685518
0 0.12885660419022318 0.44306766576883827 0.11884929161955364 0.14580911290676782
0 0.204618171103716 0.29691717507857274 0.08422420965058235 0.136842530966907
0 0.264676506007483 0.35162313788713107 0.09356365465170069 0.11619816867018233
0 0.3407276017391978 0.3503301740806452 0.08346747469303781 0.12874548404592723
0 0.3990169574266952 0.23955076535015815 0.09062474432575547 0.1378678721467903
0 0.4097924849200073 0.40561715676961557 0.09350952544562033 0.12951490073327748
0 0.37063135235588013 0.5258293986311947 0.10270977209944757 0.128693600368324
0 0.5397337135984992 0.3338322492234653 0.08682582292633825 0.15259008543158586
0 0.5995591922264304 0.3566769255558313 0.07225138121546966 0.14294352363413132
0 0.5948281083859619 0.5110339377076674 0.10093931844715529 0.14399447437205642
0 0.8093548745108674 0.18148149722837628 0.1034520992866403 0.13960910759538273
0 0.7215734303133514 0.288713193122982 0.0984834524181614 0.13031855670261042
0 0.8250530816119849 0.3358506933272662 0.12509489057525372 0.17197697348597427
0 0.08067827121311016 0.27423503606634736 0.06427202121311017 0.27423503606634736 0.05515743787977682 0.28013781384412517 0.045522021213110164 0.2954155916219029 0.04109493787977684 0.30374892495523625 0.04005327121311016 0.3197211471774585 0.04656368787977684 0.33465170273301403 0.057240771213110164 0.3509711471774585 0.06765743787977682 0.369026702733014 0.07937618787977682 0.3825683693996807 0.08744910454644349 0.39333225828856955 0.09880407653910153 0.3986145775559252 0.11102329450915142 0.3989612220373451 0.11830282861896842 0.3909883989646884 0.12714226289517475 0.3778159086707339 0.13312188019966725 0.36256355148826025 0.13910149750415973 0.34661790534294684 0.1440411813643927 0.33067225919763354 0.14248128119800335 0.31056687927528187 0.13208194675540766 0.2946212331299685 0.11791785454644348 0.2870822582885696 0.10984493787977678 0.28013781384412517 0.0968241045464435 0.27492948051079186
0 0.12587565316630048 0.3987621727752702 0.11259440316630047 0.40813717277527023 0.09879231983296713 0.420289950553048 0.09150065316630047 0.4300121727752702 0.09045898649963383 0.4425121727752702 0.09644856983296712 0.4598732838863813 0.10426106983296712 0.4775816172197146 0.11519856983296713 0.49077606166415916 0.12170898649963383 0.5011927283308258 0.13186523649963383 0.5119566172197146 0.1459277364996338 0.5150816172197147 0.15972981983296716 0.5025816172197147 0.17029863422074323 0.49082605379922345 0.1770582016084304 0.4762669855795895 0.17939805185801444 0.4499220049916805 0.17861810177481977 0.43016326955074874 0.17211851774819747 0.41179111203549634 0.15972981983296716 0.3966788394419369 0.14853190316630047 0.39320661721971467 0.13785481983296713 0.39320661721971467
0 0.21081163310152212 0.26959435062699877 0.20391274958402664 0.2625213764096876 0.19935329976818866 0.25223323951588766 0.1902387164348554 0.24459435062699875 0.18346788310152204 0.24424712840477655 0.1766970497681887 0.2470249061825543 0.16966579976818869 0.2577887950714432 0.16549913310152203 0.26889990618255427 0.1640573003327787 0.2883816324644111 0.1676970673876872 0.30120747827694583 0.17419665141430948 0.3209662137178776 0.1800824664348554 0.33973323951588763 0.18424913310152205 0.35570546173810985 0.1946657997681887 0.3633443506269988 0.20846788310152214 0.35778879507144323 0.21758246643485543 0.3463304617381099 0.22396483291735994 0.33752137640968755 0.22708983291735993 0.32189637640968755 0.23307941625069334 0.31356304307635424 0.2436122088186356 0.3043272786097245 0.24517210898502495 0.2883816324644111 0.23476996643485543 0.27271935062699876 0.22695746643485543 0.263691572849221 0.21784288310152214 0.263691572849221
0 0.25612413310152204 0.3067465506639741 0.24336371643485535 0.30570488399730744 0.23711371643485535 0.31056599510841854 0.23242621643485534 0.3182048839973074 0.22825954976818874 0.32688543955286303 0.2276106662506933 0.33856246533555184 0.2269574664348554 0.3501493284417519 0.22591579976818874 0.35813543955286303 0.2214887164348554 0.3671632173306408 0.2191449664348554 0.37862155066397407 0.21810329976818874 0.3897326617750852 0.2221419162506933 0.4034930208911074 0.22839191625069327 0.40800690977999626 0.24049913310152204 0.40778821733064086 0.25299913310152206 0.4039687728861964 0.26523871643485536 0.40327432844175193 0.2774782997681887 0.40327432844175193 0.28503038310152207 0.3984132173306409 0.2984439995840266 0.38752079866888517 0.3041731662506933 0.37640968755777404 0.3033919162506933 0.3555763542244407 0.29610024958402664 0.34689579866888515 0.28945746643485537 0.34251043955286303 0.2834678831015221 0.333135439552863 0.2759157997681888 0.32514932844175193 0.26784288310152204 0.3147326617750853
0 0.322616725826048 0.31391084303937883 0.3137625591593813 0.32189695415048997 0.3098563091593813 0.3378691763727122 0.310897975826048 0.3534941763727122 0.314022975826048 0.3691191763727122 0.3197521424927146 0.37675806526160105 0.3283458924927146 0.3840497319282677 0.3395438091593813 0.3958552874838233 0.3525646424927147 0.40731362081715655 0.36376255915938127 0.41113306526160104 0.37001255915938136 0.4000219541504899 0.3676688091593814 0.3875219541504899 0.3718354758260481 0.38196639859493436 0.3801688091593814 0.37606362081715655 0.38199172582604807 0.36252195415048993 0.38199172582604807 0.3500219541504899 0.38121047582604806 0.33509139859493436 0.3731375591593814 0.32259139859493435 0.3689708924927147 0.31599417637271215 0.360897975826048 0.3093969541504899 0.3478771424927146 0.30453584303937886 0.34032505915938127 0.3052302874838233 0.329647975826048 0.30696639859493435
0 0.3677621733498191 0.21794840219237635 0.3563038400164858 0.23982340219237633 0.3552621733498191 0.2544067355257098 0.3607309233498191 0.2790595133034872 0.3693246733498191 0.2943372910812651 0.3893307161674986 0.3066185986319096 0.41016404950083196 0.3062713764096873 0.42349134001648575 0.3019761799701539 0.43568488283416523 0.2913408208541319 0.44011196616749865 0.2781463764096873 0.44146009001648573 0.25197617997015415 0.43442884001648574 0.23010117997015414 0.42583509001648573 0.21621229108126522 0.41411634001648573 0.20475395774793187 0.40083509001648576 0.19676784663682076 0.39015800668315254 0.19885117997015414 0.38104342334981917 0.20197617997015413 0.3750538400164859 0.2110039577479319
0 0.3932834399887543 0.3779096558937477 0.38703343998875434 0.3858957670048588 0.38364802332208764 0.395617989227081 0.38026260665542094 0.4095068781159699 0.37713760665542095 0.4223541003381922 0.38052302332208765 0.4362429892270811 0.38755427332208764 0.44700687811597 0.3969292733220876 0.45360410033819215 0.40708552332208764 0.45846521144930336 0.41567927332208765 0.45742354478263664 0.4242730233220876 0.4605485447826367 0.43468968998875435 0.46540965589374783 0.44562718998875434 0.4692291003381922 0.45313323280643375 0.46182808744684783 0.45495614947310037 0.44967530966907004 0.45448135665542094 0.4372846558937477 0.45526260665542095 0.41818743367152555 0.45422093998875435 0.4039513225604144 0.4510959399887543 0.39214576700485887 0.44666885665542094 0.3799929892270811 0.43781468998875434 0.3692291003381922 0.4289605233220876 0.3626318781159699 0.4208876066554209 0.35950687811596993 0.41151260665542094 0.36159021144930326 0.40057510665542095 0.3713124336715255
0 0.37568678937881306 0.483198719726382 0.37074710551858014 0.48597187557774085 0.3653355470701071 0.48994846552042903 0.3601272137367738 0.4906429099648735 0.35049179707010714 0.49689290996487345 0.3473667970701072 0.5059206877426512 0.3476272137367739 0.5156429099648735 0.34528346373677393 0.5281429099648733 0.3478876304034405 0.5392540210759844 0.35205429707010716 0.5486290210759843 0.3596063804034405 0.5552262432982065 0.3676792970701072 0.5642540210759843 0.37991888040344046 0.571545687742651 0.38773138040344046 0.580920687742651 0.3976272137367739 0.5864762432982065 0.4066248093455352 0.5854588417452394 0.41432984955629504 0.5784901321870956 0.41615276622296166 0.5670317988537622 0.41898138040344046 0.5441151321870955 0.4195022137367738 0.5166845766315401 0.41715846373677384 0.4937679099648734 0.41012721373677385 0.4840456877426512 0.39814804707010726 0.47987902107598457 0.3846063804034404 0.4784901321870957 0.37913763040344045 0.4816151321870957
0 0.5360982563782585 0.31715543538546864 0.5277121076405806 0.31526309805429675 0.5217225243072472 0.31109643138763005 0.514951690973914 0.3100547647209633 0.5081808576405806 0.3117908758320745 0.5027121076405806 0.31804087583207447 0.4990662743072473 0.32880476472096337 0.49750377430724735 0.34442976472096337 0.4956808576405806 0.3617908758320745 0.49698294097391404 0.37498532027651893 0.4962016909739139 0.38991587583207454 0.499326690973914 0.39720754249874113 0.502451690973914 0.4013742091654079 0.5101649161120355 0.4055792429284526 0.5182378327787023 0.40662090959511926 0.5238058576405806 0.40172143138763006 0.5342225243072473 0.39304087583207453 0.546982940973914 0.38297143138763 0.5574168919855798 0.37019204104270653 0.5568787743072473 0.35797143138763 0.5555766909739139 0.34651309805429675 0.554014190973914 0.33887420916540784 0.5483174743483085 0.33968732667775925 0.5425978404048808 0.3265148363838047
0 0.5678297953571856 0.34605710734819906 0.5649652120238522 0.3516126629037546 0.5628818786905189 0.36619599623708793 0.5657464620238521 0.3800848851259768 0.5717360453571856 0.3957098851259768 0.5803297953571855 0.40855710734819906 0.5865797953571856 0.4179321073481991 0.5949131286905189 0.42418210734819906 0.6121006286905188 0.4245293295704213 0.6232985453571855 0.4227932184593101 0.6308506286905189 0.4172376629037546 0.6344964620238522 0.4123765517926435 0.6365797953571856 0.40022377401486575 0.6369744003050472 0.388215820854132 0.6363193786905189 0.3797376629037546 0.6363193786905189 0.3550848851259768 0.6337152120238523 0.34293210734819907 0.6273550159456461 0.33205941486411533 0.6198154984747644 0.325473169717138 0.6120159976428174 0.325473169717138 0.5998610453571855 0.32834877401486573 0.5910068786905189 0.3321682184593102 0.5842360453571855 0.33772377401486575 0.5756422953571856 0.3418904406815324
0 0.5879250416739443 0.47048945945421433 0.57769776067665 0.4714116518765021 0.5689146250072776 0.4756977927875477 0.5608417083406109 0.4791700150097699 0.5558017106426367 0.48227583146158076 0.5521558773093035 0.48158138701713626 0.5485100439759701 0.4871369425726918 0.5472079606426368 0.49547027590602516 0.5461662939759702 0.5069286092393585 0.5498121273093035 0.5166508314615808 0.5503329606426368 0.5291508314615808 0.5521558773093035 0.5385258314615806 0.553029208340611 0.5510450150097697 0.5552808773093034 0.5614424981282473 0.5565182161674986 0.5736336430024032 0.5649162939759702 0.5805397203504694 0.570320299500832 0.5833558652246256 0.578132799500832 0.5819669763357366 0.5844475439759702 0.5815813870171361 0.594596679145868 0.5698586845997411 0.603132799500832 0.5559253096690698 0.6150083750072776 0.5378505705653254 0.6212583750072775 0.5145866816764365 0.6190351150859679 0.5012230772786097 0.6146153979478648 0.49013045387317433 0.6107496273093035 0.48019249812824744 0.6039787939759702 0.4777619425726919
0 0.7279371440669786 0.2482346475436376 0.7154371440669787 0.25934575865474874 0.7063225607336452 0.26594298087697094 0.6972079774003118 0.2631652030991932 0.6935621440669786 0.2673318697658599 0.6875725607336454 0.275317980876971 0.6875725607336454 0.2857346475436377 0.688192855657238 0.293232921981882 0.6923525894342762 0.2991258781660196 0.6931325395174709 0.3091785681271954 0.6959058940669787 0.31559575865474876 0.7011142274003119 0.32254020309919323 0.7117913107336453 0.3312207586547488 0.7175204774003119 0.33052631421030426 0.7250725607336453 0.3416374253214155 0.7334299604825292 0.3469628166019597 0.745909161813644 0.35528228415603624 0.7550085794509152 0.35216248382325754 0.760689215890183 0.343778309299316 0.7640746325568497 0.3305838648548715 0.7671996325568498 0.3100977537437604 0.7703246325568498 0.284403309299316 0.7726874480033279 0.2665412969125532 0.7695676476705491 0.24990236180440004 0.7635880303660566 0.24054296080606397 0.7573484297004992 0.23950302736180437 0.7531886959234609 0.24539598354594191
0 0.7968659005823628 0.15734770752449614 0.7885464330282862 0.16566717507857268 0.79140625 0.1836926881124052 0.7929661501663894 0.20137155666481782 0.7905508736206996 0.20814366836937406 0.777790456954033 0.20224089059159625 0.7752872816139768 0.2141974024773525 0.783849802489252 0.22814274398409023 0.7939362902873663 0.23835200170270746 0.7994488041531456 0.23784878946384627 0.812946706954033 0.23939366836937412 0.8218243032445924 0.24366218339804024 0.840290456954033 0.2536297794804851 0.8517487902873663 0.25224089059159627 0.8557369661674986 0.2441243760399334 0.857820299500832 0.2316243760399334 0.8559973828341654 0.2128743760399334 0.857039049500832 0.1969021538177112 0.8606848828341654 0.18440215381771122 0.8599036328341654 0.16981882048437788 0.8588619661674987 0.16009659826215564 0.8528723828341654 0.14481882048437786 0.845320299500832 0.1378743760399334 0.8395911328341654 0.13266604270660007 0.8267639871048253 0.13238930486226652 0.81532471921797 0.14070877241634305 0.805134206954033 0.15328255725826298
0 0.8721419162506931 0.2972551534479571 0.8671939995840265 0.2944773756701793 0.8583398329173599 0.29239404233684596 0.8436816837460892 0.2875847268058454 0.8283171004127559 0.29522361569473426 0.8231087670794224 0.30529306013917873 0.8082650170794224 0.3150152823614009 0.7994108504127558 0.32300139347251206 0.7939421004127558 0.3337652823614009 0.7908171004127558 0.34487639347251203 0.7915983504127558 0.3691819490280676 0.8040983504127558 0.3809875045836231 0.8181871360232945 0.39757753281567754 0.8330061876039935 0.40901680070253277 0.8457453722961731 0.4211493575522277 0.8630273329173599 0.41704682011462374 0.8703189995840266 0.411144042336846 0.8760481662506931 0.39343570900351266 0.8773502495840265 0.3715607090035126 0.8838606662506931 0.35489404233684596 0.8880273329173599 0.3347551534479571 0.88724608291736 0.3198245978924016 0.8836002495840265 0.3090607090035126 0.8763085829173599 0.301769042336846
0 0.0005208333333333332 0.3159843547790719 0.01015625 0.31390102144573856 0.026041666666666668 0.3191093547790719 0.03697916666666667 0.32188713255684964 0.04635416666666667 0.3385537992235163 0.05677083333333331 0.35313713255684964 0.06796874999999997 0.37466491033462745 0.06901041666666664 0.3861232436679608 0.058593749999999965 0.3930676881124052 0.05859375 0.409375 0.04635416666666667 0.41770833333333335 0.03229166666666667 0.4253472222222222 0.019791666666666662 0.4187621325568497 0.006510416666666667 0.4128593547790719 0 0.4121649103346275