0 0.04905523255813954 0.42102713178294576 0.09738372093023258 0.1385658914728682
0 0.05196220930232559 0.5392441860465117 0.10174418604651166 0.128875968992248
0 0.18386627906976744 0.5179263565891473 0.09665697674418605 0.14631782945736435
0 0.2936046511627907 0.5285852713178295 0.10247093023255816 0.1540697674418605
0 0.3964389534883721 0.4486434108527132 0.08866279069767438 0.14147286821705432
0 0.4643895348837209 0.5184108527131782 0.09229651162790695 0.14147286821705424
0 0.33030523255813954 0.6375968992248062 0.09883720930232558 0.13953488372093023
0 0.5541424418604651 0.5314922480620156 0.07558139534883726 0.13856589147286827
0 0.6275436046511628 0.4186046511627907 0.10029069767441863 0.1434108527131783
0 0.6308139534883721 0.5983527131782946 0.08648255813953494 0.14050387596899228
0 0.5832122093023255 0.7175387596899225 0.08284883720930232 0.125
0 0.7249273255813954 0.5082364341085271 0.08284883720930232 0.13081395348837213
0 0.8037790697674418 0.5440891472868218 0.08066860465116292 0.12887596899224812
0 0.8005087209302326 0.7117248062015504 0.0886627906976745 0.16375968992248058
0 0.9543422965116278 0.4895833333333333 0.08819040697674421 0.14583333333333334
0 0 0.40208333333333335 0 0.41041666666666665 0.0015625 0.4125 0.0015625 0.41458333333333336 0.003125 0.4166666666666667 0.003125 0.42291666666666666 0.0046875 0.425 0.0046875 0.42916666666666664 0.00625 0.43125 0.00625 0.44375 0.0078125 0.44583333333333336 0.0078125 0.45416666666666666 0.009375 0.45625 0.009375 0.4583333333333333 0.0109375 0.46041666666666664 0.0109375 0.4625 0.0125 0.46458333333333335 0.0125 0.4708333333333333 0.0140625 0.47291666666666665 0.0140625 0.475 0.0171875 0.4791666666666667 0.01875 0.4791666666666667 0.0203125 0.48125 0.021875 0.48125 0.025 0.48541666666666666 0.028125 0.48541666666666666 0.0296875 0.48333333333333334 0.0328125 0.48333333333333334 0.0359375 0.4791666666666667 0.0375 0.4791666666666667 0.04375 0.4708333333333333 0.046875 0.4708333333333333 0.0484375 0.46875 0.05625 0.46875 0.0578125 0.4708333333333333 0.0640625 0.4708333333333333 0.065625 0.46875 0.0671875 0.46875 0.06875 0.4666666666666667 0.071875 0.4666666666666667 0.0734375 0.46458333333333335 0.0765625 0.46458333333333335 0.0796875 0.46041666666666664 0.08125 0.46041666666666664 0.0953125 0.44166666666666665 0.0953125 0.4395833333333333 0.096875 0.4375 0.096875 0.4354166666666667 0.0953125 0.43333333333333335 0.0875 0.43333333333333335 0.0859375 0.4354166666666667 0.0734375 0.4354166666666667 0.071875 0.43333333333333335 0.0671875 0.43333333333333335 0.065625 0.43125 0.0640625 0.43125 0.0578125 0.42291666666666666 0.05625 0.42291666666666666 0.0546875 0.42083333333333334 0.0546875 0.41875 0.0515625 0.41875 0.05 0.4166666666666667 0.0484375 0.4166666666666667 0.046875 0.41875 0.040625 0.41875 0.0390625 0.4166666666666667 0.034375 0.4166666666666667 0.025 0.4041666666666667 0.025 0.40208333333333335 0.0234375 0.4 0.0234375 0.39375 0.0171875 0.3854166666666667 0.0109375 0.3854166666666667 0.003125 0.3958333333333333 0.003125 0.39791666666666664
0 0.0546875 0.47708333333333336 0.0515625 0.47708333333333336 0.05 0.475 0.0484375 0.47708333333333336 0.0453125 0.47708333333333336 0.04375 0.4791666666666667 0.0421875 0.4791666666666667 0.040625 0.48125 0.0390625 0.48125 0.0375 0.48333333333333334 0.0359375 0.48333333333333334 0.034375 0.48541666666666666 0.0328125 0.48541666666666666 0.0296875 0.4895833333333333 0.028125 0.4895833333333333 0.028125 0.49166666666666664 0.01875 0.5041666666666667 0.01875 0.50625 0.015625 0.5104166666666666 0.015625 0.5125 0.0140625 0.5145833333333333 0.0140625 0.51875 0.0109375 0.5229166666666667 0.0109375 0.525 0.009375 0.5270833333333333 0.009375 0.5291666666666667 0.0078125 0.53125 0.0078125 0.5354166666666667 0.00625 0.5375 0.00625 0.5416666666666666 0.0046875 0.54375 0.0046875 0.5458333333333333 0.003125 0.5479166666666667 0.003125 0.55 0.0015625 0.5520833333333334 0 0.5520833333333334 0 0.59375 0.003125 0.59375 0.0046875 0.5958333333333333 0.0078125 0.5958333333333333 0.009375 0.5979166666666667 0.021875 0.5979166666666667 0.0234375 0.5958333333333333 0.0421875 0.5958333333333333 0.04375 0.59375 0.071875 0.59375 0.0734375 0.5916666666666667 0.078125 0.5916666666666667 0.0796875 0.5895833333333333 0.0828125 0.5895833333333333 0.084375 0.5875 0.0875 0.5875 0.0890625 0.5854166666666667 0.090625 0.5854166666666667 0.09375 0.58125 0.0953125 0.58125 0.0953125 0.5791666666666667 0.096875 0.5770833333333333 0.096875 0.5708333333333333 0.090625 0.5708333333333333 0.0859375 0.5645833333333333 0.0859375 0.55625 0.084375 0.5541666666666667 0.084375 0.5458333333333333 0.0828125 0.54375 0.0828125 0.5395833333333333 0.078125 0.5333333333333333 0.078125 0.53125 0.0765625 0.53125 0.065625 0.5166666666666667 0.065625 0.5145833333333333 0.0625 0.5104166666666666 0.0625 0.5083333333333333 0.0609375 0.50625 0.0609375 0.4895833333333333 0.059375 0.4875 0.059375 0.48333333333333334
0 0.16875 0.4625 0.1671875 0.46458333333333335 0.1609375 0.46458333333333335 0.159375 0.4666666666666667 0.1578125 0.4666666666666667 0.15625 0.46875 0.1546875 0.46875 0.146875 0.4791666666666667 0.1453125 0.4791666666666667 0.14375 0.48125 0.14375 0.48333333333333334 0.1421875 0.48541666666666666 0.140625 0.48541666666666666 0.1375 0.4895833333333333 0.1375 0.49166666666666664 0.1359375 0.49375 0.1359375 0.5041666666666667 0.1375 0.50625 0.1375 0.5125 0.1390625 0.5145833333333333 0.1390625 0.51875 0.140625 0.5208333333333334 0.140625 0.525 0.1421875 0.5270833333333333 0.1421875 0.5354166666666667 0.14375 0.5375 0.14375 0.54375 0.1453125 0.5458333333333333 0.1453125 0.5479166666666667 0.146875 0.55 0.146875 0.5520833333333334 0.1515625 0.5583333333333333 0.1515625 0.5604166666666667 0.153125 0.5625 0.153125 0.5645833333333333 0.1546875 0.5666666666666667 0.1546875 0.56875 0.1578125 0.5729166666666666 0.1578125 0.575 0.1640625 0.5833333333333334 0.165625 0.5833333333333334 0.1671875 0.5854166666666667 0.1703125 0.5854166666666667 0.171875 0.5875 0.1765625 0.5875 0.178125 0.5854166666666667 0.1796875 0.5854166666666667 0.18125 0.5833333333333334 0.184375 0.5833333333333334 0.1859375 0.58125 0.1875 0.58125 0.1890625 0.5791666666666667 0.190625 0.5791666666666667 0.1921875 0.5770833333333333 0.19375 0.5770833333333333 0.1984375 0.5708333333333333 0.2 0.5708333333333333 0.20625 0.5625 0.2078125 0.5625 0.228125 0.5354166666666667 0.228125 0.5333333333333333 0.2296875 0.53125 0.2296875 0.525 0.23125 0.5229166666666667 0.23125 0.5083333333333333 0.2296875 0.50625 0.2296875 0.5041666666666667 0.2234375 0.49583333333333335 0.2234375 0.49166666666666664 0.2171875 0.48333333333333334 0.2171875 0.48125 0.2140625 0.47708333333333336 0.2125 0.47708333333333336 0.209375 0.47291666666666665 0.2078125 0.47291666666666665 0.20625 0.4708333333333333 0.2046875 0.4708333333333333 0.203125 0.46875 0.2 0.46875 0.1984375 0.4666666666666667 0.1890625 0.4666666666666667 0.1875 0.46458333333333335 0.18125 0.46458333333333335 0.1796875 0.4625
0 0.2546875 0.46875 0.2515625 0.47291666666666665 0.2515625 0.475 0.25 0.47708333333333336 0.25 0.4791666666666667 0.246875 0.48333333333333334 0.246875 0.48541666666666666 0.2453125 0.4875 0.2453125 0.49583333333333335 0.24375 0.4979166666666667 0.24375 0.5083333333333333 0.2453125 0.5104166666666666 0.2453125 0.51875 0.246875 0.5208333333333334 0.246875 0.5229166666666667 0.2546875 0.5333333333333333 0.2546875 0.5354166666666667 0.2625 0.5458333333333333 0.2625 0.5479166666666667 0.2640625 0.55 0.265625 0.55 0.2828125 0.5729166666666666 0.2828125 0.575 0.2859375 0.5791666666666667 0.2859375 0.58125 0.2984375 0.5979166666666667 0.3 0.5979166666666667 0.303125 0.6020833333333333 0.3078125 0.6020833333333333 0.309375 0.6 0.3125 0.6 0.3140625 0.5979166666666667 0.315625 0.5979166666666667 0.325 0.5854166666666667 0.325 0.5833333333333334 0.3265625 0.58125 0.3265625 0.5791666666666667 0.328125 0.5770833333333333 0.328125 0.5708333333333333 0.3296875 0.56875 0.3296875 0.5625 0.33125 0.5604166666666667 0.33125 0.55625 0.3328125 0.5541666666666667 0.3328125 0.55 0.334375 0.5479166666666667 0.334375 0.5416666666666666 0.3359375 0.5395833333333333 0.3359375 0.5354166666666667 0.3375 0.5333333333333333 0.3375 0.5291666666666667 0.3390625 0.5270833333333333 0.3390625 0.5208333333333334 0.340625 0.51875 0.340625 0.5145833333333333 0.3421875 0.5125 0.3421875 0.5020833333333333 0.34375 0.5 0.3421875 0.4979166666666667 0.3421875 0.49166666666666664 0.34375 0.4895833333333333 0.3421875 0.4875 0.3421875 0.48125 0.340625 0.4791666666666667 0.340625 0.47708333333333336 0.3390625 0.475 0.3390625 0.47291666666666665 0.3359375 0.47291666666666665 0.334375 0.4708333333333333 0.321875 0.4708333333333333 0.3203125 0.46875 0.3078125 0.46875 0.30625 0.4666666666666667 0.3 0.4666666666666667 0.2984375 0.46458333333333335 0.2890625 0.46458333333333335 0.2875 0.4666666666666667 0.2796875 0.4666666666666667 0.278125 0.46875 0.2765625 0.46875 0.275 0.4666666666666667 0.2671875 0.4666666666666667 0.265625 0.46458333333333335 0.2640625 0.46458333333333335 0.2625 0.4666666666666667 0.2578125 0.4666666666666667 0.25625 0.46875
0 0.3765625 0.38958333333333334 0.375 0.39166666666666666 0.3734375 0.39166666666666666 0.3671875 0.4 0.365625 0.4 0.3609375 0.40625 0.3609375 0.4083333333333333 0.35625 0.41458333333333336 0.35625 0.4166666666666667 0.3546875 0.41875 0.3546875 0.42083333333333334 0.353125 0.42291666666666666 0.353125 0.4375 0.3546875 0.4395833333333333 0.3546875 0.44375 0.35625 0.44583333333333336 0.35625 0.45416666666666666 0.3578125 0.45625 0.3578125 0.46041666666666664 0.359375 0.4625 0.359375 0.46458333333333335 0.3609375 0.4666666666666667 0.3609375 0.46875 0.3625 0.4708333333333333 0.3625 0.48125 0.3640625 0.48333333333333334 0.3640625 0.49375 0.365625 0.49583333333333335 0.365625 0.5 0.3671875 0.5020833333333333 0.3671875 0.5041666666666667 0.36875 0.50625 0.36875 0.5083333333333333 0.3734375 0.5145833333333333 0.375 0.5145833333333333 0.3765625 0.5166666666666667 0.384375 0.5166666666666667 0.3859375 0.5145833333333333 0.3890625 0.5145833333333333 0.390625 0.5125 0.3921875 0.5125 0.396875 0.50625 0.3984375 0.50625 0.40625 0.49583333333333335 0.4078125 0.49583333333333335 0.415625 0.48541666666666666 0.4171875 0.48541666666666666 0.421875 0.4791666666666667 0.4234375 0.4791666666666667 0.43125 0.46875 0.43125 0.4666666666666667 0.4328125 0.46458333333333335 0.4328125 0.4625 0.4375 0.45625 0.4375 0.4354166666666667 0.4359375 0.43333333333333335 0.4359375 0.43125 0.434375 0.42916666666666664 0.428125 0.42916666666666664 0.425 0.43333333333333335 0.4234375 0.43333333333333335 0.421875 0.4354166666666667 0.4203125 0.4354166666666667 0.41875 0.4375 0.4171875 0.4375 0.415625 0.4354166666666667 0.4140625 0.4354166666666667 0.409375 0.42916666666666664 0.409375 0.4270833333333333 0.40625 0.42291666666666666 0.40625 0.41875 0.4046875 0.4166666666666667 0.4046875 0.4125 0.3984375 0.4041666666666667 0.396875 0.4041666666666667 0.3953125 0.40208333333333335 0.39375 0.40208333333333335 0.3890625 0.3958333333333333 0.3875 0.3958333333333333 0.384375 0.39166666666666666 0.38125 0.39166666666666666 0.3796875 0.38958333333333334
0 0.4796875 0.48125 0.478125 0.48125 0.4765625 0.4791666666666667 0.475 0.4791666666666667 0.4734375 0.47708333333333336 0.471875 0.47708333333333336 0.46875 0.47291666666666665 0.4671875 0.47291666666666665 0.465625 0.4708333333333333 0.4640625 0.4708333333333333 0.4625 0.46875 0.446875 0.46875 0.4328125 0.4875 0.4328125 0.4895833333333333 0.43125 0.49166666666666664 0.43125 0.49375 0.4296875 0.49583333333333335 0.4296875 0.4979166666666667 0.428125 0.5 0.428125 0.5104166666666666 0.4265625 0.5125 0.4265625 0.5229166666666667 0.425 0.525 0.425 0.53125 0.4234375 0.5333333333333333 0.4234375 0.5375 0.421875 0.5395833333333333 0.421875 0.5416666666666666 0.4203125 0.54375 0.4203125 0.5479166666666667 0.41875 0.55 0.41875 0.55625 0.4171875 0.5583333333333333 0.4171875 0.5708333333333333 0.41875 0.5729166666666666 0.41875 0.575 0.425 0.5833333333333334 0.4328125 0.5833333333333334 0.434375 0.5854166666666667 0.4390625 0.5854166666666667 0.440625 0.5833333333333334 0.44375 0.5833333333333334 0.4453125 0.58125 0.446875 0.58125 0.4484375 0.5791666666666667 0.45 0.5791666666666667 0.4515625 0.5770833333333333 0.459375 0.5770833333333333 0.4609375 0.575 0.46875 0.575 0.4703125 0.5729166666666666 0.475 0.5729166666666666 0.4765625 0.5708333333333333 0.4796875 0.5708333333333333 0.48125 0.56875 0.4828125 0.56875 0.484375 0.5666666666666667 0.4875 0.5666666666666667 0.4890625 0.5645833333333333 0.490625 0.5645833333333333 0.496875 0.55625 0.4984375 0.55625 0.4984375 0.5541666666666667 0.5 0.5520833333333334 0.5 0.55 0.5015625 0.5479166666666667 0.5015625 0.5458333333333333 0.503125 0.54375 0.503125 0.5416666666666666 0.5078125 0.5354166666666667 0.5078125 0.5270833333333333 0.5046875 0.5229166666666667 0.5046875 0.5208333333333334 0.5 0.5145833333333333 0.5 0.5125 0.4953125 0.50625 0.4953125 0.5041666666666667 0.49375 0.5020833333333333 0.49375 0.5 0.4921875 0.4979166666666667 0.4921875 0.49583333333333335 0.4875 0.4895833333333333 0.4859375 0.4895833333333333
0 0.35 0.575 0.34375 0.575 0.3421875 0.5770833333333333 0.3421875 0.5791666666666667 0.3375 0.5854166666666667 0.3296875 0.5854166666666667 0.3171875 0.6020833333333333 0.3140625 0.6020833333333333 0.3125 0.6041666666666666 0.3078125 0.6041666666666666 0.30625 0.60625 0.3046875 0.60625 0.303125 0.6083333333333333 0.3015625 0.6083333333333333 0.290625 0.6229166666666667 0.2890625 0.6229166666666667 0.2859375 0.6270833333333333 0.2859375 0.6291666666666667 0.284375 0.63125 0.284375 0.6395833333333333 0.2859375 0.6416666666666667 0.2859375 0.6458333333333334 0.2875 0.6479166666666667 0.2875 0.65 0.2890625 0.6520833333333333 0.2890625 0.6541666666666667 0.3078125 0.6791666666666667 0.3078125 0.68125 0.3140625 0.6895833333333333 0.315625 0.6895833333333333 0.3203125 0.6958333333333333 0.321875 0.6958333333333333 0.3234375 0.6979166666666666 0.325 0.6979166666666666 0.3265625 0.7 0.328125 0.7 0.3296875 0.7020833333333333 0.3328125 0.7020833333333333 0.334375 0.7041666666666667 0.3421875 0.7041666666666667 0.34375 0.7020833333333333 0.3453125 0.7020833333333333 0.346875 0.7 0.3484375 0.7 0.353125 0.69375 0.3546875 0.69375 0.3578125 0.6895833333333333 0.3609375 0.6895833333333333 0.3640625 0.6854166666666667 0.365625 0.6854166666666667 0.371875 0.6770833333333334 0.371875 0.675 0.3734375 0.6729166666666667 0.3734375 0.66875 0.375 0.6666666666666666 0.375 0.6583333333333333 0.3765625 0.65625 0.3765625 0.6354166666666666 0.375 0.6333333333333333 0.375 0.61875 0.3734375 0.6166666666666667 0.3734375 0.60625 0.371875 0.6041666666666666 0.371875 0.6020833333333333 0.3703125 0.6 0.3703125 0.5979166666666667 0.365625 0.5916666666666667 0.365625 0.5895833333333333 0.3609375 0.5833333333333334 0.359375 0.5833333333333334 0.3578125 0.58125 0.35625 0.58125 0.353125 0.5770833333333333 0.3515625 0.5770833333333333
0 0.5390625 0.4791666666666667 0.5375 0.48125 0.5359375 0.48125 0.534375 0.48333333333333334 0.5328125 0.48333333333333334 0.528125 0.4895833333333333 0.5265625 0.4895833333333333 0.5203125 0.4979166666666667 0.5203125 0.5 0.51875 0.5020833333333333 0.51875 0.5041666666666667 0.5171875 0.50625 0.5171875 0.525 0.51875 0.5270833333333333 0.51875 0.5333333333333333 0.5203125 0.5354166666666667 0.5203125 0.5375 0.521875 0.5395833333333333 0.521875 0.5416666666666666 0.5234375 0.54375 0.5234375 0.5458333333333333 0.525 0.5479166666666667 0.525 0.55 0.528125 0.5541666666666667 0.528125 0.55625 0.5296875 0.5583333333333333 0.53125 0.5583333333333333 0.5359375 0.5645833333333333 0.5375 0.5645833333333333 0.5421875 0.5708333333333333 0.54375 0.5708333333333333 0.55625 0.5875 0.55625 0.5895833333333333 0.5609375 0.5958333333333333 0.565625 0.5958333333333333 0.5671875 0.5979166666666667 0.571875 0.5979166666666667 0.5734375 0.5958333333333333 0.575 0.5958333333333333 0.5765625 0.59375 0.5765625 0.5916666666666667 0.578125 0.5895833333333333 0.578125 0.5854166666666667 0.5796875 0.5833333333333334 0.5796875 0.5770833333333333 0.578125 0.575 0.578125 0.5666666666666667 0.5796875 0.5645833333333333 0.5796875 0.5583333333333333 0.58125 0.55625 0.58125 0.5520833333333334 0.5828125 0.55 0.5828125 0.5458333333333333 0.584375 0.54375 0.584375 0.5395833333333333 0.5859375 0.5375 0.5859375 0.5354166666666667 0.5875 0.5333333333333333 0.5875 0.53125 0.5890625 0.5291666666666667 0.5890625 0.5270833333333333 0.590625 0.525 0.590625 0.5104166666666666 0.5890625 0.5083333333333333 0.5890625 0.5041666666666667 0.5875 0.5020833333333333 0.5875 0.5 0.5828125 0.49375 0.5828125 0.49166666666666664 0.578125 0.48541666666666666 0.5765625 0.48541666666666666 0.575 0.48333333333333334 0.5734375 0.48333333333333334 0.571875 0.48125 0.5671875 0.48125 0.565625 0.4791666666666667 0.559375 0.4791666666666667 0.55625 0.48333333333333334 0.5484375 0.48333333333333334 0.546875 0.48125 0.5453125 0.48125 0.54375 0.4791666666666667
0 0.5953125 0.38333333333333336 0.5921875 0.3875 0.5921875 0.38958333333333334 0.5859375 0.39791666666666664 0.5859375 0.4 0.584375 0.40208333333333335 0.584375 0.4041666666666667 0.5828125 0.40625 0.5828125 0.4083333333333333 0.58125 0.41041666666666665 0.58125 0.41458333333333336 0.5796875 0.4166666666666667 0.5796875 0.4479166666666667 0.58125 0.45 0.58125 0.45416666666666666 0.5828125 0.45625 0.5828125 0.4583333333333333 0.584375 0.46041666666666664 0.584375 0.4625 0.5921875 0.47291666666666665 0.59375 0.47291666666666665 0.5953125 0.475 0.596875 0.475 0.5984375 0.47708333333333336 0.6 0.47708333333333336 0.6015625 0.4791666666666667 0.603125 0.4791666666666667 0.6046875 0.48125 0.609375 0.48125 0.6109375 0.48333333333333334 0.6171875 0.48333333333333334 0.61875 0.48541666666666666 0.6296875 0.48541666666666666 0.63125 0.48333333333333334 0.6421875 0.48333333333333334 0.64375 0.48541666666666666 0.6609375 0.48541666666666666 0.6625 0.48333333333333334 0.665625 0.48333333333333334 0.66875 0.4791666666666667 0.6703125 0.4791666666666667 0.671875 0.47708333333333336 0.671875 0.475 0.6734375 0.47291666666666665 0.6734375 0.4708333333333333 0.675 0.46875 0.675 0.4479166666666667 0.6734375 0.44583333333333336 0.6734375 0.4354166666666667 0.671875 0.43333333333333335 0.671875 0.43125 0.6703125 0.42916666666666664 0.6703125 0.425 0.66875 0.42291666666666666 0.66875 0.41875 0.6671875 0.4166666666666667 0.6671875 0.4125 0.665625 0.41041666666666665 0.665625 0.4083333333333333 0.6640625 0.40625 0.6640625 0.40208333333333335 0.6625 0.4 0.6625 0.39791666666666664 0.659375 0.39375 0.659375 0.39166666666666666 0.6546875 0.3854166666666667 0.6546875 0.38333333333333336 0.6515625 0.37916666666666665 0.65 0.37916666666666665 0.6484375 0.3770833333333333 0.646875 0.3770833333333333 0.6453125 0.375 0.64375 0.375 0.6421875 0.3729166666666667 0.640625 0.3729166666666667 0.6390625 0.37083333333333335 0.6359375 0.37083333333333335 0.634375 0.36875 0.6328125 0.36875 0.63125 0.36666666666666664 0.61875 0.36666666666666664 0.6171875 0.36875 0.615625 0.36875 0.6140625 0.37083333333333335 0.6125 0.37083333333333335 0.6109375 0.3729166666666667 0.6078125 0.3729166666666667 0.60625 0.375 0.6046875 0.375 0.6015625 0.37916666666666665 0.6 0.37916666666666665 0.596875 0.38333333333333336
0 0.6375 0.5458333333333333 0.6359375 0.5479166666666667 0.6359375 0.55 0.634375 0.5520833333333334 0.634375 0.5541666666666667 0.6328125 0.55625 0.63125 0.55625 0.6265625 0.5625 0.625 0.5625 0.6234375 0.5645833333333333 0.621875 0.5645833333333333 0.6203125 0.5666666666666667 0.61875 0.5666666666666667 0.6171875 0.56875 0.615625 0.56875 0.6140625 0.5708333333333333 0.6125 0.5708333333333333 0.6109375 0.5729166666666666 0.6078125 0.5729166666666666 0.60625 0.575 0.603125 0.575 0.6 0.5791666666666667 0.6 0.58125 0.59375 0.5895833333333333 0.59375 0.5916666666666667 0.5921875 0.59375 0.5921875 0.5958333333333333 0.590625 0.5979166666666667 0.590625 0.6 0.5890625 0.6020833333333333 0.5890625 0.6145833333333334 0.5875 0.6166666666666667 0.5890625 0.61875 0.5890625 0.6229166666666667 0.5953125 0.63125 0.596875 0.63125 0.603125 0.6395833333333333 0.6046875 0.6395833333333333 0.60625 0.6416666666666667 0.6078125 0.6416666666666667 0.609375 0.64375 0.6109375 0.64375 0.6125 0.6458333333333334 0.6203125 0.6458333333333334 0.621875 0.6479166666666667 0.6265625 0.6479166666666667 0.628125 0.65 0.6296875 0.65 0.63125 0.6520833333333333 0.6328125 0.6520833333333333 0.634375 0.6541666666666667 0.6359375 0.6541666666666667 0.6375 0.65625 0.640625 0.65625 0.6421875 0.6583333333333333 0.64375 0.6583333333333333 0.6453125 0.6604166666666667 0.646875 0.6604166666666667 0.6484375 0.6625 0.6515625 0.6625 0.653125 0.6645833333333333 0.6625 0.6645833333333333 0.6640625 0.6625 0.665625 0.6625 0.6703125 0.65625 0.6703125 0.6520833333333333 0.671875 0.65 0.671875 0.6354166666666666 0.6703125 0.6333333333333333 0.6703125 0.63125 0.66875 0.6291666666666667 0.66875 0.61875 0.6671875 0.6166666666666667 0.6671875 0.5916666666666667 0.665625 0.5895833333333333 0.665625 0.5770833333333333 0.6640625 0.575 0.6640625 0.5729166666666666 0.659375 0.5666666666666667 0.659375 0.5645833333333333 0.646875 0.5479166666666667 0.64375 0.5479166666666667 0.6421875 0.5458333333333333
0 0.55 0.68125 0.546875 0.6854166666666667 0.546875 0.6895833333333333 0.5453125 0.6916666666666667 0.5453125 0.7145833333333333 0.546875 0.7166666666666667 0.546875 0.7208333333333333 0.5484375 0.7229166666666667 0.5484375 0.725 0.5578125 0.7375 0.559375 0.7375 0.565625 0.7458333333333333 0.5671875 0.7458333333333333 0.56875 0.7479166666666667 0.5703125 0.7479166666666667 0.571875 0.75 0.5734375 0.75 0.5765625 0.7541666666666667 0.578125 0.7541666666666667 0.58125 0.7583333333333333 0.5828125 0.7583333333333333 0.584375 0.7604166666666666 0.584375 0.7625 0.5859375 0.7625 0.5890625 0.7666666666666667 0.590625 0.7666666666666667 0.59375 0.7708333333333334 0.5953125 0.7708333333333334 0.596875 0.7729166666666667 0.5984375 0.7729166666666667 0.6 0.775 0.6015625 0.775 0.603125 0.7770833333333333 0.6078125 0.7770833333333333 0.609375 0.775 0.6109375 0.775 0.6125 0.7729166666666667 0.6140625 0.7729166666666667 0.615625 0.7708333333333334 0.615625 0.76875 0.6171875 0.7666666666666667 0.6171875 0.7645833333333333 0.61875 0.7625 0.61875 0.7541666666666667 0.6203125 0.7520833333333333 0.6203125 0.7333333333333333 0.621875 0.73125 0.621875 0.6833333333333333 0.6203125 0.68125 0.6203125 0.6791666666666667 0.61875 0.6770833333333334 0.61875 0.6729166666666667 0.6171875 0.6708333333333333 0.6140625 0.6708333333333333 0.6125 0.66875 0.6046875 0.66875 0.603125 0.6666666666666666 0.5984375 0.6666666666666666 0.596875 0.66875 0.5953125 0.66875 0.59375 0.6708333333333333 0.59375 0.6770833333333334 0.5921875 0.6791666666666667 0.5921875 0.68125 0.5875 0.6875 0.5796875 0.6875 0.5765625 0.6833333333333333 0.575 0.6833333333333333 0.5671875 0.6729166666666667 0.5625 0.6729166666666667 0.5609375 0.675 0.559375 0.675 0.5578125 0.6770833333333334 0.55625 0.6770833333333334 0.5546875 0.6791666666666667 0.553125 0.6791666666666667 0.5515625 0.68125
0 0.709375 0.46458333333333335 0.7078125 0.4666666666666667 0.7046875 0.4666666666666667 0.7015625 0.4708333333333333 0.7 0.4708333333333333 0.696875 0.475 0.696875 0.47708333333333336 0.69375 0.48125 0.69375 0.48333333333333334 0.6921875 0.48541666666666666 0.6921875 0.49166666666666664 0.690625 0.49375 0.690625 0.5 0.6890625 0.5020833333333333 0.6890625 0.5083333333333333 0.6875 0.5104166666666666 0.6875 0.525 0.6859375 0.5270833333333333 0.6859375 0.5479166666666667 0.6875 0.55 0.6875 0.5541666666666667 0.690625 0.5583333333333333 0.6921875 0.5583333333333333 0.69375 0.5604166666666667 0.696875 0.5604166666666667 0.6984375 0.5625 0.7 0.5625 0.703125 0.5666666666666667 0.7046875 0.5666666666666667 0.70625 0.56875 0.709375 0.56875 0.7109375 0.5708333333333333 0.715625 0.5708333333333333 0.7171875 0.56875 0.7203125 0.56875 0.721875 0.5666666666666667 0.7234375 0.5666666666666667 0.725 0.5645833333333333 0.7265625 0.5645833333333333 0.728125 0.5625 0.7296875 0.5625 0.7328125 0.5583333333333333 0.734375 0.5583333333333333 0.7359375 0.55625 0.7375 0.55625 0.74375 0.5479166666666667 0.7453125 0.5479166666666667 0.753125 0.5375 0.7546875 0.5375 0.7578125 0.5333333333333333 0.7578125 0.53125 0.759375 0.5291666666666667 0.759375 0.5270833333333333 0.7609375 0.525 0.7609375 0.5104166666666666 0.759375 0.5083333333333333 0.759375 0.5041666666666667 0.7578125 0.5020833333333333 0.7578125 0.49583333333333335 0.75625 0.49375 0.75625 0.49166666666666664 0.753125 0.4875 0.7515625 0.4875 0.75 0.48541666666666666 0.7453125 0.48541666666666666 0.7453125 0.4895833333333333 0.74375 0.49166666666666664 0.74375 0.49375 0.7421875 0.49583333333333335 0.7390625 0.49583333333333335 0.7375 0.49375 0.7359375 0.49375 0.734375 0.49166666666666664 0.7328125 0.49166666666666664 0.7265625 0.48333333333333334 0.7265625 0.48125 0.725 0.4791666666666667 0.725 0.4708333333333333 0.7234375 0.46875 0.71875 0.46875 0.7171875 0.4666666666666667 0.715625 0.4666666666666667 0.7140625 0.46458333333333335
0 0.83125 0.50625 0.828125 0.50625 0.8265625 0.5041666666666667 0.825 0.5041666666666667 0.8234375 0.50625 0.8203125 0.50625 0.81875 0.5083333333333333 0.815625 0.5083333333333333 0.8140625 0.5104166666666666 0.8125 0.5104166666666666 0.8109375 0.5125 0.809375 0.5125 0.8078125 0.5145833333333333 0.8078125 0.5166666666666667 0.8046875 0.5208333333333334 0.803125 0.5208333333333334 0.8 0.525 0.7984375 0.525 0.7953125 0.5291666666666667 0.79375 0.5291666666666667 0.7921875 0.53125 0.7875 0.53125 0.7859375 0.5291666666666667 0.784375 0.53125 0.7828125 0.53125 0.78125 0.5291666666666667 0.78125 0.525 0.7796875 0.5229166666666667 0.771875 0.5229166666666667 0.7703125 0.525 0.76875 0.525 0.76875 0.5270833333333333 0.7640625 0.5333333333333333 0.7640625 0.5375 0.765625 0.5395833333333333 0.765625 0.5583333333333333 0.7671875 0.5604166666666667 0.7671875 0.5625 0.76875 0.5645833333333333 0.76875 0.5666666666666667 0.7703125 0.56875 0.7703125 0.5708333333333333 0.7734375 0.575 0.7734375 0.5770833333333333 0.7796875 0.5854166666666667 0.7796875 0.5875 0.7828125 0.5916666666666667 0.7828125 0.59375 0.784375 0.59375 0.7921875 0.6041666666666666 0.796875 0.6041666666666666 0.7984375 0.60625 0.803125 0.60625 0.8046875 0.6041666666666666 0.8078125 0.6041666666666666 0.809375 0.6020833333333333 0.8109375 0.6020833333333333 0.8125 0.6 0.815625 0.6 0.8171875 0.5979166666666667 0.8203125 0.5979166666666667 0.8234375 0.59375 0.825 0.59375 0.825 0.5895833333333333 0.8265625 0.5875 0.8265625 0.5854166666666667 0.83125 0.5791666666666667 0.83125 0.5708333333333333 0.8328125 0.56875 0.8328125 0.5625 0.834375 0.5604166666666667 0.834375 0.5583333333333333 0.8359375 0.55625 0.8359375 0.5541666666666667 0.8375 0.5520833333333334 0.8375 0.55 0.8390625 0.5479166666666667 0.8390625 0.54375 0.840625 0.5416666666666666 0.840625 0.5291666666666667 0.8390625 0.5270833333333333 0.8390625 0.5229166666666667 0.8375 0.5208333333333334 0.8375 0.51875 0.8359375 0.5166666666666667 0.8359375 0.5145833333333333 0.83125 0.5083333333333333
0 0.765625 0.6770833333333334 0.7609375 0.6833333333333333 0.7609375 0.6854166666666667 0.759375 0.6875 0.759375 0.6895833333333333 0.7578125 0.6916666666666667 0.7578125 0.6958333333333333 0.75625 0.6979166666666666 0.75625 0.7104166666666667 0.7578125 0.7125 0.7578125 0.73125 0.759375 0.7333333333333333 0.759375 0.7541666666666667 0.7609375 0.75625 0.7609375 0.7583333333333333 0.7625 0.7604166666666666 0.7625 0.7645833333333333 0.7640625 0.7666666666666667 0.7640625 0.76875 0.765625 0.7708333333333334 0.765625 0.7729166666666667 0.7703125 0.7791666666666667 0.771875 0.7791666666666667 0.7734375 0.78125 0.775 0.78125 0.7765625 0.7833333333333333 0.784375 0.7833333333333333 0.7859375 0.7854166666666667 0.7875 0.7854166666666667 0.7890625 0.7875 0.790625 0.7875 0.7921875 0.7895833333333333 0.7953125 0.7895833333333333 0.796875 0.7916666666666666 0.8046875 0.7916666666666666 0.80625 0.7895833333333333 0.809375 0.7895833333333333 0.8109375 0.7875 0.8140625 0.7875 0.81875 0.78125 0.8203125 0.78125 0.825 0.775 0.825 0.7729166666666667 0.8265625 0.7708333333333334 0.8265625 0.76875 0.8296875 0.7645833333333333 0.8296875 0.7625 0.834375 0.75625 0.834375 0.7541666666666667 0.8359375 0.7520833333333333 0.8359375 0.75 0.8390625 0.7458333333333333 0.8390625 0.74375 0.840625 0.7416666666666667 0.840625 0.7333333333333333 0.8421875 0.73125 0.8421875 0.7145833333333333 0.8375 0.7083333333333334 0.8359375 0.7083333333333334 0.834375 0.70625 0.8328125 0.70625 0.83125 0.7041666666666667 0.8296875 0.7041666666666667 0.828125 0.7020833333333333 0.8265625 0.7020833333333333 0.825 0.7 0.8234375 0.7 0.821875 0.6979166666666666 0.8203125 0.6979166666666666 0.81875 0.6958333333333333 0.815625 0.6958333333333333 0.8140625 0.6979166666666666 0.8125 0.6979166666666666 0.8078125 0.7041666666666667 0.803125 0.7041666666666667 0.8015625 0.70625 0.796875 0.70625 0.7953125 0.7083333333333334 0.784375 0.7083333333333334 0.778125 0.7 0.778125 0.6833333333333333 0.7765625 0.68125 0.775 0.68125 0.7734375 0.6791666666666667 0.7703125 0.6791666666666667 0.76875 0.6770833333333334
0 0.996875 0.5270833333333333 0.996875 0.5166666666666667 0.9984375 0.5145833333333333 0.9984375 0.48333333333333334 0.996875 0.48125 0.996875 0.4791666666666667 0.9953125 0.4791666666666667 0.99375 0.47708333333333336 0.9890625 0.47708333333333336 0.9875 0.475 0.98125 0.475 0.9796875 0.47291666666666665 0.9765625 0.47291666666666665 0.975 0.475 0.9734375 0.475 0.9625 0.4895833333333333 0.9609375 0.4895833333333333 0.959375 0.49166666666666664 0.953125 0.49166666666666664 0.9515625 0.4895833333333333 0.9484375 0.4895833333333333 0.94375 0.48333333333333334 0.9421875 0.48333333333333334 0.9390625 0.4791666666666667 0.9375 0.4791666666666667 0.9359375 0.47708333333333336 0.934375 0.4791666666666667 0.9296875 0.4791666666666667 0.928125 0.48125 0.9140625 0.48125 0.9109375 0.48541666666666666 0.9109375 0.49166666666666664 0.9125 0.49375 0.9125 0.49583333333333335 0.915625 0.5 0.915625 0.5020833333333333 0.9171875 0.5041666666666667 0.9171875 0.50625 0.9203125 0.5104166666666666 0.9203125 0.5125 0.921875 0.5145833333333333 0.921875 0.5166666666666667 0.928125 0.525 0.928125 0.5270833333333333 0.93125 0.53125 0.9328125 0.53125 0.9375 0.5375 0.9390625 0.5375 0.940625 0.5395833333333333 0.9421875 0.5395833333333333 0.94375 0.5416666666666666 0.9453125 0.5416666666666666 0.95625 0.55625 0.9578125 0.55625 0.959375 0.5583333333333333 0.9609375 0.5583333333333333 0.9625 0.5604166666666667 0.975 0.5604166666666667 0.9765625 0.5583333333333333 0.9796875 0.5583333333333333 0.9828125 0.5541666666666667 0.984375 0.5541666666666667 0.9875 0.55 0.9875 0.5479166666666667 0.9890625 0.5458333333333333 0.9890625 0.54375 0.9921875 0.5395833333333333 0.9921875 0.5375 0.99375 0.5354166666666667 0.99375 0.5333333333333333 0.9953125 0.53125 0.9953125 0.5291666666666667