0 0.4088541666666667 0.6073676215277779 0.10660807291666666 0.1416015625
0 0.4468994140625 0.4568142361111111 0.096435546875 0.16384548611111108
0 0.474365234375 0.3369140625 0.10986328125 0.13671875
0 0.6652018229166666 0.4283311631944445 0.1090494791666667 0.1329210069444444
0 0.68310546875 0.52490234375 0.1041666666666667 0.13943142361111113
0 0.791748046875 0.5034722222222222 0.1171875 0.14105902777777785
0 0.9502278645833332 0.6168309771825397 0.09641927083333339 0.13774181547619038
0 0.9783040364583332 0.3969062755310458 0.04026692708333339 0.06790109272875829
0 0.9463623046875 0.5023444622077435 0.104150390625 0.14422885497104249
0 0.372387035472973 0.5668637387387387 0.362621410472973 0.5731981981981982 0.36341321790540543 0.5802364864864864 0.35443940033783783 0.5914977477477478 0.3568148226351352 0.6126126126126127 0.3573426942567568 0.6245777027027027 0.36103779560810817 0.6330236486486487 0.36235747466216217 0.6569538288288288 0.3702755489864865 0.6752533783783784 0.38320840371621623 0.6777167792792793 0.4069626266891892 0.6594172297297297 0.4138249577702703 0.6523789414414414 0.42596600506756765 0.6432291666666666 0.43362014358108114 0.6235219594594594 0.4151446368243244 0.6055743243243243 0.41118559966216217 0.6140202702702703 0.3940297719594595 0.6164836711711711 0.3895428631756757 0.5988879504504504 0.3921822212837838 0.5834037162162161
0 0.4299250422297297 0.4194115990990991 0.41567250844594594 0.43208051801801795 0.4093380489864865 0.45038006756756754 0.4093380489864865 0.4693834459459459 0.41567250844594594 0.4862753378378378 0.42438239020270274 0.5031672297297297 0.4423300253378379 0.5221706081081081 0.45156777871621623 0.5351914414414414 0.46318095439189194 0.5380067567567567 0.47479413006756765 0.5242820945945945 0.47848923141891897 0.5052787162162162 0.4916860219594595 0.46903153153153154 0.4914220861486487 0.44087837837837834 0.4800728462837839 0.4260979729729729 0.4639727618243244 0.4419341216216216 0.45130384290540543 0.4130771396396396
0 0.4618612753378379 0.3082066441441441 0.44364970439189194 0.3451576576576576 0.4378431165540541 0.37014358108108103 0.4510399070945946 0.3831644144144144 0.45658255912162166 0.39829673423423423 0.4740023226351352 0.4035754504504504 0.4911581503378379 0.39583333333333326 0.5183435388513514 0.39196227477477474 0.5254698057432432 0.3803490990990991 0.5259976773648649 0.35782657657657657 0.49590899493243246 0.31172578828828823 0.48086465371621623 0.3011683558558558 0.4734744510135135 0.3011683558558558 0.4689875422297297 0.3085585585585585
0 0.6376425253378379 0.37929335585585583 0.6252375422297297 0.39266610360360354 0.6101932010135135 0.4331362612612612 0.6107210726351352 0.4619932432432432 0.6220703125 0.4736064189189189 0.6255014780405406 0.48979448198198194 0.6442409206081081 0.49436936936936937 0.6677312077702703 0.47747747747747743 0.6685230152027027 0.46692004504504503 0.6822476773648649 0.4686796171171171 0.6943887246621622 0.45354729729729726 0.6959723395270271 0.43419200450450446 0.6664115287162162 0.3933699324324324 0.6624524915540542 0.3863316441441441 0.6518950591216217 0.3937218468468468 0.6503114442567568 0.3810529279279279 0.6397540118243243 0.38985078828828823
0 0.6682590793918919 0.47818130630630623 0.6516311233108109 0.48979448198198194 0.6416015625 0.5102055180180181 0.6386982685810811 0.5267454954954954 0.6352671030405406 0.5425816441441441 0.6384343327702703 0.5457488738738738 0.6305162584459459 0.5710867117117117 0.6368507179054055 0.5879786036036037 0.6521589949324325 0.5939611486486487 0.6603410050675677 0.5911458333333334 0.6777607685810811 0.5897381756756757 0.6959723395270271 0.5876266891891891 0.712864231418919 0.5774211711711711 0.7213101773648649 0.5668637387387387 0.7236855996621622 0.5387105855855855 0.7112806165540542 0.4992961711711711 0.6972920185810811 0.485571509009009 0.6833034206081081 0.4743102477477477
0 0.7759448902027027 0.45882601351351343 0.7572054476351352 0.49225788288288286 0.7540382179054055 0.5172438063063063 0.771457981418919 0.5499718468468467 0.8084089949324325 0.5686233108108107 0.811840160472973 0.5675675675675674 0.8147434543918919 0.5717905405405405 0.8332189611486488 0.5710867117117117 0.842456714527027 0.5545467342342342 0.8448321368243243 0.5228744369369369 0.8493190456081081 0.4947212837837837 0.842456714527027 0.4714949324324324 0.830051731418919 0.45706644144144143 0.7994351773648649 0.45143581081081074
0 0.9184702280405406 0.598536036036036 0.9234850084459459 0.6263372747747747 0.9438080658783784 0.6551942567567567 0.9625475084459459 0.670678490990991 0.9815508868243243 0.6836993243243243 0.9976509712837839 0.680884009009009 0.9984375 0.60196896114865 0.9984375 0.573902027027027 0.9918443834459459 0.5851632882882883 0.990260768581081 0.5992398648648648 0.9686180320945945 0.5999436936936937 0.9559491131756758 0.5883305180180181 0.9372096706081081 0.6076858108108107 0.9298194679054055 0.5929054054054054
0 0.9213735219594594 0.46304898648648646 0.9134554476351351 0.47923704954954954 0.9158308699324325 0.5102055180180181 0.929027660472973 0.5292088963963963 0.9614917652027029 0.546804617117117 0.9818148226351351 0.5672156531531531 0.9981788429054055 0.5710867117117117 0.9979149070945945 0.4419341216216216 0.9757442989864865 0.43841497747747743 0.9575327280405406 0.44615709459459457 0.9343063766891893 0.44791666666666663 0.929027660472973 0.4602336711711711
0 0.9852459881756758 0.3662725225225225 0.9717852618243243 0.37436655405405406 0.960963893581081 0.39161036036036034 0.9593802787162163 0.41448479729729726 0.9630753800675675 0.4303209459459459 0.9984375 0.4303209459459459 0.9984375 0.36697635135135126