0 0.094922 0.360208 0.078281 0.075417 0.079531 0.323542 0.095625 0.322500 0.102344 0.327708 0.133281 0.368958 0.134063 0.378542 0.127344 0.388542 0.115781 0.388125 0.099219 0.397917 0.075000 0.395625 0.069687 0.390417 0.062656 0.383542 0.057344 0.375000 0.055781 0.358542 0.059375 0.348750 0.065312 0.336042
0 0.065625 0.458750 0.069687 0.086667 0.052344 0.415417 0.052500 0.424583 0.058125 0.433958 0.067969 0.436458 0.078125 0.427083 0.080000 0.421042 0.083125 0.420417 0.092656 0.424792 0.097812 0.432083 0.100156 0.437292 0.100469 0.455417 0.095469 0.464792 0.088438 0.480417 0.085938 0.490833 0.077656 0.501458 0.068125 0.502083 0.050469 0.482292 0.034375 0.463542 0.031563 0.456667 0.030781 0.433125 0.035000 0.426042 0.039844 0.421458 0.042344 0.416250
0 0.222578 0.426146 0.058594 0.077292 0.202031 0.387500 0.199219 0.392500 0.195625 0.402917 0.193281 0.416458 0.193281 0.430417 0.193750 0.439792 0.199844 0.447917 0.200625 0.456042 0.209219 0.464792 0.215313 0.463958 0.218438 0.458750 0.225937 0.453125 0.222344 0.449375 0.230000 0.447917 0.235937 0.451250 0.236719 0.447917 0.242500 0.445625 0.248438 0.437917 0.251875 0.430625 0.250937 0.420417 0.237812 0.423542 0.231875 0.417500 0.221719 0.415208 0.213594 0.403958 0.215313 0.400625 0.212031 0.400000
0 0.231250 0.494896 0.063750 0.083542 0.225469 0.453125 0.217813 0.460625 0.212188 0.469583 0.208750 0.480417 0.204844 0.502917 0.200312 0.515833 0.199375 0.523750 0.202188 0.529792 0.207969 0.535417 0.219062 0.536667 0.236406 0.532708 0.252188 0.529792 0.260781 0.524375 0.262813 0.519583 0.263125 0.510833 0.258437 0.496667 0.251563 0.484167 0.246719 0.469167 0.241406 0.459167 0.236094 0.453125
0 0.317109 0.477813 0.059219 0.081458 0.301875 0.438333 0.297344 0.442083 0.290625 0.450000 0.287500 0.457917 0.288906 0.484375 0.292187 0.489792 0.292187 0.495417 0.295156 0.497292 0.310937 0.517500 0.320781 0.518542 0.327031 0.513542 0.334531 0.503125 0.338281 0.496667 0.345313 0.482917 0.346719 0.461458 0.340469 0.450208 0.329219 0.438958 0.319844 0.437083
0 0.393924 0.475000 0.062847 0.086111 0.367882 0.437037 0.378819 0.432870 0.389757 0.436343 0.398090 0.431944 0.414931 0.434491 0.423438 0.440741 0.425347 0.456250 0.417187 0.508796 0.411979 0.516204 0.407292 0.518056 0.402257 0.514583 0.396528 0.511574 0.394097 0.506250 0.387153 0.495833 0.383854 0.494444 0.375868 0.486574 0.367882 0.474074 0.365278 0.469676 0.362500 0.452083
0 0.419618 0.540741 0.062500 0.084259 0.407118 0.517824 0.401389 0.525000 0.397569 0.534028 0.391493 0.533333 0.391319 0.526389 0.388368 0.533333 0.388542 0.536343 0.388542 0.542130 0.395139 0.555556 0.409375 0.575000 0.422743 0.582870 0.429514 0.582870 0.435937 0.575000 0.444965 0.568287 0.448785 0.558333 0.450868 0.545370 0.444965 0.510417 0.436285 0.500694 0.427257 0.498611 0.426215 0.502083 0.419965 0.508796 0.417535 0.508333 0.412847 0.516667
0 0.452344 0.416667 0.057813 0.086111 0.435417 0.373611 0.426563 0.385648 0.426563 0.392361 0.423785 0.396065 0.423438 0.408333 0.430382 0.431481 0.432118 0.445602 0.436632 0.456250 0.443229 0.459722 0.450347 0.456944 0.456944 0.448148 0.467882 0.434954 0.478472 0.421528 0.478125 0.418056 0.481250 0.413194 0.480382 0.403935 0.478125 0.397222 0.474306 0.398148 0.471181 0.404861 0.465625 0.402778 0.462153 0.397222 0.459375 0.387731 0.443403 0.374769
0 0.500174 0.460185 0.059722 0.078704 0.485417 0.421528 0.478472 0.432176 0.475000 0.441204 0.475347 0.458333 0.470313 0.478704 0.470313 0.490972 0.474479 0.499306 0.487674 0.499537 0.493229 0.493750 0.506424 0.490278 0.521007 0.481944 0.526736 0.472454 0.526910 0.467361 0.529687 0.463889 0.530035 0.455324 0.520660 0.445370 0.518576 0.437037 0.506944 0.427778 0.494792 0.420833
0 0.559115 0.460764 0.052604 0.079861 0.555035 0.425000 0.552257 0.425000 0.548438 0.422454 0.535937 0.432407 0.534722 0.444676 0.532813 0.451157 0.537674 0.459954 0.534722 0.461111 0.540625 0.470139 0.543750 0.477778 0.550174 0.480324 0.565625 0.497917 0.573785 0.500694 0.578125 0.495370 0.578299 0.478009 0.581597 0.461111 0.585417 0.454167 0.584722 0.439583 0.580382 0.431250 0.574479 0.421528 0.562847 0.420833 0.559722 0.425926
0 0.584983 0.579745 0.053299 0.074769 0.559896 0.557639 0.558333 0.574306 0.561632 0.586111 0.571354 0.595139 0.582812 0.603935 0.600174 0.617130 0.606076 0.616667 0.609201 0.611343 0.611458 0.603472 0.611632 0.553009 0.607292 0.544676 0.604167 0.542361 0.592535 0.543056 0.590972 0.550694 0.588542 0.554398 0.580729 0.554630 0.574132 0.548843 0.569444 0.549769
0 0.604560 0.382993 0.068396 0.084119 0.595126 0.340933 0.585299 0.349319 0.575275 0.363994 0.570362 0.374476 0.570362 0.402254 0.580975 0.415618 0.604363 0.425052 0.608687 0.422956 0.617531 0.421122 0.624607 0.423480 0.637579 0.414832 0.638758 0.403564 0.637186 0.393606 0.631486 0.367662 0.624410 0.352201 0.616942 0.345650 0.608491 0.340933
0 0.613699 0.500000 0.056407 0.079140 0.615369 0.460430 0.612028 0.468291 0.595126 0.480084 0.585692 0.497117 0.585495 0.516509 0.597877 0.528564 0.610456 0.529612 0.629127 0.539570 0.638168 0.539046 0.641509 0.531971 0.641903 0.521488 0.639741 0.513889 0.636399 0.477201 0.624017 0.462788
0 0.676789 0.435666 0.051297 0.076258 0.673939 0.400419 0.672759 0.406971 0.673546 0.412212 0.678852 0.417977 0.685535 0.418763 0.691824 0.414046 0.699096 0.420335 0.702437 0.431866 0.701061 0.437631 0.699686 0.445231 0.694772 0.452568 0.686910 0.462002 0.675904 0.471698 0.666667 0.473795 0.661753 0.467243 0.657822 0.466719 0.651926 0.458857 0.651140 0.447065 0.653105 0.428197 0.655071 0.412736 0.658412 0.404612 0.664898 0.397537
0 0.728872 0.576258 0.056407 0.076520 0.708530 0.537998 0.701454 0.546122 0.700668 0.556080 0.704992 0.595650 0.707154 0.603249 0.714426 0.610325 0.722288 0.609277 0.730936 0.614518 0.740369 0.608229 0.757075 0.572589 0.756682 0.562631 0.754520 0.551887 0.744890 0.553197 0.736832 0.545597 0.732115 0.552673 0.717374 0.557914 0.711281 0.555031 0.709906 0.544549 0.711478 0.540881
0 0.835397 0.415225 0.065055 0.066824 0.839230 0.389413 0.823703 0.404088 0.818396 0.400681 0.815841 0.393606 0.802869 0.399109 0.803459 0.411688 0.805425 0.412212 0.807390 0.422694 0.810535 0.428197 0.818986 0.435273 0.825472 0.438679 0.834709 0.447589 0.840212 0.448637 0.852791 0.446541 0.852594 0.441824 0.855936 0.440776 0.859866 0.427149 0.859866 0.420335 0.867925 0.408281 0.867531 0.381813 0.861832 0.383386 0.862618 0.393344 0.856722 0.396226
0 0.908805 0.468291 0.067610 0.088050 0.875000 0.458857 0.924528 0.424266 0.925904 0.426625 0.930818 0.425839 0.935535 0.430294 0.935928 0.433962 0.942217 0.442086 0.942610 0.463312 0.939269 0.470912 0.939269 0.476153 0.932586 0.486373 0.931604 0.495283 0.929442 0.504193 0.922759 0.511268 0.912146 0.512317 0.906447 0.507600 0.886203 0.482966 0.875786 0.474581
0 0.031234 0.573187 0.061819 0.067281 0.000325 0.539547 0.007626 0.541926 0.005192 0.547551 0.002758 0.553609 0.002272 0.559017 0.005841 0.565291 0.027096 0.567021 0.030666 0.558801 0.038292 0.565940 0.049974 0.571781 0.055491 0.567021 0.056789 0.563127 0.057113 0.557719 0.062143 0.559450 0.060358 0.568752 0.047216 0.586492 0.043808 0.587790 0.024176 0.606179 0.014765 0.606828 0.009248 0.602068 0.004219 0.593198 0.000487 0.583463
0 0.732031 0.453542 0.051250 0.075833 0.706406 0.440417 0.711719 0.434792 0.727500 0.435833 0.746875 0.415625 0.750312 0.416875 0.755156 0.426250 0.757656 0.438542 0.756719 0.450208 0.754844 0.471667 0.750469 0.482500 0.741250 0.485833 0.735000 0.491458 0.728125 0.491042 0.721094 0.483958 0.709219 0.464792 0.706875 0.457917
0 0.900469 0.336458 0.065937 0.085833 0.868437 0.336667 0.874062 0.341250 0.885313 0.353125 0.887500 0.339167 0.885781 0.327917 0.889531 0.322083 0.900313 0.314792 0.905312 0.306250 0.920156 0.293542 0.926094 0.298542 0.933437 0.322083 0.928281 0.344583 0.926875 0.355417 0.926562 0.367500 0.921562 0.378958 0.912813 0.379375 0.901563 0.371875 0.892344 0.364792 0.880156 0.361458 0.870625 0.353125 0.867500 0.346042