0 0.188851 0.362939 0.092223 0.091635 0.165061 0.324170 0.154488 0.337484 0.150376 0.344533 0.144502 0.357848 0.142740 0.371162 0.146264 0.388393 0.153900 0.399358 0.162124 0.406407 0.177984 0.407973 0.187970 0.408756 0.196194 0.404840 0.203242 0.400141 0.212641 0.399358 0.222039 0.396225 0.231438 0.389959 0.233200 0.382127 0.234962 0.373512 0.229676 0.360197 0.222039 0.350016 0.214403 0.339834 0.205592 0.328869 0.197368 0.321037 0.191494 0.317121 0.179159 0.317121 0.170935 0.317121
0 0.150376 0.500392 0.091635 0.112782 0.125117 0.444001 0.112782 0.453399 0.108083 0.463581 0.104558 0.472196 0.106908 0.487860 0.113369 0.502741 0.121593 0.512140 0.126292 0.518405 0.132166 0.527021 0.139803 0.537202 0.144502 0.543468 0.150963 0.550517 0.158600 0.556783 0.168586 0.552867 0.175634 0.534070 0.180921 0.522321 0.186795 0.509790 0.193844 0.494126 0.196194 0.476112 0.196194 0.461231 0.189732 0.454182 0.183271 0.448700 0.179746 0.447133 0.166823 0.455749 0.158600 0.464364 0.152726 0.469063 0.146852 0.464364 0.143914 0.449483 0.141565 0.444784 0.136278 0.444001
0 0.096041 0.638236 0.083999 0.083020 0.061678 0.596726 0.055804 0.606125 0.054041 0.617090 0.057566 0.631187 0.061678 0.642152 0.063440 0.650768 0.069314 0.667215 0.072251 0.674264 0.079300 0.678180 0.089873 0.679746 0.101621 0.675047 0.115719 0.666432 0.132166 0.656250 0.136278 0.651551 0.138040 0.645285 0.128055 0.641369 0.119831 0.633537 0.109845 0.630404 0.102209 0.635103 0.095747 0.640586 0.086936 0.642152 0.080475 0.641369 0.077538 0.637453 0.078125 0.624922 0.081649 0.616306 0.085174 0.607691 0.082237 0.604558 0.072251 0.602209
0 0.352150 0.459665 0.075775 0.097118 0.331884 0.411106 0.320724 0.426770 0.315437 0.440085 0.314262 0.454966 0.314262 0.467497 0.323073 0.481595 0.328947 0.495692 0.334234 0.503524 0.344807 0.508224 0.358905 0.504308 0.367716 0.493343 0.378877 0.488643 0.387688 0.478462 0.390038 0.469063 0.374178 0.463581 0.367129 0.455749 0.363017 0.451833 0.359492 0.444001 0.355968 0.439301 0.353031 0.436169 0.347744 0.429120 0.344220 0.421288 0.337171 0.415022
0 0.368010 0.552475 0.079300 0.101034 0.369478 0.501958 0.355968 0.507440 0.345982 0.519972 0.340695 0.531720 0.339521 0.548951 0.335996 0.558349 0.331884 0.570097 0.328360 0.585761 0.331884 0.598293 0.340695 0.602992 0.351856 0.602992 0.367716 0.600642 0.377702 0.598293 0.387688 0.595943 0.401198 0.589677 0.407660 0.574796 0.402373 0.548951 0.397674 0.537986 0.391800 0.526237 0.385926 0.515273 0.380639 0.506657
0 0.479323 0.539552 0.076363 0.106516 0.467575 0.488643 0.450540 0.497259 0.442317 0.512923 0.441142 0.525454 0.446429 0.546601 0.452890 0.560699 0.471687 0.584978 0.477561 0.591244 0.485197 0.592810 0.491071 0.592810 0.499883 0.585761 0.506931 0.559915 0.513393 0.540335 0.517505 0.527021 0.516917 0.511357 0.509281 0.500392 0.496358 0.491776 0.489309 0.487860 0.480498 0.486294
0 0.599154 0.555999 0.085761 0.097118 0.556861 0.513706 0.556273 0.523888 0.560973 0.545034 0.570371 0.558349 0.582119 0.572447 0.587993 0.580279 0.596217 0.588894 0.608553 0.599859 0.619126 0.604558 0.626175 0.601425 0.629112 0.581062 0.629699 0.563831 0.633224 0.554433 0.636161 0.539552 0.640860 0.514489 0.642035 0.508224 0.628524 0.508224 0.622063 0.508224 0.612664 0.509007 0.600916 0.512140 0.593280 0.511357 0.587406 0.507440 0.578008 0.507440 0.568609 0.510573
0 0.612077 0.630796 0.076363 0.093202 0.573896 0.627271 0.575070 0.634320 0.583294 0.649984 0.589168 0.658600 0.600329 0.666432 0.607965 0.674264 0.617951 0.677397 0.621476 0.677397 0.628524 0.675830 0.633224 0.670348 0.648496 0.660949 0.650258 0.642935 0.650258 0.618656 0.648496 0.608474 0.646147 0.592027 0.634398 0.584195 0.634398 0.593593 0.628524 0.599076 0.622063 0.603775 0.615014 0.612390 0.609140 0.617873 0.605028 0.621789 0.600329 0.629621 0.593867 0.630404 0.587406 0.615523 0.583294 0.615523
0 0.657895 0.468280 0.071664 0.106516 0.644972 0.415022 0.633224 0.416588 0.623825 0.424420 0.622063 0.442434 0.623825 0.460448 0.626762 0.479245 0.628524 0.488643 0.637336 0.493343 0.646147 0.497259 0.648496 0.502741 0.646147 0.508224 0.642622 0.512140 0.644384 0.521538 0.654370 0.518405 0.666706 0.502741 0.670818 0.499608 0.679041 0.491776 0.689615 0.482378 0.692552 0.474546 0.693727 0.465147 0.687852 0.461231 0.681978 0.454182 0.679041 0.447133 0.675517 0.441651 0.667881 0.434602 0.659070 0.426770 0.651433 0.418938
0 0.715167 0.529762 0.073426 0.096335 0.710761 0.482378 0.701363 0.481595 0.691964 0.486294 0.686090 0.496476 0.683741 0.512140 0.681391 0.530154 0.680216 0.543468 0.678454 0.556783 0.680216 0.565398 0.683741 0.572447 0.696664 0.577929 0.705475 0.575580 0.711936 0.570097 0.723097 0.564615 0.736020 0.556783 0.743069 0.552083 0.748943 0.541902 0.751880 0.528587 0.747768 0.512140 0.743069 0.505091 0.734258 0.494909 0.727209 0.488643
0 0.788299 0.534853 0.059915 0.089286 0.766565 0.494126 0.760103 0.498042 0.758341 0.505874 0.763040 0.515273 0.769502 0.524671 0.768327 0.531720 0.761278 0.534070 0.761866 0.545034 0.767740 0.553650 0.776551 0.560699 0.785949 0.566964 0.794760 0.576363 0.801809 0.579496 0.805921 0.576363 0.811208 0.566181 0.810620 0.555999 0.810620 0.547384 0.811795 0.538769 0.814732 0.527804 0.818257 0.516056 0.818257 0.505091 0.813557 0.496476 0.808858 0.491776 0.805334 0.490210 0.797697 0.494126 0.786537 0.494126 0.775376 0.490210
0 0.849095 0.588111 0.074601 0.092419 0.836466 0.573230 0.825305 0.581062 0.813557 0.588111 0.811795 0.601425 0.819431 0.609258 0.822956 0.612390 0.835879 0.616306 0.847039 0.618656 0.857025 0.627271 0.868186 0.631971 0.874648 0.634320 0.883459 0.628055 0.885808 0.617090 0.886396 0.603775 0.885808 0.594377 0.885808 0.570097 0.882871 0.563048 0.875822 0.554433 0.869948 0.541902 0.869361 0.547384 0.864662 0.554433 0.852914 0.558349 0.844690 0.561482
0 0.797697 0.677788 0.072838 0.077538 0.764803 0.649201 0.761866 0.657816 0.761278 0.665648 0.768914 0.677397 0.777726 0.686012 0.791823 0.700110 0.799460 0.708725 0.810620 0.716557 0.827068 0.716557 0.828830 0.707159 0.834117 0.687578 0.833529 0.672697 0.831180 0.657033 0.828830 0.647635 0.827068 0.639019 0.822956 0.642152 0.817669 0.653900 0.810620 0.657816 0.797110 0.648418 0.792998 0.644502 0.783600 0.642935 0.778313 0.644502 0.773614 0.649201
0 0.859962 0.442434 0.088111 0.100251 0.842928 0.404057 0.828242 0.415022 0.821781 0.429120 0.818257 0.439301 0.815907 0.451833 0.820606 0.465930 0.828242 0.476112 0.842928 0.486294 0.856438 0.490210 0.865249 0.490993 0.876997 0.492560 0.884633 0.492560 0.897556 0.489427 0.904018 0.477679 0.904018 0.468280 0.904018 0.452616 0.904018 0.438518 0.899319 0.427553 0.893445 0.416588 0.883459 0.404840 0.876410 0.397791 0.864074 0.392309 0.857025 0.392309
0 0.916941 0.498434 0.075188 0.090069 0.909892 0.453399 0.909305 0.459665 0.908717 0.471413 0.903430 0.485511 0.891682 0.492560 0.882871 0.498042 0.879347 0.516839 0.879347 0.530937 0.887570 0.535636 0.895207 0.535636 0.898731 0.541902 0.905780 0.543468 0.917528 0.542685 0.926927 0.532503 0.935150 0.526237 0.942787 0.518405 0.952773 0.509007 0.954535 0.503524 0.952773 0.490993 0.946311 0.486294 0.939850 0.486294 0.933976 0.480028 0.931039 0.471413 0.927514 0.466714 0.922227 0.461231 0.916353 0.456532