0 0.362969 0.383646 0.068750 0.078125 0.343125 0.354583 0.330469 0.375208 0.328750 0.380417 0.328594 0.401458 0.335938 0.409583 0.336406 0.415625 0.348594 0.422292 0.361719 0.422708 0.369375 0.417083 0.387031 0.415833 0.393594 0.413333 0.396875 0.409583 0.397344 0.401250 0.396875 0.393750 0.393750 0.388125 0.372969 0.350625 0.364531 0.344583 0.354063 0.345417
0 0.331484 0.486146 0.066094 0.096042 0.326875 0.438125 0.329688 0.444167 0.331719 0.459167 0.337344 0.462917 0.347969 0.455417 0.348438 0.449375 0.351094 0.447292 0.360312 0.454583 0.364531 0.473542 0.350781 0.507708 0.344844 0.522917 0.337031 0.532708 0.332813 0.534167 0.330156 0.531875 0.324375 0.525625 0.313125 0.506458 0.308281 0.501667 0.301250 0.487292 0.298438 0.473750 0.299844 0.462083 0.302187 0.455000 0.307500 0.447500 0.314531 0.438958
0 0.280938 0.594583 0.058750 0.076667 0.277813 0.567083 0.272344 0.576250 0.273750 0.593542 0.279219 0.595625 0.290156 0.592292 0.294375 0.586250 0.310312 0.602083 0.305625 0.610833 0.300000 0.616250 0.294063 0.616250 0.290625 0.622292 0.276562 0.632500 0.268437 0.632917 0.262500 0.626875 0.260625 0.621875 0.251563 0.569375 0.261094 0.556250
0 0.487734 0.466667 0.061406 0.084167 0.470469 0.426875 0.473906 0.424583 0.480938 0.425833 0.492812 0.440208 0.499844 0.455208 0.518437 0.471250 0.516406 0.482917 0.509531 0.490625 0.503125 0.489167 0.505781 0.496458 0.495000 0.496667 0.483437 0.507292 0.471406 0.508750 0.464844 0.500417 0.464062 0.492083 0.457813 0.480833 0.457031 0.466250 0.458750 0.458333 0.463438 0.442708
0 0.495703 0.542708 0.066094 0.092500 0.495000 0.496458 0.482344 0.509583 0.477187 0.517708 0.471562 0.535625 0.465781 0.557500 0.462656 0.567917 0.462656 0.579583 0.467812 0.585833 0.478125 0.588958 0.515625 0.586667 0.527969 0.575000 0.528750 0.560833 0.528438 0.553333 0.525938 0.546875 0.525000 0.530417 0.519688 0.517708 0.513281 0.508958 0.505938 0.498542
0 0.592891 0.538646 0.064219 0.096458 0.583594 0.490833 0.593125 0.490417 0.602812 0.493958 0.614844 0.499375 0.621406 0.511042 0.625000 0.518542 0.624688 0.544792 0.620469 0.552083 0.616250 0.560625 0.609219 0.577917 0.604688 0.583958 0.601406 0.586875 0.592031 0.585625 0.587812 0.579583 0.583281 0.574375 0.570156 0.563125 0.564219 0.553333 0.561719 0.545208 0.560781 0.533542 0.561719 0.520417 0.565937 0.509167 0.572031 0.499375 0.577187 0.495208
0 0.700156 0.551354 0.076250 0.100208 0.663281 0.516458 0.670312 0.508750 0.691094 0.501250 0.704063 0.507708 0.714375 0.505417 0.727031 0.506458 0.734375 0.512292 0.737500 0.522708 0.738281 0.530208 0.734375 0.540833 0.729219 0.555417 0.727344 0.568542 0.726406 0.585625 0.720313 0.594375 0.715469 0.601458 0.709063 0.601458 0.703906 0.599167 0.698594 0.590833 0.685625 0.572917 0.674687 0.561250 0.665469 0.550000 0.662031 0.542083 0.662031 0.520833
0 0.709063 0.629792 0.072500 0.090833 0.672813 0.618125 0.686094 0.605833 0.687031 0.613750 0.695000 0.618542 0.700156 0.617708 0.703906 0.607708 0.709063 0.602083 0.716094 0.601458 0.723437 0.590417 0.726875 0.591875 0.732187 0.584375 0.743437 0.601042 0.745313 0.616250 0.745156 0.642708 0.740469 0.659583 0.731563 0.666250 0.725469 0.666250 0.722187 0.670625 0.715313 0.675208 0.705625 0.675208 0.696875 0.665833 0.687969 0.655417 0.680312 0.642500 0.674375 0.630208
0 0.754063 0.486250 0.067500 0.100417 0.727344 0.443542 0.732969 0.438958 0.736563 0.436042 0.743437 0.436875 0.752969 0.441458 0.772344 0.458333 0.775781 0.471042 0.785000 0.477708 0.787813 0.486042 0.785781 0.496458 0.780000 0.503542 0.771406 0.510208 0.749844 0.528333 0.747812 0.532708 0.736563 0.536458 0.738594 0.531042 0.737500 0.521875 0.734375 0.511458 0.727031 0.505417 0.737187 0.507292 0.740938 0.505417 0.736875 0.500833 0.731563 0.497917 0.725313 0.497292 0.722187 0.489583 0.720313 0.466042 0.721719 0.455833
0 0.806797 0.543646 0.076094 0.093125 0.789219 0.502083 0.779062 0.511875 0.774844 0.520833 0.768750 0.571875 0.771875 0.583958 0.778594 0.590208 0.793438 0.589375 0.799063 0.583333 0.813750 0.583750 0.828906 0.577083 0.839219 0.566875 0.844844 0.550000 0.844063 0.540208 0.839844 0.537083 0.839063 0.527917 0.835625 0.519583 0.824687 0.510417 0.815938 0.503542 0.799063 0.497083
0 0.878516 0.556562 0.067656 0.094792 0.844844 0.528958 0.853906 0.515833 0.868750 0.510208 0.883750 0.516042 0.892344 0.509167 0.904219 0.516667 0.911562 0.530625 0.912344 0.547500 0.908438 0.559167 0.902500 0.576458 0.903750 0.588750 0.902500 0.597708 0.896094 0.603958 0.889531 0.603958 0.875781 0.590208 0.862031 0.574792 0.847656 0.557500 0.846562 0.550000 0.860625 0.558333 0.850313 0.541875 0.862969 0.553542 0.853281 0.538958 0.844688 0.531875
0 0.892578 0.701458 0.077656 0.090000 0.860313 0.665833 0.884062 0.657292 0.906406 0.672708 0.913125 0.670000 0.913125 0.661667 0.911094 0.657292 0.918750 0.656458 0.925000 0.659167 0.930000 0.665208 0.931406 0.679792 0.929375 0.692917 0.930000 0.730833 0.923438 0.743542 0.916719 0.746458 0.912813 0.745417 0.894219 0.729167 0.871250 0.712917 0.864687 0.701875 0.858437 0.696667 0.857500 0.687292 0.853750 0.684583
0 0.943281 0.613437 0.080938 0.095625 0.903750 0.600833 0.913281 0.599792 0.928906 0.583542 0.959062 0.569792 0.959375 0.565625 0.965000 0.568333 0.972344 0.578125 0.977344 0.589792 0.980469 0.600625 0.982344 0.615625 0.980156 0.618542 0.980781 0.626875 0.983437 0.636875 0.983750 0.646667 0.979844 0.657917 0.971406 0.661250 0.964687 0.658958 0.955625 0.653750 0.935937 0.643542 0.929219 0.642917 0.922188 0.639792 0.913125 0.631667 0.903438 0.619375 0.902812 0.610625
0 0.950469 0.469896 0.095937 0.100208 0.921875 0.441667 0.934062 0.426458 0.947344 0.419792 0.954844 0.420208 0.966094 0.424375 0.978438 0.431667 0.983594 0.442708 0.990938 0.463333 0.998437 0.490733 0.998437 0.505417 0.993906 0.513542 0.986250 0.518542 0.970000 0.520000 0.966094 0.517292 0.939844 0.516458 0.935469 0.513542 0.928125 0.512917 0.918594 0.509167 0.909844 0.501667 0.907813 0.496667 0.904531 0.491667 0.902500 0.480833 0.903750 0.473750 0.907656 0.464792