0 0.369825 0.631207 0.062740 0.076460 0.345448 0.592977 0.338455 0.619086 0.350843 0.658514 0.360234 0.669437 0.373621 0.668372 0.386609 0.656916 0.395001 0.655850 0.401195 0.647059 0.392403 0.638800 0.379616 0.656383 0.375220 0.656916 0.369425 0.640132 0.370624 0.626012 0.349445 0.617487 0.356238 0.603900 0.351443 0.598572 0.345648 0.605765
0 0.409287 0.521313 0.073330 0.096974 0.373821 0.486946 0.372622 0.513321 0.387408 0.539162 0.399197 0.550618 0.418978 0.569800 0.430367 0.566336 0.435762 0.551417 0.439158 0.526908 0.445952 0.501865 0.445752 0.483483 0.433364 0.474957 0.432165 0.492807 0.420576 0.509324 0.411984 0.490409 0.410586 0.472826 0.391005 0.476822
0 0.434363 0.389839 0.081122 0.096707 0.393802 0.414216 0.399197 0.421942 0.407589 0.433131 0.420177 0.438193 0.443954 0.428069 0.460538 0.421142 0.471328 0.416081 0.474924 0.399563 0.469529 0.386509 0.439358 0.348146 0.427370 0.341486 0.413983 0.344949 0.406789 0.372389 0.399197 0.386509
0 0.587116 0.473492 0.073729 0.086584 0.564438 0.430200 0.550252 0.468830 0.551650 0.486946 0.559843 0.497336 0.562240 0.510923 0.579024 0.516784 0.600603 0.511189 0.618386 0.498135 0.623981 0.486147 0.619186 0.479220 0.616788 0.486679 0.604400 0.470428 0.603800 0.455776 0.600404 0.465899 0.596208 0.443787
0 0.605798 0.557412 0.074329 0.095642 0.593810 0.512788 0.578625 0.529838 0.573030 0.558877 0.568634 0.579390 0.569833 0.598838 0.579024 0.605232 0.612792 0.603634 0.631374 0.594842 0.640365 0.584186 0.642963 0.574062 0.629376 0.531703 0.604999 0.509591
0 0.710198 0.550884 0.074129 0.109761 0.678129 0.510656 0.673134 0.532502 0.673733 0.551151 0.681925 0.564471 0.697510 0.581522 0.708300 0.591645 0.713895 0.599904 0.726283 0.605765 0.735074 0.592977 0.737672 0.573263 0.747263 0.539962 0.746663 0.517050 0.735474 0.502398 0.717691 0.496004 0.699508 0.496537 0.686321 0.501598
0 0.833879 0.628676 0.082920 0.071398 0.792419 0.610827 0.794417 0.626545 0.811401 0.648391 0.827985 0.664376 0.844569 0.663843 0.856957 0.656383 0.870145 0.643862 0.874341 0.628676 0.875340 0.598838 0.869745 0.592977 0.861153 0.616688 0.843770 0.619618 0.836577 0.638534 0.826986 0.638534 0.815997 0.622549 0.800412 0.631873 0.798813 0.609495
0 0.838475 0.575527 0.090913 0.088715 0.793019 0.550352 0.799213 0.566336 0.813000 0.586051 0.828585 0.599638 0.841372 0.615622 0.844170 0.619885 0.862752 0.616688 0.870744 0.593777 0.870944 0.581522 0.881134 0.564205 0.883931 0.543425 0.874341 0.542093 0.872942 0.549552 0.855359 0.548220 0.841372 0.537298 0.821791 0.550085 0.814998 0.544491 0.811801 0.531170
0 0.889826 0.466432 0.082521 0.096441 0.864950 0.418212 0.853960 0.429934 0.848565 0.448316 0.852761 0.479753 0.852562 0.505595 0.872143 0.514653 0.884531 0.514120 0.896120 0.502931 0.906310 0.503197 0.931086 0.486946 0.930487 0.477888 0.918498 0.466166 0.918498 0.451780 0.897319 0.432332
0 0.941976 0.526375 0.082521 0.095908 0.901714 0.565271 0.906909 0.574329 0.917100 0.572997 0.929088 0.572197 0.932085 0.567402 0.948270 0.566070 0.963055 0.560209 0.975843 0.550884 0.982637 0.535699 0.983236 0.518116 0.981438 0.507193 0.951067 0.482417 0.940477 0.478421 0.932685 0.481085 0.930087 0.487745 0.905111 0.504529 0.900715 0.516784 0.901315 0.536232
0 0.981438 0.647725 0.033967 0.049286 0.964454 0.631341 0.966252 0.641464 0.973845 0.651854 0.998422 0.672368 0.998422 0.629742 0.985434 0.637734 0.978641 0.632673 0.985634 0.625213 0.982437 0.623082 0.972846 0.631074