0 0.134660 0.299879 0.096603 0.098548 0.113589 0.252334 0.103216 0.261843 0.098029 0.273081 0.093491 0.279132 0.090897 0.292963 0.086359 0.305066 0.090249 0.312846 0.096084 0.323219 0.102567 0.331864 0.114238 0.342237 0.122666 0.348288 0.131743 0.349153 0.141468 0.346559 0.151193 0.344831 0.169346 0.334457 0.176478 0.330999 0.182962 0.327541 0.182962 0.316304 0.176478 0.302472 0.171940 0.292963 0.167401 0.283454 0.158325 0.271352 0.151193 0.260114 0.137578 0.253198 0.120073 0.250605
0 0.083441 0.404046 0.090119 0.120159 0.079227 0.345695 0.072095 0.343966 0.060425 0.347424 0.053294 0.350882 0.045513 0.366442 0.038382 0.385460 0.038382 0.394969 0.049404 0.421767 0.057832 0.432140 0.066909 0.444243 0.077282 0.458074 0.083117 0.463261 0.089601 0.464125 0.096084 0.458938 0.107754 0.445107 0.115534 0.433869 0.122018 0.423496 0.128501 0.406207 0.128501 0.379409 0.123963 0.372493 0.114886 0.362120 0.109051 0.360391 0.099974 0.362120 0.094787 0.364713 0.087007 0.362984
0 0.300311 0.381138 0.079098 0.103734 0.296421 0.329270 0.285399 0.329270 0.267246 0.346559 0.264004 0.352611 0.260762 0.375086 0.262707 0.402749 0.275026 0.422631 0.280213 0.430411 0.283454 0.433005 0.289938 0.419174 0.294476 0.416580 0.301608 0.413987 0.304850 0.403613 0.323003 0.401020 0.322355 0.382002 0.329487 0.394104 0.334025 0.401020 0.339860 0.392376 0.339860 0.383731 0.337267 0.375086 0.334025 0.371629 0.324948 0.364713 0.317168 0.352611 0.311333 0.344831 0.305498 0.337915
0 0.311009 0.468447 0.082339 0.105463 0.320410 0.418309 0.310685 0.415716 0.299015 0.419174 0.294476 0.426954 0.285399 0.451158 0.275674 0.476228 0.273081 0.486601 0.269839 0.504754 0.274378 0.515128 0.289289 0.521179 0.308091 0.521179 0.325596 0.519450 0.341157 0.513399 0.346992 0.508212 0.352178 0.495246 0.352178 0.484008 0.348937 0.464990 0.346992 0.448565 0.343102 0.439056 0.336618 0.429547 0.329487 0.420038
0 0.431276 0.440785 0.071317 0.102006 0.435166 0.389782 0.428683 0.391511 0.415067 0.395833 0.409232 0.401885 0.402101 0.410529 0.397562 0.420902 0.396266 0.439920 0.395617 0.458074 0.396914 0.466719 0.406639 0.479685 0.421551 0.491788 0.435166 0.490923 0.454616 0.476228 0.460451 0.458938 0.466286 0.447701 0.466935 0.431276 0.466935 0.415716 0.465638 0.407071 0.455265 0.398427 0.446836 0.393240
0 0.553812 0.414419 0.080394 0.116701 0.539549 0.357797 0.524637 0.368171 0.516209 0.380273 0.513615 0.397562 0.514912 0.422631 0.525285 0.442514 0.537604 0.450294 0.545384 0.457210 0.553164 0.463261 0.563537 0.467583 0.570021 0.471041 0.579098 0.472770 0.583636 0.464125 0.586878 0.454616 0.588823 0.441649 0.592064 0.423496 0.594009 0.407071 0.594009 0.385460 0.591416 0.375951 0.584284 0.362984 0.575856 0.360391 0.566779 0.357797 0.557702 0.356068 0.549274 0.356068
0 0.610542 0.371629 0.071966 0.108921 0.574559 0.348288 0.579746 0.331864 0.584284 0.324084 0.591416 0.320626 0.605031 0.317168 0.616701 0.324948 0.627075 0.330135 0.639393 0.339644 0.645228 0.356933 0.646525 0.369035 0.645877 0.377680 0.636800 0.393240 0.627075 0.405342 0.621240 0.411393 0.612163 0.420038 0.602438 0.424360 0.597899 0.426089 0.594658 0.420902 0.599196 0.402749 0.595954 0.387189 0.590768 0.371629 0.586878 0.364713 0.579098 0.356068
0 0.573911 0.526798 0.085581 0.120159 0.566131 0.483143 0.562241 0.491788 0.557054 0.496110 0.546680 0.498703 0.538252 0.504754 0.533714 0.508212 0.531120 0.532417 0.536307 0.541062 0.542790 0.554028 0.557702 0.572182 0.567427 0.580826 0.577801 0.586878 0.590768 0.585149 0.608273 0.565266 0.613460 0.556622 0.616701 0.543655 0.616053 0.528959 0.614108 0.510806 0.610218 0.499568 0.606328 0.484872 0.600493 0.470176 0.597251 0.466719 0.588174 0.468447 0.579746 0.473634
0 0.673755 0.427818 0.072614 0.100277 0.667920 0.377680 0.654305 0.380273 0.643932 0.391511 0.638096 0.419174 0.638096 0.437327 0.638096 0.450294 0.637448 0.464125 0.643283 0.475363 0.651063 0.477956 0.669217 0.470176 0.679590 0.466719 0.690612 0.461532 0.704876 0.452023 0.710062 0.438192 0.708766 0.423496 0.705524 0.410529 0.698392 0.397562 0.695150 0.391511 0.688019 0.383731 0.674404 0.382002
0 0.745721 0.430411 0.058351 0.102006 0.739886 0.379409 0.735996 0.382867 0.722381 0.386324 0.718491 0.393240 0.719139 0.399291 0.728864 0.407936 0.730809 0.413987 0.726919 0.416580 0.716546 0.414851 0.716546 0.445972 0.717842 0.456345 0.719139 0.460667 0.728864 0.465854 0.738589 0.469312 0.747018 0.473634 0.756094 0.479685 0.765820 0.481414 0.770358 0.477956 0.772951 0.466719 0.774896 0.457210 0.774248 0.445972 0.772951 0.429547 0.772951 0.418309 0.771006 0.406207 0.769710 0.395833 0.763226 0.390647 0.758688 0.387189 0.750908 0.382867
0 0.803747 0.333160 0.090119 0.106328 0.788511 0.281725 0.778786 0.290370 0.769061 0.302472 0.763874 0.316304 0.761929 0.320626 0.761281 0.333593 0.759984 0.346559 0.758688 0.361255 0.769061 0.375086 0.778138 0.385460 0.789808 0.386324 0.805368 0.384595 0.815093 0.380273 0.830654 0.375951 0.837785 0.374222 0.847510 0.361255 0.848159 0.351746 0.848807 0.331864 0.841675 0.314575 0.830654 0.293828 0.821577 0.287777 0.807313 0.280861 0.795643 0.279997
0 0.868581 0.423496 0.069372 0.093361 0.872147 0.379409 0.858532 0.376815 0.848159 0.382002 0.842324 0.389782 0.836489 0.398427 0.833895 0.419174 0.837137 0.441649 0.841675 0.448565 0.845565 0.456345 0.851400 0.464125 0.863071 0.470176 0.874092 0.465854 0.881872 0.459803 0.892246 0.445107 0.899378 0.433869 0.902619 0.419174 0.903268 0.408800 0.900026 0.402749 0.894191 0.395833 0.888356 0.387189 0.883817 0.383731
0 0.818983 0.483575 0.079098 0.095954 0.817687 0.435598 0.811852 0.445107 0.807962 0.451158 0.800182 0.458074 0.792401 0.467583 0.786566 0.473634 0.779435 0.491788 0.780083 0.509077 0.784621 0.513399 0.792401 0.517721 0.804720 0.522908 0.822225 0.526366 0.835840 0.530688 0.845565 0.531553 0.855290 0.527230 0.857884 0.515992 0.858532 0.502161 0.854642 0.484872 0.852697 0.468447 0.846214 0.454616 0.839730 0.445972 0.833895 0.440785 0.824818 0.435598
0 0.778138 0.597683 0.081691 0.101141 0.793050 0.547977 0.786566 0.554028 0.774248 0.554028 0.753501 0.551435 0.749611 0.558351 0.742479 0.566131 0.739238 0.573046 0.737293 0.596387 0.748314 0.612811 0.755446 0.619727 0.770358 0.627507 0.790456 0.637880 0.798237 0.643932 0.809258 0.648254 0.816390 0.640474 0.818335 0.627507 0.818983 0.614540 0.818335 0.593793 0.816390 0.579098 0.814445 0.566131 0.810555 0.553164 0.803423 0.547113
0 0.940871 0.444675 0.063537 0.094225 0.914938 0.416580 0.912993 0.425225 0.910399 0.439920 0.909103 0.455481 0.920124 0.476228 0.926608 0.483143 0.931795 0.490059 0.939575 0.491788 0.954487 0.488330 0.966157 0.476228 0.969398 0.458938 0.971343 0.443378 0.972640 0.427818 0.968750 0.405342 0.959673 0.397562 0.949948 0.403613 0.942168 0.408800 0.933091 0.412258 0.922070 0.413122
0 0.959997 0.589039 0.073262 0.099412 0.955783 0.539333 0.941520 0.539333 0.935685 0.543655 0.926608 0.556622 0.923366 0.585149 0.926608 0.600709 0.931795 0.613676 0.941520 0.627507 0.951245 0.638745 0.969398 0.637016 0.983013 0.631829 0.991442 0.624049 0.995980 0.600709 0.996629 0.584284 0.995980 0.569589 0.996629 0.555757 0.995980 0.543655 0.992739 0.541062 0.978475 0.542790 0.973937 0.545384 0.962915 0.540197