0 0.341502 0.592426 0.066322 0.075939 0.315085 0.554456 0.308341 0.577438 0.322205 0.620903 0.333071 0.629896 0.344312 0.630396 0.351057 0.623401 0.370541 0.618405 0.374663 0.608413 0.364171 0.597422 0.357052 0.615907 0.345061 0.618905 0.339816 0.602418 0.340190 0.586431 0.318458 0.576439 0.327825 0.560951 0.320706 0.556455
0 0.383094 0.473771 0.081310 0.107414 0.342439 0.438050 0.344312 0.462530 0.350682 0.482014 0.372789 0.503497 0.390400 0.525480 0.402016 0.527478 0.411009 0.512990 0.415130 0.481515 0.423749 0.455536 0.420751 0.432554 0.406138 0.420564 0.406138 0.441547 0.397145 0.460532 0.386653 0.448541 0.382906 0.420064 0.361923 0.425060
0 0.410259 0.329386 0.086930 0.110412 0.384780 0.283673 0.400142 0.274181 0.417753 0.285172 0.430493 0.302658 0.449228 0.329636 0.453725 0.347122 0.445856 0.365108 0.425622 0.369604 0.393398 0.384592 0.378410 0.377098 0.366794 0.357114 0.372789 0.330136 0.381782 0.305655
0 0.575502 0.424061 0.077938 0.090927 0.552271 0.378597 0.539906 0.402078 0.536533 0.431055 0.545901 0.450040 0.553020 0.469025 0.581497 0.469524 0.599483 0.459532 0.614096 0.444045 0.614471 0.436051 0.610349 0.431555 0.605853 0.441047 0.592364 0.417566 0.584495 0.393086
0 0.593862 0.514239 0.079436 0.102418 0.593862 0.463030 0.573629 0.473521 0.563886 0.491507 0.559390 0.521483 0.554144 0.544464 0.560139 0.565448 0.598734 0.564948 0.621216 0.558453 0.633581 0.541966 0.631707 0.523481 0.614471 0.484013
0 0.705898 0.508243 0.082434 0.115408 0.680043 0.459033 0.664681 0.480016 0.666929 0.509992 0.679669 0.528977 0.698404 0.548461 0.710019 0.561950 0.723883 0.565947 0.732501 0.553957 0.732501 0.540967 0.740370 0.512990 0.747115 0.489009 0.739996 0.461531 0.716764 0.450540
0 0.899243 0.420564 0.086930 0.102918 0.875637 0.369105 0.862148 0.378098 0.857277 0.398581 0.855778 0.463529 0.883506 0.472022 0.904114 0.463030 0.912732 0.462530 0.933716 0.450040 0.942708 0.435052 0.931093 0.422062 0.929969 0.400580 0.907487 0.384592
0 0.844162 0.537720 0.097422 0.097422 0.795451 0.507494 0.802196 0.535971 0.823179 0.556455 0.843038 0.583933 0.864396 0.586431 0.871515 0.570444 0.887253 0.528977 0.892873 0.513989 0.892124 0.502998 0.882756 0.503497 0.881632 0.512990 0.863272 0.511491 0.848284 0.497002 0.827301 0.512990 0.815310 0.500500 0.817184 0.489009
0 0.833671 0.593175 0.085432 0.071443 0.790955 0.571443 0.797699 0.597922 0.820556 0.627398 0.847534 0.628897 0.870016 0.615907 0.876012 0.596922 0.876386 0.557454 0.864771 0.583933 0.845286 0.584432 0.839291 0.605416 0.827675 0.602918 0.816809 0.583433 0.800322 0.594924 0.799573 0.569444
0 0.982052 0.614159 0.032224 0.047462 0.965940 0.595923 0.971560 0.612910 0.998164 0.637890 0.998164 0.599420 0.991045 0.601419 0.985049 0.599420 0.983925 0.595424 0.989921 0.590428 0.985049 0.590428
0 0.948329 0.487260 0.095174 0.100420 0.900742 0.519484 0.910859 0.535472 0.929219 0.537470 0.937837 0.530975 0.958446 0.529976 0.981302 0.517986 0.992169 0.499001 0.995916 0.476519 0.993668 0.467526 0.973808 0.448042 0.957322 0.437050 0.949078 0.438050 0.940835 0.440048 0.908985 0.463030 0.904489 0.493006 0.910484 0.502998 0.902990 0.508993