0 0.435781 0.355313 0.069687 0.081458 0.428125 0.315208 0.438906 0.314583 0.444844 0.320833 0.470625 0.368958 0.470469 0.385833 0.464687 0.390625 0.451562 0.390000 0.436562 0.392917 0.430469 0.396042 0.415781 0.395208 0.408437 0.381667 0.404219 0.379583 0.400938 0.373542 0.401250 0.363958 0.404063 0.351458 0.412812 0.334167 0.421406 0.319583
0 0.405781 0.461250 0.067812 0.102500 0.392500 0.411875 0.411406 0.410000 0.419844 0.437083 0.422031 0.437083 0.432812 0.426250 0.432344 0.422708 0.439375 0.432083 0.439687 0.457292 0.429531 0.475625 0.428125 0.487083 0.423438 0.501250 0.418125 0.508958 0.412969 0.512500 0.405156 0.507708 0.398906 0.496250 0.391094 0.486458 0.379844 0.473333 0.375625 0.466458 0.373906 0.458333 0.372500 0.449792 0.371875 0.440000 0.375625 0.431875 0.381250 0.423958
0 0.356797 0.572292 0.062344 0.092917 0.356719 0.549583 0.355469 0.559583 0.358281 0.575208 0.369062 0.575625 0.374063 0.570417 0.373750 0.565833 0.382344 0.572708 0.387969 0.577708 0.387031 0.582917 0.382812 0.588125 0.381875 0.592708 0.349062 0.615000 0.340313 0.618750 0.337188 0.617708 0.330781 0.612083 0.328437 0.605208 0.327344 0.589583 0.327969 0.584583 0.325937 0.574583 0.325625 0.548333 0.333125 0.540833 0.332656 0.535833 0.341562 0.525833 0.347187 0.530833 0.339844 0.533333 0.349531 0.542083
0 0.569922 0.444479 0.065781 0.087708 0.552187 0.402500 0.538438 0.433333 0.537031 0.458542 0.544687 0.470208 0.547813 0.484375 0.553906 0.488333 0.564844 0.485417 0.572813 0.482708 0.579531 0.476042 0.577500 0.472292 0.582344 0.470833 0.589844 0.471875 0.597500 0.464375 0.602656 0.453542 0.602812 0.443750 0.597969 0.440833 0.578594 0.404792 0.569375 0.402917 0.557500 0.400625
0 0.583516 0.519792 0.071094 0.092917 0.579219 0.477083 0.572187 0.483750 0.563750 0.491458 0.559531 0.501458 0.555781 0.516875 0.552187 0.533333 0.547969 0.545625 0.548281 0.558958 0.554219 0.564792 0.559531 0.566250 0.601250 0.563958 0.612969 0.555417 0.616563 0.549167 0.618906 0.535208 0.619062 0.522083 0.615156 0.508125 0.611094 0.493542 0.603125 0.483333 0.594062 0.476250 0.588125 0.473958 0.584219 0.473333
0 0.679141 0.515417 0.066094 0.093333 0.658750 0.477917 0.649219 0.492708 0.646094 0.503750 0.646094 0.527083 0.649844 0.526875 0.655156 0.540833 0.681875 0.558333 0.685781 0.562083 0.695312 0.562083 0.701562 0.554583 0.704375 0.541875 0.706406 0.530208 0.711406 0.514583 0.712187 0.505208 0.710625 0.495208 0.707656 0.485625 0.703750 0.479583 0.700625 0.476667 0.690312 0.472500 0.680156 0.468750 0.673906 0.469583 0.666875 0.471875
0 0.793906 0.526146 0.076563 0.096042 0.755625 0.498333 0.755781 0.512708 0.761406 0.528750 0.768906 0.541875 0.780469 0.551250 0.798750 0.572500 0.805000 0.574167 0.812031 0.574167 0.820469 0.563125 0.820469 0.551875 0.823281 0.547083 0.823438 0.534583 0.829375 0.518958 0.831094 0.510208 0.832188 0.505000 0.831875 0.496042 0.831563 0.490417 0.828438 0.486250 0.822813 0.482083 0.810781 0.482500 0.796719 0.478125 0.782344 0.483333 0.771406 0.481458 0.768281 0.486042 0.760469 0.490833
0 0.793047 0.605000 0.073594 0.083333 0.756250 0.586458 0.762500 0.582708 0.762969 0.594375 0.765000 0.594375 0.779531 0.579375 0.779219 0.583958 0.784375 0.589167 0.788281 0.592292 0.797031 0.591458 0.799375 0.587292 0.798906 0.583125 0.805469 0.574167 0.812969 0.574167 0.820312 0.563333 0.828281 0.576458 0.829844 0.611042 0.827344 0.613125 0.826250 0.623333 0.819844 0.635208 0.809375 0.639167 0.803438 0.645417 0.795625 0.646667 0.788594 0.645833 0.782031 0.637500 0.773438 0.631458 0.772188 0.627083 0.768594 0.622500 0.758437 0.603333
0 0.831563 0.458437 0.069062 0.084792 0.803906 0.423125 0.813750 0.416667 0.823750 0.416042 0.837187 0.423542 0.851250 0.436042 0.860781 0.448333 0.866094 0.460208 0.864375 0.477917 0.852812 0.485417 0.842500 0.491875 0.832344 0.500833 0.832031 0.490625 0.828438 0.485833 0.823125 0.481667 0.832188 0.482292 0.841094 0.486042 0.843281 0.481667 0.834062 0.476667 0.819375 0.473333 0.800000 0.470000 0.797969 0.460625 0.797031 0.445625 0.798125 0.436667
0 0.880469 0.520625 0.070312 0.086250 0.864062 0.480417 0.852344 0.489583 0.847031 0.499792 0.845313 0.517292 0.845313 0.551875 0.850469 0.561042 0.857500 0.563750 0.868437 0.563750 0.874219 0.557708 0.888437 0.557292 0.902969 0.551667 0.911719 0.539792 0.915312 0.533125 0.915625 0.520625 0.912813 0.508333 0.910000 0.497917 0.902344 0.490625 0.891094 0.484167 0.882344 0.478542 0.873125 0.477500
0 0.945703 0.532500 0.061094 0.087917 0.923594 0.495625 0.932500 0.488542 0.948750 0.491667 0.960469 0.490833 0.966719 0.494583 0.972031 0.505833 0.976250 0.511458 0.976250 0.526042 0.970625 0.540417 0.971875 0.558333 0.966406 0.566458 0.965000 0.573333 0.959062 0.576458 0.950313 0.574792 0.945000 0.569167 0.934844 0.555208 0.929219 0.552708 0.921094 0.544792 0.915156 0.537292 0.915156 0.530833 0.918906 0.525208 0.921719 0.530625 0.924531 0.530833 0.924531 0.520833 0.925469 0.519375 0.938125 0.528333 0.941719 0.525208 0.922500 0.507708 0.926250 0.504375 0.928750 0.498333
0 0.949844 0.668333 0.076563 0.081250 0.915625 0.640833 0.911562 0.650833 0.916719 0.667917 0.970469 0.708750 0.977969 0.708958 0.983125 0.701875 0.985625 0.695833 0.985469 0.668125 0.988125 0.660833 0.987813 0.645625 0.983594 0.633333 0.979063 0.629583 0.976250 0.633958 0.976250 0.638333 0.972813 0.640417 0.968906 0.638958 0.963281 0.636667 0.957344 0.629167 0.947344 0.627708 0.939063 0.629583 0.937187 0.635208 0.932031 0.635208 0.923125 0.640208
0 0.979453 0.583958 0.037969 0.056250 0.960469 0.585417 0.971406 0.572083 0.983125 0.572292 0.993125 0.558542 0.998125 0.555833 0.998437 0.556083 0.998437 0.612083 0.988281 0.611667 0.974844 0.604583 0.964531 0.596458
0 0.982052 0.453743 0.032770 0.077482 0.965667 0.460776 0.998437 0.415002 0.998437 0.492484 0.992619 0.491545 0.983987 0.488256 0.972009 0.477687 0.966548 0.469231