0 0.125428 0.394787 0.098459 0.116058 0.093322 0.336758 0.085474 0.348174 0.081193 0.357686 0.076199 0.372907 0.076912 0.397641 0.083333 0.411910 0.094035 0.435693 0.101884 0.447108 0.116153 0.452816 0.130422 0.434741 0.133990 0.426180 0.149686 0.423326 0.159675 0.412861 0.168236 0.406202 0.173231 0.394787 0.174658 0.386225 0.162529 0.385274 0.149686 0.387177 0.142551 0.385274 0.133990 0.377664 0.128282 0.376712 0.118293 0.372907 0.111872 0.360540 0.106878 0.351979
0 0.144335 0.497527 0.103453 0.119863 0.136844 0.437595 0.124715 0.446157 0.116866 0.456621 0.113299 0.461377 0.108305 0.472793 0.101884 0.494673 0.096889 0.510845 0.094035 0.524163 0.092608 0.535578 0.101170 0.546994 0.109018 0.555556 0.119720 0.557458 0.133276 0.550799 0.157534 0.550799 0.176798 0.543189 0.192494 0.524163 0.196062 0.517504 0.190354 0.503234 0.183933 0.488965 0.176798 0.483257 0.171804 0.473744 0.163955 0.459475 0.158248 0.448059 0.152540 0.443303
0 0.274187 0.477074 0.092038 0.130327 0.250285 0.421423 0.237443 0.433790 0.231022 0.443303 0.228168 0.461377 0.231735 0.480403 0.241010 0.504186 0.248145 0.517504 0.257420 0.530822 0.262414 0.536530 0.272403 0.541286 0.280251 0.542237 0.305936 0.518455 0.314498 0.492770 0.315925 0.485160 0.320205 0.467085 0.318779 0.451865 0.311644 0.437595 0.303082 0.424277 0.289526 0.414764 0.274543 0.411910 0.265982 0.411910
0 0.397617 0.488965 0.092038 0.123668 0.358019 0.442352 0.353739 0.452816 0.351598 0.468988 0.356592 0.488965 0.368008 0.504186 0.375856 0.516553 0.390839 0.534627 0.399401 0.543189 0.407962 0.547945 0.411530 0.550799 0.418664 0.550799 0.428653 0.539384 0.432934 0.521309 0.439355 0.502283 0.442922 0.487062 0.443636 0.462329 0.443636 0.443303 0.437928 0.429033 0.419378 0.427131 0.402968 0.429033 0.391553 0.434741 0.379424 0.438546 0.364441 0.436644
0 0.425799 0.575533 0.087043 0.106545 0.382277 0.563166 0.388699 0.578387 0.397974 0.596461 0.412243 0.613584 0.420805 0.623097 0.430793 0.626903 0.441495 0.628805 0.448630 0.625951 0.454338 0.620244 0.460046 0.610731 0.463613 0.603120 0.467180 0.594559 0.469321 0.584094 0.467894 0.569825 0.462900 0.556507 0.458619 0.540335 0.446490 0.522260 0.441495 0.530822 0.432934 0.533676 0.428653 0.548896 0.415811 0.553653 0.405822 0.563166 0.398687 0.572679 0.392266 0.569825 0.389412 0.557458
0 0.477882 0.393836 0.077055 0.123668 0.458619 0.332002 0.445776 0.338661 0.440068 0.350076 0.439355 0.370053 0.443636 0.396689 0.445063 0.414764 0.446490 0.442352 0.457192 0.455670 0.472888 0.453767 0.482877 0.439498 0.496433 0.423326 0.507135 0.409056 0.516410 0.390982 0.516410 0.378615 0.501427 0.382420 0.491438 0.364346 0.484304 0.355784 0.473602 0.344368
0 0.544235 0.460902 0.078482 0.109399 0.533533 0.406202 0.514983 0.418569 0.509989 0.433790 0.509989 0.454718 0.504994 0.487062 0.505708 0.507040 0.523545 0.515601 0.545662 0.507991 0.557791 0.505137 0.574914 0.485160 0.583476 0.468988 0.582049 0.454718 0.571347 0.439498 0.564212 0.427131 0.549943 0.412861
0 0.624144 0.465658 0.071347 0.111301 0.604167 0.421423 0.588470 0.431887 0.592751 0.448059 0.597745 0.462329 0.595605 0.470890 0.594892 0.481355 0.605594 0.490868 0.620576 0.503234 0.630565 0.513699 0.639127 0.521309 0.651969 0.514650 0.651969 0.502283 0.651969 0.487062 0.652683 0.474696 0.656963 0.461377 0.659817 0.448059 0.657677 0.434741 0.651969 0.425228 0.644834 0.418569 0.634132 0.410008 0.626998 0.417618 0.612728 0.417618
0 0.694421 0.524639 0.073487 0.109399 0.675514 0.498478 0.664812 0.509893 0.657677 0.520358 0.657677 0.543189 0.669806 0.554604 0.681935 0.557458 0.694064 0.565068 0.705479 0.572679 0.719035 0.579338 0.729737 0.571728 0.731164 0.550799 0.725457 0.533676 0.725457 0.498478 0.719035 0.477549 0.707620 0.471842 0.699058 0.469939 0.702626 0.478501 0.693350 0.488965
0 0.646618 0.625476 0.072061 0.094178 0.619863 0.589802 0.614869 0.595510 0.610588 0.608828 0.614155 0.625951 0.629138 0.645928 0.642694 0.653539 0.657677 0.666857 0.671233 0.672565 0.681935 0.657344 0.680508 0.638318 0.682648 0.609779 0.679795 0.591705 0.669092 0.582192 0.657677 0.578387 0.656250 0.597412 0.647688 0.596461 0.635559 0.585046
0 0.769335 0.430936 0.076341 0.095129 0.770405 0.383371 0.753282 0.383371 0.744720 0.390982 0.744720 0.401446 0.736872 0.416667 0.733305 0.430936 0.731164 0.459475 0.741153 0.470890 0.750428 0.472793 0.756849 0.477549 0.771832 0.478501 0.789669 0.459475 0.802511 0.446157 0.807506 0.429985 0.798944 0.418569 0.780394 0.410959 0.781821 0.389079
0 0.697988 0.361967 0.087757 0.113204 0.679081 0.310122 0.664812 0.331050 0.656963 0.348174 0.654110 0.382420 0.666239 0.400495 0.689783 0.412861 0.707620 0.415715 0.726170 0.418569 0.740439 0.410959 0.741866 0.393836 0.741866 0.370053 0.736159 0.341514 0.726884 0.320586 0.715468 0.311073 0.698345 0.305365
0 0.845320 0.464707 0.069920 0.082763 0.812500 0.443303 0.810360 0.468988 0.818921 0.490868 0.829623 0.505137 0.846033 0.506088 0.857449 0.491819 0.864583 0.475647 0.872432 0.460426 0.880280 0.449962 0.868151 0.423326 0.848174 0.429033 0.839612 0.445205 0.826056 0.445205 0.821062 0.436644
0 0.835331 0.624049 0.081336 0.091324 0.806079 0.579338 0.797517 0.590753 0.795377 0.611682 0.794663 0.634513 0.801798 0.655441 0.815354 0.664954 0.823202 0.664954 0.832477 0.669711 0.850314 0.664954 0.867437 0.646880 0.875999 0.619292 0.873858 0.606925 0.857449 0.600266 0.843179 0.605974 0.832477 0.606925 0.823916 0.590753 0.813213 0.578387