0 0.125868 0.298611 0.101562 0.111111 0.103733 0.248843 0.093316 0.262731 0.087240 0.276620 0.081163 0.285880 0.076823 0.297454 0.075087 0.310185 0.082031 0.327546 0.095052 0.344907 0.108941 0.353009 0.124566 0.354167 0.134115 0.351852 0.147135 0.346065 0.167101 0.339120 0.176649 0.331019 0.176649 0.320602 0.173177 0.305556 0.153212 0.277778 0.143663 0.267361 0.128038 0.250000 0.112413 0.243056
0 0.082899 0.447338 0.100694 0.123843 0.055990 0.385417 0.036892 0.401620 0.033420 0.413194 0.032552 0.427083 0.047309 0.462963 0.056858 0.476852 0.069010 0.488426 0.083767 0.503472 0.096788 0.509259 0.108073 0.491898 0.112413 0.480324 0.121962 0.462963 0.128038 0.447917 0.133247 0.435185 0.131510 0.424769 0.129774 0.409722 0.121962 0.398148 0.108073 0.392361 0.094184 0.414352 0.082031 0.420139 0.067274 0.401620
0 0.034939 0.625579 0.069878 0.063657 0.000434 0.641204 0.005642 0.655093 0.016927 0.657407 0.037760 0.646991 0.051649 0.636574 0.069878 0.621528 0.039497 0.593750 0.009115 0.606481 0.000000 0.615830 0.000000 0.635417
0 0.308594 0.410880 0.083333 0.104167 0.286024 0.358796 0.271267 0.379630 0.267795 0.394676 0.266927 0.417824 0.277344 0.439815 0.283420 0.451389 0.294705 0.461806 0.301649 0.462963 0.312066 0.460648 0.319878 0.453704 0.328559 0.446759 0.339844 0.439815 0.346788 0.427083 0.350260 0.416667 0.323351 0.395833 0.312934 0.392361 0.302517 0.378472 0.296441 0.368056
0 0.328993 0.514468 0.087674 0.107639 0.321615 0.460648 0.301649 0.473380 0.298177 0.484954 0.295573 0.496528 0.291233 0.518519 0.287760 0.533565 0.285156 0.545139 0.286024 0.554398 0.295573 0.567130 0.306858 0.568287 0.320747 0.565972 0.334635 0.562500 0.351997 0.560185 0.369358 0.553241 0.372830 0.538194 0.369358 0.519676 0.364149 0.502315 0.358073 0.488426 0.348524 0.475694 0.334635 0.462963
0 0.452257 0.497106 0.077257 0.116898 0.427517 0.450231 0.413628 0.469907 0.413628 0.482639 0.413628 0.494213 0.414497 0.512731 0.429253 0.534722 0.442274 0.547454 0.456163 0.555556 0.470052 0.545139 0.483941 0.510417 0.490885 0.478009 0.480469 0.452546 0.456163 0.444444 0.439670 0.438657
0 0.578559 0.509259 0.088542 0.113426 0.535156 0.466435 0.534288 0.495370 0.546441 0.519676 0.567274 0.539352 0.577691 0.554398 0.590712 0.565972 0.608941 0.564815 0.615017 0.532407 0.618490 0.494213 0.622830 0.474537 0.614149 0.457176 0.598524 0.457176 0.588976 0.459491 0.572483 0.454861 0.567274 0.452546 0.552517 0.456019
0 0.594184 0.599537 0.083333 0.101852 0.552517 0.589120 0.558594 0.609954 0.572483 0.631944 0.586372 0.643519 0.604601 0.650463 0.616753 0.645833 0.619358 0.634259 0.626302 0.633102 0.635851 0.607639 0.634983 0.584491 0.630642 0.559028 0.616753 0.548611 0.607205 0.561343 0.593316 0.574074 0.587240 0.590278 0.580295 0.597222 0.568142 0.596065 0.562066 0.583333
0 0.644097 0.420718 0.077257 0.123843 0.628906 0.358796 0.608073 0.376157 0.605469 0.399306 0.612413 0.434028 0.626302 0.447917 0.634115 0.451389 0.623698 0.461806 0.628038 0.482639 0.636719 0.471065 0.664497 0.447917 0.680122 0.430556 0.682726 0.416667 0.671441 0.400463 0.667101 0.391204 0.658420 0.378472 0.646267 0.368056
0 0.707465 0.489583 0.078993 0.106481 0.700955 0.436343 0.685330 0.438657 0.672309 0.457176 0.667969 0.495370 0.667969 0.521991 0.677517 0.542824 0.693142 0.538194 0.701823 0.532407 0.717448 0.526620 0.731337 0.517361 0.744358 0.498843 0.746962 0.480324 0.740885 0.464120 0.732205 0.454861 0.716580 0.440972
0 0.782552 0.491898 0.067708 0.099537 0.760851 0.442130 0.749566 0.453704 0.748698 0.481481 0.754774 0.501157 0.768663 0.516204 0.789497 0.535880 0.801649 0.541667 0.808594 0.528935 0.816406 0.490741 0.816406 0.466435 0.810330 0.450231 0.800781 0.445602 0.785156 0.447917 0.773872 0.444444
0 0.796875 0.651620 0.080729 0.087963 0.760851 0.618056 0.756510 0.633102 0.767795 0.652778 0.784288 0.667824 0.799045 0.678241 0.813802 0.695602 0.825955 0.690972 0.833767 0.657407 0.837240 0.625000 0.825087 0.609954 0.816406 0.607639 0.819010 0.625000 0.799913 0.614583 0.786892 0.607639 0.775608 0.609954
0 0.848090 0.549190 0.080729 0.100694 0.834635 0.528935 0.816406 0.546296 0.807726 0.554398 0.819878 0.571759 0.841580 0.583333 0.854601 0.589120 0.868490 0.599537 0.883247 0.599537 0.888455 0.579861 0.887587 0.557870 0.885851 0.534722 0.878906 0.513889 0.869358 0.498843 0.865885 0.511574 0.848524 0.513889
0 0.865017 0.389468 0.102431 0.112269 0.834635 0.363426 0.816406 0.385417 0.813802 0.403935 0.824219 0.424769 0.845052 0.440972 0.856337 0.443287 0.881510 0.445602 0.902344 0.445602 0.916233 0.434028 0.913628 0.412037 0.908420 0.385417 0.904080 0.371528 0.893663 0.349537 0.883247 0.340278 0.862413 0.333333 0.846788 0.342593
0 0.918403 0.462384 0.085938 0.098380 0.882378 0.450231 0.875434 0.466435 0.876302 0.482639 0.891927 0.495370 0.910156 0.511574 0.935330 0.498843 0.950955 0.487269 0.959635 0.471065 0.961372 0.458333 0.951823 0.445602 0.943142 0.438657 0.931858 0.427083 0.920573 0.413194 0.917969 0.427083 0.915365 0.434028 0.904080 0.444444