0 0.156684 0.423611 0.094618 0.101852 0.131076 0.373843 0.145833 0.372685 0.151042 0.372685 0.162326 0.380787 0.173611 0.392361 0.184028 0.401620 0.193576 0.414352 0.198785 0.423611 0.203993 0.435185 0.203993 0.444444 0.190104 0.453704 0.173611 0.461806 0.165799 0.466435 0.153646 0.472222 0.143229 0.474537 0.125000 0.472222 0.114583 0.458333 0.109375 0.443287 0.109375 0.428241 0.111111 0.412037 0.111979 0.400463 0.118924 0.387731
0 0.125434 0.576968 0.089410 0.100694 0.105035 0.532407 0.111111 0.546296 0.118056 0.552083 0.132812 0.552083 0.141493 0.533565 0.149306 0.532407 0.161458 0.527778 0.170139 0.538194 0.168403 0.562500 0.165799 0.581019 0.164931 0.593750 0.155382 0.625000 0.143229 0.627315 0.125868 0.619213 0.111111 0.606481 0.096354 0.593750 0.085069 0.582176 0.080729 0.562500 0.081597 0.543981 0.086806 0.531250 0.097222 0.526620
0 0.081163 0.727431 0.084201 0.059028 0.066840 0.697917 0.065104 0.716435 0.065972 0.733796 0.092882 0.725694 0.123264 0.733796 0.105903 0.751157 0.086806 0.756944 0.069444 0.756944 0.055556 0.741898 0.042535 0.723380 0.039062 0.708333 0.039062 0.701389
0 0.335938 0.520255 0.076389 0.089120 0.304688 0.475694 0.300347 0.493056 0.297743 0.504630 0.302083 0.526620 0.315104 0.552083 0.320312 0.561343 0.328125 0.564815 0.338542 0.564815 0.350694 0.556713 0.364583 0.542824 0.374132 0.531250 0.355035 0.520833 0.344618 0.527778 0.335069 0.504630 0.322049 0.488426 0.314236 0.479167
0 0.359375 0.615162 0.079861 0.107639 0.388021 0.607639 0.399306 0.623843 0.395833 0.635417 0.393229 0.648148 0.383681 0.658565 0.361979 0.665509 0.344618 0.668981 0.332465 0.668981 0.324653 0.660880 0.319444 0.640046 0.321181 0.620370 0.325521 0.599537 0.328993 0.584491 0.335069 0.574074 0.346354 0.563657 0.357639 0.561343 0.369792 0.571759 0.381076 0.585648
0 0.473524 0.603588 0.075521 0.123843 0.452257 0.549769 0.440104 0.567130 0.435764 0.585648 0.440972 0.606481 0.447049 0.626157 0.456597 0.638889 0.467882 0.652778 0.475694 0.662037 0.487847 0.665509 0.495660 0.648148 0.503472 0.630787 0.506944 0.605324 0.510417 0.585648 0.511285 0.570602 0.506076 0.560185 0.498264 0.552083 0.485243 0.542824 0.479167 0.541667 0.468750 0.542824
0 0.602431 0.633102 0.090278 0.094907 0.596354 0.589120 0.607639 0.593750 0.616319 0.597222 0.623264 0.585648 0.629340 0.585648 0.638889 0.586806 0.647569 0.598380 0.643229 0.618056 0.637153 0.660880 0.631944 0.677083 0.621528 0.680556 0.599826 0.664352 0.580729 0.643519 0.561632 0.623843 0.557292 0.594907 0.575521 0.601852
0 0.621094 0.684606 0.082465 0.091435 0.579861 0.689815 0.599826 0.709491 0.610243 0.721065 0.622396 0.729167 0.639757 0.730324 0.650174 0.718750 0.657118 0.701389 0.662326 0.682870 0.658854 0.664352 0.652778 0.649306 0.642361 0.638889 0.640625 0.657407 0.634549 0.674769 0.621528 0.682870 0.616319 0.686343 0.602431 0.700231 0.596354 0.681713 0.589410 0.679398
0 0.667535 0.508681 0.076389 0.105324 0.643229 0.456019 0.629340 0.473380 0.633681 0.496528 0.636285 0.518519 0.635417 0.528935 0.637153 0.546296 0.645833 0.560185 0.663194 0.561343 0.679688 0.552083 0.688368 0.541667 0.705729 0.531250 0.705729 0.520833 0.700521 0.509259 0.683160 0.489583 0.680556 0.480324 0.668403 0.464120 0.660590 0.456019
0 0.730035 0.575231 0.078125 0.108796 0.724826 0.520833 0.717882 0.520833 0.704861 0.532407 0.700521 0.549769 0.697049 0.574074 0.693576 0.591435 0.690972 0.607639 0.698785 0.622685 0.710069 0.629630 0.726562 0.622685 0.735243 0.618056 0.755208 0.609954 0.769097 0.591435 0.769097 0.576389 0.762153 0.563657 0.757812 0.547454 0.745660 0.537037 0.735243 0.526620
0 0.895833 0.477431 0.105903 0.112269 0.886285 0.425926 0.901042 0.421296 0.910590 0.421296 0.925347 0.430556 0.929688 0.446759 0.940972 0.479167 0.945312 0.494213 0.948785 0.511574 0.946181 0.524306 0.934896 0.530093 0.924479 0.532407 0.903646 0.533565 0.878472 0.528935 0.859375 0.518519 0.847222 0.505787 0.842882 0.490741 0.845486 0.482639 0.854167 0.468750 0.860243 0.453704 0.876736 0.432870
0 0.811198 0.570602 0.075521 0.099537 0.834201 0.520833 0.843750 0.533565 0.848958 0.553241 0.846354 0.567130 0.842882 0.583333 0.840278 0.605324 0.838542 0.620370 0.828125 0.620370 0.815972 0.608796 0.801215 0.604167 0.781250 0.589120 0.773438 0.577546 0.775174 0.552083 0.780382 0.539352 0.797743 0.527778 0.808160 0.526620 0.824653 0.538194 0.832465 0.542824
0 0.875868 0.621528 0.085069 0.099537 0.896701 0.571759 0.907118 0.587963 0.913194 0.604167 0.917535 0.631944 0.918403 0.655093 0.915799 0.666667 0.903646 0.671296 0.884549 0.665509 0.861979 0.659722 0.842882 0.652778 0.833333 0.629630 0.844618 0.627315 0.856771 0.623843 0.862847 0.615741 0.868924 0.606481 0.895833 0.596065
0 0.823785 0.716435 0.079861 0.085648 0.862847 0.694444 0.860243 0.722222 0.849826 0.753472 0.840278 0.759259 0.819444 0.741898 0.807292 0.740741 0.793403 0.728009 0.783854 0.711806 0.784722 0.700231 0.802951 0.699074 0.812500 0.688657 0.846354 0.703704 0.847222 0.679398 0.863715 0.673611
0 0.959635 0.515625 0.070312 0.103009 0.946181 0.464120 0.962674 0.464120 0.969618 0.473380 0.973958 0.486111 0.976562 0.508102 0.980035 0.517361 0.987847 0.515046 0.993056 0.516204 0.994792 0.533565 0.993924 0.543981 0.976562 0.557870 0.957465 0.565972 0.945312 0.567130 0.935764 0.556713 0.924479 0.545139 0.930556 0.540509 0.943576 0.531250 0.944444 0.521991 0.949653 0.511574 0.952257 0.501157