0 0.359219 0.365104 0.076875 0.090208 0.344375 0.329583 0.333437 0.353125 0.320781 0.371250 0.321094 0.391875 0.330469 0.401042 0.331562 0.406042 0.336875 0.406458 0.341094 0.410208 0.352813 0.410000 0.366875 0.404792 0.373437 0.399583 0.383906 0.398750 0.394219 0.395000 0.396563 0.389792 0.397656 0.378958 0.395313 0.369583 0.386250 0.355625 0.368906 0.330208 0.358438 0.320000 0.346094 0.320000
0 0.335703 0.492708 0.072031 0.098750 0.300000 0.464375 0.299687 0.480625 0.305625 0.497500 0.312188 0.507500 0.322813 0.515417 0.336875 0.533125 0.345625 0.542083 0.352031 0.541875 0.358125 0.535625 0.361094 0.529167 0.360938 0.520208 0.363906 0.514583 0.363750 0.500625 0.370312 0.483750 0.371719 0.463958 0.369375 0.455000 0.366094 0.449375 0.362500 0.449792 0.361875 0.459583 0.356250 0.472917 0.350312 0.471458 0.344687 0.460625 0.339844 0.448125 0.341094 0.443333 0.321563 0.446458 0.311719 0.452500
0 0.294453 0.611875 0.066406 0.083750 0.267031 0.578542 0.261250 0.597500 0.263437 0.616458 0.267969 0.623750 0.269062 0.638333 0.272813 0.648125 0.281250 0.653750 0.289062 0.652083 0.296094 0.646458 0.304844 0.638125 0.310937 0.636667 0.317188 0.634375 0.322813 0.628125 0.327656 0.618125 0.320156 0.612708 0.315469 0.620625 0.310937 0.625208 0.303594 0.627083 0.298281 0.619375 0.297812 0.608958 0.296250 0.595000 0.289531 0.595833 0.275781 0.587500 0.282031 0.577500 0.270469 0.570000
0 0.505859 0.440729 0.067969 0.096042 0.484687 0.404375 0.473594 0.432500 0.472187 0.441042 0.471875 0.459583 0.480938 0.470417 0.482969 0.479792 0.490000 0.488750 0.502344 0.488333 0.511719 0.484583 0.516719 0.480000 0.523438 0.478542 0.523438 0.475208 0.529687 0.471458 0.535313 0.467292 0.539531 0.459375 0.539844 0.451875 0.529844 0.440625 0.521094 0.426042 0.512656 0.411042 0.500312 0.409583 0.487344 0.406875 0.497031 0.400208 0.504531 0.397917 0.510781 0.400000 0.507656 0.394167 0.503125 0.392708 0.495000 0.396875
0 0.522891 0.525104 0.067656 0.092708 0.511719 0.483958 0.498750 0.502083 0.497188 0.512500 0.493438 0.527083 0.493438 0.537292 0.489063 0.550000 0.490625 0.563750 0.497344 0.571458 0.508906 0.571250 0.522344 0.568333 0.535000 0.565000 0.547031 0.559375 0.556719 0.548750 0.556719 0.532708 0.554688 0.516250 0.548750 0.501875 0.541719 0.491458 0.534062 0.482500 0.527031 0.479375 0.521406 0.478750 0.515781 0.480625
0 0.613594 0.511042 0.064062 0.095417 0.581562 0.507917 0.591875 0.532708 0.612500 0.547083 0.620313 0.556667 0.628281 0.558750 0.632812 0.557083 0.638437 0.545000 0.638281 0.537500 0.641094 0.519583 0.645625 0.500417 0.644844 0.488125 0.641406 0.476042 0.635781 0.470417 0.630156 0.465208 0.617500 0.463750 0.609375 0.463333 0.598125 0.468333 0.593906 0.472083 0.587656 0.481458 0.582969 0.491875 0.581562 0.498750
0 0.716641 0.581042 0.064531 0.062917 0.684375 0.564583 0.685000 0.576667 0.696562 0.597292 0.707500 0.610000 0.723281 0.612500 0.731719 0.602083 0.735625 0.601458 0.745469 0.588958 0.745937 0.581875 0.748906 0.568333 0.748281 0.550000 0.745156 0.549583 0.742344 0.557500 0.738125 0.562083 0.729375 0.563750 0.725469 0.569792 0.725156 0.578125 0.717031 0.580833 0.706406 0.571250 0.707031 0.563750 0.702500 0.571875 0.693125 0.580000 0.690625 0.571667 0.691094 0.561667
0 0.721875 0.524062 0.069688 0.077292 0.687031 0.501250 0.700469 0.485417 0.702500 0.491875 0.707812 0.495625 0.717656 0.496667 0.723750 0.487708 0.726406 0.487083 0.738125 0.493333 0.750625 0.494375 0.751719 0.489167 0.755000 0.488125 0.755938 0.491250 0.756719 0.503958 0.749375 0.525000 0.746875 0.540208 0.744375 0.550417 0.742344 0.558333 0.738906 0.562083 0.728594 0.562708 0.714219 0.545000 0.698125 0.530833 0.697031 0.528125 0.691406 0.522500 0.688906 0.516875
0 0.753438 0.436146 0.062812 0.076875 0.738125 0.397708 0.732500 0.398125 0.726875 0.405625 0.722031 0.421667 0.723750 0.444583 0.725313 0.453958 0.726562 0.468750 0.737344 0.469167 0.751094 0.471250 0.753437 0.474583 0.761250 0.467292 0.765156 0.467292 0.772188 0.465000 0.780938 0.459375 0.784844 0.448958 0.784219 0.437292 0.774687 0.422292 0.764531 0.409167 0.751875 0.401667
0 0.792422 0.487396 0.060469 0.085208 0.763125 0.467292 0.763437 0.479375 0.769062 0.484375 0.770156 0.489167 0.762188 0.490000 0.762188 0.521458 0.766250 0.527500 0.772500 0.530000 0.782031 0.529167 0.787500 0.523125 0.797813 0.522083 0.809844 0.515625 0.815781 0.508958 0.820000 0.500000 0.822656 0.487708 0.822188 0.471458 0.817656 0.465417 0.804688 0.456042 0.793750 0.449375 0.784687 0.444792 0.784844 0.448750 0.781094 0.460000 0.771875 0.465417
0 0.847188 0.489687 0.051875 0.073958 0.821875 0.493958 0.839375 0.513542 0.842187 0.520000 0.845313 0.523333 0.852344 0.526667 0.864062 0.521042 0.867188 0.514167 0.866719 0.501458 0.867812 0.494375 0.872344 0.482292 0.873125 0.469167 0.866875 0.456042 0.862656 0.456875 0.862969 0.459583 0.854531 0.456458 0.848906 0.454583 0.841250 0.452708 0.831719 0.455833 0.825781 0.460625 0.821250 0.464375 0.829531 0.468958 0.839531 0.478958 0.835313 0.481250 0.828281 0.476667 0.839375 0.489583 0.828281 0.484167 0.828750 0.492500 0.822969 0.488333
0 0.841016 0.596562 0.060781 0.063125 0.810625 0.581875 0.811250 0.591875 0.821719 0.605625 0.839063 0.617292 0.851719 0.628125 0.859375 0.627292 0.865312 0.620625 0.865469 0.609375 0.867812 0.595000 0.871406 0.577292 0.869375 0.570625 0.869375 0.566875 0.863438 0.565000 0.863750 0.579375 0.857812 0.580000 0.846094 0.569583 0.838125 0.572917 0.831094 0.580833 0.823594 0.581250 0.821875 0.576250
0 0.885781 0.523438 0.063125 0.078125 0.854219 0.532708 0.860938 0.543750 0.872344 0.551042 0.882656 0.551458 0.892813 0.558750 0.898125 0.562500 0.908906 0.558958 0.913906 0.552500 0.915000 0.542083 0.917344 0.527083 0.915938 0.509167 0.911562 0.497083 0.905156 0.489583 0.897813 0.484375 0.894375 0.487500 0.908281 0.495000 0.906563 0.501667 0.899531 0.505833 0.886875 0.509167 0.883125 0.511875 0.880937 0.523750 0.876719 0.524792 0.864375 0.521458 0.859531 0.525625
0 0.905312 0.416250 0.076250 0.083750 0.867812 0.423125 0.867188 0.430625 0.873437 0.440833 0.881250 0.446875 0.894531 0.452500 0.911094 0.455417 0.924844 0.458125 0.937813 0.455000 0.942344 0.445208 0.943437 0.426042 0.942031 0.410000 0.938594 0.398125 0.932656 0.384792 0.925938 0.379583 0.918281 0.375000 0.908438 0.374375 0.900625 0.387500 0.893281 0.399167 0.888750 0.410000 0.876094 0.412917
0 0.929453 0.453333 0.068906 0.067917 0.895000 0.453542 0.898281 0.472292 0.905781 0.471875 0.902969 0.478542 0.909531 0.479375 0.914531 0.485000 0.921719 0.487292 0.933750 0.483750 0.950625 0.470833 0.956250 0.468750 0.961094 0.462500 0.963906 0.452292 0.962656 0.441458 0.959219 0.446458 0.952812 0.440000 0.950781 0.426875 0.942812 0.419375 0.943594 0.426250 0.942344 0.445208 0.937969 0.455625 0.924687 0.457917 0.910937 0.454583
0 0.975625 0.476979 0.045625 0.055208 0.956719 0.468125 0.952812 0.470625 0.963906 0.498958 0.968125 0.503750 0.975938 0.504583 0.986875 0.498125 0.991406 0.488750 0.998437 0.483368 0.998437 0.450625 0.994688 0.449375 0.996406 0.456875 0.990156 0.462500 0.982656 0.461667 0.975000 0.450625 0.965156 0.452292 0.961562 0.462083
0 0.969453 0.588229 0.057969 0.073958 0.958750 0.551250 0.955000 0.552083 0.949375 0.556458 0.944688 0.564792 0.941250 0.581667 0.940469 0.598125 0.944219 0.612083 0.949531 0.617500 0.961875 0.619792 0.968125 0.623333 0.979844 0.625208 0.988750 0.621250 0.998437 0.608895 0.998437 0.573750 0.996094 0.573750 0.995000 0.581250 0.989062 0.580417 0.986406 0.584167 0.981250 0.584583 0.975625 0.578958 0.972188 0.562500 0.958750 0.557500