0 0.310937 0.388125 0.082188 0.094583 0.292500 0.344583 0.281719 0.376875 0.276562 0.386667 0.272656 0.392292 0.269844 0.404167 0.271563 0.414792 0.285156 0.433125 0.289062 0.431250 0.293438 0.435000 0.302813 0.435417 0.316562 0.429375 0.325937 0.424375 0.340781 0.421250 0.348750 0.416250 0.351562 0.410625 0.352031 0.398125 0.348906 0.390625 0.321875 0.355417 0.316562 0.348750 0.306719 0.340833 0.302500 0.340833
0 0.289453 0.520938 0.076406 0.101042 0.289062 0.470417 0.290156 0.481042 0.302031 0.501250 0.306094 0.501250 0.316250 0.485000 0.315469 0.472500 0.321094 0.476250 0.326250 0.487083 0.327656 0.503125 0.320781 0.526458 0.319062 0.545208 0.317344 0.556042 0.311250 0.567708 0.305625 0.571458 0.300937 0.571250 0.287812 0.557083 0.279531 0.546875 0.268437 0.539375 0.259687 0.529375 0.254375 0.517292 0.251563 0.511250 0.251250 0.489583 0.259844 0.482500 0.270156 0.475000
0 0.250312 0.646146 0.069687 0.083542 0.224375 0.604375 0.222031 0.607708 0.222187 0.617083 0.215469 0.631875 0.220156 0.651875 0.225781 0.660625 0.225781 0.670000 0.231406 0.680833 0.236250 0.685625 0.243594 0.687917 0.252500 0.683333 0.260156 0.676875 0.263750 0.671250 0.269375 0.669792 0.278438 0.664583 0.283750 0.658958 0.285156 0.651458 0.273281 0.643958 0.272969 0.651250 0.267031 0.658542 0.257188 0.662083 0.250625 0.646875 0.252031 0.634375 0.247969 0.628542 0.238906 0.628125 0.227969 0.621458 0.236094 0.608750
0 0.467109 0.466042 0.069531 0.085417 0.442969 0.423333 0.432344 0.453333 0.432344 0.479167 0.441406 0.488125 0.445000 0.499375 0.450625 0.505833 0.456875 0.508750 0.465625 0.505417 0.475938 0.500417 0.489219 0.491042 0.497344 0.483125 0.500781 0.477917 0.501875 0.468542 0.491406 0.461875 0.483750 0.452083 0.475000 0.440417 0.467969 0.427708 0.456719 0.426250
0 0.488984 0.545000 0.070156 0.097500 0.461094 0.522292 0.453906 0.570625 0.454063 0.583125 0.457656 0.590208 0.464219 0.593542 0.473438 0.593750 0.491406 0.588542 0.508750 0.582292 0.521563 0.569375 0.523750 0.563750 0.524062 0.556667 0.520312 0.538750 0.512969 0.520625 0.506563 0.510625 0.497500 0.501250 0.491094 0.496250 0.482031 0.496875 0.474531 0.500625 0.468906 0.510000
0 0.581953 0.525625 0.065781 0.097500 0.560156 0.547500 0.579531 0.561667 0.587656 0.570000 0.596719 0.573750 0.601094 0.574375 0.607969 0.561875 0.609531 0.544375 0.613594 0.517708 0.614844 0.507500 0.612344 0.495625 0.606406 0.485417 0.597187 0.479375 0.585625 0.476875 0.575781 0.477292 0.566563 0.480625 0.560312 0.485000 0.552500 0.498333 0.549063 0.511458 0.549687 0.523125 0.551875 0.533750
0 0.693281 0.589687 0.067187 0.074375 0.659687 0.578750 0.660937 0.589375 0.669687 0.605208 0.683125 0.620417 0.695469 0.626875 0.703906 0.625000 0.708125 0.621875 0.708125 0.618542 0.716094 0.615625 0.725313 0.601667 0.726719 0.591250 0.726875 0.558125 0.721562 0.552500 0.720781 0.560625 0.717031 0.568750 0.713125 0.573333 0.707031 0.575417 0.703906 0.574375 0.700469 0.583125 0.699688 0.590833 0.696250 0.593542 0.690625 0.593125 0.680781 0.583333 0.680000 0.577708 0.676875 0.583125 0.668750 0.592083 0.665312 0.591875 0.665469 0.573958
0 0.693047 0.535625 0.072969 0.078750 0.656562 0.510625 0.667656 0.496667 0.674375 0.505417 0.679531 0.507708 0.694063 0.496250 0.704219 0.501667 0.712656 0.503542 0.719375 0.502292 0.720781 0.497500 0.725625 0.496250 0.728906 0.499375 0.729531 0.512500 0.727500 0.515625 0.727031 0.527500 0.720781 0.534375 0.721406 0.553333 0.720156 0.560208 0.717031 0.567917 0.712812 0.572917 0.707500 0.574375 0.703281 0.575000 0.698281 0.569375 0.687812 0.558958 0.685625 0.555625 0.679688 0.552917 0.672344 0.546250 0.668438 0.539375 0.664219 0.537500 0.660313 0.527500 0.657188 0.518542
0 0.728750 0.440938 0.065625 0.080625 0.707031 0.400625 0.701562 0.406875 0.697344 0.417083 0.695937 0.427917 0.697656 0.443333 0.700313 0.458542 0.702500 0.473750 0.710938 0.476250 0.725000 0.479375 0.728750 0.481250 0.733750 0.477292 0.740000 0.471250 0.749219 0.470625 0.757656 0.466458 0.761094 0.458542 0.761562 0.446875 0.756719 0.436042 0.747500 0.421458 0.736250 0.411250 0.725469 0.405833 0.715938 0.401875
0 0.772734 0.492500 0.062656 0.088750 0.742188 0.471875 0.741406 0.522500 0.743594 0.530833 0.748125 0.536042 0.757344 0.536875 0.765781 0.533333 0.769531 0.528125 0.779844 0.526875 0.790312 0.521250 0.795937 0.516875 0.801250 0.510417 0.803281 0.501458 0.804063 0.490625 0.802031 0.477500 0.797187 0.467292 0.789375 0.461667 0.768594 0.450000 0.762031 0.448125 0.761094 0.458125 0.757812 0.466250 0.749375 0.470625
0 0.830391 0.488958 0.056094 0.080833 0.804063 0.493125 0.826250 0.517917 0.828281 0.522500 0.835313 0.528542 0.845313 0.529375 0.851250 0.521875 0.853750 0.516042 0.852656 0.500000 0.858437 0.482292 0.857500 0.463958 0.851250 0.451875 0.844531 0.448542 0.846250 0.458125 0.843437 0.458333 0.830156 0.451667 0.814844 0.454583 0.802344 0.465625 0.818750 0.479792 0.818125 0.482292 0.812500 0.480417 0.819531 0.489792 0.810156 0.486042 0.813906 0.496667 0.805156 0.490208
0 0.831094 0.602083 0.063125 0.067500 0.799531 0.588542 0.802344 0.602917 0.820312 0.618542 0.829688 0.623542 0.844063 0.635625 0.850000 0.635833 0.857500 0.628750 0.858906 0.615208 0.858906 0.600625 0.862656 0.591667 0.862344 0.577500 0.859531 0.570625 0.849844 0.568333 0.852656 0.575833 0.854219 0.584583 0.848125 0.586250 0.839531 0.581875 0.833594 0.575833 0.830469 0.575833 0.824219 0.579583 0.818437 0.586875 0.810469 0.586250 0.811094 0.583333
0 0.875625 0.523854 0.065000 0.080625 0.844063 0.530625 0.843125 0.535417 0.846562 0.541458 0.849687 0.543750 0.853281 0.550000 0.865312 0.554167 0.872969 0.555000 0.888125 0.563125 0.900000 0.564167 0.901719 0.559375 0.906719 0.553333 0.906719 0.543958 0.905781 0.532292 0.908125 0.525625 0.907188 0.513125 0.901563 0.495625 0.894688 0.488958 0.886406 0.483542 0.882188 0.486667 0.892656 0.490417 0.895156 0.496042 0.894063 0.502500 0.874844 0.509792 0.865625 0.525625 0.849687 0.524792
0 0.892188 0.409271 0.078438 0.089375 0.858594 0.407708 0.853906 0.420208 0.852969 0.428750 0.856406 0.437083 0.868750 0.446042 0.890938 0.451875 0.906719 0.452083 0.911250 0.453958 0.922813 0.451250 0.929219 0.446250 0.931406 0.433958 0.928594 0.417083 0.927500 0.399792 0.922188 0.384375 0.915625 0.373958 0.908906 0.371250 0.903906 0.365000 0.900781 0.364583 0.889844 0.368333 0.886094 0.376667 0.876563 0.388750 0.870781 0.402500 0.866406 0.407708
0 0.923281 0.442500 0.072500 0.082083 0.887031 0.450833 0.887656 0.463750 0.893594 0.471250 0.899687 0.475625 0.911562 0.483542 0.922813 0.483125 0.934844 0.476667 0.945625 0.465000 0.954063 0.459167 0.959531 0.439167 0.955937 0.431667 0.952187 0.438125 0.946875 0.437083 0.944375 0.422292 0.939844 0.419375 0.927500 0.401458 0.928438 0.417500 0.931406 0.434792 0.929219 0.447500 0.922656 0.451250 0.911406 0.453542 0.907031 0.452500 0.890625 0.451875
0 0.969453 0.587917 0.057969 0.078750 0.955625 0.548542 0.956875 0.558333 0.971875 0.562292 0.972031 0.566875 0.974687 0.582292 0.984375 0.587083 0.988281 0.581875 0.996094 0.579167 0.998437 0.574621 0.998437 0.612292 0.991875 0.622083 0.982656 0.624583 0.977500 0.627292 0.968281 0.627292 0.960625 0.621667 0.951719 0.620417 0.944063 0.614792 0.941094 0.601042 0.940469 0.579583 0.942187 0.563125 0.948125 0.554167
0 0.974062 0.468958 0.048750 0.062500 0.949687 0.462292 0.949687 0.468958 0.962656 0.496458 0.968125 0.500208 0.975156 0.500000 0.983594 0.491458 0.986875 0.490208 0.991094 0.482083 0.998437 0.475789 0.998437 0.437708 0.995000 0.442708 0.991094 0.441875 0.992031 0.447708 0.987344 0.455833 0.971406 0.454792 0.970469 0.447083 0.955156 0.453958 0.954063 0.459167