0 0.335036 0.385564 0.081446 0.092569 0.317086 0.340334 0.329580 0.339280 0.341125 0.346027 0.370066 0.386091 0.375759 0.398954 0.374019 0.408443 0.368642 0.415191 0.360577 0.417510 0.349823 0.419408 0.325943 0.430373 0.315979 0.431849 0.312500 0.427632 0.307439 0.427210 0.296369 0.413925 0.294313 0.401906 0.305225 0.374072 0.314556 0.355094
0 0.310625 0.514896 0.075000 0.102292 0.338750 0.469375 0.342500 0.471667 0.345781 0.478750 0.347656 0.486250 0.348125 0.500208 0.345156 0.505000 0.345313 0.514375 0.340156 0.524375 0.340156 0.539583 0.337344 0.542500 0.337656 0.553333 0.332813 0.561667 0.328281 0.566042 0.321875 0.565417 0.317031 0.560000 0.306875 0.547292 0.298750 0.540625 0.287812 0.530833 0.280156 0.522500 0.273125 0.504167 0.273125 0.488125 0.280000 0.479792 0.286719 0.472708 0.295469 0.468958 0.304531 0.468125 0.312656 0.463750 0.316875 0.479792 0.320781 0.489375 0.325625 0.496042 0.333125 0.492500 0.337969 0.482083
0 0.271250 0.638021 0.068125 0.081458 0.245000 0.597292 0.242813 0.600000 0.242188 0.610833 0.237188 0.621250 0.237500 0.630208 0.240313 0.640417 0.246250 0.654167 0.246563 0.661458 0.251563 0.675000 0.257188 0.678750 0.267031 0.678542 0.283438 0.665208 0.295156 0.658125 0.301875 0.652708 0.305312 0.644375 0.296250 0.636250 0.293750 0.643125 0.285781 0.652500 0.278750 0.654167 0.272656 0.640000 0.274062 0.624583 0.265625 0.621250 0.256562 0.618542 0.250937 0.614792 0.251875 0.610833 0.257656 0.602500
0 0.507266 0.543333 0.070781 0.098333 0.479844 0.521250 0.476094 0.546458 0.473594 0.566250 0.471875 0.575625 0.474219 0.585000 0.478750 0.589167 0.484687 0.592500 0.500000 0.588750 0.511094 0.585625 0.521563 0.583750 0.531875 0.576250 0.540000 0.568542 0.542656 0.556250 0.540000 0.536875 0.534062 0.520833 0.525625 0.510625 0.513594 0.496042 0.507656 0.494167 0.495000 0.498125 0.485000 0.513333
0 0.486484 0.463229 0.070156 0.084792 0.463594 0.420833 0.453594 0.449792 0.451406 0.460000 0.452500 0.476042 0.460781 0.485417 0.466094 0.500833 0.472813 0.505625 0.484063 0.504792 0.495312 0.498750 0.505938 0.493958 0.505156 0.491667 0.516406 0.484167 0.521563 0.474375 0.521094 0.466875 0.515000 0.462917 0.504531 0.450417 0.499844 0.443750 0.497031 0.435208 0.491406 0.428958 0.477500 0.426042
0 0.601016 0.525729 0.066719 0.098958 0.567656 0.510625 0.568281 0.527500 0.573125 0.540000 0.579844 0.548750 0.591406 0.556875 0.604688 0.570000 0.613125 0.575208 0.618750 0.575000 0.625781 0.561250 0.625781 0.553125 0.629063 0.537708 0.634375 0.513750 0.632188 0.498125 0.627031 0.487083 0.617188 0.478750 0.596719 0.476250 0.579844 0.483333 0.572813 0.493542 0.569688 0.500625
0 0.709609 0.592604 0.067031 0.069792 0.676094 0.579375 0.677344 0.590625 0.687812 0.607917 0.697031 0.619583 0.703750 0.625208 0.715000 0.627500 0.722969 0.625000 0.726250 0.618750 0.730781 0.617500 0.737031 0.610208 0.741250 0.602500 0.743125 0.592083 0.743125 0.570000 0.742500 0.563125 0.738594 0.557708 0.736875 0.567500 0.731875 0.574375 0.727031 0.577917 0.720625 0.577083 0.717812 0.584375 0.716875 0.592917 0.712656 0.595833 0.708437 0.595000 0.702969 0.591042 0.697500 0.582708 0.691875 0.586458 0.686562 0.594375 0.682656 0.593125 0.682031 0.575625
0 0.712187 0.537188 0.073125 0.080625 0.675625 0.513542 0.676250 0.523125 0.681875 0.536250 0.690312 0.546250 0.704375 0.559375 0.716094 0.572500 0.721562 0.577500 0.728437 0.577500 0.732969 0.572500 0.736563 0.567500 0.738438 0.558125 0.740313 0.538750 0.745313 0.530417 0.745625 0.520625 0.748750 0.516250 0.748750 0.503750 0.746406 0.500000 0.741719 0.499375 0.741719 0.506250 0.733281 0.507500 0.722500 0.503125 0.715625 0.496875 0.708750 0.503750 0.704219 0.508125 0.696406 0.507500 0.689688 0.497500 0.687500 0.497500 0.680312 0.509792
0 0.746797 0.444479 0.063594 0.081458 0.723906 0.404375 0.718281 0.411667 0.715000 0.419792 0.715000 0.439792 0.718125 0.454792 0.719219 0.468333 0.719688 0.477500 0.741719 0.480625 0.745937 0.485208 0.751875 0.478333 0.756875 0.474167 0.762344 0.473958 0.770781 0.473750 0.774844 0.469792 0.778594 0.460625 0.776563 0.443750 0.768125 0.426875 0.754844 0.412708 0.747344 0.409375 0.734375 0.403750
0 0.789375 0.495521 0.062812 0.088125 0.759375 0.473958 0.758437 0.493125 0.762188 0.499167 0.757969 0.501250 0.757969 0.525417 0.760313 0.535208 0.765781 0.539583 0.776250 0.539583 0.780781 0.536250 0.786719 0.531250 0.798438 0.529792 0.806875 0.524583 0.814219 0.517917 0.818437 0.510625 0.820781 0.497917 0.820625 0.484792 0.815625 0.472917 0.805781 0.464583 0.796719 0.457500 0.786562 0.454375 0.777656 0.451458 0.778438 0.460000 0.774531 0.469583 0.770937 0.473750
0 0.846328 0.494167 0.057656 0.078750 0.820469 0.500208 0.831406 0.512708 0.841250 0.522500 0.844688 0.528125 0.849844 0.532083 0.860938 0.533542 0.862969 0.530208 0.869063 0.526458 0.869531 0.500625 0.875156 0.488958 0.874687 0.473542 0.872969 0.468750 0.868750 0.460417 0.868437 0.458125 0.862813 0.454792 0.864375 0.465417 0.862031 0.465000 0.847031 0.455208 0.843437 0.458125 0.834844 0.460000 0.824062 0.463958 0.817500 0.470625 0.825469 0.475833 0.837344 0.486458 0.825156 0.482917 0.833437 0.489375 0.836406 0.497292 0.828281 0.490417 0.827969 0.499167 0.822031 0.495000
0 0.845156 0.606771 0.062500 0.066042 0.813906 0.592500 0.814219 0.601667 0.821250 0.612500 0.841562 0.626875 0.857500 0.639792 0.866250 0.639375 0.871406 0.630000 0.872188 0.620000 0.873594 0.604167 0.875625 0.596458 0.876406 0.586250 0.876094 0.581250 0.873281 0.575000 0.864531 0.573750 0.869063 0.580625 0.868750 0.590000 0.864219 0.591875 0.860313 0.588750 0.848437 0.577917 0.842344 0.582917 0.832969 0.591250 0.826875 0.591875 0.825156 0.586250
0 0.891016 0.529271 0.064219 0.079792 0.858906 0.541875 0.865156 0.551250 0.871094 0.556250 0.889375 0.561458 0.901719 0.568542 0.914375 0.569167 0.920000 0.563125 0.923125 0.548542 0.922188 0.507708 0.916875 0.500208 0.910937 0.493750 0.903281 0.489375 0.898594 0.493125 0.910781 0.499167 0.912969 0.502917 0.907031 0.510000 0.889844 0.515625 0.882188 0.532500 0.869531 0.529792 0.862500 0.531458
0 0.908438 0.416146 0.080625 0.085208 0.868437 0.424583 0.868125 0.432917 0.874687 0.445000 0.881250 0.450625 0.892188 0.454375 0.905937 0.457708 0.922969 0.458333 0.936250 0.458750 0.945469 0.454583 0.948750 0.444792 0.947813 0.426875 0.945781 0.407708 0.941563 0.390417 0.936250 0.383333 0.930312 0.378125 0.921562 0.373958 0.913750 0.373542 0.908125 0.376250 0.900000 0.385625 0.892656 0.400000 0.889219 0.414167 0.877969 0.413750
0 0.938984 0.454479 0.072344 0.069375 0.903281 0.458125 0.902812 0.470208 0.905625 0.475000 0.911875 0.474167 0.910625 0.477500 0.919063 0.483542 0.927656 0.489167 0.940469 0.487708 0.941719 0.485000 0.951250 0.483125 0.951250 0.478750 0.954375 0.479167 0.962187 0.471250 0.966406 0.470000 0.971719 0.459583 0.975156 0.452500 0.972813 0.443125 0.969531 0.446875 0.965781 0.445625 0.961562 0.440833 0.961875 0.425417 0.960000 0.422500 0.947188 0.419792 0.948281 0.427083 0.948438 0.445417 0.945781 0.454375 0.936094 0.458542
0 0.981250 0.479167 0.034375 0.057083 0.964063 0.471250 0.964219 0.476875 0.979063 0.505000 0.982500 0.507708 0.991719 0.506458 0.998437 0.500946 0.998437 0.464375 0.993906 0.459583 0.990781 0.450625 0.974219 0.455000 0.966094 0.470000
0 0.975938 0.595313 0.045000 0.078542 0.970938 0.556042 0.962500 0.559375 0.956250 0.570417 0.953438 0.592500 0.954844 0.609375 0.956719 0.618750 0.964219 0.627292 0.975156 0.628125 0.982344 0.634583 0.998437 0.631603 0.998437 0.592500 0.994688 0.591875 0.991094 0.586875 0.987500 0.580208 0.986563 0.569167 0.971094 0.563542