0 0.384536 0.257992 0.077334 0.093413 0.351088 0.245445 0.345869 0.266110 0.346027 0.282346 0.350297 0.291414 0.358205 0.301746 0.368801 0.304698 0.379238 0.302800 0.388569 0.299005 0.396951 0.294366 0.412924 0.291414 0.421306 0.285299 0.423203 0.280870 0.423045 0.271171 0.420199 0.261682 0.407072 0.243126 0.392048 0.223726 0.385248 0.216135 0.379238 0.211285 0.373545 0.211707 0.362475 0.217822 0.357888 0.225413
0 0.361763 0.387357 0.071008 0.099528 0.357098 0.337593 0.360261 0.347082 0.363265 0.356149 0.368484 0.362686 0.376075 0.362264 0.383825 0.347082 0.383192 0.338225 0.390467 0.343286 0.396318 0.353618 0.397267 0.368801 0.392839 0.388200 0.388885 0.397900 0.388885 0.410552 0.386355 0.423414 0.380662 0.433536 0.375759 0.437120 0.370066 0.433957 0.360102 0.421727 0.349981 0.409708 0.343655 0.405913 0.334008 0.392206 0.329738 0.383772 0.326891 0.374705 0.326259 0.363740 0.327840 0.357414 0.334799 0.347714 0.340018 0.340967
0 0.327129 0.507549 0.063101 0.080550 0.306965 0.467274 0.301588 0.470859 0.300955 0.482456 0.295578 0.487517 0.298425 0.500801 0.305541 0.522309 0.312184 0.540655 0.318668 0.546770 0.326101 0.547824 0.331794 0.543185 0.341599 0.533696 0.350614 0.527370 0.358521 0.520833 0.358679 0.513242 0.347609 0.504175 0.344288 0.507549 0.339385 0.514507 0.327366 0.517249 0.322621 0.502699 0.323728 0.487095 0.316928 0.486252 0.302695 0.479293 0.311235 0.470437
0 0.556601 0.416456 0.070692 0.103323 0.529162 0.397267 0.521255 0.443868 0.521255 0.454200 0.523311 0.462213 0.532009 0.468117 0.549247 0.465376 0.575658 0.459050 0.581984 0.453990 0.591315 0.443446 0.591947 0.433536 0.590998 0.424890 0.587835 0.413504 0.583565 0.399798 0.576765 0.386935 0.569332 0.378500 0.561741 0.368379 0.553992 0.364794 0.547349 0.369222 0.541182 0.375548 0.535172 0.385881
0 0.535488 0.335800 0.068952 0.090039 0.513190 0.290781 0.507022 0.301113 0.507654 0.304909 0.501012 0.323043 0.501328 0.349612 0.511608 0.360999 0.512399 0.370488 0.519041 0.378922 0.525841 0.380820 0.537544 0.374916 0.542131 0.375548 0.547666 0.368590 0.554308 0.364372 0.563006 0.355938 0.569965 0.345395 0.569965 0.334430 0.558894 0.327893 0.546875 0.313133 0.540865 0.304698 0.531218 0.292679
0 0.657895 0.398111 0.070534 0.104588 0.631800 0.422149 0.653941 0.439018 0.661058 0.446609 0.673868 0.450405 0.680984 0.438175 0.683040 0.430162 0.687785 0.414347 0.689524 0.402117 0.692371 0.397478 0.693162 0.375548 0.691106 0.365216 0.686836 0.357625 0.681459 0.352775 0.672602 0.347082 0.664379 0.346238 0.651253 0.345816 0.643029 0.350245 0.634805 0.354673 0.624842 0.374494 0.622628 0.388200 0.623735 0.402117
0 0.787339 0.473389 0.076702 0.086876 0.748988 0.475498 0.766859 0.457574 0.766542 0.463478 0.774291 0.472546 0.783148 0.472546 0.786785 0.465587 0.791688 0.453357 0.799595 0.452724 0.804498 0.449983 0.808768 0.442814 0.812405 0.435644 0.813354 0.431427 0.816201 0.429951 0.824108 0.439862 0.825690 0.473600 0.823792 0.480137 0.823475 0.489626 0.818573 0.498271 0.809242 0.506705 0.802442 0.507338 0.800702 0.511555 0.794693 0.516616 0.782515 0.516827 0.772552 0.509236 0.763379 0.500801 0.755156 0.488360
0 0.782199 0.404647 0.088879 0.097419 0.822368 0.359733 0.823792 0.377657 0.820312 0.387567 0.820471 0.394315 0.816675 0.397267 0.814935 0.406545 0.812089 0.429108 0.811456 0.435644 0.808926 0.442181 0.805288 0.447453 0.798172 0.451670 0.791530 0.453357 0.787576 0.449983 0.778720 0.439018 0.763696 0.426788 0.761165 0.423414 0.753732 0.417721 0.751993 0.412028 0.745509 0.407178 0.744085 0.401484 0.739815 0.396845 0.737759 0.379344 0.740132 0.371753 0.748988 0.359733 0.751202 0.363951 0.757528 0.367325 0.763221 0.366481 0.777929 0.355938 0.787418 0.360999 0.799121 0.362896 0.808610 0.359312 0.808610 0.357836 0.826638 0.356571
0 0.833439 0.304698 0.076227 0.094467 0.813196 0.257465 0.807503 0.261260 0.802126 0.264634 0.801493 0.270327 0.798804 0.274755 0.795325 0.280027 0.795325 0.309126 0.798963 0.331056 0.802442 0.338647 0.819996 0.341177 0.828536 0.345184 0.834388 0.351932 0.842611 0.343075 0.856528 0.332954 0.862222 0.333586 0.866966 0.328737 0.869022 0.316928 0.871552 0.309337 0.869338 0.302800 0.858426 0.291414 0.856528 0.281292 0.849412 0.275177 0.838025 0.264845 0.830592 0.264845 0.822368 0.258519
0 0.889977 0.368906 0.083660 0.100582 0.858901 0.334219 0.856370 0.336538 0.853524 0.343708 0.851468 0.358468 0.848147 0.400219 0.849254 0.408232 0.853049 0.416034 0.858742 0.418564 0.868389 0.419197 0.876613 0.415401 0.884046 0.407810 0.897330 0.407389 0.916466 0.397056 0.919629 0.391363 0.924532 0.387989 0.927062 0.378079 0.929276 0.370909 0.931332 0.369011 0.931807 0.364162 0.926430 0.349823 0.920736 0.339491 0.911247 0.331056 0.900493 0.322411 0.890846 0.319669 0.881990 0.318615 0.873766 0.318615 0.868073 0.322411 0.867124 0.329369 0.862380 0.333797
0 0.963699 0.363529 0.069477 0.101215 0.931332 0.369222 0.946040 0.387357 0.955845 0.393893 0.965492 0.404015 0.969446 0.410130 0.977353 0.414136 0.986210 0.412660 0.991112 0.406967 0.996489 0.397900 0.997280 0.387567 0.996964 0.377446 0.998437 0.374271 0.998437 0.319248 0.989056 0.312922 0.988740 0.318615 0.987000 0.323887 0.980200 0.320513 0.978618 0.326628 0.961697 0.318615 0.949677 0.323465 0.937184 0.332321 0.928960 0.338858 0.944459 0.342654 0.944617 0.347082 0.933230 0.348979 0.948096 0.359312 0.939240 0.359101 0.942403 0.367957 0.932914 0.363740
0 0.962434 0.506600 0.072008 0.082869 0.928327 0.486041 0.926430 0.491523 0.929751 0.496373 0.930067 0.506284 0.936393 0.508603 0.937026 0.513453 0.955529 0.527159 0.971185 0.536648 0.986842 0.548035 0.994749 0.547191 0.998437 0.543185 0.998437 0.467063 0.995857 0.465165 0.997912 0.472546 0.996964 0.481191 0.988107 0.484565 0.985261 0.480348 0.968181 0.468961 0.958217 0.472335 0.949519 0.479926 0.940663 0.484565 0.938607 0.482245 0.933546 0.483089