0 0.305729 0.364254 0.086979 0.124380 0.296702 0.302065 0.288281 0.302778 0.273698 0.308681 0.267188 0.318750 0.262760 0.331944 0.262240 0.348611 0.262587 0.362481 0.273264 0.378801 0.283681 0.396856 0.295400 0.410398 0.303473 0.421162 0.314828 0.426444 0.326562 0.420833 0.332813 0.414931 0.339062 0.406250 0.344010 0.391667 0.346875 0.374653 0.348438 0.359375 0.349219 0.341667 0.344531 0.324306 0.333941 0.314912 0.325868 0.307967 0.312848 0.302759
0 0.340960 0.481845 0.088939 0.121875 0.331907 0.426463 0.325521 0.432292 0.318626 0.435838 0.304824 0.447991 0.297532 0.457713 0.296490 0.470213 0.302480 0.487574 0.310292 0.505283 0.321230 0.518477 0.327740 0.528894 0.337897 0.539658 0.351959 0.542783 0.365761 0.530283 0.376330 0.518527 0.383090 0.503968 0.385429 0.477623 0.384649 0.457864 0.378150 0.439492 0.365761 0.424380 0.354563 0.420908 0.343886 0.420908
0 0.400875 0.328262 0.081115 0.119097 0.407072 0.294061 0.404948 0.283681 0.399740 0.274306 0.386499 0.269061 0.379729 0.268714 0.372958 0.271492 0.365926 0.282255 0.361760 0.293367 0.360318 0.312848 0.363958 0.325674 0.370457 0.345433 0.372656 0.361458 0.374740 0.368750 0.380469 0.383681 0.390926 0.387811 0.404729 0.382255 0.413843 0.370797 0.420225 0.361988 0.423350 0.346363 0.429340 0.338030 0.439873 0.328794 0.441433 0.312848 0.431031 0.297186 0.423218 0.288158 0.414104 0.288158
0 0.461455 0.377870 0.086070 0.102302 0.456441 0.327760 0.443680 0.326719 0.437430 0.331580 0.432743 0.339219 0.428576 0.347899 0.427927 0.359576 0.427274 0.371163 0.426232 0.379149 0.421805 0.388177 0.419461 0.399635 0.418420 0.410746 0.422458 0.424507 0.428708 0.429021 0.440816 0.428802 0.453316 0.424982 0.465555 0.424288 0.477795 0.424288 0.485347 0.419427 0.498761 0.408534 0.504490 0.397423 0.503708 0.376590 0.496417 0.367909 0.492764 0.359903 0.486514 0.350180 0.477660 0.340458 0.469587 0.330736
0 0.546747 0.385225 0.072135 0.112883 0.523440 0.338159 0.514586 0.346145 0.510679 0.362117 0.511721 0.377742 0.514846 0.393367 0.520575 0.401006 0.529169 0.408298 0.540367 0.420103 0.551823 0.436111 0.565365 0.441667 0.571875 0.432639 0.574740 0.426042 0.574479 0.413889 0.572658 0.406214 0.580992 0.400312 0.582815 0.386770 0.582815 0.374270 0.582033 0.359339 0.573961 0.346839 0.569794 0.340242 0.561721 0.333645 0.548700 0.328784 0.541148 0.329478 0.530471 0.331214
0 0.607682 0.270249 0.094531 0.120612 0.575438 0.231124 0.563980 0.252999 0.560417 0.268403 0.562500 0.294444 0.569792 0.310764 0.578125 0.322222 0.594531 0.330556 0.618874 0.322550 0.639583 0.318056 0.648698 0.309028 0.654948 0.294444 0.649136 0.265151 0.642105 0.243276 0.633511 0.229388 0.621792 0.217929 0.608511 0.209943 0.597834 0.212026 0.588719 0.215151 0.582730 0.224179
0 0.625739 0.436076 0.081196 0.109722 0.601287 0.399618 0.595037 0.407604 0.591652 0.417326 0.588266 0.431215 0.585141 0.444062 0.588527 0.457951 0.595558 0.468715 0.604933 0.475312 0.615089 0.480173 0.623683 0.479132 0.632277 0.482257 0.642694 0.487118 0.653631 0.490937 0.663993 0.484903 0.666337 0.469972 0.666337 0.461639 0.664514 0.455389 0.663266 0.439896 0.662225 0.425659 0.659100 0.413854 0.654673 0.401701 0.645819 0.390937 0.636964 0.384340 0.628891 0.381215 0.619516 0.383298 0.608579 0.393021
0 0.587068 0.558220 0.077948 0.110746 0.578497 0.507556 0.573557 0.510329 0.568145 0.514306 0.562937 0.515000 0.553302 0.521250 0.550177 0.530278 0.550437 0.540000 0.548093 0.552500 0.550698 0.563611 0.554864 0.572986 0.562416 0.579584 0.570489 0.588611 0.582729 0.595903 0.590541 0.605278 0.600437 0.610834 0.611404 0.613593 0.623437 0.607639 0.623698 0.596181 0.625781 0.573611 0.626042 0.557639 0.626042 0.541319 0.623437 0.518750 0.612937 0.508403 0.600958 0.504236 0.587416 0.502847 0.581948 0.505972
0 0.719792 0.375147 0.069792 0.103872 0.726095 0.330312 0.717708 0.328419 0.711719 0.324253 0.704948 0.323211 0.698177 0.324947 0.692708 0.331197 0.689063 0.341961 0.687500 0.357586 0.685417 0.370833 0.684896 0.383681 0.684896 0.401042 0.685417 0.410417 0.689323 0.417708 0.696875 0.423958 0.705469 0.427083 0.716146 0.422222 0.725260 0.412847 0.737760 0.403819 0.747135 0.390625 0.754687 0.374653 0.753646 0.361458 0.750521 0.351389 0.744531 0.344097 0.736458 0.332292
0 0.799554 0.393576 0.077976 0.106597 0.765513 0.364602 0.762649 0.370157 0.760565 0.384741 0.763430 0.398630 0.769420 0.414255 0.778673 0.428961 0.784263 0.436477 0.792597 0.442727 0.809115 0.446875 0.820982 0.441338 0.828534 0.435782 0.832180 0.430921 0.835938 0.420486 0.838281 0.409028 0.838542 0.398264 0.838281 0.388542 0.838542 0.373611 0.836979 0.361458 0.832552 0.354514 0.827344 0.347917 0.819531 0.340278 0.808333 0.342361 0.797545 0.346894 0.788690 0.350713 0.781920 0.356269 0.773326 0.360435
0 0.805078 0.551736 0.087760 0.113889 0.813021 0.494792 0.804167 0.500347 0.795573 0.504167 0.783333 0.507292 0.772617 0.500493 0.768971 0.499798 0.765325 0.505354 0.764023 0.513687 0.762981 0.525145 0.761198 0.537153 0.763542 0.550347 0.766667 0.564236 0.769271 0.584028 0.773438 0.597222 0.781510 0.607639 0.790104 0.608681 0.799740 0.605208 0.807552 0.607639 0.817187 0.604514 0.825521 0.595833 0.834115 0.584028 0.842708 0.561458 0.848958 0.538542 0.846615 0.519444 0.839583 0.504514 0.827492 0.494953 0.820794 0.495979
0 0.948642 0.309489 0.101971 0.108105 0.947877 0.264169 0.939063 0.276389 0.926262 0.281877 0.917148 0.279099 0.907292 0.280556 0.900521 0.288542 0.897656 0.296875 0.899479 0.303819 0.901563 0.312500 0.907813 0.320486 0.911979 0.325694 0.915846 0.331530 0.923958 0.337500 0.931510 0.343750 0.937460 0.346460 0.945012 0.357571 0.953370 0.362897 0.966667 0.363542 0.973958 0.362847 0.980629 0.359712 0.990365 0.350694 0.994271 0.337500 0.996094 0.328472 0.997284 0.299614 0.999627 0.280517 0.998437 0.256944 0.983528 0.256477 0.977288 0.255437 0.961719 0.260069
0 0.219163 0.397672 0.087500 0.101030 0.181663 0.417979 0.175413 0.392284 0.177757 0.373534 0.193382 0.352701 0.205100 0.347493 0.216559 0.347158 0.227496 0.349935 0.243382 0.359298 0.253278 0.375965 0.262913 0.398187 0.259528 0.414172 0.255621 0.426312 0.249111 0.437423 0.236871 0.445757 0.223330 0.448187 0.210309 0.446810 0.197028 0.440908 0.186090 0.428743
0 0.113802 0.345139 0.079687 0.091667 0.088802 0.299306 0.076563 0.307986 0.073958 0.318750 0.074219 0.339236 0.078125 0.350000 0.079167 0.363542 0.079687 0.381597 0.081510 0.390972 0.094531 0.382639 0.106510 0.376736 0.110937 0.365972 0.125781 0.378819 0.133073 0.376736 0.145313 0.367014 0.151042 0.359028 0.153646 0.348264 0.150521 0.339583 0.143490 0.336111 0.134635 0.335764 0.122396 0.330903 0.116667 0.322917 0.112240 0.317014 0.105208 0.315625 0.096354 0.309375 0.093750 0.301042
0 0.107292 0.427604 0.089063 0.101042 0.107813 0.377778 0.091927 0.384028 0.083073 0.392014 0.078646 0.401736 0.073958 0.420139 0.071094 0.432639 0.065104 0.441319 0.062760 0.451736 0.064323 0.468403 0.069531 0.475000 0.077083 0.477778 0.088802 0.477778 0.101042 0.478125 0.115365 0.473611 0.131250 0.473611 0.138542 0.472222 0.147396 0.466667 0.151302 0.453819 0.151823 0.446528 0.146615 0.440972 0.136979 0.444097 0.136198 0.433333 0.136979 0.421875 0.134115 0.412153 0.128906 0.402083 0.124219 0.393750 0.119531 0.385417 0.115885 0.377083