0 0.231263 0.368171 0.091416 0.096819 0.205654 0.324948 0.196577 0.337050 0.192038 0.350882 0.187500 0.363849 0.185555 0.378544 0.193983 0.397562 0.203060 0.409665 0.217324 0.413987 0.225752 0.416580 0.237422 0.414851 0.246499 0.413122 0.262707 0.408800 0.267246 0.405342 0.273729 0.398427 0.276971 0.386324 0.271784 0.375951 0.264652 0.364713 0.258169 0.351746 0.251037 0.338779 0.247147 0.330999 0.237422 0.321490 0.228994 0.320626 0.217324 0.319761
0 0.182962 0.478389 0.088174 0.121888 0.179720 0.417445 0.162863 0.418309 0.153138 0.430411 0.147951 0.438192 0.142116 0.446836 0.138874 0.457210 0.141468 0.474499 0.151193 0.496974 0.156380 0.506483 0.163511 0.515992 0.175182 0.528095 0.186203 0.539333 0.193335 0.537604 0.201115 0.529824 0.206950 0.518586 0.212137 0.505619 0.217972 0.494381 0.222510 0.483143 0.225104 0.472770 0.227049 0.458074 0.224455 0.446836 0.219917 0.438192 0.215379 0.433005 0.206302 0.433005 0.200467 0.434734 0.194632 0.431276 0.186852 0.422631
0 0.109051 0.627075 0.092064 0.116701 0.100622 0.576504 0.098029 0.592929 0.097381 0.605896 0.109051 0.612811 0.119424 0.611082 0.128501 0.608489 0.139523 0.611082 0.147951 0.617998 0.154435 0.622320 0.155083 0.635287 0.146006 0.648254 0.135633 0.659492 0.121369 0.669001 0.105809 0.675916 0.094787 0.682832 0.087007 0.685425 0.077282 0.671594 0.072095 0.649118 0.066909 0.631829 0.064964 0.619727 0.063019 0.603302 0.063019 0.590335 0.066909 0.580826 0.074040 0.574775 0.081821 0.568724 0.091546 0.572182
0 0.393672 0.452887 0.076504 0.100277 0.403397 0.410529 0.389782 0.402749 0.378112 0.403613 0.367090 0.421767 0.363200 0.425225 0.358662 0.444243 0.355420 0.455481 0.357365 0.477092 0.365145 0.496110 0.375519 0.503026 0.383299 0.500432 0.393672 0.492652 0.405342 0.488330 0.400156 0.483143 0.400804 0.474499 0.413122 0.476228 0.414419 0.464125 0.414419 0.458074 0.422848 0.455481 0.428683 0.466719 0.431924 0.452887 0.426089 0.445107 0.419606 0.439920 0.413771 0.431276 0.411177 0.426089
0 0.406963 0.538468 0.083636 0.110650 0.424793 0.492652 0.408584 0.483143 0.398211 0.486601 0.387189 0.496110 0.374222 0.522044 0.371629 0.544519 0.367739 0.558351 0.365145 0.573911 0.370332 0.586878 0.378112 0.592929 0.388485 0.593793 0.399507 0.592929 0.415716 0.588607 0.424793 0.588607 0.437111 0.583420 0.445539 0.573046 0.448781 0.560944 0.448781 0.544519 0.445539 0.531553 0.441649 0.522908 0.437111 0.511670 0.433869 0.503026
0 0.522692 0.515560 0.071317 0.101141 0.518154 0.464990 0.504538 0.466719 0.490923 0.479685 0.487033 0.504754 0.487033 0.525501 0.487682 0.541926 0.496758 0.550571 0.501945 0.555757 0.512318 0.560080 0.521395 0.566131 0.532417 0.566131 0.538252 0.565266 0.545384 0.556622 0.552516 0.543655 0.556406 0.526366 0.557702 0.515128 0.558351 0.503026 0.557702 0.490923 0.550571 0.481414 0.544087 0.476228 0.530472 0.471041 0.527230 0.468447
0 0.649118 0.500432 0.080394 0.108921 0.653657 0.448565 0.647822 0.445972 0.629668 0.447701 0.619943 0.450294 0.611515 0.462396 0.608921 0.479685 0.608921 0.494381 0.612811 0.514263 0.627075 0.531553 0.636151 0.539333 0.651063 0.547977 0.664030 0.554893 0.673107 0.554893 0.678942 0.541062 0.681535 0.528095 0.686722 0.515992 0.689315 0.495246 0.686722 0.478821 0.683480 0.469312 0.676349 0.458074 0.669865 0.451158 0.662085 0.446836
0 0.692557 0.452455 0.071317 0.109786 0.656898 0.433005 0.656898 0.412258 0.661437 0.406207 0.666623 0.401020 0.680887 0.397562 0.704876 0.413987 0.719787 0.426954 0.726271 0.438192 0.728216 0.447701 0.727567 0.461532 0.717194 0.475363 0.711359 0.482279 0.700985 0.492652 0.696447 0.499568 0.689964 0.507348 0.688019 0.500432 0.686074 0.482279 0.683480 0.468447 0.679590 0.456345 0.667920 0.441649
0 0.663382 0.606328 0.082988 0.113243 0.638096 0.579962 0.627723 0.587742 0.623833 0.593793 0.621888 0.601573 0.629668 0.620591 0.640041 0.637016 0.649767 0.649983 0.657547 0.657763 0.667272 0.662950 0.678294 0.662085 0.682832 0.654305 0.689315 0.650847 0.695799 0.643932 0.702282 0.632694 0.704876 0.617998 0.702930 0.585149 0.697095 0.572182 0.693205 0.559215 0.686722 0.549706 0.681535 0.551435 0.672459 0.555757 0.668568 0.566131 0.656250 0.575640
0 0.756419 0.509941 0.070669 0.093361 0.756094 0.464990 0.740534 0.463261 0.728216 0.471905 0.724974 0.477092 0.721084 0.491788 0.721084 0.508212 0.721084 0.522044 0.721084 0.538468 0.724974 0.548842 0.733402 0.554028 0.745073 0.556622 0.759984 0.549706 0.771655 0.543655 0.781380 0.539333 0.789808 0.527230 0.791105 0.515992 0.791753 0.506483 0.789808 0.495246 0.784621 0.484872 0.779435 0.476228 0.774896 0.471041 0.764523 0.464990
0 0.884790 0.413122 0.088823 0.095090 0.860477 0.378544 0.844917 0.397562 0.841675 0.413987 0.840379 0.427818 0.840379 0.445107 0.849455 0.458074 0.862422 0.460667 0.879279 0.460667 0.890949 0.459803 0.911696 0.457210 0.922718 0.452023 0.929201 0.439056 0.927905 0.425225 0.921421 0.412258 0.913641 0.395833 0.907806 0.384595 0.897433 0.374222 0.889652 0.368171 0.870851 0.365577 0.865016 0.369900
0 0.824818 0.514696 0.062241 0.101141 0.853994 0.492652 0.853994 0.510806 0.855290 0.522908 0.855939 0.541062 0.855290 0.545384 0.853345 0.556622 0.847510 0.564402 0.839730 0.565266 0.832599 0.556622 0.822225 0.548842 0.814445 0.543655 0.807313 0.540197 0.801478 0.533281 0.793698 0.525501 0.795643 0.512535 0.800182 0.514263 0.800830 0.503890 0.798237 0.491788 0.810555 0.499568 0.815742 0.500432 0.815093 0.494381 0.807313 0.488330 0.802127 0.482279 0.794995 0.479685 0.796291 0.472770 0.803423 0.468447 0.813797 0.466719 0.831302 0.464125 0.839730 0.465854 0.848807 0.477956
0 0.897108 0.563970 0.082339 0.090768 0.916234 0.519450 0.924663 0.535010 0.928553 0.549706 0.938278 0.579098 0.937630 0.592064 0.936333 0.605031 0.932443 0.609353 0.918179 0.607624 0.905213 0.605031 0.893543 0.600709 0.878631 0.599844 0.870202 0.598980 0.859829 0.584284 0.857235 0.573911 0.855939 0.566995 0.867609 0.559215 0.870851 0.551435 0.877334 0.539333 0.886411 0.530688 0.892894 0.520315 0.905861 0.518586
0 0.855615 0.672891 0.083636 0.106328 0.837785 0.630965 0.824170 0.640474 0.816390 0.652576 0.813797 0.671594 0.823522 0.688019 0.839730 0.699257 0.855939 0.707901 0.866961 0.714817 0.882521 0.724326 0.889652 0.726055 0.896784 0.719139 0.897433 0.703579 0.897433 0.687154 0.895488 0.668136 0.892246 0.649983 0.890301 0.635287 0.883817 0.622320 0.877334 0.619727 0.876686 0.630965 0.870851 0.631829 0.862422 0.631829 0.851400 0.628371