0 0.649919 0.423954 0.093067 0.132631 0.641667 0.362847 0.630208 0.364931 0.620931 0.372506 0.614421 0.382576 0.604948 0.396875 0.603385 0.415972 0.606250 0.431597 0.619010 0.452431 0.630914 0.460682 0.642633 0.474224 0.650706 0.484987 0.662061 0.490270 0.673796 0.484659 0.680046 0.478756 0.686296 0.470076 0.687240 0.453819 0.690625 0.437847 0.693490 0.423264 0.696452 0.405492 0.691765 0.388131 0.685417 0.370833 0.677604 0.362153 0.662500 0.357639
0 0.672514 0.544264 0.088939 0.121875 0.663462 0.488882 0.657075 0.494710 0.650180 0.498257 0.636378 0.510410 0.629087 0.520132 0.628045 0.532632 0.634034 0.549993 0.641847 0.567701 0.652784 0.580896 0.659295 0.591312 0.669451 0.602076 0.683514 0.605201 0.697316 0.592701 0.707885 0.580946 0.714644 0.566387 0.716984 0.540042 0.716204 0.520283 0.709704 0.501911 0.697316 0.486799 0.686118 0.483326 0.675441 0.483326
0 0.713281 0.376215 0.080208 0.123264 0.725521 0.335069 0.721354 0.327431 0.712760 0.320833 0.705990 0.316667 0.697396 0.314583 0.689323 0.318403 0.682552 0.328125 0.675000 0.340972 0.673177 0.359028 0.686458 0.362500 0.687795 0.371352 0.694294 0.391110 0.696493 0.407136 0.698577 0.414428 0.692708 0.437847 0.705208 0.434375 0.719531 0.422569 0.731510 0.410764 0.736979 0.398611 0.741927 0.390278 0.748177 0.382292 0.753385 0.371528 0.752865 0.364236 0.748437 0.351042 0.742708 0.344444 0.734115 0.342361 0.731250 0.337153
0 0.782169 0.433124 0.081160 0.102302 0.779609 0.383015 0.766849 0.381973 0.760599 0.386834 0.754687 0.391667 0.747656 0.397222 0.741667 0.411111 0.741667 0.419792 0.742448 0.430556 0.744974 0.443431 0.742630 0.454890 0.741588 0.466001 0.745627 0.479761 0.751877 0.484275 0.763984 0.484056 0.776484 0.480237 0.788724 0.479542 0.799610 0.476211 0.806890 0.471358 0.814949 0.459572 0.820669 0.449519 0.822749 0.432187 0.819585 0.423164 0.815933 0.415157 0.813802 0.405208 0.811198 0.400000 0.802604 0.390972 0.792756 0.385990
0 0.866536 0.438889 0.077344 0.114583 0.841406 0.390278 0.828646 0.401389 0.849479 0.419097 0.829688 0.415278 0.839190 0.436429 0.827865 0.438194 0.828646 0.453472 0.834896 0.459722 0.845573 0.467014 0.854167 0.475347 0.867836 0.478790 0.879292 0.494798 0.892187 0.496181 0.899344 0.491325 0.902209 0.484728 0.901949 0.472575 0.900128 0.464901 0.903385 0.455556 0.898177 0.446528 0.904948 0.431250 0.905208 0.419444 0.901430 0.405526 0.897263 0.398929 0.890104 0.387847 0.876042 0.381597 0.863021 0.381944 0.851562 0.383333
0 0.940114 0.322049 0.114082 0.118403 0.903125 0.288194 0.892969 0.307986 0.884635 0.330208 0.883073 0.354167 0.895573 0.375000 0.911979 0.381250 0.932552 0.380556 0.957702 0.376832 0.978412 0.372337 0.987526 0.363310 0.995075 0.355273 0.997155 0.340020 0.993255 0.325114 0.988316 0.308476 0.980933 0.297558 0.972339 0.283669 0.960621 0.272211 0.947339 0.264225 0.936198 0.262847 0.925000 0.264583 0.911458 0.271528
0 0.951339 0.489931 0.094196 0.111111 0.920387 0.458366 0.914137 0.466352 0.910752 0.476074 0.907366 0.489963 0.904241 0.502810 0.907627 0.516699 0.914658 0.527463 0.924033 0.534060 0.934189 0.538921 0.942783 0.537880 0.952865 0.537153 0.962760 0.540625 0.976302 0.543750 0.985938 0.545486 0.998437 0.545139 0.998437 0.475347 0.994531 0.466667 0.990885 0.459375 0.985417 0.450694 0.981250 0.443403 0.975000 0.438542 0.966927 0.434375 0.959115 0.435069 0.947991 0.439963 0.938616 0.442046 0.927679 0.451769
0 0.909245 0.618281 0.099740 0.110868 0.903233 0.567678 0.895833 0.566319 0.888021 0.567708 0.880469 0.572917 0.874219 0.578125 0.866146 0.584375 0.861719 0.597569 0.859375 0.612500 0.866927 0.625694 0.874219 0.637153 0.883854 0.645486 0.895225 0.648733 0.907465 0.656025 0.919044 0.663538 0.928906 0.665972 0.936140 0.673715 0.949479 0.671528 0.952865 0.668750 0.959115 0.653819 0.957031 0.629514 0.955208 0.615278 0.954167 0.592708 0.950260 0.572917 0.938802 0.562847 0.925694 0.564358 0.912152 0.562969 0.906684 0.566094
0 0.526617 0.451338 0.072505 0.106148 0.491406 0.467014 0.491146 0.455903 0.490365 0.443403 0.490365 0.420486 0.504948 0.406250 0.513281 0.398264 0.521615 0.399653 0.529167 0.403125 0.536250 0.398975 0.552135 0.408338 0.558450 0.425723 0.562869 0.447215 0.559230 0.463854 0.556370 0.472867 0.547270 0.486386 0.536979 0.502083 0.526212 0.504412 0.515032 0.499212 0.505153 0.493666 0.498653 0.486733 0.496875 0.479861
0 0.399870 0.397727 0.076823 0.103851 0.380729 0.348611 0.373177 0.356250 0.367762 0.363510 0.365625 0.379861 0.363021 0.396528 0.361458 0.415972 0.366667 0.427778 0.383594 0.449653 0.392708 0.436111 0.402604 0.428125 0.401042 0.412500 0.414062 0.415972 0.416146 0.393403 0.426302 0.417708 0.432552 0.409722 0.437760 0.400347 0.438281 0.395486 0.432292 0.390278 0.428646 0.386458 0.425260 0.383681 0.420833 0.380208 0.416199 0.375663 0.410470 0.367677 0.406043 0.361774 0.399012 0.360385 0.394531 0.353472 0.387553 0.345802
0 0.407102 0.476910 0.081629 0.103819 0.404687 0.425000 0.395313 0.434375 0.386600 0.446604 0.382173 0.456326 0.377486 0.474729 0.374621 0.487229 0.368631 0.495909 0.366288 0.506326 0.367850 0.522992 0.374219 0.526736 0.382552 0.528819 0.394271 0.526389 0.407552 0.526042 0.419531 0.525000 0.431250 0.522222 0.437500 0.519097 0.442708 0.511806 0.443229 0.505208 0.447917 0.500000 0.445833 0.493403 0.444792 0.490625 0.445052 0.486806 0.444531 0.480903 0.444010 0.473611 0.442188 0.466319 0.439583 0.456597 0.433594 0.446181 0.429167 0.437847 0.415104 0.427431
0 0.247813 0.321715 0.085795 0.095674 0.210635 0.297797 0.204916 0.315822 0.206216 0.328648 0.210895 0.345634 0.225194 0.358806 0.239493 0.368859 0.253533 0.369552 0.267188 0.362153 0.278646 0.355556 0.290710 0.352220 0.290365 0.341667 0.287760 0.326389 0.279687 0.312153 0.269010 0.296181 0.256912 0.278038 0.243393 0.273878 0.230914 0.273878 0.220775 0.281158
0 0.207114 0.424801 0.084541 0.114185 0.181771 0.453125 0.171094 0.442708 0.164844 0.424306 0.166667 0.403472 0.172917 0.386806 0.182031 0.368056 0.198177 0.367708 0.201288 0.388646 0.219227 0.385526 0.228586 0.381020 0.240286 0.391766 0.249385 0.411178 0.249125 0.428510 0.243925 0.441336 0.231966 0.455895 0.219227 0.471147 0.205968 0.481893 0.198698 0.471875 0.190365 0.463542
0 0.142187 0.565799 0.085937 0.105903 0.099219 0.530903 0.114062 0.512847 0.125521 0.520139 0.113281 0.528472 0.111719 0.545139 0.123177 0.546875 0.140885 0.544792 0.153385 0.552431 0.166146 0.561458 0.173437 0.552431 0.185156 0.556597 0.183333 0.571875 0.176302 0.582986 0.158073 0.597569 0.141406 0.611806 0.128385 0.618750 0.116667 0.617014 0.110937 0.608681