0 0.185234 0.369583 0.067031 0.070000 0.157656 0.351667 0.163906 0.343333 0.174844 0.335000 0.187812 0.334583 0.196563 0.343750 0.218125 0.380208 0.218750 0.391042 0.211406 0.396667 0.197813 0.401458 0.183281 0.404583 0.169219 0.404583 0.162969 0.398750 0.156562 0.387083 0.151719 0.378125 0.151719 0.367292 0.153750 0.359375
0 0.147812 0.448229 0.064062 0.086042 0.143281 0.405208 0.143906 0.412917 0.149531 0.420833 0.165000 0.418333 0.165938 0.413542 0.167813 0.413958 0.178125 0.425833 0.179062 0.430833 0.179844 0.440208 0.178437 0.450417 0.173125 0.458333 0.164375 0.472083 0.159844 0.481458 0.153438 0.489375 0.146094 0.491250 0.139375 0.483958 0.129531 0.469375 0.120000 0.455208 0.117188 0.448333 0.115781 0.438333 0.116406 0.431458 0.122031 0.416667 0.131250 0.406458
0 0.094688 0.550417 0.068125 0.082083 0.081250 0.512500 0.078125 0.520000 0.077031 0.532708 0.089688 0.537917 0.101719 0.535208 0.117656 0.547708 0.122812 0.546458 0.122188 0.541667 0.126719 0.541667 0.128750 0.546250 0.123281 0.558958 0.085312 0.589583 0.077187 0.591458 0.072188 0.589583 0.067344 0.583750 0.065625 0.576875 0.060937 0.538333 0.060625 0.523333 0.069687 0.511250 0.075625 0.509375
0 0.298984 0.497813 0.064844 0.077708 0.279062 0.490833 0.267344 0.516458 0.266562 0.523333 0.268750 0.530208 0.275000 0.534167 0.282031 0.536667 0.317031 0.534792 0.327188 0.528750 0.328750 0.520833 0.331406 0.510000 0.323594 0.480417 0.319844 0.469167 0.314219 0.460833 0.305781 0.458958 0.298281 0.461667 0.291875 0.464583 0.287031 0.471458 0.279687 0.481667
0 0.297578 0.433021 0.057656 0.074375 0.285000 0.396250 0.272656 0.413125 0.272969 0.424167 0.268750 0.433958 0.268750 0.450000 0.273281 0.454375 0.273594 0.461250 0.277500 0.467917 0.280938 0.470208 0.287500 0.469792 0.292031 0.464167 0.301875 0.460000 0.297969 0.457708 0.297344 0.452917 0.301719 0.451458 0.306250 0.452708 0.312969 0.460833 0.321250 0.452083 0.326406 0.435833 0.314531 0.428125 0.307812 0.419167 0.299063 0.413958 0.296563 0.400417 0.292344 0.395833
0 0.386641 0.484479 0.057656 0.078125 0.359687 0.461458 0.357812 0.496875 0.365156 0.511458 0.384219 0.522708 0.389688 0.523542 0.404219 0.507708 0.407969 0.507708 0.415469 0.488958 0.414844 0.473125 0.410313 0.459583 0.406562 0.454583 0.399375 0.450208 0.381094 0.445417 0.374688 0.445833 0.369844 0.449583 0.362031 0.455833
0 0.466797 0.472083 0.058594 0.088750 0.437500 0.448750 0.437500 0.474583 0.445469 0.487083 0.455781 0.497292 0.467500 0.513333 0.475000 0.516458 0.482812 0.516250 0.488125 0.500833 0.495937 0.461458 0.496094 0.450833 0.493438 0.439375 0.490313 0.434583 0.482500 0.430000 0.469531 0.427708 0.460781 0.430208 0.450156 0.430417 0.444219 0.433958 0.440000 0.441042
0 0.521875 0.439583 0.055000 0.088750 0.507812 0.395833 0.499844 0.406042 0.494375 0.418333 0.501250 0.473125 0.504219 0.481875 0.511250 0.483958 0.520469 0.478125 0.546094 0.447292 0.548906 0.437500 0.549375 0.425833 0.543750 0.419167 0.538438 0.421875 0.532813 0.416250 0.527969 0.405208 0.520937 0.398958 0.515625 0.395208
0 0.483437 0.553646 0.060937 0.088125 0.482812 0.515417 0.477656 0.517708 0.463906 0.532292 0.458281 0.530417 0.455781 0.535833 0.452969 0.551875 0.466563 0.578542 0.474062 0.588958 0.484375 0.597708 0.493750 0.596458 0.500469 0.587708 0.506094 0.583958 0.511562 0.576458 0.513437 0.568333 0.513906 0.558125 0.513906 0.542708 0.511094 0.528958 0.507500 0.521042 0.502969 0.512708 0.497344 0.509583 0.491406 0.509583 0.488438 0.511250
0 0.566484 0.482812 0.059844 0.076875 0.541250 0.465833 0.540469 0.483125 0.537344 0.488333 0.536562 0.504167 0.537031 0.511458 0.541094 0.519167 0.547500 0.521250 0.553750 0.520208 0.559063 0.516875 0.574844 0.516042 0.581094 0.511875 0.590000 0.503333 0.594844 0.493125 0.596406 0.480833 0.593594 0.474375 0.585156 0.459792 0.574219 0.448542 0.564063 0.444375 0.554219 0.444792 0.548281 0.453125
0 0.624844 0.489792 0.051875 0.078750 0.601250 0.492083 0.611563 0.507083 0.621563 0.517500 0.633906 0.529167 0.641719 0.527708 0.644219 0.522708 0.644219 0.512708 0.643906 0.501458 0.646563 0.494583 0.650000 0.487083 0.650781 0.472500 0.648438 0.467292 0.644531 0.458958 0.638594 0.454583 0.630781 0.450417 0.616406 0.451250 0.611563 0.452708 0.605469 0.457708 0.600938 0.462917 0.598906 0.469167 0.604688 0.474167 0.603437 0.483125 0.598906 0.482292 0.605000 0.487292 0.604531 0.492500
0 0.649062 0.614167 0.054062 0.081667 0.622031 0.591250 0.635781 0.577708 0.641563 0.577500 0.656094 0.580000 0.657188 0.573333 0.662031 0.573333 0.672969 0.581875 0.675781 0.589583 0.676094 0.646042 0.672344 0.652917 0.668281 0.655000 0.663594 0.653125 0.632656 0.633333 0.625156 0.625417 0.622031 0.615208
0 0.678906 0.530104 0.058125 0.081458 0.650312 0.531458 0.649844 0.546458 0.662188 0.560208 0.677187 0.562500 0.694844 0.570833 0.702500 0.570417 0.707500 0.565208 0.707969 0.547083 0.704844 0.541875 0.705000 0.531458 0.701562 0.511458 0.697813 0.503333 0.692187 0.495833 0.683906 0.489375 0.678125 0.491250 0.668281 0.502292 0.659375 0.510833 0.654844 0.521042
0 0.671016 0.413854 0.064531 0.080208 0.670937 0.453958 0.677187 0.450833 0.691250 0.450208 0.699062 0.445417 0.703281 0.439375 0.703281 0.419583 0.692812 0.395833 0.688594 0.387292 0.680469 0.378958 0.672500 0.374583 0.663594 0.373750 0.656562 0.379167 0.648750 0.385833 0.642188 0.395208 0.640156 0.401667 0.638750 0.416250 0.639219 0.426042 0.640781 0.437083 0.649219 0.448333 0.657969 0.450833
0 0.738906 0.485000 0.054688 0.072083 0.716250 0.462708 0.713750 0.472292 0.711562 0.500833 0.712656 0.512083 0.717656 0.517917 0.723281 0.517917 0.731250 0.521042 0.737500 0.520208 0.743437 0.512708 0.757969 0.501458 0.762500 0.492708 0.760781 0.487917 0.766250 0.479167 0.763906 0.471458 0.758437 0.464583 0.754531 0.461250 0.744688 0.457917 0.740781 0.456042 0.736875 0.449583 0.727812 0.448958 0.721094 0.451667 0.717656 0.457500
0 0.794063 0.504271 0.054375 0.074375 0.766875 0.488333 0.768594 0.503958 0.772031 0.516875 0.777969 0.523542 0.782188 0.532292 0.790781 0.540000 0.797344 0.541458 0.808594 0.535208 0.817500 0.526458 0.820156 0.509583 0.821250 0.496875 0.820156 0.480833 0.815312 0.471458 0.808594 0.467083 0.788594 0.477083 0.787500 0.485208 0.775625 0.481875
0 0.798828 0.614792 0.060469 0.077917 0.779844 0.575833 0.786094 0.586667 0.801562 0.585208 0.805000 0.578750 0.819063 0.582917 0.826094 0.589792 0.829063 0.603958 0.825937 0.618958 0.816094 0.642292 0.804844 0.653750 0.782969 0.653333 0.776563 0.645833 0.773750 0.636667 0.772031 0.622292 0.768594 0.598958 0.769531 0.588542 0.776875 0.576875
0 0.896368 0.462725 0.069088 0.068243 0.879730 0.434234 0.864189 0.440315 0.861824 0.445270 0.863851 0.455856 0.871959 0.468694 0.882095 0.482432 0.889189 0.483784 0.892905 0.488288 0.904730 0.496847 0.916047 0.495946 0.922128 0.482883 0.924155 0.463514 0.930912 0.447748 0.930236 0.432432 0.925000 0.428604 0.900338 0.429505 0.889189 0.442117 0.883784 0.440766 0.881250 0.437838
0 0.955574 0.389077 0.066554 0.082207 0.924831 0.388514 0.922297 0.394144 0.922635 0.399550 0.930236 0.410811 0.938851 0.414189 0.955574 0.421396 0.968581 0.428378 0.983446 0.430180 0.988851 0.415991 0.988007 0.400676 0.987669 0.387613 0.986993 0.372748 0.985980 0.364640 0.980405 0.355631 0.972128 0.347973 0.967568 0.348423 0.962162 0.354505 0.959122 0.359009 0.943919 0.369820 0.944426 0.401126
0 0.969320 0.509003 0.058235 0.086025 0.942905 0.493243 0.940203 0.503829 0.944426 0.516441 0.985811 0.551351 0.998437 0.552016 0.998437 0.466441 0.983108 0.465991 0.968243 0.472973 0.964189 0.478153 0.961486 0.481532