0 0.135186 0.318899 0.103989 0.097412 0.104522 0.278726 0.099723 0.285125 0.090124 0.301479 0.087457 0.310011 0.084258 0.319966 0.083191 0.337031 0.087457 0.348407 0.095456 0.355518 0.103456 0.360495 0.116788 0.363339 0.125853 0.366894 0.136519 0.367605 0.151984 0.363339 0.163183 0.361206 0.177048 0.358362 0.185580 0.351251 0.187180 0.341297 0.183980 0.328498 0.175981 0.317833 0.166382 0.307878 0.159450 0.298635 0.149317 0.287258 0.139185 0.277304 0.130119 0.271615 0.121587 0.270193 0.111988 0.270904
0 0.095990 0.457551 0.094923 0.115899 0.069859 0.399602 0.066126 0.403157 0.054394 0.417378 0.049595 0.426621 0.048528 0.438709 0.049595 0.455774 0.054927 0.464306 0.061860 0.470705 0.076259 0.484215 0.082125 0.492036 0.088524 0.497725 0.095990 0.506257 0.101856 0.513367 0.107722 0.515501 0.119454 0.513367 0.129586 0.492747 0.132786 0.473549 0.139185 0.452929 0.143451 0.440131 0.143451 0.427332 0.130653 0.415956 0.123187 0.410267 0.119987 0.410267 0.106122 0.426621 0.098656 0.428754 0.088524 0.426621 0.081591 0.410978 0.079991 0.401735
0 0.043195 0.610779 0.082125 0.083902 0.002133 0.570250 0.002666 0.588737 0.003733 0.597270 0.007466 0.611490 0.012799 0.625711 0.015465 0.632110 0.018665 0.640643 0.022931 0.647753 0.029330 0.652730 0.041062 0.649886 0.052794 0.641354 0.068793 0.632110 0.084258 0.616468 0.081058 0.613623 0.070392 0.607935 0.060260 0.602247 0.054394 0.598692 0.042662 0.602958 0.031997 0.605802 0.024531 0.607935 0.020798 0.605091 0.019731 0.593003 0.024531 0.582338 0.024531 0.577361 0.015465 0.568828 0.009599 0.568828
0 0.309034 0.421288 0.075192 0.095990 0.279437 0.373294 0.274637 0.391780 0.272504 0.401735 0.271438 0.415245 0.271971 0.433020 0.277304 0.447952 0.282637 0.458618 0.289036 0.466439 0.294902 0.469283 0.302368 0.469283 0.308234 0.465728 0.311433 0.460751 0.318899 0.455774 0.322632 0.453641 0.333298 0.447241 0.339697 0.440842 0.344497 0.432309 0.346630 0.426621 0.329032 0.418800 0.324232 0.414534 0.318899 0.410978 0.313033 0.405290 0.306634 0.394625 0.301301 0.385381 0.295435 0.377560 0.289036 0.373294
0 0.324499 0.515501 0.080525 0.103811 0.318366 0.464306 0.307167 0.468572 0.302368 0.479238 0.297568 0.489903 0.294902 0.501991 0.290636 0.519767 0.286903 0.532565 0.284236 0.543942 0.284770 0.554608 0.292235 0.565984 0.297568 0.567406 0.306634 0.567406 0.316233 0.565273 0.326898 0.563851 0.341297 0.559585 0.350896 0.554608 0.359962 0.546075 0.364761 0.533987 0.364761 0.523322 0.359962 0.511945 0.355695 0.504835 0.351429 0.494881 0.346630 0.487770 0.338631 0.476394 0.333831 0.469283 0.327432 0.463595
0 0.439420 0.498080 0.076792 0.108788 0.417022 0.449374 0.407956 0.455774 0.402624 0.470705 0.401024 0.490614 0.404224 0.501991 0.406890 0.514790 0.410623 0.524744 0.417555 0.531143 0.421822 0.536121 0.427688 0.542520 0.433554 0.547497 0.438887 0.551052 0.447419 0.552474 0.453818 0.548208 0.457551 0.536121 0.461817 0.523322 0.468750 0.513367 0.473549 0.503413 0.477282 0.489192 0.477816 0.477816 0.475683 0.465017 0.467683 0.455774 0.458084 0.447952 0.451152 0.446530 0.441553 0.444397 0.431421 0.443686 0.422888 0.445108
0 0.562340 0.506968 0.086924 0.108077 0.521544 0.465728 0.518878 0.474261 0.518878 0.484215 0.521544 0.497014 0.527944 0.511234 0.533810 0.518345 0.545542 0.528299 0.550875 0.537543 0.557274 0.545364 0.567406 0.558163 0.572206 0.559585 0.579138 0.561007 0.588204 0.554608 0.589804 0.543231 0.594603 0.526877 0.596736 0.512656 0.598869 0.504835 0.603669 0.487059 0.605802 0.471416 0.604735 0.465017 0.601536 0.460751 0.589804 0.457196 0.578605 0.457196 0.572206 0.457196 0.562607 0.457196 0.551941 0.454352 0.545009 0.452929 0.533276 0.457196
0 0.576205 0.588737 0.080525 0.100967 0.535943 0.583049 0.539676 0.595848 0.547675 0.606513 0.551941 0.613623 0.561007 0.624289 0.569539 0.632821 0.576472 0.637088 0.588737 0.639221 0.596203 0.632821 0.601003 0.625711 0.609002 0.620734 0.614334 0.611490 0.615934 0.600114 0.616468 0.587315 0.616468 0.575939 0.615934 0.571672 0.615401 0.563140 0.612201 0.549630 0.609535 0.544653 0.603669 0.538254 0.601003 0.543942 0.597270 0.548919 0.590870 0.552474 0.585538 0.559585 0.571672 0.568828 0.566873 0.569539 0.564740 0.576650 0.561007 0.581627 0.553541 0.581627 0.550875 0.576650 0.548741 0.572383
0 0.622600 0.416667 0.071992 0.112344 0.606335 0.360495 0.596736 0.366894 0.589804 0.374005 0.587137 0.385381 0.586604 0.407423 0.586604 0.425910 0.588737 0.433732 0.595670 0.440131 0.601536 0.441553 0.607935 0.445819 0.607935 0.454352 0.607402 0.467150 0.605802 0.472838 0.616468 0.468572 0.629799 0.459329 0.640465 0.445819 0.649531 0.440842 0.655397 0.430176 0.658596 0.417378 0.656463 0.410978 0.648464 0.406712 0.644198 0.400313 0.637799 0.389647 0.633532 0.383248 0.627666 0.377560 0.623400 0.373294 0.615401 0.368316
0 0.681794 0.481015 0.075192 0.101678 0.672462 0.430176 0.664996 0.432309 0.655397 0.439420 0.650064 0.447952 0.646864 0.464306 0.644198 0.479949 0.644198 0.496303 0.644731 0.511945 0.647398 0.524033 0.650064 0.528299 0.654863 0.531143 0.664996 0.531854 0.678861 0.528299 0.683660 0.524033 0.692726 0.520478 0.702325 0.511234 0.712991 0.501280 0.718323 0.492036 0.719390 0.475683 0.716190 0.461462 0.711924 0.454352 0.703392 0.446530 0.696992 0.444397 0.691660 0.442264 0.685794 0.434443 0.678861 0.430887
0 0.758319 0.485637 0.068259 0.100967 0.728989 0.446530 0.726323 0.452929 0.724189 0.468572 0.724189 0.480660 0.729522 0.491325 0.739121 0.506257 0.746587 0.513367 0.755653 0.523322 0.764185 0.531143 0.771118 0.536121 0.779650 0.531143 0.782850 0.504124 0.783383 0.497014 0.787116 0.479238 0.790849 0.463595 0.792449 0.450085 0.791382 0.445819 0.779117 0.437998 0.773784 0.435154 0.767918 0.441553 0.765785 0.447952 0.754053 0.447241 0.744454 0.440842 0.734855 0.440842
0 0.771118 0.631755 0.072526 0.088879 0.736988 0.610068 0.734855 0.622156 0.738055 0.635666 0.746587 0.643487 0.755653 0.649886 0.761519 0.655575 0.770584 0.663396 0.781250 0.672639 0.788183 0.676195 0.797248 0.676195 0.803114 0.661974 0.805781 0.639932 0.807381 0.622156 0.807381 0.602247 0.806847 0.590159 0.800981 0.587315 0.795115 0.593714 0.792449 0.604380 0.785516 0.611490 0.772184 0.605802 0.761519 0.597270 0.756186 0.596559 0.746054 0.601536 0.741254 0.604380
0 0.820446 0.538609 0.079458 0.098834 0.780717 0.543231 0.783383 0.552474 0.791916 0.561718 0.797248 0.565984 0.805247 0.570961 0.814313 0.572383 0.821246 0.574516 0.830311 0.580205 0.838844 0.586604 0.848443 0.588026 0.856442 0.580205 0.859642 0.568828 0.860175 0.561718 0.858042 0.552474 0.856975 0.547497 0.856975 0.529721 0.856442 0.509812 0.852176 0.497725 0.843110 0.492747 0.834044 0.489192 0.836177 0.499858 0.831911 0.504835 0.822846 0.509101 0.812713 0.511945 0.808980 0.515501 0.804714 0.526166 0.799381 0.533276 0.786583 0.533987 0.783916 0.533987
0 0.829245 0.385381 0.084258 0.102389 0.818046 0.339164 0.806847 0.353385 0.799381 0.366894 0.790849 0.383959 0.787116 0.394625 0.787649 0.408134 0.791916 0.419511 0.798848 0.429465 0.812180 0.434443 0.824445 0.436576 0.832978 0.436576 0.843643 0.436576 0.857509 0.436576 0.866041 0.435154 0.869241 0.430176 0.870307 0.420222 0.871374 0.410978 0.871374 0.401735 0.871374 0.390358 0.870307 0.373294 0.866574 0.361917 0.859642 0.351251 0.852176 0.340586 0.842577 0.335609 0.833511 0.334187