0 0.093906 0.317500 0.082500 0.082917 0.070781 0.277708 0.088281 0.276042 0.095937 0.278333 0.104688 0.286875 0.118906 0.303125 0.135000 0.326042 0.135156 0.341042 0.130469 0.345625 0.118281 0.348958 0.102031 0.350417 0.079531 0.358958 0.074219 0.356875 0.062187 0.346875 0.058437 0.344375 0.052656 0.326458 0.053125 0.315833 0.055937 0.300417 0.062969 0.289167
0 0.076172 0.433021 0.071406 0.084792 0.056563 0.390625 0.059375 0.404167 0.064375 0.416250 0.070625 0.419167 0.076250 0.418750 0.082187 0.408542 0.088281 0.392083 0.111406 0.404167 0.111875 0.420625 0.107344 0.433333 0.103125 0.457500 0.100937 0.465000 0.094219 0.473750 0.085781 0.475417 0.070000 0.456875 0.053594 0.442292 0.042969 0.424375 0.040938 0.414583 0.040469 0.402292 0.046094 0.395833 0.049688 0.391250
0 0.048906 0.538333 0.057500 0.043750 0.020156 0.516458 0.038125 0.519375 0.033125 0.540833 0.043594 0.553125 0.045469 0.543333 0.056563 0.542917 0.059062 0.533542 0.077656 0.546042 0.069062 0.553542 0.062344 0.559583 0.052812 0.560208 0.047500 0.558333 0.030000 0.540625 0.025000 0.530625 0.021563 0.523125
0 0.232891 0.409688 0.057656 0.056875 0.206094 0.381250 0.212031 0.386458 0.214062 0.391458 0.218281 0.391875 0.225625 0.396667 0.224062 0.400000 0.228594 0.410833 0.232344 0.413125 0.242031 0.408125 0.244375 0.407083 0.249219 0.415000 0.261719 0.416250 0.253906 0.425625 0.245781 0.428750 0.237031 0.433125 0.236875 0.436667 0.229687 0.438125 0.218750 0.432500 0.216250 0.425417 0.209687 0.413125 0.205469 0.401042 0.204062 0.391250
0 0.251094 0.474792 0.059062 0.082083 0.249688 0.433750 0.248906 0.443958 0.251250 0.450000 0.260625 0.456875 0.263281 0.475000 0.266406 0.481042 0.275625 0.481250 0.277969 0.493125 0.280625 0.503125 0.276094 0.508750 0.263437 0.512500 0.251094 0.513958 0.240469 0.515833 0.228281 0.515000 0.221563 0.506042 0.222500 0.494375 0.225312 0.483542 0.226875 0.463750 0.229844 0.452083 0.234375 0.441875 0.242813 0.434375
0 0.336406 0.474062 0.061875 0.094375 0.305469 0.456667 0.312500 0.485625 0.319219 0.490833 0.329844 0.516667 0.335781 0.521250 0.342813 0.519583 0.356875 0.493333 0.367031 0.465208 0.367344 0.452500 0.362656 0.442708 0.354219 0.435208 0.342969 0.430000 0.327813 0.426875 0.316562 0.430000 0.310625 0.438333 0.306406 0.447708
0 0.416953 0.498646 0.063594 0.084792 0.385156 0.474583 0.386406 0.501250 0.406250 0.521875 0.420937 0.540000 0.427500 0.541042 0.435000 0.540000 0.439063 0.532708 0.442969 0.524167 0.448437 0.476458 0.448750 0.464792 0.441719 0.456250 0.443750 0.463750 0.444062 0.476875 0.437812 0.477500 0.430156 0.474583 0.420312 0.470417 0.414687 0.480625 0.410781 0.481667 0.405781 0.477500 0.399375 0.468333 0.395469 0.468958
0 0.446562 0.544271 0.053437 0.075625 0.419844 0.555833 0.427969 0.540833 0.435781 0.540208 0.441406 0.528542 0.447031 0.529375 0.448437 0.523958 0.451562 0.522500 0.451406 0.511250 0.449375 0.508958 0.456406 0.506458 0.457344 0.507917 0.460938 0.508750 0.468281 0.519375 0.471562 0.532917 0.473281 0.546250 0.473281 0.558125 0.468125 0.575625 0.460625 0.575417 0.455469 0.582083 0.450313 0.582083 0.438125 0.576875 0.428281 0.568958 0.422656 0.561875
0 0.481016 0.418542 0.063281 0.079167 0.457500 0.378958 0.453594 0.384375 0.453281 0.397083 0.449375 0.402500 0.450000 0.415417 0.457344 0.436042 0.459531 0.446875 0.465313 0.455625 0.471406 0.458125 0.476719 0.456875 0.489844 0.446458 0.490156 0.444167 0.502500 0.435625 0.507969 0.430000 0.512656 0.419792 0.512188 0.413958 0.506094 0.410000 0.507031 0.416250 0.500469 0.425833 0.496563 0.425000 0.491250 0.416042 0.488125 0.410000 0.487812 0.401042 0.471875 0.384167 0.465938 0.380417
0 0.528984 0.467917 0.060469 0.082083 0.517188 0.426875 0.508750 0.434375 0.507188 0.440625 0.504531 0.444375 0.503750 0.459792 0.498906 0.483125 0.498750 0.499167 0.501250 0.506250 0.509375 0.508958 0.517813 0.508750 0.522344 0.504375 0.535781 0.502083 0.547656 0.497500 0.554688 0.491875 0.558594 0.484375 0.559219 0.476875 0.543594 0.458125 0.542656 0.451250 0.520625 0.434583
0 0.596484 0.473438 0.055781 0.081458 0.584375 0.436458 0.585000 0.439583 0.592344 0.451458 0.599062 0.445833 0.601875 0.439792 0.601562 0.432708 0.615938 0.433125 0.624375 0.451875 0.623437 0.469167 0.613125 0.492083 0.614531 0.505208 0.612187 0.511875 0.608906 0.513750 0.604375 0.514167 0.598437 0.512917 0.570937 0.477083 0.570156 0.466458 0.568594 0.450000 0.570156 0.444375 0.575156 0.439792 0.580156 0.438125
0 0.614687 0.585729 0.055000 0.062292 0.587187 0.562292 0.587500 0.582500 0.592969 0.591250 0.607812 0.601875 0.622031 0.615625 0.628594 0.616875 0.634687 0.611042 0.637500 0.606250 0.639844 0.591250 0.642188 0.558750 0.633594 0.559375 0.623750 0.554792 0.622656 0.556667 0.618125 0.573333 0.612500 0.573125 0.607969 0.568750 0.602344 0.561875 0.601250 0.556250 0.598437 0.554583
0 0.648125 0.515000 0.058125 0.086250 0.619062 0.517917 0.619062 0.529375 0.630312 0.544375 0.642969 0.545833 0.663438 0.558125 0.673594 0.557292 0.677187 0.549792 0.676875 0.495833 0.674687 0.491250 0.672656 0.489792 0.671875 0.483750 0.667969 0.476667 0.661250 0.471875 0.658125 0.473125 0.653906 0.477083 0.653281 0.496250 0.645156 0.502708 0.635313 0.501042
0 0.651563 0.406354 0.073125 0.096042 0.615156 0.399583 0.615000 0.417708 0.631875 0.443750 0.640313 0.445000 0.671719 0.454375 0.679844 0.454375 0.684844 0.449375 0.688125 0.442708 0.687656 0.413542 0.684063 0.388750 0.678438 0.374583 0.668438 0.360208 0.656719 0.358333 0.641250 0.365208 0.635313 0.372708 0.625312 0.385000
0 0.729922 0.435312 0.060156 0.083958 0.710469 0.405000 0.700313 0.439167 0.699844 0.456458 0.702344 0.460625 0.708281 0.463125 0.708906 0.469583 0.715000 0.476250 0.725625 0.477292 0.760000 0.453750 0.757969 0.436042 0.754063 0.435000 0.750156 0.431875 0.747656 0.426458 0.747656 0.437708 0.742188 0.441875 0.729844 0.441250 0.728437 0.438333 0.728125 0.432708 0.733281 0.413958 0.740313 0.413333 0.737969 0.407917 0.735000 0.398958 0.736406 0.395625 0.734687 0.393333 0.716406 0.396458
0 0.789609 0.470417 0.061094 0.067917 0.760625 0.456667 0.759062 0.472083 0.761406 0.481875 0.770469 0.497292 0.778594 0.503333 0.787500 0.504375 0.790937 0.501458 0.797344 0.497708 0.802187 0.497708 0.813906 0.480625 0.813438 0.472500 0.818281 0.469792 0.820000 0.463125 0.820156 0.445000 0.818437 0.436458 0.807188 0.447083 0.791719 0.455000 0.782500 0.463542 0.772031 0.456250 0.774375 0.449583 0.767031 0.448125
0 0.763828 0.601354 0.056094 0.071458 0.750781 0.571458 0.747344 0.575625 0.746719 0.588125 0.747656 0.593958 0.750938 0.597500 0.756563 0.596667 0.757500 0.593542 0.765625 0.593125 0.772656 0.587917 0.772656 0.581250 0.776094 0.588125 0.785313 0.599583 0.791875 0.600833 0.788125 0.613125 0.772656 0.633750 0.766406 0.637083 0.759219 0.636458 0.752656 0.632500 0.744531 0.626250 0.735781 0.614583 0.736094 0.571458 0.740781 0.565625
0 0.918047 0.466875 0.077656 0.048750 0.879531 0.445417 0.881563 0.450625 0.880937 0.462083 0.879219 0.465833 0.881563 0.469167 0.900469 0.484167 0.904375 0.484583 0.909844 0.490833 0.920625 0.491250 0.930156 0.488125 0.932344 0.483333 0.950469 0.468333 0.953906 0.460833 0.956875 0.454167 0.956563 0.446250 0.950625 0.450000 0.949687 0.463125 0.945625 0.466458 0.929531 0.455208 0.927344 0.450000 0.919687 0.449583 0.904219 0.464583 0.900938 0.463750 0.898125 0.457917 0.898750 0.442500 0.890469 0.445625
0 0.972578 0.552292 0.051719 0.070833 0.946719 0.531458 0.946875 0.538333 0.951875 0.542917 0.963906 0.563125 0.968125 0.572917 0.976094 0.583750 0.985000 0.587708 0.991250 0.584792 0.996094 0.582500 0.998437 0.578036 0.998437 0.521667 0.995156 0.525625 0.993125 0.526042 0.977656 0.516875 0.970625 0.522292 0.956563 0.529375