0 0.220320 0.438546 0.097745 0.108447 0.185003 0.400495 0.199272 0.384323 0.202840 0.384323 0.216396 0.385274 0.224244 0.390982 0.234946 0.401446 0.244934 0.410959 0.254209 0.423326 0.264198 0.435693 0.267052 0.445205 0.269192 0.458524 0.264912 0.469939 0.254209 0.477549 0.237800 0.480403 0.224244 0.488965 0.209261 0.491819 0.197132 0.492770 0.188570 0.487062 0.176441 0.474696 0.172160 0.464231 0.172160 0.452816 0.171447 0.444254 0.173587 0.434741 0.179295 0.422374 0.182149 0.410959
0 0.188213 0.595510 0.089184 0.110350 0.176441 0.540335 0.181436 0.556507 0.186430 0.568874 0.189997 0.572679 0.201413 0.562215 0.211401 0.542237 0.218536 0.545091 0.227098 0.548896 0.231378 0.561263 0.232805 0.583143 0.226384 0.605974 0.223530 0.623097 0.222103 0.636416 0.213542 0.644026 0.208547 0.650685 0.196418 0.650685 0.185003 0.639269 0.172160 0.627854 0.160031 0.621195 0.153610 0.611682 0.148616 0.599315 0.143622 0.582192 0.143622 0.560312 0.145049 0.547945 0.158604 0.543189 0.165739 0.542237
0 0.133633 0.747241 0.071347 0.059932 0.169307 0.748668 0.156464 0.756279 0.150043 0.765791 0.142908 0.773402 0.132206 0.777207 0.117937 0.770548 0.106521 0.747717 0.101527 0.738204 0.098673 0.730594 0.097959 0.724886 0.099386 0.717275 0.112942 0.717275 0.121504 0.719178 0.125071 0.741058 0.129352 0.752473 0.132920 0.757230 0.142908 0.757230 0.150043 0.752473 0.157178 0.743912
0 0.403325 0.541762 0.078482 0.090373 0.376926 0.496575 0.391909 0.497527 0.409033 0.526065 0.416167 0.534627 0.419021 0.545091 0.427583 0.549848 0.435431 0.549848 0.442566 0.553653 0.435431 0.569825 0.426869 0.575533 0.414740 0.584094 0.403325 0.586948 0.381207 0.585046 0.369078 0.573630 0.364084 0.555556 0.364084 0.545091 0.364084 0.531773 0.366224 0.514650 0.368365 0.504186
0 0.424729 0.638794 0.082763 0.107496 0.427583 0.585046 0.409033 0.586948 0.396904 0.599315 0.391909 0.612633 0.386915 0.641172 0.384775 0.656393 0.384775 0.666857 0.383348 0.684932 0.401184 0.692542 0.424729 0.689688 0.444706 0.682078 0.451127 0.678272 0.460402 0.670662 0.466110 0.660198 0.460402 0.652588 0.454695 0.638318 0.451127 0.625000 0.441852 0.606925 0.437571 0.594559
0 0.542095 0.625476 0.084903 0.118912 0.533176 0.566020 0.516767 0.575533 0.503211 0.585046 0.499643 0.605023 0.503211 0.622146 0.513913 0.640221 0.529609 0.665906 0.539598 0.674467 0.546019 0.681126 0.552440 0.684932 0.558148 0.683980 0.565996 0.675419 0.569563 0.661149 0.573131 0.644026 0.577412 0.630708 0.582406 0.616438 0.584546 0.604072 0.584546 0.592656 0.583119 0.585046 0.575985 0.575533 0.568850 0.570776 0.556007 0.566020 0.542451 0.566020
0 0.679795 0.654490 0.089184 0.097032 0.640910 0.605974 0.645191 0.619292 0.650899 0.620244 0.663741 0.619292 0.672303 0.609779 0.687999 0.619292 0.703696 0.619292 0.707977 0.613584 0.718679 0.610731 0.724386 0.619292 0.720106 0.647831 0.715825 0.663052 0.711544 0.678272 0.709404 0.687785 0.704409 0.698250 0.692280 0.703006 0.677297 0.686834 0.656607 0.664954 0.648759 0.649734 0.638770 0.635464 0.635916 0.625951 0.635203 0.615487
0 0.687286 0.712043 0.081336 0.080860 0.646618 0.717275 0.660888 0.733447 0.667309 0.742009 0.678724 0.752473 0.697275 0.752473 0.711544 0.743912 0.723673 0.729642 0.727954 0.712519 0.727954 0.698250 0.725813 0.688737 0.716538 0.671613 0.712257 0.686834 0.704409 0.700152 0.686572 0.709665 0.678724 0.724886 0.668736 0.716324 0.662314 0.708714 0.656607 0.715373
0 0.736159 0.531298 0.083476 0.107496 0.707977 0.477549 0.697275 0.487062 0.694421 0.501332 0.695848 0.520358 0.699415 0.545091 0.699415 0.559361 0.705836 0.573630 0.712257 0.576484 0.718679 0.584094 0.726527 0.585046 0.735802 0.571728 0.746504 0.565068 0.757920 0.564117 0.770049 0.555556 0.777897 0.546994 0.777897 0.542237 0.766481 0.529871 0.760773 0.519406 0.758633 0.512747 0.751498 0.502283 0.743650 0.493721 0.735088 0.488014 0.722246 0.482306 0.715111 0.478501
0 0.792880 0.599315 0.077055 0.106545 0.785031 0.546994 0.765054 0.555556 0.760060 0.564117 0.757920 0.585997 0.755779 0.610731 0.754352 0.624049 0.754352 0.636416 0.760773 0.649734 0.772902 0.652588 0.783604 0.645928 0.790739 0.642123 0.806436 0.635464 0.829267 0.614536 0.831407 0.593607 0.829267 0.583143 0.820705 0.574581 0.812143 0.563166 0.805009 0.552702 0.793593 0.546043
0 0.873145 0.737728 0.077768 0.075152 0.834974 0.715373 0.834261 0.723935 0.839255 0.736301 0.854238 0.753425 0.863513 0.763889 0.873502 0.770548 0.886344 0.775304 0.897046 0.772451 0.906321 0.751522 0.909889 0.730594 0.912029 0.711568 0.912029 0.700152 0.902041 0.700152 0.899187 0.720129 0.892765 0.728691 0.879209 0.715373 0.869934 0.704909 0.864940 0.708714 0.852811 0.714422 0.844963 0.716324
0 0.929866 0.644502 0.087043 0.097983 0.886344 0.651636 0.899187 0.664003 0.908462 0.670662 0.920591 0.681126 0.933433 0.687785 0.944849 0.691591 0.956264 0.693493 0.969820 0.684932 0.973388 0.665906 0.973388 0.646880 0.971961 0.637367 0.969820 0.625951 0.966966 0.616438 0.961259 0.605974 0.956264 0.599315 0.949843 0.595510 0.941281 0.600266 0.961259 0.616438 0.951983 0.625951 0.934147 0.627854 0.926299 0.629756 0.922018 0.639269 0.914883 0.648782 0.902041 0.647831 0.894192 0.644026
0 0.868507 0.595510 0.075628 0.100837 0.863513 0.547945 0.849957 0.552702 0.836401 0.559361 0.830693 0.568874 0.840682 0.583143 0.849244 0.589802 0.859946 0.610731 0.852098 0.607877 0.838542 0.596461 0.848530 0.613584 0.860659 0.628805 0.874929 0.642123 0.883490 0.645928 0.890625 0.644977 0.893479 0.635464 0.899900 0.611682 0.906321 0.585997 0.905608 0.569825 0.902041 0.559361 0.896333 0.549848 0.888485 0.545091 0.890625 0.566971 0.872075 0.552702
0 0.949843 0.504661 0.097032 0.111301 0.907748 0.497527 0.902754 0.507991 0.901327 0.521309 0.907748 0.535578 0.921304 0.545091 0.932720 0.548896 0.941281 0.554604 0.966966 0.556507 0.974814 0.557458 0.986943 0.560312 0.991938 0.559361 0.997646 0.542237 0.995505 0.522260 0.997646 0.498478 0.998359 0.486111 0.994078 0.470890 0.986230 0.463280 0.974814 0.454718 0.959832 0.449011 0.943422 0.465183 0.937001 0.466134 0.933433 0.478501 0.931293 0.489916 0.924872 0.497527