0 0.124611 0.509077 0.089471 0.072614 0.080524 0.472770 0.080524 0.486601 0.079876 0.491788 0.085711 0.504754 0.094787 0.517721 0.101919 0.530688 0.108402 0.537604 0.118128 0.544519 0.129149 0.545384 0.142116 0.537604 0.153786 0.528959 0.165456 0.515128 0.169346 0.500432 0.164160 0.498703 0.160270 0.508212 0.152490 0.510806 0.136929 0.500432 0.132391 0.497839 0.124611 0.502161 0.113589 0.505619 0.105809 0.499568 0.103216 0.491788 0.099326 0.485737 0.088304 0.477092
0 0.146655 0.598115 0.080394 0.103734 0.133688 0.546248 0.124611 0.551435 0.117479 0.559215 0.115534 0.579962 0.111644 0.619727 0.106457 0.632694 0.110996 0.642203 0.121369 0.649983 0.131094 0.649983 0.146006 0.648254 0.163511 0.643932 0.173885 0.637880 0.186852 0.631829 0.181665 0.598980 0.167401 0.596387 0.156380 0.585149 0.153138 0.569589 0.150545 0.562673
0 0.265625 0.581259 0.086229 0.123617 0.244554 0.523772 0.232235 0.535010 0.227049 0.541062 0.223159 0.547113 0.222510 0.556622 0.225752 0.570453 0.230290 0.584284 0.235477 0.597251 0.242609 0.610218 0.252334 0.628371 0.258169 0.637880 0.271136 0.643067 0.278916 0.639609 0.287993 0.621456 0.293179 0.608489 0.299663 0.591200 0.304850 0.570453 0.308740 0.552299 0.305498 0.544519 0.298366 0.537604 0.288641 0.526366 0.280861 0.522908 0.269839 0.519450 0.253631 0.519450
0 0.372925 0.598980 0.084284 0.115837 0.347640 0.564402 0.361904 0.576504 0.369035 0.572182 0.374222 0.563537 0.383947 0.565266 0.390430 0.567860 0.396914 0.567860 0.405991 0.560080 0.408584 0.548842 0.408584 0.541062 0.415067 0.567860 0.411177 0.598115 0.412474 0.617133 0.409232 0.631829 0.405342 0.646525 0.400156 0.653441 0.389782 0.656898 0.380705 0.651712 0.363849 0.638745 0.350882 0.628371 0.337267 0.618862 0.334025 0.604167 0.330783 0.593793 0.330783 0.579098 0.330783 0.573046
0 0.416688 0.660788 0.073262 0.102870 0.380057 0.680239 0.400156 0.699257 0.422199 0.712223 0.433869 0.700121 0.448781 0.689748 0.453320 0.675916 0.452671 0.660356 0.450078 0.645660 0.448781 0.637880 0.445539 0.627507 0.441001 0.619727 0.432573 0.611082 0.426089 0.609353 0.422199 0.609353 0.424144 0.630100 0.418957 0.636151 0.411177 0.637016 0.404694 0.650847 0.398859 0.656034 0.393024 0.657763 0.385892 0.663814
0 0.453644 0.489627 0.082339 0.101141 0.424793 0.439056 0.420902 0.448565 0.413122 0.462396 0.412474 0.475363 0.416364 0.490059 0.424144 0.507348 0.427386 0.521179 0.435166 0.540197 0.442946 0.538468 0.452023 0.535010 0.463045 0.523772 0.476011 0.513399 0.487033 0.501297 0.494813 0.491788 0.494165 0.482279 0.485737 0.481414 0.482495 0.490059 0.474066 0.488330 0.466935 0.470176 0.463045 0.461532 0.453320 0.452023 0.448133 0.443378 0.439056 0.439056
0 0.524961 0.550138 0.083636 0.106328 0.509077 0.496974 0.496758 0.504754 0.488978 0.515992 0.485737 0.530688 0.485088 0.553164 0.483143 0.567860 0.484440 0.586013 0.488330 0.598980 0.500648 0.603302 0.514263 0.598115 0.527230 0.588607 0.542142 0.583420 0.559647 0.573046 0.566779 0.560080 0.557702 0.554028 0.551219 0.541926 0.542790 0.528959 0.533065 0.518586 0.523989 0.507348
0 0.608273 0.544952 0.068724 0.101141 0.590768 0.503890 0.599196 0.509077 0.601789 0.513399 0.611515 0.510806 0.614108 0.498703 0.616053 0.494381 0.630316 0.494381 0.641338 0.507348 0.642635 0.524637 0.639393 0.554893 0.632261 0.578233 0.632910 0.588607 0.623833 0.595522 0.605679 0.590335 0.590768 0.569589 0.579746 0.557486 0.575207 0.547113 0.573911 0.532417 0.579098 0.510806 0.584284 0.504754
0 0.636151 0.689315 0.068724 0.076936 0.608273 0.658627 0.601789 0.671594 0.601789 0.681103 0.608273 0.696663 0.621888 0.705308 0.630316 0.713088 0.642635 0.722597 0.656898 0.727784 0.665327 0.719139 0.668568 0.700985 0.667920 0.680239 0.669217 0.664678 0.670513 0.651712 0.653008 0.650847 0.647173 0.652576 0.641987 0.667272 0.641338 0.674187 0.629668 0.664678 0.623833 0.656034 0.616053 0.655169
0 0.681859 0.593361 0.074559 0.104599 0.689315 0.541062 0.702282 0.550571 0.706821 0.559215 0.717842 0.578233 0.713304 0.598980 0.715249 0.614540 0.719139 0.630965 0.712656 0.644796 0.704227 0.645660 0.669865 0.632694 0.650415 0.620591 0.645877 0.605896 0.644580 0.599844 0.658195 0.590335 0.660140 0.582555 0.663382 0.578233 0.679590 0.571317 0.684777 0.566131
0 0.681211 0.448565 0.095306 0.117566 0.666623 0.398427 0.674404 0.390647 0.688667 0.389782 0.707469 0.396698 0.723677 0.445972 0.728864 0.471041 0.726919 0.484872 0.723029 0.496974 0.715249 0.504754 0.699689 0.507348 0.677645 0.503890 0.654305 0.501297 0.645228 0.487465 0.636151 0.467583 0.633558 0.452023 0.636151 0.435598 0.645877 0.415716 0.654305 0.403613
0 0.769710 0.487033 0.070021 0.101141 0.772303 0.447701 0.771655 0.466719 0.775545 0.484872 0.789808 0.490059 0.802127 0.479685 0.804720 0.496974 0.795643 0.510806 0.778138 0.524637 0.766468 0.535010 0.753501 0.537604 0.747666 0.524637 0.739886 0.516857 0.734699 0.504754 0.735996 0.484872 0.740534 0.456345 0.746369 0.445107 0.751556 0.439056 0.773600 0.436463
0 0.846214 0.521611 0.072614 0.080394 0.811203 0.496974 0.809907 0.516857 0.812500 0.528959 0.818335 0.546248 0.828060 0.556622 0.836489 0.561808 0.854642 0.560080 0.867609 0.540197 0.878631 0.519450 0.881872 0.502161 0.882521 0.490923 0.876037 0.481414 0.869554 0.485737 0.850752 0.494381 0.845565 0.502161 0.835840 0.509941
0 0.827736 0.691476 0.074559 0.098548 0.813148 0.656034 0.810555 0.672459 0.815093 0.683696 0.819632 0.689748 0.844917 0.675916 0.865016 0.687154 0.864367 0.705308 0.851400 0.726919 0.841675 0.739886 0.833247 0.740750 0.817038 0.732970 0.806665 0.728648 0.800182 0.717410 0.793050 0.699257 0.790456 0.669001 0.794346 0.649118 0.795643 0.642203