0 0.178019 0.344427 0.096749 0.100619 0.165441 0.294118 0.156250 0.298633 0.145124 0.308308 0.141738 0.313467 0.132546 0.331527 0.129644 0.345072 0.130611 0.361842 0.135933 0.374742 0.143189 0.383772 0.154799 0.388932 0.165925 0.393447 0.171246 0.394737 0.184791 0.394737 0.194950 0.387642 0.205108 0.384417 0.219621 0.381192 0.226393 0.372807 0.226393 0.360552 0.223974 0.350232 0.218653 0.341202 0.209462 0.329592 0.200271 0.319917 0.192531 0.312822 0.186242 0.306373 0.181889 0.303148 0.174632 0.297988
0 0.138351 0.485681 0.093847 0.113519 0.110294 0.428922 0.100619 0.434082 0.091912 0.447626 0.091428 0.463751 0.099652 0.486971 0.108843 0.497291 0.114648 0.502451 0.121904 0.510191 0.128676 0.523091 0.136416 0.531476 0.143673 0.538571 0.148510 0.540506 0.155766 0.542441 0.163022 0.534701 0.169311 0.520511 0.171246 0.510836 0.173665 0.496001 0.178502 0.483746 0.182856 0.472781 0.185275 0.459881 0.185275 0.448271 0.180921 0.440531 0.174632 0.437307 0.168344 0.434727 0.161571 0.436017 0.155766 0.446981 0.149961 0.453431 0.139803 0.457301 0.131579 0.448271 0.128676 0.435372 0.128676 0.430857 0.120937 0.429567
0 0.083204 0.631127 0.084172 0.084494 0.047891 0.590815 0.043537 0.595975 0.041118 0.603715 0.043053 0.610810 0.049826 0.625000 0.052245 0.634675 0.055147 0.644350 0.059501 0.655960 0.063371 0.665635 0.068692 0.670795 0.073529 0.673375 0.089977 0.669505 0.102554 0.661765 0.113197 0.654025 0.121904 0.646285 0.125290 0.640480 0.116583 0.635320 0.105457 0.629515 0.099168 0.624355 0.090944 0.625000 0.076432 0.632095 0.070627 0.633385 0.066757 0.630805 0.064338 0.616615 0.067724 0.605005 0.068692 0.600490 0.062887 0.592750 0.053696 0.588880
0 0.348055 0.446981 0.078851 0.096749 0.327012 0.398607 0.321207 0.406347 0.314919 0.419892 0.309114 0.430212 0.308630 0.445691 0.310565 0.466331 0.319272 0.476651 0.322659 0.481811 0.325561 0.491486 0.331850 0.494711 0.336204 0.495356 0.343460 0.494066 0.353135 0.489551 0.364261 0.482456 0.377806 0.470201 0.385062 0.462461 0.387481 0.457946 0.386997 0.450206 0.372485 0.451496 0.365712 0.446336 0.361358 0.442466 0.352651 0.432792 0.348297 0.425052 0.343460 0.416667 0.340074 0.406992 0.335720 0.401832
0 0.361600 0.542441 0.081753 0.103199 0.360391 0.490841 0.352167 0.492131 0.342009 0.506966 0.336687 0.514706 0.330399 0.528251 0.328464 0.541796 0.324110 0.559211 0.320724 0.572755 0.323142 0.582430 0.327980 0.588880 0.333301 0.592750 0.344911 0.594040 0.357488 0.592105 0.369582 0.590815 0.383611 0.588235 0.394737 0.584365 0.401993 0.572110 0.402477 0.548891 0.397639 0.535991 0.389416 0.518576 0.382643 0.505031 0.375871 0.497291 0.371033 0.492776
0 0.478909 0.528573 0.076432 0.110294 0.456656 0.476651 0.447949 0.491486 0.442144 0.506321 0.440693 0.518576 0.442628 0.531476 0.448433 0.548891 0.455205 0.559211 0.461978 0.563725 0.467783 0.569530 0.474071 0.576625 0.480360 0.581785 0.488100 0.583720 0.492937 0.582430 0.500677 0.570175 0.507450 0.550826 0.514222 0.532121 0.517125 0.513416 0.515673 0.500516 0.505998 0.485681 0.498259 0.477941 0.480844 0.473426 0.467783 0.474071
0 0.602748 0.544053 0.086107 0.102554 0.565499 0.501161 0.562113 0.510191 0.559694 0.523091 0.564532 0.536636 0.576625 0.555986 0.584849 0.565015 0.593557 0.572110 0.601780 0.580495 0.608069 0.588235 0.612906 0.593395 0.622581 0.595330 0.628870 0.585010 0.635159 0.572110 0.639029 0.555341 0.643382 0.534701 0.645801 0.516641 0.644834 0.505031 0.642899 0.497936 0.634191 0.494711 0.625000 0.494066 0.622098 0.494066 0.612906 0.496646 0.605166 0.497291 0.596943 0.495356 0.590170 0.492776 0.579044 0.494066 0.573239 0.497291
0 0.615325 0.625322 0.078367 0.097394 0.576142 0.617260 0.580012 0.630805 0.584365 0.639835 0.592105 0.648865 0.599845 0.657895 0.607585 0.667570 0.620163 0.674020 0.627419 0.673375 0.633224 0.665635 0.636126 0.659830 0.640964 0.658540 0.649671 0.650155 0.654509 0.631450 0.652574 0.616615 0.652574 0.599845 0.651122 0.583720 0.642899 0.576625 0.638061 0.580495 0.632256 0.588235 0.626935 0.594685 0.618228 0.601135 0.611939 0.609520 0.607585 0.618550 0.601780 0.623065 0.596459 0.617260 0.594040 0.610810 0.592105 0.607585 0.583882 0.607585 0.579044 0.611455
0 0.664425 0.451819 0.074981 0.115454 0.640964 0.394092 0.637094 0.396027 0.627902 0.410862 0.626935 0.425697 0.627902 0.446981 0.630805 0.465686 0.634191 0.477296 0.642899 0.479231 0.648704 0.485036 0.650639 0.488906 0.645801 0.494711 0.643382 0.499871 0.646769 0.509546 0.655960 0.507611 0.669021 0.490196 0.673375 0.484391 0.689338 0.474716 0.696594 0.466331 0.701916 0.454076 0.698046 0.448271 0.687887 0.439886 0.684985 0.433437 0.681598 0.425697 0.675793 0.419892 0.668053 0.412152 0.660313 0.405057 0.651122 0.400542 0.643866 0.399252
0 0.722233 0.517286 0.077399 0.101909 0.710139 0.466331 0.696594 0.470201 0.688854 0.479876 0.687403 0.494066 0.686920 0.518576 0.684017 0.531476 0.683533 0.543731 0.683533 0.557276 0.687887 0.565015 0.694659 0.568240 0.703367 0.568240 0.711591 0.565660 0.719814 0.563080 0.729005 0.560501 0.743518 0.552761 0.758030 0.537281 0.760933 0.526316 0.760449 0.508901 0.757546 0.492131 0.746904 0.484391 0.732875 0.474716 0.726103 0.470846 0.714977 0.467621
0 0.795762 0.521478 0.072562 0.101264 0.787539 0.476651 0.774961 0.477941 0.768189 0.484391 0.762868 0.492776 0.759481 0.506321 0.765286 0.524381 0.773994 0.535991 0.785604 0.545666 0.788990 0.555341 0.795762 0.559856 0.803986 0.568885 0.811726 0.572110 0.818498 0.572110 0.820917 0.565660 0.821885 0.554051 0.824303 0.540506 0.826722 0.523091 0.829625 0.511481 0.831560 0.495356 0.832043 0.484391 0.822852 0.474716 0.816080 0.470846 0.813177 0.472781 0.808824 0.481811 0.798181 0.487616
0 0.809549 0.672407 0.074981 0.084494 0.772543 0.645640 0.772059 0.653380 0.773510 0.663055 0.784152 0.678535 0.792860 0.686275 0.801567 0.692079 0.810275 0.698529 0.814628 0.703689 0.818982 0.710139 0.825271 0.714654 0.833495 0.714654 0.838816 0.707559 0.843170 0.698529 0.845588 0.687564 0.847039 0.674665 0.847039 0.659830 0.844137 0.645640 0.843170 0.637900 0.840751 0.631450 0.830592 0.630160 0.829141 0.637900 0.829141 0.647575 0.821885 0.650800 0.807856 0.642415 0.799632 0.635965 0.794795 0.634030 0.784636 0.639190 0.779315 0.643060
0 0.860584 0.576948 0.082237 0.098684 0.819466 0.581785 0.824303 0.594040 0.834946 0.605650 0.847523 0.612745 0.859133 0.615325 0.864938 0.619195 0.873162 0.623710 0.885255 0.625645 0.894930 0.626290 0.898317 0.618550 0.901219 0.606295 0.900735 0.592105 0.900735 0.581140 0.901703 0.565660 0.898317 0.548891 0.890577 0.540506 0.879934 0.530186 0.876548 0.527606 0.877515 0.534701 0.877999 0.537926 0.869292 0.544376 0.858166 0.547601 0.850909 0.552761 0.842686 0.556631 0.833011 0.570175 0.828173 0.577270 0.823820 0.578560
0 0.874371 0.424407 0.097233 0.108359 0.825755 0.431502 0.827206 0.449561 0.835913 0.460526 0.849458 0.470201 0.862519 0.474716 0.877032 0.476006 0.888642 0.476651 0.900252 0.478586 0.912829 0.477941 0.921053 0.469556 0.922988 0.454721 0.922020 0.441176 0.916215 0.416667 0.913313 0.404412 0.907991 0.394737 0.901703 0.383772 0.890093 0.374742 0.879450 0.370227 0.866873 0.372162 0.860584 0.378612 0.852844 0.388287 0.841235 0.404412 0.830592 0.418602
0 0.932179 0.485359 0.083204 0.098684 0.926374 0.436017 0.934114 0.438596 0.942337 0.447626 0.947659 0.456011 0.951529 0.463751 0.956366 0.470846 0.963622 0.474716 0.970878 0.476006 0.973781 0.488906 0.971846 0.496646 0.954915 0.510836 0.947659 0.518576 0.940402 0.526961 0.933630 0.532121 0.922504 0.534701 0.905573 0.532766 0.899768 0.525671 0.894447 0.518576 0.890577 0.505031 0.891060 0.489551 0.892028 0.479876 0.896382 0.477941 0.909443 0.477941 0.915731 0.475361 0.922504 0.470846 0.928309 0.464396 0.927825 0.452786 0.926374 0.443756