0 0.369382 0.268181 0.072174 0.082804 0.365065 0.226779 0.352068 0.234096 0.336472 0.265673 0.333295 0.279536 0.335894 0.293014 0.343692 0.298791 0.347447 0.306108 0.354844 0.305000 0.362187 0.309583 0.380938 0.299792 0.397500 0.298542 0.404687 0.291458 0.405469 0.280000 0.378750 0.238333
0 0.346094 0.370938 0.065313 0.093542 0.344219 0.324167 0.329531 0.325417 0.316875 0.340833 0.313437 0.349167 0.314375 0.361875 0.318594 0.378333 0.347500 0.411250 0.353906 0.417708 0.359063 0.415417 0.366563 0.407083 0.370312 0.382292 0.378750 0.363750 0.376406 0.342917 0.368594 0.335208 0.366563 0.335208 0.363594 0.339583 0.359063 0.344583 0.356250 0.345000 0.351719 0.340417
0 0.308828 0.484583 0.060469 0.079583 0.304531 0.453333 0.289062 0.444792 0.284531 0.447917 0.285156 0.452292 0.278594 0.459167 0.280313 0.481875 0.285156 0.494375 0.285312 0.504792 0.289687 0.518333 0.296563 0.524375 0.305938 0.522292 0.315937 0.511875 0.335469 0.495417 0.335469 0.488958 0.338750 0.485625 0.339062 0.481458 0.326250 0.471667 0.323906 0.473542 0.321094 0.477917 0.310312 0.480417 0.305000 0.466042
0 0.498594 0.338125 0.060000 0.079583 0.475312 0.303750 0.484687 0.298750 0.499219 0.298333 0.508750 0.311250 0.509687 0.316875 0.516406 0.326875 0.525938 0.336250 0.528594 0.335625 0.527656 0.347292 0.523438 0.355833 0.511250 0.360417 0.507031 0.363333 0.503125 0.370833 0.492969 0.376875 0.484531 0.377917 0.480312 0.373333 0.477500 0.363958 0.468906 0.352292 0.468594 0.330208 0.475156 0.310417
0 0.514844 0.408229 0.062187 0.085625 0.502969 0.371250 0.496094 0.379792 0.491094 0.391458 0.483750 0.433333 0.483750 0.443125 0.487500 0.447708 0.496719 0.451042 0.502812 0.449792 0.509687 0.449792 0.516875 0.446458 0.530469 0.445000 0.543906 0.434792 0.545937 0.415417 0.541406 0.400417 0.542188 0.392500 0.534062 0.375625 0.530469 0.371042 0.519688 0.366042 0.511250 0.365417
0 0.602031 0.389479 0.060625 0.085625 0.599375 0.346667 0.583281 0.353542 0.575937 0.368542 0.571875 0.379375 0.571719 0.397500 0.574688 0.407917 0.582500 0.417292 0.606406 0.431875 0.617031 0.432292 0.624375 0.418333 0.625781 0.409375 0.627500 0.404167 0.630625 0.401042 0.632344 0.372292 0.627500 0.360208 0.622969 0.355000 0.620937 0.352708 0.615625 0.349375
0 0.703047 0.386667 0.070781 0.087500 0.667656 0.365625 0.668438 0.383125 0.673281 0.392292 0.682188 0.402292 0.690000 0.415000 0.699688 0.417917 0.707188 0.428125 0.713750 0.430417 0.722500 0.426667 0.727500 0.418750 0.728125 0.405625 0.730000 0.401042 0.730781 0.386667 0.733125 0.379792 0.733906 0.371042 0.738438 0.365417 0.735000 0.349375 0.728125 0.343542 0.719844 0.342917 0.710313 0.346042 0.700781 0.342917 0.697187 0.344167 0.694219 0.343333 0.688125 0.348750 0.680781 0.349375 0.678281 0.349792 0.677656 0.354792 0.671875 0.356875
0 0.709922 0.459167 0.064531 0.082083 0.713906 0.429792 0.708906 0.438333 0.709688 0.444792 0.701875 0.448542 0.691719 0.441667 0.683594 0.447708 0.677969 0.454167 0.677656 0.461667 0.695156 0.489167 0.707188 0.498750 0.717031 0.500208 0.726094 0.488958 0.735000 0.486875 0.740625 0.472500 0.741875 0.461667 0.742188 0.454167 0.741250 0.438333 0.739375 0.427500 0.731406 0.418125 0.727500 0.418125 0.722969 0.426667
0 0.740859 0.323125 0.060469 0.085417 0.714219 0.332917 0.712812 0.327292 0.710625 0.313750 0.710938 0.302917 0.716250 0.289792 0.727187 0.282292 0.735313 0.280417 0.759844 0.298542 0.761719 0.307083 0.771094 0.314167 0.771094 0.332292 0.738750 0.365833 0.735938 0.348958 0.727500 0.343125 0.743594 0.343125 0.740938 0.339167 0.736719 0.337292
0 0.788906 0.374479 0.063750 0.081875 0.772500 0.336250 0.761250 0.349792 0.757031 0.405208 0.761250 0.414375 0.777031 0.415417 0.784219 0.408542 0.796406 0.406042 0.810469 0.399167 0.817812 0.388333 0.817500 0.377917 0.820312 0.377917 0.820781 0.370417 0.813281 0.350208 0.805312 0.341875 0.795781 0.335833 0.785625 0.333542
0 0.846328 0.375417 0.057344 0.080000 0.821562 0.355000 0.838906 0.369583 0.839844 0.375625 0.821094 0.360625 0.829219 0.377917 0.820469 0.371875 0.820625 0.378333 0.817656 0.378750 0.838594 0.402917 0.855312 0.415417 0.866563 0.413542 0.868906 0.407083 0.870000 0.386458 0.870313 0.379792 0.874844 0.370000 0.875000 0.351250 0.869688 0.341458 0.859531 0.335417 0.851719 0.340000 0.844063 0.337292 0.832031 0.341250 0.825313 0.346667 0.824687 0.354375
0 0.858516 0.498437 0.064844 0.077292 0.856250 0.465000 0.831406 0.476042 0.830625 0.480417 0.826094 0.485625 0.826250 0.493542 0.830313 0.504375 0.836562 0.511875 0.875938 0.537083 0.884688 0.533542 0.889219 0.525000 0.889375 0.495417 0.890938 0.475417 0.887656 0.465417 0.878125 0.459792 0.876406 0.461667 0.879375 0.471667 0.873125 0.472500
0 0.900156 0.418229 0.066875 0.078542 0.914687 0.378958 0.889687 0.396042 0.885469 0.406042 0.872031 0.413542 0.866719 0.421875 0.867031 0.430833 0.880156 0.445000 0.895625 0.447292 0.918125 0.457500 0.927969 0.453958 0.931875 0.445417 0.933594 0.432917 0.930156 0.428125 0.930156 0.417292 0.932500 0.413542 0.929844 0.394792 0.923125 0.381250
0 0.906875 0.291771 0.078750 0.087708 0.890000 0.258333 0.872500 0.289792 0.867969 0.300000 0.867500 0.314167 0.871406 0.324792 0.879063 0.331042 0.892813 0.334167 0.903750 0.335625 0.910156 0.332708 0.926562 0.335417 0.939844 0.331042 0.945937 0.322083 0.946250 0.309375 0.946250 0.299792 0.942500 0.294375 0.940312 0.279375 0.931875 0.262500 0.922813 0.252708 0.911562 0.248542 0.906563 0.247917 0.900313 0.250833
0 0.953594 0.350417 0.070937 0.078333 0.958594 0.311250 0.946250 0.313750 0.946250 0.321667 0.940156 0.330625 0.925625 0.336042 0.922031 0.345000 0.918125 0.361875 0.918125 0.377917 0.923750 0.383125 0.932188 0.383958 0.939219 0.389583 0.949375 0.389167 0.959531 0.383542 0.970938 0.372292 0.976406 0.364375 0.982344 0.362500 0.989062 0.350417 0.988125 0.338542 0.981875 0.330625 0.974844 0.330625 0.967344 0.317917