0 0.141875 0.350104 0.070938 0.074375 0.129062 0.313750 0.144687 0.312917 0.156250 0.327083 0.177187 0.357292 0.177344 0.374167 0.170625 0.377083 0.163281 0.378333 0.141562 0.387292 0.133125 0.385625 0.120313 0.382708 0.113750 0.375208 0.107031 0.359792 0.106406 0.346250 0.110156 0.333542 0.115781 0.325208
0 0.111094 0.447500 0.066563 0.087083 0.094375 0.403958 0.097188 0.407083 0.096562 0.415417 0.102188 0.425000 0.110469 0.425000 0.116719 0.421250 0.123438 0.408958 0.137187 0.415417 0.142500 0.429583 0.144375 0.440208 0.123125 0.485833 0.116250 0.491042 0.108750 0.489167 0.103125 0.479375 0.094688 0.466250 0.083125 0.452083 0.077812 0.434375 0.077812 0.425000 0.081563 0.415208 0.091094 0.403958
0 0.073906 0.555104 0.066250 0.066458 0.051094 0.523958 0.045469 0.521875 0.040781 0.526667 0.041250 0.541667 0.051719 0.568333 0.059062 0.584167 0.066875 0.588333 0.075781 0.584375 0.098906 0.563750 0.100312 0.558958 0.106563 0.553958 0.107031 0.544375 0.097969 0.544375 0.096875 0.549167 0.089844 0.557083 0.072656 0.542708 0.064531 0.547708 0.052187 0.548333 0.047344 0.539375 0.050000 0.531458 0.054688 0.526250
0 0.256094 0.424896 0.059375 0.075625 0.232813 0.387083 0.226406 0.403333 0.226406 0.415625 0.229063 0.423958 0.229844 0.431458 0.235156 0.451250 0.245938 0.462708 0.249219 0.455625 0.253437 0.453958 0.259063 0.448333 0.264688 0.448958 0.278750 0.439583 0.285000 0.428333 0.285781 0.422708 0.280625 0.417708 0.276406 0.423125 0.262188 0.418542 0.260937 0.412083 0.258750 0.410208 0.248594 0.416250 0.241406 0.401458 0.243594 0.397083 0.240781 0.395000
0 0.260078 0.491563 0.062031 0.086042 0.261875 0.448542 0.258750 0.448542 0.253437 0.453542 0.249219 0.455833 0.238437 0.477500 0.237969 0.492083 0.229063 0.516875 0.229063 0.525208 0.234687 0.532917 0.242500 0.534583 0.277344 0.531458 0.289375 0.525000 0.291094 0.520208 0.290000 0.513333 0.284844 0.511458 0.282031 0.490208 0.276250 0.485417 0.272500 0.479583 0.269687 0.462708 0.265781 0.455208
0 0.343438 0.481771 0.061875 0.088958 0.326562 0.440417 0.312500 0.460625 0.314688 0.479375 0.319062 0.497083 0.331406 0.522083 0.335938 0.526250 0.342344 0.526250 0.348750 0.520208 0.371563 0.492083 0.374063 0.483750 0.374375 0.468750 0.369062 0.456458 0.361719 0.447083 0.354375 0.441458 0.347344 0.438750 0.335000 0.437292
0 0.416172 0.486458 0.065469 0.096250 0.386094 0.444792 0.383437 0.473542 0.388906 0.487292 0.397344 0.501042 0.407344 0.511250 0.418281 0.529583 0.425625 0.534583 0.433125 0.533333 0.437969 0.522708 0.442188 0.506250 0.445625 0.485625 0.448906 0.465000 0.448281 0.450833 0.442656 0.443958 0.435625 0.443333 0.417969 0.438333 0.404375 0.444583 0.400312 0.443958 0.397656 0.440625
0 0.444531 0.558125 0.063750 0.093333 0.412656 0.551667 0.416094 0.550000 0.416875 0.544792 0.426406 0.535000 0.434063 0.533125 0.437656 0.523750 0.442656 0.524583 0.451094 0.518542 0.451094 0.511458 0.456250 0.512500 0.466094 0.520417 0.473750 0.534792 0.476406 0.571458 0.473906 0.585625 0.468594 0.593542 0.464062 0.595417 0.460625 0.596250 0.455937 0.603958 0.444688 0.604792 0.437656 0.599167 0.430312 0.588958 0.415156 0.569583
0 0.485000 0.425625 0.062812 0.093333 0.467969 0.379375 0.453594 0.404583 0.458281 0.426667 0.464844 0.445417 0.466406 0.462292 0.471406 0.471042 0.480156 0.472292 0.488281 0.465208 0.515313 0.431458 0.516406 0.405625 0.508594 0.405417 0.500938 0.414583 0.493125 0.407083 0.491719 0.395417 0.476719 0.378958
0 0.536328 0.476875 0.065156 0.088333 0.531562 0.432708 0.547969 0.445208 0.568906 0.478958 0.564219 0.497708 0.552656 0.508958 0.547344 0.508125 0.542188 0.513542 0.528125 0.513542 0.521406 0.520208 0.511250 0.521042 0.507031 0.517083 0.503750 0.509167 0.504063 0.496458 0.508906 0.478125 0.510156 0.460417 0.513125 0.449167 0.522031 0.433542
0 0.658203 0.394896 0.077656 0.095625 0.626250 0.372708 0.635938 0.358333 0.646875 0.350000 0.656250 0.347083 0.667188 0.348542 0.677969 0.355833 0.688594 0.373125 0.693438 0.393333 0.697031 0.421458 0.693281 0.437500 0.683750 0.442083 0.675000 0.442708 0.664687 0.442500 0.654531 0.440833 0.642188 0.438333 0.630938 0.429167 0.624688 0.417917 0.619375 0.404792 0.620625 0.389792
0 0.605469 0.482708 0.057813 0.091667 0.598594 0.443125 0.610156 0.436875 0.621563 0.438750 0.627656 0.443750 0.634375 0.457708 0.634219 0.476875 0.630625 0.487708 0.627500 0.499375 0.627031 0.515417 0.627656 0.520625 0.621875 0.528542 0.612187 0.527708 0.595781 0.504375 0.589531 0.500000 0.576562 0.478542 0.576562 0.458333 0.579219 0.452500 0.583750 0.445208 0.588750 0.442917 0.593906 0.442917
0 0.666094 0.531458 0.064687 0.093333 0.634531 0.521042 0.633750 0.545417 0.642188 0.556875 0.654375 0.563958 0.662188 0.564167 0.682969 0.578125 0.692031 0.577292 0.696406 0.573125 0.698438 0.567708 0.698438 0.554792 0.696094 0.550000 0.694688 0.510208 0.689063 0.500000 0.682031 0.490000 0.676406 0.485833 0.668281 0.484792 0.663281 0.492500 0.645312 0.508333
0 0.632500 0.620104 0.060625 0.083958 0.617812 0.582500 0.625312 0.594167 0.635781 0.591250 0.639062 0.578125 0.659844 0.581250 0.662813 0.590625 0.661406 0.651250 0.658125 0.657917 0.653438 0.662083 0.646875 0.661667 0.630469 0.647500 0.611250 0.631042 0.603906 0.621875 0.602187 0.607708 0.604219 0.587083
0 0.752891 0.459375 0.064531 0.088750 0.746250 0.417500 0.743906 0.424375 0.744062 0.435208 0.749844 0.441458 0.759531 0.443125 0.767656 0.441042 0.768437 0.435625 0.773906 0.449375 0.778906 0.457292 0.782813 0.456458 0.785156 0.464792 0.778281 0.466875 0.778594 0.471875 0.760313 0.492500 0.748125 0.502917 0.735781 0.503750 0.730312 0.493958 0.720625 0.485625 0.720625 0.467500 0.725156 0.440417 0.728906 0.425000 0.734531 0.418125 0.740313 0.415000
0 0.806719 0.631667 0.067500 0.092083 0.780000 0.585625 0.775156 0.591458 0.772969 0.606042 0.773594 0.631250 0.775781 0.651458 0.778594 0.662917 0.787813 0.670625 0.793438 0.671875 0.801094 0.677708 0.808750 0.676875 0.817969 0.672083 0.824219 0.662500 0.840469 0.631458 0.839063 0.618750 0.837187 0.609792 0.828594 0.610833 0.815781 0.600000 0.812031 0.600417 0.805781 0.606667 0.786406 0.611875 0.781094 0.606667 0.781719 0.593542 0.786250 0.589792 0.786094 0.587500
0 0.955703 0.451354 0.085469 0.081042 0.913281 0.424375 0.912969 0.438958 0.915469 0.443125 0.917188 0.455625 0.919375 0.461042 0.959688 0.491250 0.969219 0.491875 0.977969 0.488542 0.998437 0.445417 0.998437 0.410833 0.993906 0.411667 0.993594 0.426667 0.987187 0.427083 0.962656 0.417500 0.957656 0.418125 0.941875 0.436667 0.936562 0.434375 0.932344 0.431458 0.929531 0.420625
0 0.818437 0.486042 0.066875 0.090000 0.785000 0.473125 0.790156 0.460208 0.809717 0.464533 0.838438 0.441042 0.844844 0.446875 0.850781 0.461667 0.851875 0.479792 0.847969 0.500833 0.839531 0.524792 0.831875 0.525417 0.824844 0.526250 0.820937 0.531042 0.810000 0.531042 0.802969 0.524375 0.787813 0.498125