0 0.020234 0.409896 0.040469 0.087708 0.040469 0.420000 0.028594 0.406042 0.026094 0.388750 0.028125 0.376458 0.021875 0.379583 0.006406 0.381250 0.006094 0.377917 0.011250 0.370417 0.008906 0.366250 0.000000 0.366042 0.000313 0.453750 0.008594 0.448542 0.019844 0.445000 0.030781 0.435208 0.032656 0.428958
0 0.067891 0.409583 0.083281 0.096250 0.028437 0.378333 0.034375 0.368125 0.059688 0.362500 0.060313 0.365208 0.084219 0.368125 0.089844 0.361458 0.099375 0.362708 0.107500 0.378333 0.109531 0.392083 0.097344 0.447292 0.089219 0.457083 0.079687 0.457708 0.065469 0.447708 0.059375 0.438333 0.056875 0.433750 0.041094 0.419583 0.028906 0.405625 0.026250 0.388750
0 0.113047 0.482812 0.072656 0.092708 0.124063 0.436458 0.117969 0.439167 0.109531 0.442708 0.103281 0.449583 0.094844 0.451458 0.089844 0.457083 0.077969 0.467292 0.076719 0.476250 0.079219 0.486458 0.084844 0.495417 0.103438 0.517500 0.116562 0.527708 0.131719 0.529167 0.137031 0.520417 0.146094 0.513958 0.149375 0.494583 0.146875 0.469375 0.143594 0.457500 0.138437 0.447708 0.131719 0.443125
0 0.154922 0.351771 0.072969 0.093542 0.132656 0.305417 0.127500 0.310208 0.121875 0.317917 0.121094 0.323750 0.118438 0.325625 0.118594 0.334375 0.125625 0.352708 0.132031 0.365208 0.140469 0.389167 0.145781 0.396667 0.151250 0.398542 0.159688 0.397292 0.164688 0.390833 0.173750 0.380833 0.181563 0.368750 0.187969 0.355625 0.186563 0.338333 0.191406 0.343333 0.191094 0.334583 0.185781 0.330625 0.185156 0.333958 0.177031 0.333958 0.168125 0.328958 0.160625 0.340625 0.153125 0.332708 0.153125 0.320417 0.139375 0.305000
0 0.209766 0.402396 0.070156 0.085208 0.196406 0.359792 0.191719 0.360833 0.188281 0.365833 0.182344 0.373333 0.179844 0.387500 0.180469 0.401875 0.177031 0.412292 0.175000 0.425000 0.174687 0.435208 0.180313 0.443333 0.194219 0.445000 0.202969 0.440000 0.229063 0.432917 0.242031 0.416042 0.244531 0.408542 0.244844 0.401458 0.234687 0.404375 0.225937 0.398750 0.219531 0.385833 0.210156 0.377083 0.205938 0.368333
0 0.277344 0.406667 0.060313 0.087083 0.256562 0.368750 0.249531 0.377083 0.247187 0.381458 0.250625 0.411250 0.261406 0.425833 0.268906 0.432917 0.285000 0.450208 0.296250 0.447083 0.297812 0.443958 0.292813 0.440000 0.300156 0.432917 0.307500 0.402083 0.305469 0.385208 0.302187 0.375625 0.295625 0.366458 0.283750 0.363125 0.270781 0.365000
0 0.315234 0.324167 0.072031 0.089583 0.304531 0.280208 0.291094 0.290000 0.283906 0.303333 0.279219 0.317708 0.279844 0.335417 0.287812 0.348542 0.300469 0.362708 0.318125 0.367917 0.339219 0.368958 0.351250 0.354375 0.350156 0.312708 0.346250 0.301875 0.339219 0.291458 0.330156 0.283125 0.318906 0.279375
0 0.334375 0.451875 0.061250 0.087083 0.327344 0.409167 0.305156 0.433125 0.303750 0.448958 0.306406 0.470625 0.315625 0.479583 0.351875 0.495417 0.360000 0.494583 0.365000 0.486667 0.364219 0.469792 0.362812 0.430833 0.356094 0.414583 0.343438 0.408333
0 0.313516 0.536042 0.058281 0.080833 0.291406 0.505000 0.284844 0.508958 0.284375 0.541458 0.325156 0.576458 0.335781 0.573333 0.340625 0.562708 0.342656 0.508542 0.339688 0.501667 0.331875 0.495625 0.331562 0.498750 0.312969 0.497083 0.307344 0.501458 0.306250 0.508958 0.296250 0.511458
0 0.421719 0.391562 0.047812 0.071875 0.401250 0.355625 0.397813 0.370625 0.400000 0.413958 0.405312 0.419375 0.408281 0.426042 0.415313 0.427500 0.422344 0.421875 0.436094 0.408333 0.445625 0.399583 0.441406 0.382083 0.438125 0.385208 0.430156 0.373958 0.434375 0.374375 0.432656 0.370833 0.425625 0.364167 0.425625 0.367708 0.418281 0.368958 0.407031 0.366458 0.401719 0.363333
0 0.460000 0.543854 0.053437 0.071458 0.457500 0.508125 0.447500 0.515000 0.433281 0.520208 0.433906 0.534375 0.442188 0.570833 0.455781 0.579583 0.462500 0.579375 0.486094 0.537708 0.486719 0.516042 0.482656 0.511458 0.477656 0.510417 0.474531 0.517917 0.465313 0.517083
0 0.573359 0.375208 0.058594 0.075417 0.568594 0.345000 0.551562 0.360000 0.548281 0.355625 0.548594 0.346458 0.544063 0.350833 0.544063 0.382708 0.564844 0.400208 0.567500 0.399375 0.572500 0.407083 0.586875 0.412917 0.594219 0.409583 0.600000 0.397917 0.602656 0.376458 0.602656 0.346667 0.601719 0.340625 0.597969 0.337500 0.590469 0.340000 0.588906 0.353333 0.582656 0.354375
0 0.647891 0.295104 0.054531 0.096458 0.621406 0.277708 0.621406 0.288125 0.620625 0.308125 0.622031 0.316667 0.632969 0.324167 0.637188 0.324375 0.644531 0.335000 0.649219 0.335000 0.652187 0.339583 0.657188 0.343333 0.665625 0.341250 0.671563 0.330833 0.670781 0.311667 0.672656 0.307917 0.672344 0.296250 0.674687 0.293333 0.675156 0.268958 0.672344 0.264167 0.667500 0.253125 0.663438 0.247917 0.657969 0.246875 0.654844 0.248750 0.652656 0.252917 0.642188 0.258125 0.640313 0.263750
0 0.641641 0.436563 0.065469 0.095625 0.652344 0.388750 0.633281 0.397500 0.611563 0.414375 0.608906 0.425208 0.613594 0.445208 0.618437 0.448958 0.632344 0.466458 0.635625 0.476250 0.642344 0.483750 0.650469 0.484375 0.655781 0.481042 0.662813 0.469792 0.662500 0.460000 0.670469 0.442500 0.671563 0.433125 0.674063 0.421042 0.674375 0.409167 0.670312 0.402708 0.667812 0.392500
0 0.477422 0.409271 0.057344 0.080625 0.448750 0.403958 0.449531 0.388125 0.466406 0.386250 0.492656 0.368958 0.498281 0.372500 0.503906 0.385208 0.506094 0.403125 0.505156 0.430417 0.497656 0.443125 0.488438 0.443958 0.481875 0.449583 0.472344 0.449583 0.465313 0.443125 0.462188 0.436042 0.451250 0.419583