0 0.354687 0.401250 0.075000 0.089167 0.342500 0.357708 0.352344 0.356667 0.363594 0.365625 0.374063 0.384167 0.389375 0.407083 0.392188 0.414375 0.391719 0.425833 0.387500 0.432500 0.370000 0.435208 0.348125 0.444583 0.337969 0.445833 0.327813 0.439167 0.319688 0.428333 0.317188 0.412500 0.328437 0.392708 0.341406 0.370833
0 0.329062 0.526458 0.070625 0.096250 0.334375 0.478333 0.334063 0.484583 0.343125 0.507917 0.348438 0.507917 0.356563 0.493958 0.356563 0.482292 0.361094 0.485000 0.364375 0.501875 0.363594 0.513958 0.357031 0.533333 0.355938 0.549792 0.353437 0.552500 0.352344 0.561875 0.348125 0.570000 0.343125 0.574167 0.338750 0.574583 0.326719 0.560208 0.316875 0.547917 0.307344 0.540833 0.300312 0.529583 0.293750 0.512292 0.294375 0.495833 0.305156 0.486458 0.317500 0.479583
0 0.285078 0.639583 0.065781 0.081250 0.261875 0.598958 0.259219 0.601042 0.259219 0.608333 0.252188 0.624375 0.255938 0.647708 0.258750 0.651458 0.259063 0.665208 0.262656 0.673958 0.270156 0.680208 0.280156 0.679375 0.294219 0.668125 0.310781 0.660625 0.317969 0.647500 0.307969 0.639583 0.307344 0.640833 0.306719 0.648333 0.301719 0.653958 0.293281 0.658125 0.288125 0.640417 0.288125 0.625417 0.283906 0.625833 0.274375 0.623542 0.268437 0.619375 0.268437 0.614583 0.273906 0.607083 0.273594 0.604792
0 0.513594 0.562604 0.067812 0.093125 0.488125 0.540000 0.479687 0.584792 0.480000 0.598333 0.484219 0.605833 0.490156 0.609167 0.515156 0.604583 0.524375 0.604167 0.534844 0.596667 0.545312 0.587708 0.547500 0.574583 0.547187 0.559167 0.544063 0.548958 0.537344 0.537083 0.528281 0.525000 0.519375 0.517917 0.516250 0.516042 0.510313 0.516875 0.504687 0.521042 0.500781 0.524792
0 0.496953 0.479792 0.065469 0.088333 0.529687 0.492708 0.529219 0.500625 0.525469 0.506667 0.519062 0.512708 0.510000 0.516250 0.505000 0.520833 0.500156 0.523125 0.494062 0.523958 0.481406 0.523958 0.476562 0.520833 0.474062 0.515208 0.473438 0.507292 0.465625 0.497917 0.464219 0.491875 0.464219 0.477292 0.468281 0.466042 0.477187 0.445833 0.482812 0.439792 0.489063 0.436042 0.497188 0.435625 0.504531 0.438333 0.494531 0.438958 0.487812 0.440208 0.480469 0.443958 0.480000 0.446667 0.487344 0.449583 0.501094 0.451458 0.508750 0.454375 0.510000 0.456250 0.510156 0.465000 0.517500 0.480000 0.523594 0.484583
0 0.602969 0.553646 0.062500 0.093542 0.571875 0.537292 0.571719 0.551250 0.579063 0.568542 0.590781 0.578125 0.607969 0.595833 0.615625 0.600417 0.619531 0.599583 0.625625 0.591042 0.628281 0.573333 0.628594 0.566458 0.634062 0.544792 0.634219 0.532708 0.630938 0.520417 0.625625 0.512500 0.611250 0.508333 0.598906 0.506875 0.589063 0.510000 0.583437 0.512708 0.577344 0.522708 0.573906 0.527500
0 0.705391 0.624688 0.062656 0.063125 0.674063 0.608542 0.674063 0.619167 0.685469 0.640833 0.693438 0.650208 0.699375 0.654375 0.705625 0.656250 0.714063 0.655417 0.717656 0.647292 0.723281 0.647292 0.729688 0.639583 0.733281 0.633750 0.732812 0.626875 0.736094 0.625000 0.736563 0.602083 0.736719 0.593958 0.732500 0.593125 0.730469 0.602083 0.725156 0.607708 0.714531 0.608542 0.710625 0.616458 0.711719 0.622500 0.708906 0.624583 0.704063 0.625000 0.700156 0.623125 0.694531 0.617083 0.694531 0.610000 0.687188 0.617708 0.680156 0.622083 0.678750 0.616458 0.678594 0.604792
0 0.710000 0.570521 0.068125 0.076042 0.742031 0.536875 0.743750 0.541042 0.744062 0.554167 0.741250 0.555833 0.738906 0.564375 0.738125 0.570833 0.735000 0.572917 0.730469 0.601458 0.725469 0.607500 0.714531 0.608542 0.705625 0.596875 0.697344 0.586458 0.686406 0.577083 0.686406 0.572500 0.680156 0.568333 0.679375 0.563125 0.676562 0.557708 0.675938 0.548958 0.687344 0.532500 0.697344 0.543333 0.702656 0.542917 0.712656 0.533125 0.724062 0.541458 0.737344 0.542083 0.738438 0.538333
0 0.743359 0.482812 0.061094 0.080208 0.713594 0.477500 0.716406 0.495208 0.717344 0.514792 0.722969 0.517083 0.735938 0.518750 0.742031 0.522917 0.750000 0.514792 0.757344 0.513125 0.762813 0.512708 0.769844 0.506458 0.773906 0.494792 0.772188 0.485833 0.764531 0.470417 0.745937 0.451250 0.735000 0.447083 0.725313 0.442708 0.717656 0.452083 0.712812 0.467917
0 0.781797 0.535000 0.060469 0.080833 0.754375 0.513542 0.753281 0.532083 0.755312 0.533958 0.751875 0.538958 0.751563 0.564583 0.753906 0.570208 0.758906 0.573958 0.766406 0.575417 0.773281 0.573958 0.777656 0.568333 0.789375 0.567917 0.798750 0.562292 0.804844 0.557083 0.808125 0.552083 0.812031 0.538333 0.810937 0.524375 0.809531 0.519167 0.800781 0.510208 0.791250 0.500833 0.782188 0.497708 0.774062 0.494583 0.769844 0.506875 0.763594 0.512500
0 0.838047 0.539375 0.055156 0.072917 0.812813 0.542500 0.832969 0.562292 0.832656 0.566667 0.842188 0.574167 0.849531 0.575833 0.859063 0.567083 0.858594 0.546875 0.865625 0.532917 0.865000 0.518333 0.862656 0.511667 0.855938 0.505208 0.854219 0.510208 0.843906 0.509375 0.839688 0.502917 0.827813 0.504167 0.819063 0.507292 0.810469 0.513958 0.826875 0.528958 0.819844 0.530417 0.828594 0.541042 0.817500 0.534375 0.818906 0.538750 0.813281 0.536875
0 0.831328 0.644687 0.059844 0.062292 0.801406 0.628542 0.801406 0.638333 0.809062 0.648958 0.825937 0.662083 0.840625 0.675000 0.845781 0.675833 0.850469 0.673958 0.854688 0.667917 0.855625 0.655833 0.856250 0.643542 0.860156 0.636458 0.861250 0.621458 0.857656 0.615833 0.850625 0.613542 0.853281 0.620000 0.853125 0.627917 0.847813 0.629583 0.835156 0.618750 0.830937 0.620000 0.820469 0.629375 0.811562 0.624375
0 0.875625 0.574792 0.060313 0.075833 0.845469 0.581458 0.856250 0.571042 0.866094 0.575833 0.873437 0.560208 0.895625 0.553750 0.895000 0.545208 0.885625 0.539583 0.885625 0.536875 0.892813 0.537708 0.901250 0.545625 0.905156 0.557292 0.905781 0.579375 0.903125 0.592083 0.902500 0.605625 0.897188 0.611250 0.887969 0.612708 0.873281 0.602083 0.866250 0.600625 0.850469 0.591667 0.850625 0.587917
0 0.894844 0.468750 0.074062 0.083750 0.857812 0.474167 0.868281 0.463333 0.876250 0.463333 0.884688 0.443333 0.900625 0.426875 0.909688 0.430000 0.920937 0.436042 0.925938 0.448333 0.928750 0.467500 0.931875 0.488125 0.930156 0.504583 0.921406 0.509583 0.911250 0.510625 0.896094 0.506458 0.872969 0.500833 0.863750 0.492917 0.860625 0.487292
0 0.922656 0.499063 0.067813 0.077292 0.890469 0.505417 0.888750 0.510417 0.891250 0.522708 0.895781 0.522708 0.901094 0.526875 0.898906 0.530208 0.910469 0.535833 0.922344 0.537708 0.934844 0.528333 0.943125 0.522292 0.948750 0.520417 0.956563 0.508750 0.955469 0.497500 0.945625 0.498958 0.943594 0.477708 0.932031 0.462708 0.927344 0.460417 0.928750 0.469375 0.932344 0.488958 0.930156 0.504583 0.921719 0.509583 0.911250 0.511042 0.896094 0.506458
0 0.966016 0.640417 0.064844 0.077917 0.956563 0.605208 0.949375 0.601458 0.942187 0.606458 0.935469 0.616875 0.933750 0.624792 0.933594 0.651458 0.936094 0.663125 0.943750 0.672083 0.949844 0.671250 0.955000 0.673542 0.957812 0.677292 0.966719 0.679375 0.980312 0.674167 0.987187 0.665208 0.998437 0.652500 0.997656 0.632917 0.989687 0.626667 0.985781 0.635625 0.979688 0.634792 0.976250 0.640208 0.968906 0.637500 0.963281 0.622083 0.963906 0.616875 0.951719 0.610417 0.949844 0.606667
0 0.972344 0.526250 0.052187 0.062500 0.946250 0.521250 0.947031 0.528125 0.959688 0.555833 0.964687 0.557500 0.971406 0.554583 0.982812 0.542917 0.992031 0.536250 0.998437 0.530434 0.998437 0.495000 0.990625 0.503958 0.985781 0.504375 0.985938 0.510833 0.983281 0.516042 0.976562 0.515625 0.971562 0.507292 0.963906 0.506875 0.955937 0.508958 0.948750 0.520417