0 0.181257 0.376477 0.071831 0.074517 0.177564 0.339219 0.167662 0.341680 0.157425 0.348170 0.145845 0.369876 0.145341 0.383973 0.146012 0.396057 0.158432 0.409931 0.167159 0.412840 0.182264 0.413735 0.191830 0.407917 0.211466 0.402770 0.217172 0.394714 0.216669 0.384645 0.209452 0.373680 0.196361 0.356449 0.187299 0.342799
0 0.152893 0.474378 0.067132 0.085929 0.145005 0.431413 0.146012 0.439245 0.152390 0.450210 0.159607 0.450882 0.167998 0.443945 0.170516 0.437455 0.178068 0.442826 0.183439 0.449539 0.186459 0.457819 0.186459 0.467888 0.178907 0.484448 0.171355 0.506825 0.163802 0.517342 0.155914 0.516895 0.151047 0.510853 0.141145 0.500559 0.126544 0.482210 0.124698 0.479077 0.121173 0.471693 0.119327 0.453567 0.132250 0.433427
0 0.111104 0.583579 0.061426 0.070265 0.100698 0.557622 0.087943 0.548447 0.080391 0.558293 0.081062 0.568363 0.095495 0.614460 0.102712 0.618712 0.111271 0.618041 0.126712 0.605957 0.139299 0.593873 0.141817 0.589845 0.141313 0.584251 0.132922 0.580670 0.124194 0.572615 0.120502 0.576419 0.115467 0.579552 0.100530 0.579104 0.099523 0.564111 0.102544 0.560531
0 0.304444 0.442938 0.057398 0.075412 0.301088 0.419330 0.303941 0.423358 0.308136 0.434770 0.311829 0.435441 0.316696 0.432756 0.323241 0.443945 0.327101 0.439917 0.333143 0.439693 0.331968 0.449315 0.327101 0.458266 0.324752 0.462518 0.321059 0.463413 0.319381 0.466993 0.311661 0.464532 0.307465 0.466098 0.310654 0.470350 0.302934 0.474378 0.299913 0.479972 0.290850 0.480644 0.286151 0.474154 0.283969 0.466993 0.277591 0.457595 0.275745 0.449763 0.275913 0.434322 0.280109 0.421344 0.283298 0.411274 0.287661 0.405232 0.292528 0.407693
0 0.315017 0.511189 0.061090 0.083020 0.310150 0.471021 0.303605 0.474154 0.297060 0.484448 0.289339 0.513986 0.284808 0.531888 0.284472 0.543524 0.290011 0.549566 0.296724 0.552699 0.336164 0.544867 0.342038 0.538601 0.345059 0.533902 0.345563 0.524503 0.337507 0.498545 0.328612 0.478630 0.319717 0.469679
0 0.399604 0.493846 0.056055 0.084586 0.391716 0.451553 0.382150 0.458042 0.374597 0.466993 0.371744 0.474378 0.371576 0.499217 0.375436 0.511301 0.395744 0.533902 0.404135 0.536139 0.411184 0.530993 0.423771 0.504364 0.426792 0.497874 0.427296 0.493175 0.427632 0.476616 0.423771 0.470126 0.418737 0.461847 0.410681 0.454910 0.402121 0.454910
0 0.481925 0.494294 0.059580 0.084586 0.469086 0.454238 0.454484 0.458042 0.452135 0.469007 0.452470 0.492056 0.459687 0.500559 0.464554 0.508392 0.479659 0.520923 0.481169 0.526741 0.489897 0.535468 0.495771 0.536587 0.502316 0.530098 0.503491 0.523832 0.506344 0.520028 0.506512 0.506378 0.508358 0.490713 0.511715 0.479525 0.511379 0.460504 0.504330 0.454910 0.497449 0.454910 0.489225 0.452001 0.478652 0.457371
0 0.501225 0.559188 0.061929 0.080559 0.512889 0.518909 0.509365 0.524056 0.503491 0.526070 0.502652 0.530769 0.497281 0.536139 0.490736 0.538153 0.485365 0.549790 0.478652 0.550237 0.477142 0.547328 0.478148 0.541734 0.470260 0.549566 0.470932 0.561202 0.481169 0.578433 0.492582 0.591635 0.500806 0.599467 0.512889 0.598125 0.517924 0.590516 0.526484 0.584475 0.530008 0.576419 0.532190 0.562992 0.530512 0.541734 0.527658 0.530769 0.522456 0.522713
0 0.532861 0.435665 0.055720 0.084586 0.518260 0.393372 0.511379 0.397847 0.505337 0.410826 0.505001 0.427385 0.511211 0.447525 0.511379 0.462294 0.516246 0.477287 0.524973 0.477958 0.531854 0.473035 0.557868 0.443273 0.560721 0.432085 0.558539 0.420001 0.551826 0.425148 0.545448 0.419553 0.542595 0.409484 0.529001 0.397847
0 0.579098 0.478518 0.058237 0.079440 0.568106 0.439469 0.557029 0.451777 0.554008 0.459161 0.553672 0.475721 0.549980 0.498545 0.549980 0.504587 0.550987 0.511972 0.556693 0.517790 0.569113 0.518238 0.574651 0.512196 0.586231 0.510182 0.601504 0.499664 0.605700 0.488476 0.608217 0.479301 0.607881 0.472811 0.602343 0.466322 0.600832 0.458938 0.590930 0.449539 0.586399 0.447749 0.576161 0.438798
0 0.634986 0.479189 0.053538 0.078097 0.616441 0.484895 0.620636 0.494518 0.645979 0.518238 0.651182 0.518014 0.656216 0.511524 0.656049 0.500559 0.657223 0.485567 0.661755 0.471021 0.661419 0.457819 0.657727 0.450210 0.651517 0.443497 0.642622 0.440141 0.637252 0.448196 0.628524 0.443273 0.621811 0.447301 0.614259 0.453119 0.614259 0.462965 0.608553 0.461847 0.608217 0.464756 0.612413 0.466993 0.617951 0.474825
0 0.689447 0.518238 0.058405 0.078768 0.694314 0.478853 0.690957 0.486238 0.682566 0.494741 0.671321 0.499888 0.668636 0.507496 0.660916 0.516000 0.660244 0.533454 0.676356 0.548223 0.686762 0.548223 0.703377 0.555832 0.710761 0.557622 0.717642 0.552251 0.718649 0.540839 0.718314 0.535692 0.715293 0.531216 0.713111 0.499888 0.705559 0.486462 0.700020 0.481315
0 0.659489 0.596894 0.054209 0.074069 0.648832 0.565454 0.659573 0.572391 0.668300 0.571272 0.667461 0.559859 0.682398 0.561650 0.686594 0.572391 0.685587 0.622740 0.681894 0.631467 0.675349 0.633929 0.662930 0.624754 0.658734 0.620055 0.649671 0.615355 0.642119 0.608195 0.634902 0.599244 0.632385 0.589621 0.633056 0.581118 0.634566 0.573957
0 0.684524 0.403744 0.066573 0.081193 0.679237 0.363147 0.666706 0.371763 0.652412 0.394215 0.651237 0.410662 0.652216 0.426587 0.660049 0.434158 0.673363 0.441990 0.683936 0.444340 0.690594 0.441468 0.701950 0.444079 0.713503 0.438335 0.717810 0.430242 0.717027 0.418233 0.715265 0.409096 0.712132 0.393170 0.706454 0.378812 0.699992 0.370980 0.689810 0.364975
0 0.748355 0.455044 0.055608 0.075710 0.748551 0.420583 0.748747 0.433375 0.755208 0.439902 0.764607 0.440424 0.765782 0.434158 0.768719 0.435203 0.773222 0.448778 0.776159 0.455566 0.767544 0.470447 0.755600 0.483239 0.744048 0.492116 0.737586 0.492899 0.733083 0.485850 0.727796 0.486372 0.722118 0.479323 0.720551 0.469925 0.722314 0.455305 0.726034 0.431287 0.731320 0.422410 0.737390 0.417189
0 0.802422 0.592604 0.057969 0.073958 0.787188 0.558542 0.787500 0.573333 0.792344 0.575208 0.802187 0.572708 0.808281 0.570625 0.813125 0.563750 0.824375 0.572500 0.828438 0.572708 0.831406 0.581458 0.829844 0.593750 0.818906 0.617500 0.807344 0.629583 0.797500 0.628958 0.795937 0.626042 0.786875 0.626042 0.780781 0.620833 0.777031 0.611042 0.775000 0.596042 0.773438 0.572083 0.774844 0.567083 0.775156 0.563750 0.780469 0.555625
0 0.908594 0.441354 0.068125 0.056042 0.916094 0.413333 0.903438 0.426250 0.898125 0.425625 0.891875 0.417292 0.874687 0.421458 0.874531 0.426667 0.877031 0.430625 0.878906 0.433750 0.881719 0.446875 0.909375 0.469375 0.922656 0.467917 0.929375 0.458958 0.933594 0.445833 0.932969 0.440625 0.942656 0.426250 0.942187 0.415833 0.934688 0.418750
0 0.972422 0.492724 0.052031 0.082885 0.946406 0.479167 0.955156 0.479792 0.978281 0.461875 0.992656 0.459375 0.998437 0.451281 0.998437 0.534167 0.989062 0.533750 0.981719 0.528542 0.972969 0.520000 0.956875 0.501250 0.953125 0.498333 0.948438 0.491458
0 0.968750 0.360848 0.059375 0.080804 0.939996 0.358555 0.943070 0.359279 0.949531 0.366042 0.959844 0.376667 0.963750 0.346875 0.982812 0.336667 0.984219 0.329167 0.998437 0.320446 0.998437 0.396042 0.995469 0.400833 0.988906 0.401250 0.982969 0.398958 0.974844 0.395625 0.965000 0.386667 0.953438 0.382917 0.949219 0.382500 0.939063 0.367917
0 0.803203 0.473021 0.052969 0.073542 0.777187 0.460000 0.789375 0.449375 0.802812 0.452500 0.819219 0.436250 0.823750 0.441667 0.828750 0.452083 0.829688 0.465625 0.826406 0.472708 0.825625 0.479167 0.825000 0.490208 0.819844 0.499583 0.815625 0.503750 0.811875 0.504167 0.804219 0.509792 0.797500 0.509792 0.791719 0.504583 0.787969 0.498125 0.780000 0.485833 0.776719 0.475208