0 0.334406 0.331602 0.068626 0.075476 0.326070 0.293864 0.335569 0.294381 0.343905 0.300584 0.368719 0.343750 0.368331 0.357708 0.361352 0.363911 0.344874 0.364170 0.333824 0.368822 0.327815 0.369339 0.317734 0.369339 0.309980 0.365721 0.308235 0.358483 0.301256 0.351763 0.300093 0.340131 0.302032 0.328758 0.316765 0.299033
0 0.307344 0.432604 0.065625 0.091875 0.307344 0.387083 0.308750 0.397292 0.314688 0.407292 0.318906 0.408125 0.329219 0.398333 0.330469 0.397917 0.337656 0.403542 0.340156 0.423958 0.330937 0.444583 0.325000 0.467083 0.315781 0.478542 0.312344 0.477917 0.306250 0.472708 0.300625 0.462500 0.283438 0.444167 0.275938 0.425417 0.274531 0.417500 0.274688 0.412292 0.276719 0.405833 0.279531 0.400208 0.286719 0.391667 0.291875 0.386667
0 0.263125 0.538854 0.061250 0.078125 0.260000 0.513125 0.258437 0.520625 0.261563 0.536667 0.264531 0.538125 0.277344 0.535833 0.278594 0.531042 0.279844 0.528125 0.283750 0.535417 0.293750 0.541042 0.288750 0.553542 0.275000 0.563542 0.258594 0.576458 0.249219 0.577917 0.244062 0.574583 0.240937 0.568542 0.238437 0.553542 0.238906 0.548333 0.235000 0.539167 0.232500 0.515625 0.233906 0.512292 0.239844 0.506250 0.240625 0.500208 0.244688 0.499792 0.249688 0.507292
0 0.459219 0.407917 0.059687 0.081250 0.462344 0.370625 0.447344 0.367292 0.441250 0.372917 0.430781 0.397708 0.429375 0.410417 0.429375 0.423542 0.436250 0.432292 0.437031 0.437917 0.443438 0.447917 0.450313 0.448542 0.460313 0.443750 0.465156 0.436250 0.468125 0.433542 0.477187 0.434792 0.477187 0.431667 0.480312 0.431042 0.482656 0.426250 0.484531 0.426458 0.488438 0.419167 0.489063 0.408542 0.478125 0.401042 0.472656 0.395000 0.470000 0.385000 0.465781 0.380417
0 0.471953 0.478438 0.062656 0.086458 0.465625 0.437083 0.459219 0.444583 0.451562 0.454792 0.447500 0.469792 0.440937 0.498958 0.440625 0.512708 0.446875 0.520208 0.454063 0.521667 0.492031 0.516458 0.502812 0.504167 0.503281 0.482708 0.493750 0.453542 0.488750 0.445417 0.479375 0.437500 0.472656 0.435208
0 0.558437 0.467813 0.056875 0.084792 0.553906 0.425417 0.540156 0.431250 0.533281 0.443958 0.530625 0.452500 0.530000 0.476875 0.538125 0.493542 0.561562 0.510208 0.571875 0.509792 0.582812 0.483958 0.586719 0.478333 0.586875 0.451042 0.581719 0.438958 0.572656 0.431458
0 0.654453 0.474062 0.066406 0.085208 0.650156 0.431458 0.632812 0.437500 0.622031 0.446042 0.621250 0.465000 0.626875 0.479792 0.658125 0.514792 0.665156 0.516667 0.672656 0.512917 0.676094 0.506875 0.678906 0.499375 0.680000 0.477292 0.687656 0.455833 0.687656 0.449792 0.685312 0.442292 0.678438 0.433750 0.660313 0.435000
0 0.694453 0.416771 0.058281 0.083958 0.710313 0.391667 0.696406 0.380000 0.692656 0.376667 0.686406 0.374792 0.680781 0.376042 0.675781 0.377500 0.670469 0.381458 0.666250 0.392500 0.665312 0.404792 0.666719 0.416875 0.668750 0.423125 0.691563 0.431042 0.692500 0.434167 0.678594 0.433542 0.685000 0.441458 0.688281 0.450208 0.687656 0.458750 0.721094 0.426667 0.723594 0.421667 0.721562 0.408542 0.715469 0.404167 0.710938 0.398333
0 0.660156 0.544792 0.060937 0.080000 0.681094 0.504792 0.689219 0.515208 0.690625 0.526875 0.689531 0.558750 0.683125 0.571042 0.676094 0.573750 0.665312 0.584792 0.658906 0.583125 0.645156 0.571042 0.630156 0.546667 0.629687 0.537917 0.642344 0.525417 0.651250 0.534792 0.657813 0.530208 0.664062 0.517083 0.673281 0.513333 0.676719 0.506667
0 0.737969 0.465521 0.061875 0.079792 0.729219 0.425625 0.713125 0.438750 0.709844 0.459583 0.707031 0.492292 0.709531 0.500417 0.714687 0.505417 0.726719 0.504792 0.732344 0.499792 0.745469 0.497083 0.758437 0.491458 0.764687 0.482083 0.765156 0.474167 0.768906 0.469375 0.766563 0.457708 0.762344 0.446458 0.757656 0.440208 0.748281 0.433333 0.740469 0.427292
0 0.793359 0.473229 0.051719 0.078125 0.767500 0.451250 0.773281 0.448542 0.771719 0.442083 0.776875 0.437917 0.789687 0.434583 0.797656 0.438333 0.806094 0.434167 0.813125 0.437917 0.818750 0.449375 0.819219 0.467917 0.813594 0.478958 0.813906 0.497708 0.811719 0.508542 0.807969 0.511458 0.800000 0.512292 0.789219 0.500417 0.772031 0.482708 0.769062 0.477083 0.768437 0.470208 0.769844 0.469167 0.776094 0.475417 0.775625 0.464167 0.783594 0.469792 0.783594 0.466875 0.774844 0.457917
0 0.802891 0.592292 0.061094 0.072500 0.798438 0.556875 0.788125 0.560208 0.777031 0.567917 0.772344 0.578333 0.776094 0.594792 0.818750 0.628542 0.827187 0.625417 0.831406 0.614792 0.833125 0.598958 0.833437 0.569167 0.830000 0.558750 0.827187 0.556875 0.819531 0.556042 0.821562 0.562083 0.820156 0.567083 0.811406 0.566667 0.808281 0.561042
0 0.841562 0.516354 0.061875 0.074375 0.855781 0.479167 0.832812 0.493333 0.827969 0.499375 0.825313 0.501250 0.824375 0.507292 0.817812 0.508333 0.811094 0.512917 0.810625 0.525000 0.820937 0.538125 0.828125 0.542292 0.836562 0.542292 0.857344 0.553542 0.866250 0.552292 0.872500 0.542500 0.872188 0.532292 0.870156 0.527083 0.869844 0.517708 0.871250 0.515208 0.870000 0.503542 0.867656 0.494167 0.865156 0.487292 0.862031 0.482500
0 0.847656 0.398750 0.072812 0.081667 0.835313 0.364792 0.815938 0.393125 0.813125 0.400000 0.811250 0.407083 0.812187 0.414583 0.817344 0.426042 0.821562 0.430625 0.843125 0.438125 0.856406 0.436667 0.865469 0.439583 0.874219 0.437708 0.879844 0.433542 0.884062 0.426875 0.884062 0.416042 0.882500 0.406250 0.879219 0.392708 0.873594 0.374792 0.869375 0.366458 0.858125 0.360833 0.847656 0.357917 0.842344 0.358958
0 0.892344 0.453854 0.063750 0.074792 0.867031 0.438542 0.861563 0.458542 0.860469 0.470208 0.863125 0.480417 0.867344 0.484375 0.873906 0.484375 0.878438 0.489375 0.887344 0.491250 0.896719 0.486667 0.907344 0.478750 0.917969 0.467917 0.924219 0.457500 0.923750 0.445000 0.920469 0.439792 0.912344 0.438958 0.906563 0.433333 0.906250 0.426042 0.898281 0.419167 0.884531 0.416458 0.884531 0.428125 0.880000 0.432917 0.874687 0.437500
0 0.950547 0.595000 0.066719 0.078750 0.939063 0.559583 0.940000 0.568125 0.947969 0.578125 0.962969 0.576250 0.970000 0.569167 0.979844 0.572708 0.983906 0.583542 0.983594 0.596667 0.968906 0.623542 0.956250 0.634375 0.941875 0.633125 0.938594 0.630625 0.925625 0.627708 0.919687 0.613750 0.917500 0.605625 0.917188 0.572292 0.920312 0.565208 0.928438 0.555625
0 0.948828 0.480625 0.061094 0.068750 0.918281 0.466250 0.922500 0.485000 0.936875 0.510000 0.946562 0.515000 0.953438 0.509375 0.965625 0.504375 0.972656 0.488750 0.973125 0.480000 0.979375 0.465417 0.976250 0.453958 0.970313 0.446250 0.957656 0.455833 0.949844 0.460208 0.940000 0.453125 0.927812 0.458125