0 0.396797 0.377708 0.071406 0.078750 0.382188 0.343542 0.373750 0.356458 0.365781 0.371875 0.362031 0.383542 0.361094 0.390417 0.361719 0.397083 0.368594 0.403542 0.369062 0.411250 0.378750 0.416042 0.393750 0.417083 0.405625 0.412292 0.422031 0.411875 0.430625 0.407708 0.432500 0.400208 0.431875 0.387500 0.426250 0.378542 0.415937 0.360833 0.410313 0.348542 0.404375 0.340208 0.398438 0.338750 0.391719 0.338333 0.386719 0.340208
0 0.364063 0.482708 0.066250 0.099583 0.366094 0.432917 0.367344 0.444792 0.373437 0.457292 0.377344 0.456667 0.385937 0.451042 0.386406 0.442292 0.396563 0.454167 0.397187 0.477708 0.390000 0.491250 0.385000 0.501042 0.380000 0.521875 0.370938 0.532083 0.367031 0.532500 0.361094 0.527500 0.352344 0.511042 0.344219 0.499167 0.340000 0.496042 0.335469 0.486042 0.332500 0.478542 0.330937 0.464792 0.331562 0.455417 0.336406 0.446042 0.347969 0.434792 0.352344 0.433750
0 0.311016 0.594375 0.060469 0.082500 0.289531 0.553125 0.288750 0.559375 0.280781 0.566875 0.282969 0.594167 0.286250 0.603958 0.284375 0.614583 0.289531 0.630625 0.296094 0.635625 0.305000 0.634375 0.318281 0.624167 0.323906 0.619375 0.332813 0.615625 0.337969 0.611042 0.338281 0.605417 0.341250 0.600000 0.335938 0.595417 0.328906 0.585625 0.324063 0.590208 0.317656 0.594167 0.310625 0.593542 0.307500 0.588125 0.306406 0.579583 0.309844 0.574375 0.310312 0.563750 0.306875 0.563750 0.295156 0.554583
0 0.527656 0.466875 0.065313 0.087500 0.552031 0.459792 0.541406 0.447917 0.532656 0.428750 0.519688 0.426458 0.515313 0.423125 0.506250 0.433958 0.501406 0.450208 0.497188 0.455833 0.495000 0.479792 0.502969 0.493333 0.503750 0.503125 0.507656 0.508333 0.514687 0.510625 0.526563 0.507917 0.535156 0.501042 0.532656 0.497292 0.545625 0.497500 0.550156 0.492500 0.557500 0.485417 0.560312 0.471042
0 0.538163 0.545318 0.068742 0.092933 0.534620 0.500638 0.526003 0.508042 0.518919 0.515957 0.514131 0.529744 0.503791 0.568806 0.503983 0.582593 0.506281 0.588976 0.515663 0.591784 0.557215 0.590252 0.569087 0.580550 0.570810 0.575189 0.572534 0.563189 0.570619 0.548381 0.567555 0.529999 0.562385 0.516212 0.551662 0.504213 0.546492 0.498851
0 0.635244 0.543913 0.064913 0.094720 0.613703 0.504468 0.604128 0.527191 0.602788 0.541233 0.602788 0.553232 0.612362 0.568806 0.628638 0.582593 0.638212 0.590252 0.649701 0.591273 0.655637 0.577487 0.663105 0.559360 0.667318 0.543786 0.667701 0.523361 0.662722 0.512127 0.654105 0.503447 0.641850 0.497830 0.634383 0.496553 0.625191 0.498851
0 0.748219 0.559232 0.077551 0.099826 0.709827 0.526425 0.709444 0.549403 0.728018 0.578253 0.739124 0.587954 0.753102 0.606337 0.760570 0.609145 0.769378 0.604550 0.772633 0.597656 0.773782 0.585146 0.777803 0.566764 0.786994 0.537403 0.786229 0.522850 0.772059 0.513914 0.757315 0.516723 0.745251 0.509319 0.733954 0.513914 0.721507 0.512638 0.717678 0.519531
0 0.750996 0.640548 0.072763 0.084763 0.714614 0.627528 0.732613 0.614251 0.734145 0.621145 0.742762 0.627783 0.750804 0.622677 0.750804 0.616549 0.753676 0.616549 0.755974 0.609656 0.760187 0.609145 0.770335 0.603784 0.773974 0.598167 0.780484 0.598422 0.786994 0.609911 0.786994 0.626762 0.787377 0.648974 0.784697 0.660718 0.775888 0.671696 0.766889 0.673994 0.760761 0.680377 0.755591 0.682930 0.748698 0.682675 0.734911 0.670420 0.729741 0.662505 0.716337 0.637740
0 0.794750 0.492724 0.066445 0.091912 0.780676 0.446768 0.770527 0.451363 0.768038 0.454682 0.767655 0.459278 0.761527 0.464129 0.761719 0.490426 0.764017 0.495787 0.764017 0.502936 0.775506 0.506000 0.786037 0.509319 0.796760 0.515702 0.794845 0.518765 0.772059 0.512893 0.785846 0.522595 0.787952 0.538680 0.827972 0.506510 0.827206 0.491702 0.812462 0.466937 0.803845 0.458257 0.791782 0.449066
0 0.844152 0.554509 0.071806 0.089359 0.813802 0.529999 0.809972 0.563955 0.808249 0.586167 0.813419 0.594593 0.824142 0.599188 0.832950 0.598677 0.838695 0.592550 0.852482 0.592550 0.867034 0.586933 0.876991 0.578253 0.880055 0.561657 0.879672 0.550679 0.877183 0.539190 0.872396 0.529488 0.859375 0.517233 0.848652 0.512127 0.839652 0.509829 0.826631 0.512638 0.824908 0.516723 0.818781 0.519531
0 0.914139 0.568679 0.065104 0.091656 0.882161 0.539190 0.890587 0.538935 0.891544 0.534595 0.889438 0.529999 0.904756 0.522850 0.912033 0.522850 0.918926 0.527446 0.929075 0.523616 0.936734 0.527446 0.942479 0.537914 0.946691 0.546084 0.946308 0.562423 0.941521 0.574678 0.939606 0.578253 0.940755 0.599188 0.937691 0.603018 0.937691 0.609145 0.932904 0.613230 0.926394 0.614507 0.921224 0.613741 0.915671 0.608124 0.906288 0.594848 0.900927 0.590763 0.887331 0.577997 0.881587 0.564977 0.881587 0.562168 0.893267 0.564466 0.891927 0.554764 0.901501 0.564466 0.905714 0.562168 0.894608 0.550679
0 0.921511 0.709993 0.078699 0.086295 0.913565 0.667356 0.887140 0.677824 0.882161 0.686760 0.882353 0.693142 0.885417 0.696461 0.885800 0.704631 0.893076 0.711525 0.893076 0.715610 0.920650 0.736290 0.940947 0.752374 0.949180 0.753140 0.953010 0.748545 0.957989 0.737566 0.957797 0.707695 0.960861 0.691100 0.959712 0.679611 0.956840 0.672973 0.951478 0.668122 0.942479 0.667356 0.947074 0.676037 0.944968 0.682419 0.938074 0.681143 0.929075 0.673228 0.920458 0.666845
0 0.965862 0.626889 0.065150 0.086550 0.933287 0.619102 0.941904 0.611188 0.953393 0.612209 0.963159 0.595614 0.993604 0.583614 0.998437 0.584503 0.998200 0.670164 0.991881 0.668122 0.965648 0.653569 0.958755 0.652293 0.948032 0.647186 0.934245 0.630081
0 0.968256 0.484171 0.060363 0.095741 0.974265 0.443704 0.963350 0.453916 0.940181 0.486596 0.938074 0.495277 0.939606 0.507276 0.944393 0.515446 0.956840 0.524127 0.974073 0.532041 0.998200 0.531020 0.998437 0.531337 0.998437 0.439108 0.992456 0.436300 0.982881 0.436811