0 0.252033 0.630759 0.066057 0.071816 0.227388 0.597900 0.219004 0.615515 0.229421 0.645325 0.241108 0.663957 0.258638 0.666667 0.263211 0.664973 0.270071 0.656843 0.285061 0.649390 0.273628 0.638889 0.264990 0.651423 0.250508 0.657520 0.248222 0.640921 0.248476 0.619919 0.236026 0.620935 0.226880 0.613482 0.237805 0.599593 0.233486 0.594851
0 0.294461 0.516260 0.079776 0.102304 0.254573 0.476626 0.255843 0.510840 0.274898 0.535908 0.287856 0.549119 0.303100 0.567412 0.315803 0.564363 0.321392 0.549458 0.324441 0.536247 0.326474 0.515583 0.334350 0.493225 0.331555 0.476626 0.313008 0.465108 0.313770 0.482724 0.303862 0.502033 0.295478 0.502033 0.288618 0.485434 0.287602 0.466125 0.268293 0.468157
0 0.320249 0.375339 0.089685 0.104336 0.280742 0.374661 0.275407 0.398374 0.284299 0.417005 0.303354 0.427507 0.325457 0.421070 0.341972 0.413279 0.360518 0.407520 0.365091 0.394309 0.361280 0.376016 0.324187 0.332317 0.309451 0.323171 0.295986 0.330285
0 0.481961 0.472561 0.072663 0.088076 0.456301 0.428523 0.446392 0.458333 0.445630 0.484756 0.453760 0.494580 0.458079 0.512534 0.476626 0.516599 0.496697 0.512873 0.514736 0.499322 0.518293 0.489837 0.509400 0.480352 0.502541 0.488144 0.492124 0.467480 0.481199 0.454607 0.475864 0.467480 0.474593 0.440379
0 0.499746 0.561992 0.075203 0.098238 0.483232 0.518293 0.471799 0.532859 0.467226 0.557588 0.463923 0.578252 0.462144 0.599255 0.472561 0.609417 0.493648 0.611111 0.520579 0.605014 0.536077 0.593496 0.537348 0.582656 0.533791 0.565718 0.511941 0.520664 0.497713 0.512873
0 0.610010 0.559959 0.075711 0.115176 0.579268 0.512195 0.572409 0.535230 0.572154 0.555217 0.581809 0.575203 0.597053 0.595190 0.613059 0.616192 0.623476 0.617547 0.631606 0.601626 0.634909 0.588753 0.639736 0.570461 0.645833 0.553184 0.647866 0.533198 0.642530 0.518293 0.630081 0.508130 0.617124 0.503726 0.603150 0.502371 0.589431 0.503388
0 0.736153 0.592649 0.089177 0.094512 0.694106 0.552507 0.691565 0.574187 0.696900 0.582317 0.699949 0.589431 0.724593 0.623645 0.736280 0.639905 0.757114 0.638889 0.764736 0.621274 0.770071 0.597222 0.777185 0.585027 0.780742 0.563686 0.762703 0.557588 0.761433 0.572154 0.747967 0.567412 0.737551 0.561314 0.732215 0.552507 0.713415 0.568428 0.708333 0.563686 0.703252 0.552168 0.706809 0.545393
0 0.738694 0.643123 0.077490 0.078930 0.699949 0.646680 0.714431 0.669715 0.738567 0.682588 0.751524 0.676152 0.766006 0.670732 0.776423 0.647696 0.777439 0.618225 0.769055 0.603659 0.763211 0.623645 0.754319 0.638550 0.739075 0.640583 0.732215 0.657859 0.724593 0.657520 0.715701 0.643293 0.717480 0.632453
0 0.796113 0.481369 0.078506 0.099593 0.768547 0.431572 0.758892 0.447832 0.756860 0.469851 0.760671 0.494241 0.760671 0.525745 0.776677 0.531165 0.793191 0.523713 0.806148 0.516599 0.818343 0.514228 0.835366 0.498645 0.823933 0.485095 0.819868 0.467480 0.805640 0.450881 0.789634 0.439702
0 0.846291 0.544038 0.085874 0.100271 0.815295 0.515921 0.809197 0.541667 0.803354 0.572493 0.807673 0.590108 0.821646 0.594173 0.836382 0.586043 0.859248 0.584688 0.878049 0.573509 0.889228 0.549119 0.886941 0.533198 0.879827 0.520664 0.875254 0.521003 0.868394 0.510840 0.845528 0.493902 0.837144 0.499322
0 0.917429 0.677507 0.084858 0.070461 0.875000 0.651423 0.883892 0.672425 0.905996 0.694444 0.925813 0.712737 0.940549 0.712398 0.946900 0.703591 0.959858 0.648374 0.941819 0.642615 0.944106 0.662940 0.933943 0.662940 0.915650 0.643293 0.893547 0.658198 0.886687 0.657520 0.886687 0.653455 0.895325 0.647696 0.893039 0.642276
0 0.926575 0.548272 0.075711 0.099932 0.888720 0.514566 0.911585 0.563686 0.892276 0.547087 0.894563 0.556572 0.923780 0.590447 0.929370 0.598238 0.946646 0.595867 0.951982 0.585705 0.955030 0.559282 0.964431 0.537263 0.963923 0.512873 0.951220 0.498306 0.938770 0.498306 0.946646 0.504065 0.947154 0.516938 0.945376 0.521680 0.926829 0.507114 0.918445 0.504404 0.900407 0.506775
0 0.968496 0.613144 0.058943 0.066396 0.939024 0.604675 0.950965 0.620935 0.974085 0.632453 0.997967 0.646341 0.997967 0.579946 0.977642 0.581301 0.965955 0.600271 0.950965 0.593157
0 0.980418 0.476795 0.036039 0.074187 0.964685 0.467818 0.962398 0.480691 0.971545 0.497290 0.981707 0.503049 0.997713 0.513889 0.998437 0.461272 0.998437 0.439702 0.985518 0.463076 0.976880 0.457317