0 0.342422 0.377188 0.078281 0.093542 0.324063 0.336250 0.311563 0.367917 0.304375 0.386042 0.303281 0.393542 0.305000 0.405625 0.312344 0.413750 0.314375 0.419375 0.319375 0.418958 0.324219 0.423958 0.333437 0.423750 0.355938 0.411875 0.368594 0.410000 0.378125 0.405000 0.381562 0.398333 0.381562 0.386250 0.376406 0.375833 0.347969 0.336875 0.340938 0.332708 0.337031 0.330417 0.330781 0.331667
0 0.320078 0.505521 0.072969 0.101458 0.321250 0.454792 0.321094 0.465000 0.334531 0.487500 0.337656 0.486667 0.345781 0.471667 0.345156 0.456667 0.350312 0.462500 0.354531 0.472083 0.356563 0.491875 0.349062 0.511875 0.347656 0.527708 0.345469 0.531042 0.345156 0.542292 0.339531 0.553125 0.333437 0.556250 0.317656 0.542917 0.317969 0.537292 0.313906 0.536875 0.309531 0.534375 0.308906 0.529375 0.300156 0.523750 0.289531 0.511458 0.283594 0.495625 0.283594 0.475000 0.302813 0.460000 0.311563 0.458958
0 0.280000 0.626667 0.068750 0.084167 0.254375 0.584583 0.252031 0.589167 0.251875 0.600000 0.245625 0.613125 0.249688 0.632708 0.255781 0.643125 0.255781 0.651458 0.260937 0.664583 0.267344 0.668750 0.277813 0.666250 0.292344 0.653125 0.296094 0.652500 0.307812 0.644583 0.314375 0.632917 0.306406 0.625833 0.302187 0.630417 0.298750 0.638333 0.292656 0.643125 0.286719 0.641875 0.282187 0.629583 0.281875 0.611250 0.273438 0.610000 0.265625 0.607917 0.259687 0.602500 0.266250 0.592500 0.263906 0.588333 0.258281 0.589167
0 0.492344 0.454792 0.068750 0.083333 0.469375 0.413125 0.457969 0.441667 0.457969 0.466667 0.465625 0.476458 0.468125 0.476875 0.470156 0.490417 0.477500 0.496458 0.490156 0.495208 0.493750 0.491875 0.498906 0.492292 0.501406 0.485833 0.511094 0.485000 0.511094 0.481250 0.520000 0.476458 0.526719 0.466250 0.526563 0.458125 0.516719 0.449375 0.510000 0.441875 0.511250 0.434167 0.506406 0.433750 0.493750 0.418333 0.485625 0.416458
0 0.512109 0.532604 0.068906 0.095625 0.498437 0.493125 0.485781 0.507083 0.480781 0.537500 0.477656 0.561042 0.478281 0.569167 0.482031 0.576458 0.487031 0.580417 0.497969 0.580000 0.516250 0.574375 0.525469 0.572917 0.540156 0.563333 0.545000 0.555625 0.546563 0.539167 0.540937 0.517083 0.537344 0.505417 0.527500 0.496042 0.515937 0.484792 0.504063 0.486458
0 0.603594 0.514688 0.065937 0.095625 0.591562 0.541875 0.602656 0.551250 0.609531 0.558750 0.618125 0.562500 0.623594 0.562083 0.629219 0.549375 0.629375 0.540000 0.630625 0.526042 0.636562 0.505417 0.635625 0.492500 0.632500 0.484792 0.627969 0.476875 0.619531 0.470208 0.612187 0.467500 0.601875 0.466875 0.594219 0.468125 0.581875 0.476250 0.577969 0.483125 0.572344 0.494375 0.570625 0.508542 0.573281 0.519375 0.578281 0.531875 0.585000 0.540000
0 0.710703 0.581562 0.066094 0.067292 0.677656 0.567500 0.678281 0.578750 0.691094 0.598958 0.702500 0.612500 0.709219 0.615208 0.722187 0.613542 0.732812 0.604375 0.741719 0.589583 0.743750 0.580625 0.743437 0.550208 0.739062 0.547917 0.737500 0.555625 0.732500 0.563333 0.727344 0.566458 0.721719 0.565625 0.717969 0.572500 0.717812 0.581042 0.714687 0.583333 0.709688 0.582500 0.700156 0.575000 0.700156 0.566250 0.695625 0.573125 0.688125 0.581875 0.684063 0.580208 0.684219 0.563750
0 0.713672 0.526875 0.072031 0.080417 0.677656 0.502500 0.677969 0.508958 0.683281 0.527292 0.689688 0.529375 0.691719 0.536667 0.702187 0.546042 0.710938 0.554375 0.721562 0.565625 0.727500 0.567083 0.732812 0.563958 0.737344 0.554583 0.740938 0.527500 0.745156 0.520833 0.749688 0.503958 0.748906 0.493125 0.745625 0.488125 0.741406 0.489375 0.738594 0.494375 0.726875 0.495000 0.717500 0.486667 0.703437 0.497917 0.697813 0.497708 0.690625 0.487500 0.685156 0.492083 0.684063 0.498750
0 0.746797 0.434896 0.063281 0.078958 0.724531 0.395417 0.719844 0.400833 0.715313 0.413542 0.715313 0.422917 0.715156 0.433750 0.717969 0.446250 0.720156 0.467500 0.725469 0.467500 0.735625 0.469792 0.746563 0.474375 0.752812 0.467500 0.759844 0.464792 0.770469 0.462917 0.775781 0.458542 0.778438 0.445625 0.777187 0.436458 0.770469 0.423750 0.761406 0.411875 0.751875 0.403750 0.740625 0.399167 0.732969 0.395417
0 0.788594 0.487188 0.061562 0.085625 0.758281 0.465000 0.758750 0.483750 0.762031 0.485000 0.762031 0.488333 0.757969 0.491250 0.757812 0.520000 0.761094 0.525833 0.768750 0.530000 0.775781 0.527917 0.783125 0.521875 0.791563 0.520833 0.802812 0.516250 0.813125 0.508125 0.817656 0.496458 0.819375 0.481458 0.817344 0.466042 0.812187 0.462083 0.793906 0.449167 0.783594 0.444375 0.778281 0.445625 0.776250 0.458333 0.770937 0.462708
0 0.844844 0.484792 0.054063 0.077917 0.820469 0.491667 0.837969 0.509375 0.839375 0.513750 0.845938 0.520417 0.852500 0.523750 0.860625 0.519375 0.865938 0.513333 0.865938 0.496875 0.867969 0.486667 0.871406 0.479583 0.871875 0.462292 0.867969 0.453333 0.863438 0.447708 0.859531 0.445833 0.860313 0.455000 0.853594 0.453333 0.848281 0.452500 0.841250 0.447292 0.838906 0.447292 0.833281 0.448750 0.827656 0.451875 0.817812 0.460625 0.823281 0.464375 0.833906 0.475417 0.833281 0.476250 0.826250 0.475417 0.835156 0.485625 0.824062 0.479583 0.827812 0.489375 0.824062 0.490208 0.819844 0.482917
0 0.842578 0.595208 0.062656 0.064583 0.811250 0.580625 0.813438 0.592708 0.819375 0.601250 0.839219 0.615208 0.854688 0.627500 0.860156 0.627500 0.866875 0.622500 0.868594 0.607500 0.869063 0.592500 0.873906 0.576042 0.873281 0.568958 0.870469 0.563333 0.865625 0.562917 0.863125 0.565000 0.865156 0.577292 0.860938 0.577917 0.844844 0.568125 0.839844 0.569375 0.832812 0.575000 0.822031 0.578750 0.823281 0.574583 0.817344 0.577917
0 0.886641 0.518854 0.064531 0.077708 0.854375 0.529375 0.862344 0.541458 0.873906 0.546875 0.885469 0.548750 0.896094 0.555833 0.903438 0.557708 0.913594 0.554583 0.916719 0.545208 0.916563 0.535000 0.918906 0.523750 0.918906 0.509583 0.915469 0.497500 0.910937 0.488750 0.907031 0.483750 0.896719 0.480000 0.894688 0.483750 0.899844 0.484583 0.907344 0.490625 0.906406 0.497292 0.895469 0.501875 0.887187 0.502500 0.881719 0.507292 0.878281 0.518750 0.870156 0.520208 0.865625 0.516667 0.862344 0.518958 0.860000 0.522500 0.855781 0.524167
0 0.904219 0.406979 0.080000 0.085208 0.864531 0.416458 0.864219 0.421042 0.869375 0.433750 0.879219 0.443125 0.899219 0.447708 0.913906 0.449583 0.935781 0.449167 0.940625 0.443125 0.944219 0.434375 0.941875 0.415625 0.939688 0.397292 0.935000 0.381250 0.930625 0.375208 0.926406 0.371458 0.917969 0.367292 0.908750 0.364375 0.905000 0.365208 0.902500 0.368542 0.900781 0.373750 0.897188 0.380625 0.889687 0.389792 0.888437 0.401875 0.881406 0.406250 0.872656 0.407500
0 0.932500 0.442083 0.067812 0.074583 0.898594 0.447500 0.898906 0.461875 0.902031 0.465000 0.906563 0.464792 0.904844 0.470417 0.909375 0.471250 0.916875 0.479375 0.935469 0.478333 0.943906 0.470833 0.960781 0.458542 0.966406 0.448750 0.966406 0.437083 0.957031 0.435208 0.955469 0.417917 0.950625 0.416458 0.940156 0.404792 0.941875 0.415625 0.944219 0.434167 0.940469 0.443125 0.936094 0.449167 0.913750 0.450000
0 0.978047 0.468438 0.040781 0.055625 0.957656 0.460000 0.958281 0.466250 0.971094 0.493958 0.975625 0.495625 0.984219 0.496250 0.988594 0.492292 0.995156 0.487083 0.998437 0.482256 0.998437 0.449167 0.994219 0.453750 0.986094 0.450417 0.982969 0.440625 0.980469 0.445000 0.966406 0.449375 0.961250 0.458125
0 0.973281 0.582604 0.050313 0.075208 0.963594 0.545000 0.956094 0.550000 0.950937 0.560208 0.948125 0.575625 0.948125 0.594375 0.950156 0.604792 0.956875 0.614792 0.969531 0.616042 0.975156 0.620208 0.992500 0.620000 0.998437 0.613667 0.998437 0.575000 0.995313 0.575417 0.995313 0.579375 0.987500 0.580000 0.982969 0.575000 0.978594 0.556875 0.964687 0.551458