0 0.226725 0.459371 0.083636 0.114972 0.200467 0.401885 0.192687 0.413987 0.187500 0.425225 0.184907 0.436463 0.190093 0.454616 0.193983 0.465854 0.199170 0.478821 0.201763 0.490059 0.206302 0.501297 0.210840 0.510806 0.227049 0.516857 0.247147 0.500432 0.251686 0.489194 0.258817 0.472770 0.268543 0.458074 0.268543 0.449429 0.258817 0.442514 0.250389 0.437327 0.243906 0.435598 0.240016 0.446836 0.230939 0.445972 0.227697 0.427818 0.223807 0.420902 0.210192 0.415716
0 0.122342 0.549706 0.097899 0.117566 0.158973 0.490923 0.169346 0.506483 0.171291 0.527230 0.168698 0.543655 0.166753 0.554893 0.163511 0.578233 0.157676 0.596387 0.152490 0.607624 0.140820 0.608489 0.133688 0.601573 0.119424 0.592929 0.101919 0.574775 0.087656 0.564402 0.079876 0.555757 0.074040 0.531553 0.073392 0.518586 0.078579 0.505619 0.092194 0.501297 0.108402 0.496110 0.114238 0.495246 0.123963 0.500432 0.134336 0.501297 0.140820 0.495246
0 0.040327 0.543223 0.073911 0.109786 0.007910 0.496974 0.019580 0.488330 0.034492 0.488330 0.051349 0.490923 0.050052 0.502161 0.048107 0.514263 0.059129 0.511670 0.070150 0.506483 0.074040 0.523772 0.074040 0.540197 0.077282 0.559215 0.075985 0.567860 0.064315 0.580826 0.057832 0.586878 0.051997 0.591200 0.035788 0.595522 0.026712 0.598115 0.013745 0.586013 0.008558 0.576504 0.005965 0.562673 0.003371 0.534146 0.005965 0.507348
0 0.177127 0.630100 0.092064 0.112379 0.131094 0.626642 0.135633 0.649118 0.146006 0.659492 0.166753 0.674187 0.182313 0.684561 0.199170 0.686290 0.207599 0.676781 0.215379 0.665543 0.223159 0.645660 0.220565 0.623185 0.215379 0.602438 0.208895 0.591200 0.201115 0.583420 0.188797 0.573911 0.175182 0.584284 0.166753 0.592064 0.160270 0.596387 0.149248 0.610218 0.138874 0.616269
0 0.296745 0.522044 0.082339 0.107192 0.279564 0.468447 0.269191 0.482279 0.260114 0.497839 0.258169 0.520315 0.255576 0.541926 0.255576 0.560080 0.265949 0.575640 0.280861 0.573911 0.291883 0.568724 0.310685 0.560944 0.329487 0.549706 0.337915 0.536739 0.337267 0.528095 0.325596 0.525501 0.311981 0.506483 0.304201 0.498703 0.295124 0.485737
0 0.436463 0.418741 0.088174 0.108057 0.409881 0.373358 0.394969 0.395833 0.392376 0.412258 0.396914 0.434734 0.403397 0.458938 0.413771 0.466719 0.429331 0.467583 0.439056 0.471041 0.459803 0.472770 0.474715 0.464125 0.480550 0.453752 0.477956 0.416580 0.472770 0.396698 0.465638 0.382002 0.455913 0.370764 0.445539 0.364713 0.435166 0.364713 0.417012 0.366442
0 0.382326 0.526366 0.069372 0.107192 0.368387 0.479685 0.357365 0.480550 0.350233 0.493517 0.347640 0.513399 0.354772 0.536739 0.368387 0.555757 0.384595 0.569589 0.398859 0.579962 0.407287 0.575640 0.406639 0.552299 0.416364 0.521179 0.417012 0.506483 0.412474 0.484872 0.404046 0.475363 0.390430 0.473634 0.377464 0.472770
0 0.456237 0.576504 0.074559 0.108921 0.445539 0.535010 0.437111 0.547113 0.428034 0.555757 0.420254 0.566995 0.418957 0.585149 0.420254 0.599844 0.425441 0.611947 0.441649 0.619727 0.455913 0.621456 0.477308 0.630965 0.492868 0.624914 0.493517 0.611947 0.490275 0.590335 0.490275 0.569589 0.488330 0.548842 0.476660 0.530688 0.461100 0.522044
0 0.425117 0.686290 0.073262 0.089903 0.392376 0.649118 0.388485 0.667272 0.389782 0.685425 0.404694 0.705308 0.417661 0.714817 0.429331 0.724326 0.438408 0.727784 0.447484 0.731241 0.458506 0.719139 0.461748 0.685425 0.459803 0.662950 0.457858 0.647389 0.452671 0.641338 0.441001 0.641338 0.431924 0.641338 0.421551 0.643067 0.416364 0.655169 0.404694 0.657763
0 0.557054 0.485737 0.062241 0.102006 0.553164 0.437327 0.544087 0.434734 0.536307 0.439056 0.527230 0.451158 0.525934 0.473634 0.528527 0.501297 0.530472 0.521179 0.539549 0.528959 0.546032 0.536739 0.562889 0.528095 0.577801 0.503890 0.588174 0.496110 0.579746 0.482279 0.570669 0.462396 0.564834 0.468447 0.551867 0.464990 0.543439 0.459803 0.542142 0.445972
0 0.631289 0.514263 0.069372 0.095090 0.654953 0.466719 0.662085 0.484872 0.665975 0.510806 0.665327 0.528095 0.659492 0.552299 0.646525 0.560944 0.632910 0.561808 0.617998 0.552299 0.603734 0.536739 0.596603 0.517721 0.596603 0.500432 0.607624 0.499568 0.615405 0.494381 0.620591 0.488330 0.630316 0.481414 0.641338 0.472770
0 0.617350 0.690612 0.067427 0.095090 0.585581 0.643067 0.583636 0.669001 0.584284 0.700985 0.589471 0.722597 0.598548 0.726919 0.603086 0.730377 0.608921 0.735564 0.617998 0.738157 0.636800 0.717410 0.645228 0.702714 0.649767 0.685425 0.651063 0.669001 0.650415 0.662950 0.636800 0.671594 0.625130 0.662085 0.619295 0.657763 0.606328 0.668136 0.595954 0.666407 0.588823 0.662950
0 0.769710 0.473202 0.084284 0.085581 0.728216 0.442514 0.727567 0.455481 0.729512 0.466719 0.728864 0.478821 0.740534 0.493517 0.758039 0.504754 0.771655 0.511670 0.783325 0.515992 0.793050 0.508212 0.800182 0.484008 0.804072 0.469312 0.811852 0.453752 0.809907 0.435598 0.801478 0.430411 0.802775 0.452023 0.794346 0.451158 0.781380 0.442514 0.771655 0.438192 0.756094 0.452887 0.747018 0.460667 0.740534 0.457210 0.740534 0.443378
0 0.862422 0.364281 0.088174 0.114972 0.818335 0.368171 0.826115 0.382867 0.839730 0.395833 0.852049 0.404478 0.862422 0.411393 0.876037 0.418309 0.888356 0.421767 0.898729 0.414851 0.901971 0.388918 0.902619 0.374222 0.906509 0.350017 0.906509 0.335322 0.898729 0.317168 0.890301 0.306795 0.883169 0.311981 0.871499 0.318033 0.868906 0.332728 0.849455 0.337915 0.842972 0.345695 0.836489 0.382002 0.825467 0.370764
0 0.870526 0.557918 0.091416 0.120159 0.862422 0.516857 0.845565 0.525501 0.830654 0.535010 0.825467 0.545384 0.824818 0.560944 0.833895 0.569589 0.844917 0.586878 0.858532 0.602438 0.872796 0.615405 0.885114 0.617998 0.898081 0.600709 0.901323 0.584284 0.904564 0.575640 0.909751 0.557486 0.912993 0.537604 0.916234 0.525501 0.914938 0.513399 0.903916 0.503890 0.895488 0.497839 0.887059 0.500432 0.880576 0.501297 0.874741 0.508212