0 0.316484 0.399896 0.062656 0.068542 0.308906 0.365625 0.304688 0.366667 0.297187 0.374375 0.292969 0.381458 0.288125 0.388958 0.285156 0.406667 0.289687 0.418542 0.292969 0.426042 0.301875 0.433958 0.313281 0.434167 0.342813 0.425000 0.347031 0.421042 0.347812 0.413542 0.346875 0.406875 0.325937 0.372292 0.322187 0.367083 0.317656 0.366250
0 0.285234 0.476354 0.057656 0.083958 0.272969 0.435208 0.286250 0.434375 0.290937 0.448958 0.295312 0.449792 0.305938 0.443333 0.309844 0.447500 0.312969 0.454375 0.314063 0.468125 0.313594 0.480000 0.303281 0.493750 0.297656 0.509375 0.291250 0.516250 0.288125 0.518333 0.285000 0.518333 0.278906 0.510833 0.268750 0.497708 0.259687 0.483750 0.256406 0.479375 0.256406 0.453125
0 0.236250 0.573542 0.057187 0.082083 0.219844 0.532500 0.214688 0.535000 0.207656 0.543333 0.208594 0.577917 0.209687 0.602708 0.211875 0.609375 0.216250 0.614583 0.225781 0.612292 0.243281 0.599583 0.253125 0.591667 0.260313 0.585833 0.264844 0.573333 0.261406 0.569583 0.253125 0.564375 0.248438 0.558333 0.234687 0.563333 0.228281 0.557500 0.227969 0.547500 0.231719 0.544792 0.231562 0.538125 0.224688 0.533333
0 0.432891 0.526563 0.059844 0.074792 0.430938 0.489583 0.425781 0.494167 0.420156 0.502292 0.413125 0.511458 0.412656 0.521250 0.407500 0.528750 0.407500 0.536250 0.403594 0.544375 0.402969 0.557500 0.406406 0.561667 0.412031 0.563958 0.448750 0.563750 0.454219 0.560833 0.457656 0.557083 0.462812 0.548542 0.462031 0.537917 0.460625 0.522917 0.458906 0.510208 0.455781 0.502708 0.452187 0.497500 0.447813 0.492292 0.442344 0.489583 0.436406 0.489167
0 0.517500 0.516458 0.052813 0.075417 0.491406 0.504583 0.491094 0.525625 0.493906 0.536875 0.501563 0.544792 0.518125 0.554167 0.525156 0.551875 0.533281 0.545417 0.540312 0.528958 0.543125 0.522917 0.543906 0.513958 0.543750 0.500000 0.540781 0.494375 0.537969 0.487708 0.534062 0.485000 0.525625 0.481667 0.513281 0.478750 0.507656 0.480000 0.501719 0.483958 0.495312 0.490417
0 0.427891 0.464479 0.057656 0.074375 0.420469 0.427292 0.413125 0.432292 0.403906 0.449583 0.399688 0.458958 0.399062 0.479583 0.403906 0.491250 0.409062 0.499375 0.417187 0.501667 0.421094 0.501250 0.426406 0.493333 0.432031 0.489167 0.428281 0.485417 0.434844 0.481042 0.442344 0.483125 0.442344 0.476458 0.445000 0.471875 0.449531 0.479583 0.453125 0.475000 0.456719 0.464792 0.451094 0.464792 0.438438 0.447917 0.435313 0.442292 0.431406 0.431042
0 0.604922 0.508750 0.060781 0.086250 0.586562 0.468958 0.574531 0.484792 0.574844 0.511458 0.582656 0.524375 0.603906 0.542917 0.610000 0.550000 0.617656 0.551875 0.624688 0.546875 0.627500 0.532708 0.630625 0.515833 0.633906 0.501875 0.635313 0.487292 0.633281 0.481250 0.629687 0.473750 0.623437 0.466667 0.616406 0.465625 0.612187 0.466875 0.600156 0.466667 0.595938 0.466667
0 0.615938 0.588229 0.062500 0.085625 0.589219 0.570000 0.584688 0.581458 0.588125 0.591250 0.593438 0.602500 0.602344 0.617917 0.612812 0.628125 0.621563 0.631042 0.629063 0.628750 0.633437 0.620833 0.639062 0.618542 0.643750 0.611875 0.647188 0.599792 0.646563 0.585625 0.645625 0.566875 0.642031 0.558542 0.632500 0.545417 0.624531 0.545625 0.618125 0.551875 0.610781 0.558333 0.605469 0.566458 0.597813 0.566458 0.596875 0.562083
0 0.648359 0.475312 0.053594 0.085625 0.636250 0.432500 0.625000 0.443125 0.624844 0.448750 0.621563 0.453125 0.621875 0.465625 0.623906 0.467083 0.629531 0.473958 0.633750 0.482500 0.635781 0.488125 0.634062 0.503125 0.630469 0.515417 0.636875 0.518125 0.645000 0.513542 0.663906 0.493125 0.674063 0.481667 0.675156 0.462917 0.668906 0.456875 0.659844 0.446458 0.652031 0.438542 0.645781 0.435625
0 0.693203 0.519271 0.058281 0.075208 0.682344 0.481875 0.669375 0.496458 0.667188 0.499792 0.666094 0.523750 0.664062 0.544375 0.666406 0.552292 0.670937 0.555625 0.678281 0.556875 0.688594 0.551875 0.702344 0.549167 0.710625 0.544375 0.717344 0.536458 0.721562 0.528125 0.722344 0.516875 0.716406 0.500000 0.711094 0.492917 0.705156 0.488750 0.697031 0.483542 0.690781 0.481667
0 0.749687 0.527917 0.051875 0.077917 0.723750 0.527500 0.725469 0.531667 0.736719 0.545417 0.751094 0.558750 0.760156 0.566875 0.767188 0.565625 0.771250 0.557083 0.769531 0.545417 0.769531 0.536875 0.773906 0.528125 0.775625 0.519583 0.773750 0.506875 0.767031 0.496875 0.755312 0.490417 0.742031 0.488958 0.734375 0.493125 0.727344 0.499792 0.724531 0.503542 0.737031 0.513542 0.736719 0.516667 0.724531 0.509375 0.725156 0.512500 0.731875 0.525625
0 0.797656 0.453750 0.069375 0.075417 0.763437 0.455000 0.762969 0.465625 0.765781 0.476875 0.772188 0.486875 0.783438 0.491458 0.800625 0.491458 0.806719 0.489375 0.818906 0.490000 0.828750 0.486458 0.831563 0.480833 0.832344 0.471875 0.829531 0.458750 0.820781 0.438750 0.814531 0.426875 0.808437 0.420833 0.799063 0.416667 0.792656 0.416250 0.788125 0.416042 0.783594 0.418333 0.775469 0.426250 0.770937 0.430625 0.767031 0.439375 0.765156 0.445625
0 0.803281 0.569167 0.062813 0.077917 0.772969 0.568958 0.771875 0.579375 0.777500 0.587708 0.791094 0.600625 0.802500 0.600625 0.816094 0.607500 0.829219 0.608125 0.834219 0.601875 0.834688 0.586458 0.830313 0.578542 0.830313 0.562500 0.826406 0.550000 0.821875 0.538125 0.816875 0.532917 0.808125 0.530208 0.796563 0.539583 0.787344 0.545625 0.781406 0.553958
0 0.772031 0.651146 0.059375 0.076875 0.742344 0.631458 0.742344 0.647708 0.746875 0.662292 0.789687 0.689583 0.798125 0.686875 0.801406 0.678333 0.801719 0.660625 0.800313 0.631042 0.797187 0.619792 0.789531 0.612708 0.783906 0.613125 0.780000 0.618125 0.766250 0.613958 0.761406 0.615833 0.752969 0.621042
0 0.855234 0.522708 0.056719 0.072917 0.830469 0.498750 0.828438 0.505625 0.826875 0.516875 0.826875 0.543750 0.832188 0.554583 0.838750 0.554167 0.843437 0.557708 0.853281 0.559167 0.862656 0.552708 0.872500 0.541875 0.879531 0.533542 0.883437 0.522292 0.883594 0.513750 0.880781 0.506250 0.874062 0.500208 0.863594 0.494167 0.854375 0.488542 0.845313 0.486250 0.836875 0.489792 0.832188 0.493542
0 0.912734 0.545417 0.057031 0.071667 0.884688 0.531667 0.884219 0.545000 0.890156 0.555833 0.900625 0.570833 0.908594 0.580000 0.916875 0.581250 0.922500 0.577083 0.929219 0.577500 0.932969 0.571458 0.936719 0.552708 0.937344 0.544375 0.941250 0.533542 0.940938 0.526875 0.939063 0.518958 0.933906 0.513750 0.928906 0.510000 0.924375 0.509583 0.914531 0.518333 0.906719 0.518958 0.894531 0.520208 0.885625 0.525833
0 0.923750 0.654792 0.066563 0.079583 0.909531 0.615000 0.899687 0.617083 0.892344 0.626042 0.890469 0.639583 0.895156 0.673750 0.901094 0.686042 0.909531 0.694375 0.920000 0.694375 0.933906 0.694583 0.941406 0.687083 0.947813 0.678750 0.956250 0.659375 0.957031 0.637917 0.947188 0.626458 0.934844 0.621458 0.932969 0.626042 0.924375 0.624375 0.921094 0.630000 0.913125 0.628542 0.910000 0.623750