0 0.096732 0.498703 0.103734 0.119295 0.088304 0.439056 0.078579 0.439920 0.063667 0.450294 0.053942 0.458074 0.047459 0.466719 0.044865 0.474499 0.051349 0.496974 0.057184 0.518586 0.063667 0.535010 0.070150 0.545384 0.083117 0.558351 0.100622 0.551435 0.115534 0.541926 0.128501 0.527230 0.137578 0.509077 0.148600 0.486601 0.144061 0.477092 0.140171 0.471905 0.127853 0.468447 0.120073 0.471041 0.118128 0.457210 0.122018 0.450294 0.106457 0.440785 0.101271 0.439056
0 0.194956 0.505187 0.097899 0.120159 0.158325 0.462396 0.147951 0.482279 0.146006 0.496974 0.159621 0.513399 0.171940 0.524637 0.190093 0.549706 0.197225 0.556622 0.206302 0.565266 0.224455 0.563537 0.234829 0.541926 0.238071 0.524637 0.243257 0.501297 0.243906 0.471905 0.238071 0.449429 0.232884 0.445107 0.225752 0.452887 0.213434 0.458074 0.195928 0.454616 0.188148 0.451158 0.183610 0.451158 0.175182 0.457210
0 0.243257 0.592064 0.090768 0.110650 0.197873 0.585149 0.202412 0.602438 0.213434 0.618862 0.223159 0.630965 0.234829 0.639609 0.244554 0.645660 0.254927 0.647389 0.263356 0.644796 0.275026 0.635287 0.283454 0.626642 0.287344 0.617998 0.288641 0.603302 0.288641 0.586013 0.287344 0.567860 0.283454 0.554893 0.276323 0.545384 0.267894 0.538468 0.252982 0.536739 0.246499 0.543655 0.241961 0.549706 0.233532 0.555757 0.227697 0.559215 0.215379 0.573911 0.208247 0.574775
0 0.290586 0.413555 0.086878 0.116701 0.269191 0.355204 0.256872 0.367306 0.249092 0.375951 0.247147 0.388918 0.251037 0.407936 0.264004 0.437327 0.268543 0.452887 0.271136 0.462396 0.280213 0.471905 0.293828 0.470176 0.305498 0.460667 0.310685 0.452023 0.324300 0.438192 0.330783 0.426954 0.334025 0.414851 0.334025 0.407936 0.327541 0.397562 0.322355 0.394104 0.319113 0.392376 0.315871 0.400156 0.307443 0.401885 0.302905 0.397562 0.299015 0.385460 0.284751 0.360391
0 0.364173 0.481414 0.082339 0.112379 0.352827 0.425225 0.346992 0.428683 0.332728 0.444243 0.328190 0.470176 0.326893 0.491788 0.323003 0.510806 0.323651 0.525501 0.330135 0.537604 0.343750 0.534146 0.352178 0.528959 0.362552 0.524637 0.376815 0.523772 0.396266 0.505619 0.403397 0.490059 0.405342 0.485737 0.398859 0.476228 0.391079 0.467583 0.384595 0.458938 0.374870 0.449429 0.367739 0.442514
0 0.450402 0.480550 0.068076 0.103734 0.429331 0.433869 0.417661 0.445972 0.416364 0.458938 0.416364 0.474499 0.422848 0.494381 0.434518 0.506483 0.447484 0.516857 0.459155 0.524637 0.462396 0.532417 0.473418 0.532417 0.475363 0.521179 0.477956 0.505619 0.479901 0.494381 0.483143 0.479685 0.483791 0.466719 0.484440 0.453752 0.481198 0.445107 0.475363 0.436463 0.470176 0.432140 0.464341 0.429547 0.459155 0.428683 0.452023 0.429547 0.442946 0.437327
0 0.523340 0.534578 0.076504 0.104599 0.513615 0.502161 0.501945 0.513399 0.489627 0.528959 0.485088 0.540197 0.485088 0.554028 0.487682 0.564402 0.496758 0.571317 0.505835 0.573046 0.514912 0.571317 0.518802 0.571317 0.523340 0.573046 0.534362 0.579962 0.544735 0.585149 0.552516 0.586878 0.560296 0.583420 0.561592 0.569589 0.560296 0.556622 0.559647 0.547113 0.557702 0.524637 0.553164 0.504754 0.548626 0.494381 0.539549 0.484008 0.530472 0.482279 0.522692 0.485737 0.518154 0.495246
0 0.487033 0.642203 0.070021 0.091632 0.459155 0.600709 0.453968 0.606760 0.452023 0.617133 0.452671 0.629236 0.453968 0.643067 0.458506 0.651712 0.464990 0.660356 0.470825 0.664678 0.479901 0.672459 0.485088 0.675916 0.496110 0.682832 0.503890 0.688019 0.516857 0.681967 0.521395 0.658627 0.522044 0.637016 0.521395 0.616269 0.518802 0.605031 0.516209 0.598115 0.505835 0.597251 0.491572 0.596387 0.483791 0.613676 0.479901 0.620591 0.469528 0.613676
0 0.613784 0.446836 0.069372 0.102006 0.609570 0.397562 0.599196 0.395833 0.593361 0.403613 0.586878 0.416580 0.581043 0.441649 0.579098 0.458938 0.579746 0.474499 0.587526 0.486601 0.597251 0.494381 0.603734 0.497839 0.617998 0.487465 0.626426 0.475363 0.637448 0.465854 0.641987 0.461532 0.647173 0.455481 0.648470 0.445107 0.645877 0.438192 0.640041 0.428683 0.635503 0.424360 0.621240 0.432140 0.610866 0.423496 0.608273 0.416580
0 0.513291 0.376815 0.092713 0.114108 0.495462 0.328406 0.483791 0.342237 0.476011 0.353475 0.467583 0.369900 0.466935 0.379409 0.470825 0.398427 0.476011 0.410529 0.485737 0.420902 0.495462 0.428683 0.506483 0.433869 0.517505 0.433869 0.525285 0.430411 0.538252 0.431276 0.546032 0.430411 0.558351 0.415716 0.559647 0.407936 0.554461 0.382002 0.551867 0.356068 0.540197 0.337050 0.533065 0.327541 0.515560 0.319761 0.499352 0.321490
0 0.684777 0.476660 0.063537 0.090768 0.710711 0.431276 0.715249 0.448565 0.715897 0.462396 0.716546 0.477956 0.713952 0.498703 0.711359 0.507348 0.701634 0.515992 0.691260 0.519450 0.686074 0.522044 0.671810 0.517721 0.660140 0.502161 0.656250 0.488330 0.653008 0.473634 0.653657 0.457210 0.655602 0.448565 0.665975 0.454616 0.678294 0.452023 0.684129 0.446836 0.692557 0.439920
0 0.675052 0.640474 0.070021 0.093361 0.646525 0.593793 0.643283 0.601573 0.642635 0.613676 0.641338 0.635287 0.640041 0.654305 0.646525 0.676781 0.652360 0.681967 0.660140 0.681103 0.668568 0.682832 0.673107 0.686290 0.682184 0.687154 0.689315 0.679374 0.697095 0.664678 0.706172 0.646525 0.710062 0.631829 0.709414 0.621456 0.693854 0.617133 0.684129 0.607624 0.677645 0.615405 0.667920 0.621456 0.654305 0.624049 0.653657 0.598980
0 0.824818 0.439920 0.082988 0.077801 0.783325 0.415716 0.783973 0.426954 0.787863 0.448565 0.802775 0.458938 0.820280 0.470176 0.833895 0.478821 0.845565 0.471041 0.853994 0.452887 0.855939 0.436463 0.865016 0.420902 0.866312 0.401020 0.861126 0.411393 0.855290 0.414851 0.835192 0.404478 0.830005 0.407071 0.826115 0.413987 0.818983 0.418309 0.811203 0.421767 0.801478 0.413122 0.800182 0.407071
0 0.915586 0.337483 0.085581 0.106328 0.872796 0.323219 0.874741 0.340508 0.879927 0.357797 0.892246 0.364713 0.900674 0.370764 0.916883 0.382867 0.929850 0.390647 0.939575 0.388918 0.944761 0.378544 0.948651 0.362984 0.950596 0.350017 0.955783 0.334457 0.958377 0.317168 0.958377 0.306795 0.955135 0.299879 0.953190 0.292963 0.948003 0.286912 0.942816 0.284319 0.933091 0.286912 0.927905 0.290370 0.925311 0.305930 0.918828 0.308524 0.907158 0.314575 0.902619 0.314575 0.900026 0.340508 0.895488 0.346559 0.890301 0.349153 0.885762 0.343102 0.880576 0.335322
0 0.918179 0.516425 0.090768 0.108057 0.900674 0.488330 0.881872 0.498703 0.874741 0.504754 0.872796 0.516857 0.883817 0.530688 0.890301 0.537604 0.898729 0.548842 0.907806 0.560944 0.914938 0.565266 0.926608 0.570453 0.936981 0.566995 0.944113 0.547977 0.947355 0.540197 0.949300 0.534146 0.954487 0.522908 0.962915 0.509941 0.962915 0.499568 0.963563 0.482279 0.960970 0.473634 0.957728 0.469312 0.950596 0.463261 0.946058 0.462396 0.938278 0.464125 0.924015 0.476228 0.914289 0.480550 0.907806 0.477956