0 0.085669 0.409131 0.075696 0.092062 0.064444 0.365487 0.047821 0.385945 0.052169 0.409131 0.068024 0.449025 0.079276 0.455162 0.090528 0.450730 0.098200 0.447661 0.121215 0.421406 0.123517 0.408449 0.120959 0.393106 0.111242 0.380149 0.101268 0.380831 0.104593 0.373670 0.095642 0.367192 0.076718 0.363100
0 0.158296 0.412029 0.074673 0.095813 0.122750 0.374693 0.128887 0.370261 0.154971 0.364123 0.181823 0.369920 0.183613 0.367192 0.190518 0.367874 0.195632 0.383558 0.195632 0.401971 0.183101 0.455162 0.172617 0.459936 0.161109 0.453798 0.151903 0.442887 0.150880 0.438455 0.138093 0.421406 0.123517 0.412882 0.123517 0.408449 0.121215 0.394469 0.120959 0.383899
0 0.195859 0.487396 0.069219 0.092708 0.201719 0.441875 0.182344 0.455625 0.162187 0.471042 0.161250 0.486042 0.167031 0.500000 0.191406 0.528958 0.200781 0.533750 0.212500 0.532292 0.215937 0.525000 0.222656 0.522083 0.228906 0.510417 0.230000 0.498750 0.230469 0.486250 0.227656 0.471458 0.222812 0.455625 0.219219 0.450000 0.212031 0.444375 0.209687 0.441042
0 0.239297 0.355625 0.066719 0.095000 0.220156 0.308125 0.210781 0.318125 0.209687 0.324792 0.205938 0.330833 0.206562 0.340208 0.211719 0.359375 0.217031 0.370208 0.220938 0.385208 0.225156 0.398750 0.233281 0.403125 0.239219 0.400833 0.243750 0.397500 0.256875 0.380208 0.264531 0.371250 0.272656 0.354792 0.272344 0.340000 0.266406 0.339375 0.259687 0.335208 0.256406 0.335208 0.253281 0.342500 0.244219 0.338542 0.243906 0.325833 0.230156 0.310000
0 0.290781 0.408021 0.065000 0.086042 0.283594 0.365000 0.276250 0.366042 0.266406 0.380208 0.264062 0.396458 0.263594 0.409583 0.259687 0.420417 0.258281 0.434375 0.258906 0.443958 0.266250 0.450000 0.276719 0.451042 0.283750 0.444375 0.296406 0.443125 0.309844 0.437917 0.321406 0.422917 0.323281 0.409792 0.312344 0.400000 0.296406 0.376458
0 0.359766 0.413437 0.057656 0.088125 0.334531 0.380000 0.330937 0.393750 0.331094 0.404375 0.332656 0.415208 0.337969 0.425625 0.347656 0.434583 0.361563 0.451458 0.366875 0.457500 0.375000 0.456667 0.378125 0.450625 0.379062 0.443958 0.380156 0.434167 0.383125 0.421875 0.388594 0.411667 0.387344 0.397500 0.383750 0.378750 0.372188 0.372292 0.364531 0.369375 0.348594 0.376875 0.343438 0.375000
0 0.388203 0.544479 0.057344 0.079792 0.363125 0.515625 0.370000 0.510208 0.377344 0.518125 0.385469 0.515417 0.389688 0.506458 0.391406 0.504583 0.410000 0.505000 0.416094 0.515625 0.416875 0.544375 0.414375 0.573333 0.411406 0.581458 0.402813 0.584375 0.389062 0.573958 0.386563 0.569375 0.374219 0.560417 0.362344 0.548750 0.360312 0.545000 0.359531 0.533750
0 0.414687 0.460833 0.056875 0.087083 0.387031 0.448125 0.386250 0.474792 0.392656 0.484792 0.405625 0.492083 0.414687 0.493542 0.430781 0.503750 0.439219 0.504375 0.443125 0.500208 0.442500 0.447708 0.439687 0.437917 0.435469 0.427083 0.428125 0.420625 0.422187 0.417708 0.414062 0.417292
0 0.402500 0.332500 0.067500 0.090000 0.378437 0.301250 0.384063 0.295000 0.393281 0.288958 0.401250 0.288125 0.408281 0.287500 0.413594 0.290625 0.420000 0.294167 0.427969 0.306667 0.432656 0.316667 0.435781 0.330625 0.436250 0.352500 0.436250 0.366250 0.432344 0.373125 0.425625 0.377500 0.417969 0.375625 0.409062 0.376042 0.397500 0.374792 0.385156 0.367708 0.378906 0.359792 0.372188 0.348542 0.369375 0.339167 0.368750 0.329375 0.369219 0.320000 0.372500 0.311458
0 0.498437 0.398125 0.049062 0.078750 0.486875 0.358750 0.483750 0.374167 0.500000 0.381667 0.504687 0.380417 0.506563 0.375208 0.510156 0.377500 0.511562 0.389375 0.517344 0.397500 0.519531 0.394375 0.522969 0.406458 0.517500 0.414583 0.493906 0.437500 0.486094 0.437500 0.475000 0.424375 0.474219 0.398125 0.473906 0.384583 0.476250 0.370625 0.479063 0.363958
0 0.552813 0.422292 0.053750 0.079167 0.525938 0.409375 0.527656 0.401458 0.542188 0.401875 0.571562 0.382708 0.576406 0.391458 0.579688 0.400000 0.578750 0.443750 0.573125 0.455625 0.571250 0.457500 0.563281 0.455833 0.557656 0.461875 0.548750 0.461458 0.541094 0.454375 0.528438 0.432917 0.527656 0.428958
0 0.538516 0.555000 0.050781 0.070000 0.538594 0.520000 0.543594 0.520000 0.547969 0.528333 0.557813 0.529375 0.559375 0.525625 0.563438 0.535833 0.563906 0.550000 0.544531 0.586458 0.538906 0.589792 0.533750 0.590000 0.521719 0.583333 0.518281 0.578125 0.517500 0.572500 0.513125 0.548542 0.513594 0.529375 0.524375 0.529375 0.530469 0.527500
0 0.654609 0.391146 0.057969 0.072292 0.648750 0.363542 0.654375 0.360208 0.671875 0.369583 0.674844 0.356875 0.678906 0.355000 0.682500 0.359583 0.683594 0.383958 0.675156 0.420625 0.669531 0.425208 0.665781 0.427292 0.660469 0.425417 0.655156 0.421667 0.649531 0.414583 0.640625 0.410417 0.626875 0.397708 0.625625 0.369167 0.630781 0.366250 0.635313 0.376458 0.640937 0.373750
0 0.725313 0.313750 0.065313 0.091250 0.693281 0.312292 0.692656 0.319583 0.697500 0.329583 0.713281 0.343125 0.732031 0.356250 0.740313 0.359375 0.748125 0.355833 0.752969 0.315000 0.757188 0.305208 0.757969 0.294792 0.750938 0.276667 0.745313 0.270000 0.740156 0.268125 0.736250 0.270000 0.705937 0.295208 0.705313 0.300417 0.707031 0.320625 0.702187 0.321667 0.697813 0.321667
0 0.722656 0.453437 0.062813 0.093125 0.691563 0.432917 0.731250 0.406875 0.747344 0.408125 0.754063 0.429375 0.753125 0.455833 0.743906 0.470208 0.742188 0.488958 0.732656 0.500000 0.727031 0.498542 0.721875 0.495625 0.715781 0.487500 0.714375 0.482500 0.694375 0.456250 0.691250 0.450208