0 0.144385 0.495678 0.081043 0.080394 0.111644 0.455481 0.103864 0.472770 0.109699 0.484872 0.116183 0.504754 0.121369 0.520315 0.128501 0.530688 0.134984 0.535875 0.143413 0.530688 0.147951 0.523772 0.157028 0.523772 0.164808 0.515128 0.175830 0.506483 0.183610 0.493517 0.184907 0.486601 0.177775 0.493517 0.164808 0.494381 0.155731 0.490059 0.149248 0.485737 0.140171 0.486601 0.133039 0.483143 0.125259 0.464990
0 0.152165 0.582123 0.083636 0.101141 0.155083 0.531553 0.144061 0.533281 0.137578 0.540197 0.128501 0.556622 0.123314 0.569589 0.123314 0.578233 0.116831 0.592929 0.110348 0.611947 0.114238 0.624049 0.118128 0.629236 0.126556 0.632694 0.137578 0.631829 0.150545 0.630965 0.160918 0.627507 0.169995 0.625778 0.184907 0.620591 0.193983 0.610218 0.189445 0.605896 0.184258 0.590335 0.181665 0.582555 0.173237 0.574775 0.166105 0.571317 0.162215 0.558351 0.160918 0.547113
0 0.263032 0.567860 0.070669 0.108921 0.248444 0.513399 0.237422 0.524637 0.232884 0.533281 0.228345 0.544519 0.228345 0.557486 0.227697 0.580826 0.236774 0.594658 0.249092 0.616269 0.258169 0.622320 0.265949 0.618862 0.276971 0.608489 0.283454 0.599844 0.293179 0.584284 0.296421 0.571317 0.298366 0.560944 0.295773 0.544519 0.290586 0.531553 0.286048 0.522908 0.276971 0.515128 0.271784 0.515128 0.262707 0.514263
0 0.358662 0.581691 0.080394 0.105463 0.332080 0.530688 0.324300 0.540197 0.318465 0.556622 0.320410 0.573911 0.328838 0.585149 0.334673 0.595522 0.341157 0.602438 0.346343 0.607624 0.353475 0.617998 0.359959 0.625778 0.366442 0.631829 0.376815 0.634423 0.387189 0.629236 0.390430 0.617133 0.391079 0.601573 0.391727 0.587742 0.394969 0.573911 0.398211 0.558351 0.398859 0.547113 0.398211 0.537604 0.394321 0.533281 0.384595 0.533281 0.375519 0.533281 0.365145 0.530688 0.359310 0.528959 0.354123 0.532417 0.345695 0.535010
0 0.397562 0.657763 0.076504 0.107192 0.359310 0.661221 0.361255 0.678510 0.369684 0.688883 0.383947 0.701850 0.396914 0.710494 0.408584 0.711359 0.414419 0.702714 0.426738 0.693205 0.431276 0.682832 0.435814 0.661221 0.433221 0.643067 0.426089 0.624049 0.419606 0.611947 0.410529 0.604167 0.407287 0.613676 0.398211 0.621456 0.389782 0.624914 0.382650 0.637016 0.376815 0.638745 0.370980 0.646525
0 0.443919 0.491355 0.074559 0.109786 0.424144 0.436463 0.414419 0.450294 0.409232 0.460667 0.406639 0.471905 0.407936 0.484872 0.412474 0.501297 0.413771 0.508212 0.417012 0.523772 0.419606 0.535010 0.425441 0.543655 0.429979 0.546248 0.437759 0.546248 0.446188 0.539333 0.452671 0.529824 0.457858 0.522044 0.469528 0.512535 0.473418 0.503890 0.481198 0.490059 0.479901 0.482279 0.472770 0.474499 0.468880 0.478821 0.460451 0.481414 0.452023 0.474499 0.450078 0.466719 0.446188 0.452023 0.441001 0.447701 0.436463 0.442514
0 0.507132 0.558351 0.077801 0.102006 0.493517 0.507348 0.477308 0.511670 0.473418 0.528095 0.472770 0.541926 0.471473 0.559215 0.468880 0.572182 0.468231 0.585149 0.468880 0.598980 0.476011 0.608489 0.483791 0.609353 0.495462 0.601573 0.498703 0.599844 0.507132 0.597251 0.533065 0.580826 0.540845 0.572182 0.546032 0.560080 0.545384 0.552299 0.535659 0.545384 0.530472 0.538468 0.523340 0.530688 0.515560 0.523772 0.505187 0.509941
0 0.588174 0.559647 0.064834 0.111515 0.600493 0.503890 0.613460 0.511670 0.619295 0.522044 0.620591 0.537604 0.618646 0.553164 0.616701 0.569589 0.613460 0.590335 0.613460 0.603302 0.607624 0.615405 0.601789 0.612811 0.594009 0.603302 0.584933 0.590335 0.576504 0.581691 0.568076 0.574775 0.560296 0.563537 0.555757 0.550571 0.555757 0.538468 0.558351 0.530688 0.561592 0.521179 0.564186 0.515992 0.568076 0.510806 0.578449 0.509077 0.588174 0.512535
0 0.653981 0.455913 0.084933 0.109786 0.625778 0.422631 0.615405 0.433869 0.613460 0.446836 0.611515 0.460667 0.611515 0.477956 0.615405 0.487465 0.624481 0.496974 0.640041 0.508212 0.660140 0.507348 0.679590 0.510806 0.693205 0.506483 0.695799 0.494381 0.696447 0.469312 0.692557 0.448565 0.688667 0.437327 0.678294 0.418309 0.667920 0.407936 0.658843 0.401020 0.650415 0.402749 0.640690 0.407071 0.632910 0.415716
0 0.663706 0.614108 0.077152 0.104599 0.660788 0.561808 0.660788 0.573046 0.655602 0.579962 0.645877 0.586878 0.636151 0.591200 0.628371 0.603302 0.625778 0.617133 0.625130 0.630965 0.631613 0.643067 0.642635 0.648254 0.654305 0.649983 0.659492 0.652576 0.669865 0.656034 0.676997 0.663814 0.689964 0.666407 0.694502 0.662950 0.702282 0.651712 0.699040 0.641338 0.695799 0.632694 0.695150 0.612811 0.695150 0.597251 0.694502 0.588607 0.691909 0.583420 0.686074 0.578233 0.676349 0.569589
0 0.747342 0.517721 0.065482 0.096819 0.745073 0.469312 0.729512 0.471905 0.724326 0.488330 0.722381 0.506483 0.714601 0.532417 0.714601 0.545384 0.718491 0.554893 0.726271 0.560080 0.730809 0.564402 0.737941 0.566131 0.752204 0.564402 0.757391 0.560944 0.769710 0.546248 0.776841 0.536739 0.780083 0.530688 0.779435 0.517721 0.774896 0.511670 0.769710 0.504754 0.766468 0.511670 0.755446 0.507348 0.748314 0.500432 0.748314 0.487465 0.748314 0.479685
0 0.823846 0.551003 0.069372 0.097683 0.847510 0.502161 0.855290 0.513399 0.858532 0.523772 0.858532 0.538468 0.856587 0.562673 0.851400 0.577369 0.844917 0.595522 0.829357 0.599844 0.820928 0.599844 0.813148 0.592064 0.803423 0.580826 0.794346 0.563537 0.789808 0.547977 0.789160 0.538468 0.793050 0.522908 0.800830 0.528959 0.811852 0.535875 0.820928 0.535010 0.830005 0.525501 0.836489 0.517721
0 0.816066 0.723029 0.077152 0.095954 0.790456 0.675052 0.778786 0.679374 0.777490 0.711359 0.780731 0.732970 0.785270 0.752853 0.800830 0.759768 0.807313 0.766684 0.820928 0.771006 0.833247 0.768413 0.844917 0.754582 0.853994 0.732970 0.854642 0.714817 0.850104 0.707901 0.839730 0.699257 0.831302 0.694070 0.821577 0.703579 0.809258 0.705308 0.799533 0.701850 0.797588 0.682832
0 0.966805 0.521179 0.062241 0.065698 0.937630 0.490923 0.935685 0.508212 0.942816 0.523772 0.956432 0.535875 0.971343 0.542790 0.984959 0.554028 0.995980 0.551435 0.996629 0.530688 0.997925 0.513399 0.997277 0.488330 0.989497 0.488330 0.977827 0.499568 0.972640 0.505619 0.963563 0.503026 0.958377 0.495246 0.948003 0.491788