0 0.389219 0.303854 0.067188 0.083958 0.355625 0.298333 0.355781 0.292292 0.360469 0.285000 0.369844 0.270417 0.379688 0.261875 0.386406 0.262292 0.393125 0.264167 0.400156 0.271875 0.408906 0.291458 0.420156 0.314792 0.422813 0.321458 0.422344 0.330208 0.417500 0.335625 0.411875 0.339167 0.402656 0.338750 0.393281 0.341042 0.375312 0.345833 0.370781 0.341667 0.363281 0.328542 0.363594 0.313958 0.360469 0.306042
0 0.353594 0.386563 0.067813 0.103542 0.362187 0.340833 0.364375 0.348542 0.370000 0.354583 0.379688 0.351875 0.385781 0.356250 0.387188 0.361458 0.387500 0.391250 0.381250 0.400000 0.376719 0.409375 0.368906 0.428750 0.361875 0.434583 0.355938 0.438333 0.349219 0.432917 0.344375 0.422500 0.335938 0.412708 0.326094 0.399583 0.322187 0.391667 0.319688 0.380417 0.320312 0.359792 0.327656 0.350000 0.342500 0.335833 0.347031 0.334792 0.352344 0.337083 0.358594 0.336875
0 0.295156 0.498437 0.068125 0.100625 0.292969 0.458333 0.293594 0.473750 0.302031 0.482708 0.311563 0.483125 0.314688 0.480000 0.329219 0.491042 0.328594 0.505208 0.326094 0.508333 0.323906 0.515417 0.317344 0.522917 0.301406 0.533333 0.278281 0.548750 0.271875 0.548333 0.265625 0.543750 0.262656 0.537917 0.261719 0.522500 0.263125 0.508125 0.261094 0.486875 0.261094 0.467083 0.266250 0.459792 0.274688 0.450417 0.284062 0.448125
0 0.532344 0.456563 0.071563 0.088125 0.529375 0.412500 0.520000 0.418958 0.511562 0.429792 0.503125 0.454583 0.496563 0.478542 0.497188 0.490833 0.507812 0.499375 0.547656 0.500625 0.557500 0.495625 0.565000 0.486250 0.568125 0.475208 0.568125 0.461250 0.566875 0.447292 0.564375 0.435625 0.558437 0.423750 0.552344 0.416667 0.543906 0.413125
0 0.518828 0.383438 0.066406 0.089375 0.505625 0.345625 0.514687 0.338750 0.525625 0.340417 0.532969 0.348333 0.542031 0.362500 0.551719 0.377708 0.552031 0.386875 0.547656 0.395625 0.541094 0.405625 0.535781 0.403333 0.529531 0.403750 0.525312 0.408125 0.529062 0.412292 0.520000 0.418750 0.512500 0.428125 0.497969 0.427292 0.497031 0.425417 0.494375 0.411250 0.485625 0.401458 0.485938 0.388750 0.489063 0.377500 0.495625 0.361667
0 0.628594 0.446563 0.065937 0.087708 0.595625 0.450625 0.597344 0.436458 0.602656 0.423333 0.607812 0.414375 0.615938 0.406875 0.624062 0.403125 0.632500 0.402708 0.643281 0.407292 0.648594 0.411042 0.655625 0.420000 0.661562 0.432500 0.661406 0.456667 0.657500 0.464375 0.656094 0.477500 0.650156 0.483750 0.640937 0.489375 0.626250 0.490417 0.614844 0.486042 0.605156 0.477292 0.598750 0.466042
0 0.740469 0.438542 0.072500 0.101667 0.721875 0.391875 0.706094 0.412917 0.704219 0.425625 0.705313 0.437708 0.710000 0.452917 0.722187 0.464375 0.741094 0.478125 0.747188 0.485000 0.755938 0.489375 0.764062 0.488542 0.769219 0.482500 0.772031 0.472083 0.775312 0.448125 0.776719 0.429375 0.776094 0.408333 0.768281 0.398542 0.758906 0.390625 0.739531 0.387708
0 0.777422 0.405938 0.062031 0.091875 0.746406 0.381875 0.749375 0.372500 0.759062 0.363750 0.769688 0.360000 0.777656 0.362708 0.787656 0.367083 0.799531 0.379167 0.808125 0.390625 0.808437 0.413333 0.806719 0.415000 0.805625 0.419375 0.796094 0.429792 0.787969 0.438125 0.774687 0.451875 0.777344 0.427500 0.776250 0.407500 0.759844 0.390833 0.778906 0.392292 0.777813 0.388125 0.758437 0.383542
0 0.747656 0.535625 0.075625 0.095417 0.732812 0.506250 0.745781 0.506250 0.752344 0.501458 0.751406 0.495833 0.758437 0.490000 0.763594 0.487917 0.767500 0.489583 0.774531 0.494792 0.779844 0.506875 0.782813 0.519583 0.785156 0.531250 0.785469 0.542083 0.784219 0.557083 0.777500 0.569375 0.767656 0.573125 0.762031 0.581875 0.754219 0.583125 0.747188 0.583333 0.732344 0.570417 0.720938 0.553958 0.715313 0.544583 0.710938 0.531250 0.709844 0.523542 0.713750 0.515625 0.720938 0.513125 0.730938 0.502917
0 0.828984 0.461250 0.067969 0.085000 0.816406 0.418750 0.800000 0.433958 0.795781 0.447500 0.795000 0.484792 0.798750 0.496875 0.811406 0.503750 0.822500 0.500208 0.832500 0.499792 0.852031 0.489375 0.861094 0.478125 0.862969 0.466042 0.861719 0.451042 0.856875 0.436875 0.848906 0.427500 0.839687 0.422500 0.828438 0.418750
0 0.890078 0.474062 0.060469 0.087708 0.859844 0.481875 0.861875 0.486875 0.893437 0.513125 0.903281 0.517917 0.913125 0.517500 0.918594 0.505000 0.919844 0.485625 0.918594 0.472083 0.920312 0.457083 0.918281 0.443958 0.909844 0.436042 0.900313 0.430833 0.889375 0.430208 0.880312 0.431667 0.867188 0.438750 0.885469 0.451042 0.888281 0.455625 0.879219 0.456250 0.870469 0.453125 0.864844 0.449167 0.867812 0.458750 0.873437 0.472917 0.862969 0.468750 0.861563 0.477500
0 0.948047 0.391354 0.085781 0.088125 0.907344 0.394583 0.922031 0.365208 0.930469 0.354375 0.941719 0.347292 0.955000 0.347708 0.963750 0.351042 0.976250 0.369792 0.982187 0.387917 0.988125 0.395417 0.990625 0.407708 0.990938 0.424167 0.987187 0.427917 0.979688 0.431667 0.957969 0.433125 0.948125 0.435417 0.926562 0.435417 0.913125 0.431250 0.908438 0.420417 0.905156 0.406458
0 0.978906 0.477604 0.039062 0.083958 0.988125 0.435625 0.995156 0.437917 0.998437 0.439842 0.998437 0.515417 0.986719 0.519583 0.982969 0.503542 0.976562 0.490000 0.968906 0.481667 0.959375 0.481042 0.967812 0.475417 0.964219 0.474167 0.959375 0.474792 0.960625 0.461042 0.967344 0.448542 0.975156 0.439792
0 0.951406 0.525417 0.077500 0.088750 0.912656 0.524583 0.933906 0.501667 0.959375 0.481042 0.969063 0.481042 0.976562 0.488958 0.982969 0.503958 0.986406 0.520417 0.990000 0.541875 0.990156 0.561667 0.981094 0.569792 0.965000 0.566250 0.950625 0.558333 0.937500 0.556875 0.927187 0.554792 0.920312 0.548958 0.913594 0.538125
0 0.911641 0.616979 0.076094 0.088125 0.884375 0.587500 0.876563 0.595833 0.873594 0.602083 0.873750 0.615417 0.877031 0.623542 0.886406 0.634167 0.903750 0.645000 0.939531 0.661042 0.946719 0.657917 0.949687 0.648542 0.949531 0.637708 0.949219 0.627917 0.946719 0.618958 0.947344 0.589792 0.943594 0.581875 0.936562 0.574375 0.932656 0.577917 0.921406 0.573333 0.907031 0.572917 0.898125 0.578125