0 0.054844 0.339062 0.080937 0.074375 0.034844 0.376042 0.050938 0.376250 0.068906 0.369792 0.084062 0.367917 0.091719 0.364792 0.095312 0.358542 0.095000 0.350208 0.091875 0.345000 0.082344 0.331458 0.073906 0.319792 0.064844 0.310417 0.052812 0.303333 0.041250 0.301875 0.032500 0.304583 0.023281 0.315833 0.017344 0.328958 0.014375 0.347292 0.021094 0.365417 0.027813 0.371667
0 0.034531 0.449375 0.069062 0.079167 0.069062 0.434792 0.054844 0.482917 0.048594 0.488958 0.038750 0.488542 0.029531 0.480417 0.024375 0.471667 0.010937 0.457292 0.000000 0.442083 0.000156 0.416042 0.004219 0.410833 0.010937 0.409792 0.012812 0.418750 0.017969 0.435000 0.028125 0.433333 0.033750 0.425833 0.037344 0.424375 0.040781 0.419167 0.041563 0.409792 0.068281 0.421458
0 0.023281 0.557500 0.046562 0.033333 0.046562 0.541667 0.039531 0.555208 0.021250 0.572500 0.006094 0.574167 0.000000 0.568333 0.000156 0.555833 0.011719 0.548333 0.032813 0.561458 0.037969 0.554375 0.038125 0.540833
0 0.180469 0.429896 0.060313 0.055208 0.150313 0.402292 0.150313 0.416042 0.154062 0.427292 0.164219 0.443333 0.165313 0.448542 0.172656 0.456458 0.181875 0.457500 0.185781 0.455208 0.192344 0.452917 0.201094 0.444792 0.208125 0.436042 0.210312 0.428958 0.210625 0.425208 0.203750 0.421458 0.202188 0.433542 0.191094 0.433125 0.187188 0.427917 0.187188 0.424792 0.182656 0.422917 0.169219 0.426875 0.165000 0.420000 0.164531 0.410208 0.157969 0.408125
0 0.193984 0.496146 0.056406 0.076458 0.198594 0.476667 0.197656 0.489792 0.205000 0.501042 0.213438 0.500208 0.222187 0.525417 0.213594 0.532083 0.177031 0.534375 0.171719 0.533542 0.165781 0.524583 0.167500 0.509583 0.170938 0.489375 0.172344 0.479167 0.178437 0.462708 0.183906 0.457917
0 0.274219 0.494271 0.064375 0.091458 0.242031 0.476042 0.249375 0.500208 0.255000 0.509375 0.257188 0.521250 0.264062 0.536042 0.267969 0.540000 0.275781 0.540000 0.281719 0.533542 0.295000 0.512292 0.298906 0.500625 0.304219 0.493125 0.303594 0.488958 0.293750 0.492500 0.294063 0.486667 0.300625 0.476667 0.306406 0.471667 0.301875 0.464583 0.293750 0.457083 0.286719 0.453333 0.277969 0.450417 0.263594 0.448542 0.255781 0.451250 0.251563 0.456875
0 0.341719 0.517500 0.065000 0.090833 0.311406 0.491250 0.309531 0.498542 0.309219 0.516042 0.325781 0.535833 0.332656 0.540833 0.345000 0.556875 0.351719 0.561875 0.356563 0.562917 0.362500 0.560208 0.368125 0.547917 0.371406 0.541667 0.374219 0.485625 0.372500 0.476667 0.368281 0.472083 0.365781 0.472292 0.365781 0.489167 0.359844 0.491667 0.350781 0.490833 0.341875 0.485208 0.338750 0.486458 0.332500 0.492708 0.324688 0.492292 0.321875 0.489792 0.321250 0.484167 0.317656 0.484792
0 0.378203 0.568854 0.060469 0.082292 0.347969 0.574167 0.362656 0.594792 0.373437 0.603958 0.385781 0.610000 0.392031 0.608333 0.403281 0.598958 0.408437 0.588125 0.407656 0.569792 0.405938 0.556667 0.399844 0.539167 0.392969 0.531458 0.386250 0.527708 0.379844 0.532292 0.377812 0.544375 0.372188 0.550417 0.367969 0.549792 0.362656 0.560000 0.356875 0.563333 0.352813 0.562292
0 0.412031 0.441042 0.065000 0.082083 0.393125 0.400000 0.385937 0.406875 0.384063 0.416667 0.379531 0.422917 0.382188 0.438333 0.392500 0.458542 0.397344 0.475417 0.401875 0.481458 0.409375 0.482083 0.416406 0.477917 0.431406 0.460417 0.437812 0.456667 0.441719 0.448750 0.444531 0.441667 0.443125 0.435417 0.434063 0.430000 0.431875 0.431667 0.430938 0.442500 0.422500 0.442708 0.415781 0.431875 0.415625 0.421042 0.410469 0.418750 0.400000 0.402292
0 0.462734 0.495000 0.059531 0.078750 0.449375 0.455625 0.443750 0.459375 0.440000 0.467292 0.437812 0.477083 0.436719 0.501667 0.434688 0.502292 0.432969 0.524792 0.436719 0.531875 0.444844 0.534375 0.452813 0.533542 0.455000 0.529167 0.467969 0.529167 0.476094 0.526458 0.486562 0.519792 0.492500 0.510833 0.492344 0.506250 0.480312 0.489375 0.473750 0.488958 0.470000 0.470208
0 0.533203 0.501042 0.057969 0.086250 0.509531 0.466250 0.506094 0.471042 0.504219 0.478958 0.505938 0.499583 0.510313 0.509167 0.530469 0.537500 0.536562 0.542292 0.540312 0.542292 0.543906 0.544167 0.547813 0.542917 0.550938 0.534792 0.551406 0.516667 0.560469 0.489792 0.562188 0.486042 0.561250 0.476667 0.555312 0.464583 0.547813 0.457917 0.536250 0.458333 0.526406 0.470625 0.520469 0.471042 0.514531 0.461250
0 0.582422 0.428646 0.073594 0.097708 0.561562 0.393542 0.577656 0.380000 0.594219 0.379792 0.604688 0.388333 0.614844 0.415417 0.617188 0.432500 0.619219 0.461875 0.615625 0.473750 0.609063 0.477292 0.599219 0.477500 0.589375 0.473750 0.562969 0.467500 0.557344 0.460208 0.547813 0.448958 0.545625 0.433958 0.546719 0.418542 0.549531 0.407708
0 0.587891 0.546042 0.058281 0.092083 0.594219 0.500417 0.600469 0.500000 0.608594 0.506042 0.616250 0.523958 0.617031 0.587708 0.612969 0.592083 0.603125 0.591042 0.599531 0.587917 0.586250 0.578542 0.579219 0.577917 0.570781 0.574792 0.566563 0.571667 0.558750 0.556042 0.561250 0.539583 0.568438 0.529792 0.581094 0.529167 0.588906 0.517500 0.589219 0.506250
0 0.558594 0.621146 0.056563 0.067292 0.532031 0.591667 0.530312 0.617917 0.546406 0.636042 0.550000 0.635833 0.567500 0.653125 0.574844 0.654792 0.581562 0.649792 0.585000 0.642917 0.586875 0.595417 0.564219 0.587917 0.558750 0.602917 0.546406 0.603333 0.540781 0.587500
0 0.676719 0.466458 0.053750 0.087917 0.677656 0.437083 0.673750 0.423125 0.669219 0.422500 0.662500 0.426458 0.656406 0.436250 0.651875 0.455417 0.649844 0.478542 0.650312 0.489375 0.657813 0.498542 0.658594 0.501875 0.662500 0.509375 0.668125 0.510417 0.676875 0.508958 0.690000 0.497500 0.703594 0.484583 0.698438 0.475625 0.693125 0.457917 0.690625 0.457917 0.689219 0.464375 0.682656 0.468542 0.672344 0.466250 0.668594 0.463125 0.667812 0.456875 0.669844 0.448958 0.673750 0.439167
0 0.740469 0.500833 0.062500 0.078333 0.709219 0.489167 0.709688 0.513125 0.720156 0.526250 0.722031 0.532292 0.731406 0.540000 0.742031 0.539792 0.746563 0.535208 0.754375 0.535208 0.761250 0.529583 0.761250 0.526875 0.768437 0.513750 0.767969 0.509375 0.771563 0.496250 0.771719 0.478333 0.769375 0.468750 0.765937 0.461667 0.759219 0.468750 0.758125 0.473125 0.743437 0.477500 0.739531 0.480208 0.730469 0.490625 0.721250 0.486042 0.720625 0.480000 0.713906 0.481250
0 0.715547 0.643125 0.054219 0.075833 0.691094 0.605208 0.688438 0.608750 0.688438 0.649792 0.692344 0.664167 0.703750 0.673125 0.705469 0.678333 0.715469 0.681042 0.726094 0.676458 0.726875 0.671875 0.734531 0.665208 0.742188 0.650625 0.742656 0.627708 0.738906 0.638333 0.732187 0.638125 0.722969 0.625208 0.717344 0.625000 0.712500 0.632292 0.692344 0.632917 0.692656 0.619375 0.695469 0.611250 0.699062 0.609375
0 0.870313 0.498854 0.076563 0.053125 0.832031 0.473750 0.832031 0.498125 0.870313 0.525417 0.882188 0.525000 0.889219 0.519375 0.890625 0.513750 0.895000 0.507083 0.908594 0.488750 0.908594 0.473333 0.902344 0.472917 0.900156 0.475625 0.899687 0.490000 0.892188 0.490625 0.873906 0.475000 0.868437 0.474792 0.852031 0.490625 0.845313 0.486042 0.842969 0.472292
0 0.950937 0.583750 0.085625 0.092500 0.908125 0.573750 0.917812 0.588125 0.934375 0.613958 0.943281 0.627083 0.951562 0.630000 0.957188 0.629167 0.958281 0.625625 0.963438 0.624375 0.970156 0.612708 0.971562 0.605208 0.977031 0.600000 0.978281 0.596250 0.982500 0.594375 0.983281 0.587292 0.987344 0.586042 0.992344 0.573333 0.993750 0.560625 0.991719 0.550417 0.988125 0.537500 0.970938 0.539583 0.963281 0.543125 0.953594 0.554583 0.945625 0.555833 0.938281 0.551667 0.931250 0.550833 0.925000 0.557292 0.909375 0.561458
0 0.963125 0.418854 0.070625 0.088125 0.929219 0.399583 0.927812 0.416458 0.933750 0.427292 0.945000 0.437500 0.960313 0.448750 0.980156 0.462917 0.992344 0.462500 0.998437 0.455168 0.998437 0.374792 0.985469 0.377708 0.976562 0.397292 0.951719 0.400208 0.950156 0.425000 0.942812 0.428542