0 0.090566 0.352983 0.082301 0.082359 0.061595 0.324564 0.049415 0.353795 0.050111 0.364931 0.057245 0.382795 0.061421 0.383259 0.071165 0.392539 0.082649 0.394163 0.105269 0.385347 0.121798 0.382099 0.129976 0.378155 0.131716 0.371891 0.130498 0.357739 0.097613 0.318300 0.084215 0.311804 0.070121 0.313196
0 0.073253 0.467590 0.070643 0.082823 0.053765 0.426179 0.053939 0.434066 0.062291 0.452858 0.072557 0.451930 0.083345 0.440098 0.085781 0.427571 0.106139 0.435690 0.108575 0.454946 0.103877 0.463762 0.097265 0.499258 0.090479 0.506218 0.084737 0.509001 0.080039 0.507378 0.067511 0.491602 0.048719 0.474434 0.042455 0.465154 0.038106 0.453554 0.037932 0.435922 0.042977 0.429890
0 0.044456 0.571177 0.056549 0.043615 0.016182 0.549369 0.032016 0.550761 0.032016 0.560041 0.029406 0.563753 0.029754 0.575817 0.035670 0.583009 0.038802 0.582777 0.040889 0.579065 0.048893 0.573729 0.055505 0.567001 0.059507 0.571641 0.072731 0.578833 0.058811 0.590432 0.053417 0.592520 0.046631 0.592984 0.041933 0.589968 0.021576 0.568161 0.018966 0.561201
0 0.227415 0.441258 0.056375 0.054751 0.200445 0.413883 0.199227 0.425251 0.202011 0.439866 0.210711 0.455642 0.211755 0.460746 0.222369 0.468634 0.230373 0.468170 0.234201 0.465850 0.235593 0.461442 0.242379 0.456802 0.248121 0.457498 0.255429 0.448914 0.255603 0.445202 0.243249 0.446130 0.240813 0.442650 0.241161 0.437314 0.239769 0.436850 0.233853 0.442186 0.224109 0.442882 0.219759 0.429659 0.222369 0.424787 0.222021 0.421771 0.217671 0.425715 0.209145 0.420611 0.204099 0.415507
0 0.244902 0.505522 0.057941 0.083519 0.238203 0.463762 0.227589 0.473042 0.223413 0.479770 0.219237 0.507610 0.219759 0.516425 0.216627 0.519209 0.215931 0.535681 0.220803 0.543569 0.231417 0.547281 0.254907 0.541713 0.268305 0.538233 0.273872 0.531737 0.270393 0.512945 0.258909 0.508305 0.256473 0.503434 0.253863 0.490442 0.250035 0.482554 0.241335 0.470954
0 0.329117 0.501694 0.060725 0.090247 0.309890 0.459122 0.300842 0.468866 0.298754 0.489746 0.307106 0.515033 0.311630 0.518049 0.323114 0.543105 0.328160 0.546817 0.333554 0.546353 0.338774 0.544265 0.346952 0.527097 0.357565 0.499954 0.358609 0.492994 0.359479 0.477914 0.353389 0.469098 0.341906 0.459586 0.328682 0.458194 0.322418 0.456570
0 0.408460 0.526169 0.060377 0.080735 0.378619 0.502042 0.378271 0.526401 0.394279 0.545193 0.397759 0.545657 0.411505 0.562593 0.418987 0.566537 0.427861 0.563985 0.431514 0.556793 0.437778 0.518049 0.438648 0.491602 0.435168 0.485802 0.434646 0.502274 0.430470 0.504130 0.411157 0.498330 0.404893 0.508305 0.399499 0.507610 0.391321 0.495082
0 0.438039 0.568045 0.054461 0.076327 0.410809 0.580689 0.413071 0.579065 0.418465 0.566537 0.427861 0.564449 0.432036 0.554009 0.438126 0.554937 0.443346 0.545193 0.443346 0.536145 0.439866 0.533129 0.447870 0.529881 0.455874 0.536145 0.461790 0.554937 0.465270 0.579993 0.461616 0.598088 0.452394 0.599480 0.448044 0.605512 0.440910 0.606208 0.428905 0.598320 0.418639 0.592520
0 0.470925 0.444854 0.062117 0.077719 0.446826 0.406691 0.443520 0.411563 0.444042 0.422003 0.440040 0.429890 0.439866 0.437778 0.443172 0.449842 0.448218 0.460746 0.449262 0.470722 0.454134 0.481162 0.461964 0.483714 0.470664 0.481858 0.479190 0.470258 0.488934 0.464458 0.495720 0.458890 0.501984 0.443114 0.495372 0.436386 0.494676 0.446130 0.488586 0.452626 0.483192 0.446362 0.478146 0.438938 0.476928 0.428035 0.465270 0.415971 0.462486 0.410171 0.453438 0.405995
0 0.518078 0.492646 0.060377 0.083287 0.506334 0.451002 0.498504 0.458194 0.495024 0.467706 0.495198 0.483714 0.492588 0.490210 0.491022 0.503202 0.488412 0.509697 0.487890 0.523385 0.492936 0.532201 0.500766 0.534289 0.511727 0.529185 0.523907 0.526169 0.539567 0.519905 0.546527 0.512481 0.548267 0.501578 0.536957 0.489514 0.529823 0.476058 0.524777 0.470258 0.509813 0.461906
0 0.583154 0.496010 0.055853 0.078879 0.572453 0.459122 0.570539 0.463066 0.580283 0.475130 0.589330 0.462834 0.588982 0.456570 0.604294 0.457034 0.604816 0.461674 0.609166 0.470026 0.611080 0.474202 0.610906 0.489282 0.608470 0.492530 0.601162 0.512945 0.601684 0.527329 0.598030 0.534289 0.587764 0.535449 0.584285 0.531273 0.560273 0.500882 0.557663 0.489978 0.555227 0.474202 0.568277 0.461674
0 0.602293 0.605512 0.054809 0.061711 0.588982 0.574657 0.592810 0.584401 0.598726 0.592520 0.607426 0.590896 0.610036 0.583009 0.610036 0.574657 0.629698 0.580457 0.626218 0.626856 0.621868 0.634512 0.616648 0.636368 0.610036 0.633120 0.598726 0.623144 0.580979 0.609920 0.576107 0.603424 0.574889 0.592752 0.576629 0.583009
0 0.635287 0.536029 0.058073 0.084215 0.623782 0.523385 0.630394 0.524313 0.640138 0.518049 0.641008 0.498330 0.644488 0.493922 0.648664 0.494618 0.654754 0.499258 0.657712 0.506914 0.658060 0.511089 0.661714 0.513873 0.662932 0.551457 0.664323 0.566073 0.662236 0.575353 0.659104 0.577441 0.650056 0.578137 0.647272 0.575585 0.629350 0.565377 0.624652 0.565609 0.619084 0.563521 0.612820 0.557257 0.606563 0.546042 0.606250 0.539583
0 0.636223 0.429774 0.072557 0.092103 0.603598 0.445666 0.618040 0.466546 0.654406 0.475362 0.666237 0.475826 0.672501 0.465618 0.672153 0.441490 0.668325 0.415043 0.662410 0.400891 0.652144 0.385579 0.640138 0.383723 0.631786 0.387203 0.621346 0.395555 0.610384 0.410867 0.603250 0.423163 0.599944 0.434762
0 0.712869 0.457614 0.058463 0.080967 0.693033 0.483018 0.693381 0.490210 0.698427 0.497402 0.712869 0.498098 0.742101 0.474202 0.741057 0.461674 0.734619 0.459586 0.730269 0.447986 0.729921 0.459586 0.725919 0.462370 0.713043 0.461442 0.710781 0.456338 0.714609 0.435922 0.720351 0.433138 0.717741 0.424091 0.717567 0.417131 0.700515 0.419219 0.694599 0.425483 0.690597 0.441490 0.685203 0.459818 0.683637 0.472578 0.687291 0.481394
0 0.772637 0.490210 0.058985 0.065887 0.743144 0.476290 0.743492 0.498562 0.754106 0.516193 0.760370 0.521993 0.770462 0.523153 0.775160 0.520137 0.779684 0.515961 0.784556 0.516657 0.795518 0.497634 0.795518 0.491834 0.800564 0.486034 0.802130 0.474202 0.799520 0.457266 0.790646 0.464458 0.774116 0.475130 0.766286 0.482322 0.754976 0.476754 0.754106 0.470490 0.749408 0.470954
0 0.748625 0.618504 0.054809 0.068671 0.726441 0.584169 0.723309 0.585793 0.721221 0.623376 0.723483 0.627088 0.724701 0.634976 0.728703 0.642400 0.736881 0.642864 0.740361 0.650984 0.757586 0.652840 0.762806 0.643792 0.772376 0.634512 0.776030 0.615720 0.769418 0.616880 0.759674 0.602264 0.754106 0.607832 0.738099 0.614792 0.732705 0.610616 0.731487 0.601568 0.734097 0.589736
0 0.895132 0.486034 0.076037 0.043151 0.857113 0.465618 0.859549 0.469098 0.859201 0.483714 0.876079 0.499490 0.880255 0.499954 0.888955 0.507610 0.905310 0.505290 0.911574 0.496938 0.925668 0.486498 0.933150 0.465154 0.925320 0.467010 0.925668 0.478378 0.920622 0.483250 0.906876 0.474898 0.902700 0.468170 0.895219 0.468170 0.885997 0.480002 0.877993 0.482554 0.873295 0.474898 0.871207 0.464458
0 0.961096 0.560157 0.074683 0.075863 0.924102 0.544497 0.923754 0.551689 0.929148 0.557025 0.942546 0.578601 0.946374 0.585097 0.955944 0.597392 0.964296 0.598088 0.973518 0.593216 0.978911 0.579065 0.989351 0.569089 0.998437 0.552456 0.998437 0.527793 0.996659 0.522225 0.981347 0.522689 0.971082 0.537537 0.967254 0.538697 0.951246 0.531969 0.940980 0.538233 0.930714 0.542409
0 0.970927 0.419915 0.055022 0.064495 0.944982 0.394859 0.943416 0.401123 0.946722 0.412027 0.951246 0.420379 0.963948 0.430818 0.985175 0.448450 0.995267 0.452162 0.998437 0.450753 0.998437 0.387667 0.991091 0.401819 0.973170 0.399035 0.968820 0.405299 0.969516 0.420843 0.961686 0.423163 0.950376 0.404603