0 0.567025 0.435024 0.086979 0.124380 0.557998 0.372835 0.549577 0.373548 0.534994 0.379451 0.528483 0.389520 0.524056 0.402714 0.523535 0.419381 0.523883 0.433251 0.533073 0.459375 0.544977 0.467626 0.556695 0.481168 0.564768 0.491932 0.576123 0.497214 0.587858 0.491603 0.594108 0.485701 0.600358 0.477020 0.601302 0.460764 0.604688 0.444792 0.607552 0.430208 0.610515 0.412437 0.605827 0.395076 0.595237 0.385682 0.587164 0.378737 0.574143 0.373529
0 0.588921 0.546694 0.088939 0.121875 0.579868 0.491312 0.573482 0.497141 0.566587 0.500687 0.552784 0.512840 0.545493 0.522562 0.544451 0.535062 0.550441 0.552424 0.558253 0.570132 0.569191 0.583326 0.575701 0.593743 0.585857 0.604507 0.599920 0.607632 0.613722 0.595132 0.624291 0.583376 0.631050 0.568817 0.633390 0.542472 0.632610 0.522714 0.626111 0.504341 0.613722 0.489229 0.602524 0.485757 0.591847 0.485757
0 0.633580 0.389912 0.075654 0.119097 0.641066 0.355711 0.638941 0.345330 0.633733 0.335955 0.620493 0.330711 0.613722 0.330364 0.606951 0.333141 0.599920 0.343905 0.595753 0.355016 0.596354 0.374306 0.597951 0.387324 0.604451 0.407083 0.606650 0.423108 0.608733 0.430400 0.614462 0.445330 0.624920 0.449461 0.635270 0.440995 0.642029 0.430596 0.651129 0.419504 0.657344 0.408013 0.663333 0.399680 0.669588 0.389345 0.671408 0.376866 0.665024 0.358836 0.657212 0.349808 0.648097 0.349808
0 0.697273 0.443193 0.081160 0.102302 0.694713 0.393084 0.681953 0.392042 0.675703 0.396903 0.671015 0.404542 0.666849 0.413223 0.666200 0.424900 0.665547 0.436487 0.664505 0.444473 0.660078 0.453501 0.657734 0.464959 0.656692 0.476070 0.660731 0.489830 0.666981 0.494344 0.679088 0.494126 0.691588 0.490306 0.703828 0.489612 0.714714 0.486280 0.721994 0.481427 0.730053 0.469641 0.735773 0.459589 0.737853 0.442256 0.734689 0.433233 0.731037 0.425226 0.728906 0.415278 0.726302 0.410069 0.717708 0.401042 0.707860 0.396060
0 0.782219 0.446339 0.070952 0.108710 0.759503 0.401359 0.750649 0.409345 0.746743 0.425318 0.747784 0.440943 0.750909 0.456568 0.756638 0.464206 0.763098 0.475464 0.776430 0.483304 0.787886 0.499311 0.800781 0.500694 0.807938 0.495839 0.810803 0.489242 0.810542 0.477089 0.808722 0.469415 0.815355 0.460212 0.815875 0.450505 0.817695 0.438026 0.816915 0.422774 0.810024 0.410040 0.805857 0.403443 0.797784 0.396845 0.784763 0.391984 0.777211 0.392679 0.766534 0.394415
0 0.847419 0.333501 0.097910 0.116331 0.813485 0.296517 0.802027 0.318392 0.798464 0.333796 0.800547 0.359837 0.807839 0.376157 0.816172 0.387615 0.831771 0.391667 0.856921 0.387943 0.877630 0.383449 0.886745 0.374421 0.894294 0.366384 0.896374 0.351131 0.892474 0.336226 0.887534 0.319587 0.880152 0.308669 0.871558 0.294781 0.859839 0.283322 0.846558 0.275336 0.835881 0.277419 0.826766 0.280544 0.820777 0.289572
0 0.862277 0.499229 0.095759 0.108875 0.830543 0.468088 0.824293 0.476074 0.820908 0.485796 0.817523 0.499685 0.814398 0.512533 0.817783 0.526421 0.824814 0.537185 0.834189 0.543783 0.844346 0.548644 0.852939 0.547602 0.863021 0.546875 0.872917 0.550347 0.886458 0.553472 0.899989 0.553667 0.910156 0.545833 0.909115 0.532292 0.904948 0.517708 0.900521 0.509375 0.900000 0.495139 0.896094 0.481944 0.890104 0.463889 0.881510 0.451736 0.869271 0.444792 0.858148 0.449685 0.848773 0.451769 0.837835 0.461491
0 0.822222 0.621406 0.086285 0.110868 0.809483 0.570803 0.804543 0.573576 0.799132 0.577553 0.793923 0.578247 0.784288 0.584497 0.781163 0.593525 0.780317 0.604613 0.779080 0.615747 0.781684 0.626858 0.785850 0.636233 0.793402 0.642830 0.801475 0.651858 0.813715 0.659150 0.825294 0.666663 0.835156 0.669097 0.842390 0.676840 0.855729 0.674653 0.859115 0.671875 0.865365 0.656944 0.863281 0.632639 0.861458 0.618403 0.860417 0.595833 0.856510 0.576042 0.845052 0.565972 0.831944 0.567483 0.818402 0.566094 0.812934 0.569219
0 0.934758 0.431887 0.081004 0.103872 0.935455 0.387051 0.927069 0.385159 0.921079 0.380992 0.914309 0.379951 0.907538 0.381687 0.902069 0.387937 0.898423 0.398701 0.896861 0.414326 0.894777 0.427573 0.894256 0.440420 0.894256 0.457781 0.894777 0.467156 0.898684 0.474448 0.906236 0.480698 0.914829 0.483823 0.931280 0.481940 0.943759 0.471194 0.954678 0.461142 0.963778 0.447622 0.971354 0.435764 0.975000 0.423611 0.975260 0.416667 0.970833 0.403472 0.960677 0.392014 0.945819 0.389031
0 0.453179 0.459324 0.072505 0.106148 0.417969 0.475000 0.417708 0.463889 0.416927 0.451389 0.416927 0.428472 0.431510 0.414236 0.439844 0.406250 0.448177 0.407639 0.455729 0.411111 0.462812 0.406961 0.478698 0.416324 0.485012 0.433710 0.489432 0.455202 0.485792 0.471840 0.482932 0.480853 0.473833 0.494372 0.463542 0.510069 0.452774 0.512398 0.441595 0.507198 0.431716 0.501652 0.425216 0.494719 0.423438 0.487847
0 0.338410 0.406990 0.070985 0.093903 0.315885 0.362847 0.308333 0.370486 0.302918 0.377746 0.303178 0.398233 0.307085 0.408996 0.303125 0.418056 0.303906 0.438542 0.314106 0.453941 0.325805 0.448395 0.335470 0.435733 0.336198 0.426736 0.343229 0.425347 0.361458 0.431944 0.367708 0.423958 0.372917 0.414583 0.373437 0.409722 0.373902 0.405758 0.369223 0.399518 0.359343 0.399865 0.351355 0.389899 0.345626 0.381913 0.341199 0.376010 0.334168 0.374621 0.329688 0.367708 0.322710 0.360038
0 0.342258 0.485938 0.081629 0.103819 0.339844 0.434028 0.330469 0.443403 0.321756 0.455631 0.317329 0.465354 0.312642 0.483756 0.309777 0.496256 0.303788 0.504937 0.301444 0.515354 0.303006 0.532020 0.309375 0.535764 0.317708 0.537847 0.329427 0.535417 0.342708 0.535069 0.354687 0.534028 0.366406 0.531250 0.372656 0.528125 0.377865 0.520833 0.378385 0.514236 0.383073 0.509028 0.380990 0.502431 0.379948 0.499653 0.376562 0.496181 0.374881 0.496951 0.375663 0.485492 0.372798 0.475770 0.367590 0.465701 0.362902 0.457367 0.358215 0.449034 0.350260 0.436458
0 0.194167 0.334562 0.085795 0.095674 0.156989 0.310644 0.151270 0.328669 0.152570 0.341495 0.157249 0.358481 0.171549 0.371653 0.185848 0.381706 0.199887 0.382399 0.213542 0.375000 0.225000 0.368403 0.237064 0.365067 0.236719 0.354514 0.234115 0.339236 0.226042 0.325000 0.215365 0.309028 0.203267 0.290885 0.189747 0.286725 0.177268 0.286725 0.167129 0.294005
0 0.150864 0.436954 0.084541 0.109324 0.114844 0.452431 0.108594 0.434028 0.110417 0.413194 0.116667 0.396528 0.126042 0.386458 0.136719 0.382292 0.145038 0.398368 0.162977 0.395248 0.172336 0.390742 0.184036 0.401488 0.193135 0.420900 0.192875 0.438232 0.187675 0.451058 0.175716 0.465617 0.162977 0.480870 0.149718 0.491616 0.142958 0.490922 0.133599 0.482603
0 0.084375 0.572049 0.085937 0.105903 0.041406 0.537153 0.056250 0.519097 0.067708 0.526389 0.055469 0.534722 0.053906 0.551389 0.065365 0.553125 0.083073 0.551042 0.095573 0.558681 0.108333 0.567708 0.115625 0.558681 0.127344 0.562847 0.125521 0.578125 0.118490 0.589236 0.100260 0.603819 0.083594 0.618056 0.070573 0.625000 0.058854 0.623264 0.053125 0.614931