0 0.351641 0.374271 0.077969 0.090625 0.325781 0.355625 0.332656 0.345000 0.335625 0.336667 0.336562 0.330000 0.346875 0.328958 0.356250 0.333542 0.374844 0.358542 0.386719 0.376042 0.390469 0.384792 0.390625 0.391667 0.388906 0.400208 0.385313 0.403542 0.379688 0.407292 0.366719 0.408333 0.357187 0.413750 0.343906 0.418542 0.337969 0.419583 0.334063 0.418125 0.330937 0.414792 0.326250 0.415625 0.314063 0.402708 0.312656 0.389583 0.315000 0.379792 0.320156 0.369792 0.324375 0.363750
0 0.328750 0.503333 0.071563 0.097917 0.331250 0.454375 0.331875 0.459375 0.342031 0.480000 0.346562 0.482083 0.350469 0.478750 0.350781 0.474583 0.354375 0.467083 0.355000 0.456250 0.359531 0.459375 0.363125 0.467292 0.364531 0.487083 0.363594 0.491250 0.363281 0.498333 0.358281 0.508125 0.357187 0.522708 0.355000 0.529375 0.354844 0.538125 0.350156 0.547500 0.342813 0.552292 0.338906 0.552292 0.324844 0.535000 0.320937 0.532917 0.316875 0.525625 0.310156 0.521458 0.302031 0.510208 0.295781 0.498958 0.292969 0.490417 0.292969 0.475417 0.297344 0.468958 0.311719 0.458542
0 0.288906 0.622812 0.066875 0.082292 0.263594 0.581667 0.261250 0.582917 0.260625 0.593125 0.255625 0.605833 0.255469 0.612917 0.258125 0.627500 0.262969 0.636250 0.262656 0.647917 0.268906 0.661042 0.274844 0.663958 0.282969 0.662292 0.299844 0.650000 0.316406 0.641042 0.322344 0.629375 0.314531 0.622917 0.307969 0.632917 0.301406 0.638125 0.297500 0.638333 0.292187 0.627083 0.289687 0.606458 0.280938 0.604583 0.270000 0.599375 0.273750 0.589583 0.277031 0.589792
0 0.499844 0.447500 0.069375 0.094583 0.478594 0.409583 0.467500 0.439375 0.465156 0.450625 0.465156 0.464792 0.467969 0.469792 0.473906 0.475417 0.477813 0.488333 0.483437 0.493333 0.490469 0.494792 0.498906 0.492917 0.509687 0.488750 0.523438 0.478958 0.529062 0.474167 0.529844 0.470417 0.534062 0.465833 0.534531 0.456875 0.525312 0.450417 0.516719 0.440000 0.512969 0.431667 0.501406 0.420417 0.491563 0.414167 0.482500 0.413750 0.480312 0.410417 0.486875 0.407708 0.494688 0.404792 0.504844 0.405208 0.501719 0.400625 0.495469 0.400208 0.487344 0.402917
0 0.518594 0.531667 0.068125 0.094583 0.505938 0.491042 0.492656 0.507292 0.486875 0.541458 0.484844 0.556458 0.484531 0.566042 0.487969 0.573750 0.492500 0.577500 0.501250 0.578958 0.534062 0.571458 0.542812 0.564583 0.551562 0.555208 0.552656 0.543542 0.550938 0.533125 0.546719 0.512917 0.540156 0.500833 0.528906 0.488125 0.519062 0.484375 0.514062 0.485208 0.509844 0.488125
0 0.608906 0.515521 0.063750 0.095208 0.588438 0.536458 0.613281 0.556458 0.625625 0.563125 0.630469 0.558958 0.635625 0.544792 0.637500 0.523333 0.640781 0.506250 0.640156 0.489167 0.636562 0.480000 0.627812 0.471250 0.612656 0.467917 0.602187 0.469792 0.587344 0.476042 0.578906 0.491875 0.577031 0.511458 0.579844 0.523125
0 0.713438 0.582292 0.065000 0.068333 0.680937 0.567917 0.682656 0.580000 0.696719 0.603958 0.706562 0.615000 0.716719 0.616458 0.727969 0.612292 0.736094 0.604792 0.744844 0.590833 0.745937 0.576667 0.745313 0.558958 0.745000 0.548125 0.743125 0.549583 0.740000 0.559792 0.734687 0.565417 0.727031 0.565417 0.722031 0.573542 0.721719 0.581250 0.716875 0.583750 0.712187 0.583333 0.704688 0.576667 0.703125 0.569167 0.699062 0.574792 0.689688 0.581667 0.687656 0.575417 0.687812 0.566875
0 0.717812 0.528125 0.070312 0.075417 0.750625 0.490417 0.752969 0.496042 0.752969 0.508542 0.749531 0.524167 0.745156 0.526875 0.745000 0.544167 0.742188 0.544792 0.740000 0.559167 0.734687 0.564792 0.725938 0.565833 0.715000 0.551875 0.702031 0.542083 0.693281 0.531250 0.687656 0.526667 0.683750 0.516667 0.682656 0.503125 0.687344 0.502708 0.693906 0.491875 0.697500 0.491458 0.705156 0.499375 0.711406 0.500625 0.719219 0.491875 0.724062 0.491042 0.734219 0.496042 0.746563 0.495208 0.747344 0.490417
0 0.750078 0.436667 0.062969 0.077917 0.732812 0.397708 0.727656 0.401042 0.723437 0.406250 0.718594 0.422917 0.719219 0.438958 0.722500 0.455833 0.724062 0.469792 0.729375 0.469167 0.751250 0.475625 0.758125 0.469167 0.767344 0.469167 0.777187 0.463958 0.781406 0.453125 0.781562 0.442292 0.776563 0.432917 0.765625 0.415208 0.750938 0.403958 0.740313 0.400208
0 0.790859 0.488854 0.060781 0.085625 0.761094 0.468958 0.760625 0.483958 0.765937 0.486667 0.766250 0.491458 0.760469 0.492917 0.760625 0.522292 0.763437 0.528542 0.772188 0.531667 0.780625 0.530000 0.786719 0.523958 0.798594 0.522083 0.812031 0.514583 0.819688 0.501875 0.821250 0.485417 0.818125 0.470417 0.807500 0.461667 0.792344 0.450833 0.781875 0.446042 0.781562 0.453125 0.776563 0.463958 0.767344 0.468958
0 0.845703 0.490729 0.052344 0.074375 0.820469 0.494792 0.839063 0.516875 0.844375 0.522917 0.854531 0.527917 0.865781 0.519167 0.867188 0.513125 0.867344 0.497292 0.869375 0.487917 0.871719 0.483542 0.871875 0.466667 0.866250 0.453542 0.862031 0.453542 0.861406 0.457917 0.850156 0.458542 0.843750 0.454167 0.835000 0.454167 0.826719 0.456458 0.819531 0.463333 0.828906 0.471250 0.837344 0.478542 0.826875 0.477917 0.835000 0.487708 0.833594 0.489167 0.825469 0.479792 0.829219 0.492083 0.821562 0.487917
0 0.841953 0.598021 0.062344 0.063542 0.810781 0.584583 0.812656 0.595208 0.822344 0.606042 0.839844 0.618333 0.853438 0.629167 0.859844 0.629792 0.864375 0.625833 0.867188 0.619583 0.867656 0.610417 0.868906 0.593542 0.873125 0.576042 0.870313 0.567083 0.861250 0.566250 0.864219 0.571042 0.864844 0.580833 0.857656 0.580417 0.845938 0.570000 0.841250 0.570833 0.830000 0.582500 0.824375 0.583542 0.822969 0.578958 0.816250 0.579792
0 0.885625 0.523021 0.061875 0.077292 0.854688 0.532292 0.863750 0.546667 0.883906 0.552708 0.896094 0.559792 0.907656 0.561667 0.914687 0.553542 0.915469 0.534167 0.916563 0.527083 0.915781 0.503125 0.909531 0.491875 0.903750 0.486667 0.897500 0.484375 0.894688 0.486667 0.900313 0.489375 0.907344 0.494583 0.906406 0.499792 0.898594 0.504583 0.884219 0.508750 0.879219 0.524167 0.865156 0.522917 0.860000 0.523333 0.855000 0.527917
0 0.904766 0.413229 0.077656 0.086042 0.865938 0.419792 0.865938 0.428542 0.870313 0.440417 0.883750 0.449375 0.906563 0.453958 0.923438 0.456250 0.935781 0.453125 0.942500 0.447292 0.943594 0.435417 0.942187 0.418542 0.939375 0.404375 0.935156 0.388958 0.929219 0.379583 0.919375 0.372917 0.907344 0.370208 0.893750 0.393958 0.885313 0.410417 0.875000 0.410000
0 0.930156 0.445312 0.067500 0.078958 0.897031 0.452917 0.896406 0.460417 0.898438 0.467917 0.900625 0.470833 0.907969 0.469583 0.905000 0.474167 0.914687 0.482917 0.922344 0.484792 0.936094 0.481250 0.940781 0.477083 0.953125 0.467500 0.958281 0.465833 0.963125 0.456875 0.963906 0.450417 0.963594 0.441042 0.956250 0.441875 0.952969 0.427292 0.942812 0.417917 0.939688 0.405833 0.942500 0.418958 0.943594 0.435417 0.942500 0.447917 0.936250 0.452708 0.923281 0.456458 0.906250 0.453542
0 0.971406 0.587708 0.054063 0.076250 0.958750 0.549583 0.952344 0.555625 0.947188 0.561875 0.945312 0.571875 0.944375 0.586042 0.945625 0.602917 0.950469 0.616042 0.954688 0.619375 0.963281 0.620000 0.971562 0.625417 0.985625 0.625833 0.993437 0.620833 0.998437 0.613667 0.998437 0.578125 0.995313 0.578750 0.989687 0.583750 0.983281 0.582917 0.979063 0.577708 0.975781 0.563125 0.960781 0.555625
0 0.977187 0.474479 0.042500 0.056042 0.955937 0.467083 0.956563 0.473125 0.967344 0.498750 0.971562 0.501667 0.978281 0.502500 0.983750 0.498958 0.987187 0.494792 0.990781 0.494792 0.995469 0.484792 0.998437 0.487137 0.998437 0.446458 0.996406 0.448750 0.998125 0.452500 0.988906 0.462292 0.981563 0.449375 0.975938 0.451458 0.963125 0.456667 0.957969 0.466667