0 0.150400 0.440925 0.088470 0.113204 0.121147 0.384323 0.110445 0.400495 0.106164 0.410008 0.111159 0.436644 0.124001 0.460426 0.133276 0.484209 0.143978 0.497527 0.157534 0.496575 0.168236 0.489916 0.180365 0.471842 0.188927 0.455670 0.194635 0.447108 0.188213 0.431887 0.181079 0.422374 0.171090 0.415715 0.166809 0.422374 0.156821 0.429033 0.150400 0.423326 0.150400 0.404300 0.133990 0.399543
0 0.046233 0.532725 0.089897 0.121766 0.005565 0.476598 0.017694 0.473744 0.036244 0.476598 0.054081 0.478501 0.064070 0.471842 0.088328 0.473744 0.091182 0.505137 0.089041 0.537481 0.083333 0.564117 0.079053 0.575533 0.069777 0.588851 0.061929 0.593607 0.050514 0.592656 0.033390 0.584094 0.016267 0.567922 0.001284 0.554604 0.001284 0.530822 0.002711 0.498478
0 0.099743 0.618341 0.092751 0.112253 0.116866 0.562215 0.131136 0.579338 0.145405 0.606925 0.146119 0.631659 0.144692 0.654490 0.135417 0.664954 0.124715 0.674467 0.107591 0.671613 0.089755 0.664003 0.066210 0.649734 0.053368 0.622146 0.054795 0.606925 0.065497 0.596461 0.076912 0.582192 0.085474 0.576484 0.099030 0.567922
0 0.224957 0.509418 0.087757 0.105594 0.207477 0.456621 0.195348 0.465183 0.186787 0.481355 0.183219 0.504186 0.181792 0.527968 0.181079 0.550799 0.193208 0.562215 0.211045 0.557458 0.223174 0.552702 0.248858 0.546043 0.257420 0.533676 0.268836 0.509893 0.256707 0.516553 0.246718 0.504186 0.234589 0.489916 0.226741 0.478501 0.219606 0.467085
0 0.364441 0.398592 0.094178 0.112253 0.337329 0.352930 0.325200 0.370053 0.320919 0.386225 0.317352 0.403349 0.320919 0.422374 0.327340 0.433790 0.338042 0.447108 0.358019 0.452816 0.371575 0.453767 0.387272 0.453767 0.397974 0.454718 0.409389 0.440449 0.410816 0.430936 0.411530 0.411910 0.405822 0.375761 0.398687 0.366248 0.388699 0.354833 0.377997 0.343417 0.370862 0.342466 0.360160 0.344368
0 0.312714 0.504661 0.077768 0.109399 0.292380 0.460426 0.275970 0.469939 0.273830 0.495624 0.280251 0.515601 0.293807 0.531773 0.310217 0.549848 0.324486 0.559361 0.339469 0.553653 0.344463 0.524163 0.349458 0.500381 0.351598 0.483257 0.345890 0.467085 0.331621 0.452816 0.315925 0.449962 0.301655 0.452816
0 0.390126 0.562690 0.078482 0.111301 0.383704 0.512747 0.365868 0.532725 0.354452 0.545091 0.350885 0.569825 0.355166 0.595510 0.373716 0.601218 0.392979 0.606925 0.402968 0.615487 0.415097 0.618341 0.427226 0.612633 0.429366 0.593607 0.423659 0.556507 0.423659 0.538432 0.420091 0.522260 0.407962 0.510845 0.397974 0.507040
0 0.360873 0.667333 0.075628 0.103691 0.323059 0.639269 0.323773 0.661149 0.325913 0.678272 0.338756 0.691591 0.363727 0.711568 0.373716 0.719178 0.389412 0.715373 0.395833 0.696347 0.398687 0.665906 0.398687 0.639269 0.393693 0.627854 0.385131 0.615487 0.385131 0.625951 0.363727 0.625951 0.356592 0.625000 0.349458 0.639269 0.338042 0.644026 0.330908 0.635464
0 0.495362 0.467085 0.057791 0.106545 0.485731 0.413813 0.472175 0.421423 0.471461 0.431887 0.468607 0.442352 0.466467 0.463280 0.467894 0.480403 0.472175 0.499429 0.478596 0.510845 0.487158 0.520358 0.499287 0.518455 0.519977 0.490868 0.524258 0.482306 0.522118 0.468988 0.513556 0.460426 0.507135 0.440449 0.495006 0.449962 0.478596 0.435693
0 0.553510 0.683029 0.068493 0.079909 0.519264 0.657344 0.523545 0.679224 0.527825 0.698250 0.534960 0.712519 0.544235 0.718227 0.549943 0.722983 0.562072 0.722983 0.572774 0.708714 0.582763 0.685883 0.587757 0.664003 0.585616 0.643075 0.580622 0.652588 0.569920 0.655441 0.556364 0.644026 0.544949 0.649734 0.534247 0.650685
0 0.707263 0.451389 0.087757 0.090373 0.663385 0.424277 0.666239 0.447108 0.668379 0.462329 0.682648 0.473744 0.695491 0.481355 0.712614 0.492770 0.727597 0.496575 0.738299 0.483257 0.741866 0.462329 0.745434 0.448059 0.751142 0.428082 0.749715 0.415715 0.739013 0.406202 0.737586 0.417618 0.735445 0.431887 0.722603 0.430936 0.709760 0.419521 0.697631 0.417618 0.691924 0.438546 0.679795 0.438546 0.676227 0.427131
0 0.806079 0.537957 0.089897 0.126522 0.831764 0.474696 0.843893 0.484209 0.851027 0.503234 0.851027 0.524163 0.848174 0.540335 0.840325 0.563166 0.836045 0.579338 0.833904 0.590753 0.824629 0.601218 0.812500 0.597412 0.803225 0.588851 0.786102 0.572679 0.771119 0.547945 0.761130 0.527968 0.761130 0.519406 0.769692 0.506088 0.785388 0.493721 0.793950 0.490868 0.811787 0.483257
0 0.802868 0.343893 0.084903 0.124619 0.829623 0.281583 0.837471 0.290145 0.845320 0.316781 0.844606 0.343417 0.842466 0.367199 0.837471 0.394787 0.830337 0.406202 0.816781 0.396689 0.797517 0.387177 0.779680 0.380518 0.768978 0.368151 0.760417 0.348174 0.766124 0.352930 0.773973 0.359589 0.778967 0.323440 0.796090 0.311073 0.808933 0.295852