0 0.418355 0.495236 0.066660 0.071815 0.404224 0.462173 0.396224 0.481371 0.390358 0.493458 0.385026 0.505546 0.387692 0.520478 0.397291 0.528299 0.412223 0.531143 0.428221 0.527588 0.439420 0.527588 0.451685 0.521189 0.449552 0.509101 0.444219 0.497725 0.432487 0.474972 0.419689 0.459329
0 0.389825 0.599403 0.061860 0.088168 0.371160 0.565273 0.360495 0.578072 0.358895 0.588737 0.365294 0.613623 0.373827 0.622156 0.382892 0.637088 0.386092 0.641354 0.393025 0.643487 0.402090 0.642065 0.406357 0.630688 0.409556 0.617890 0.415422 0.606513 0.420755 0.593003 0.419689 0.580205 0.417555 0.571672 0.415956 0.565984 0.404224 0.572383 0.402624 0.578072 0.395691 0.585182 0.393025 0.576650 0.389292 0.555319 0.380226 0.560296
0 0.341830 0.704636 0.056527 0.069681 0.326898 0.669795 0.313567 0.681883 0.315700 0.701081 0.315700 0.720279 0.322632 0.731655 0.324232 0.738766 0.332765 0.739477 0.349296 0.735210 0.361028 0.727389 0.367961 0.720990 0.370094 0.713168 0.359962 0.706769 0.351429 0.708902 0.346630 0.709613 0.343963 0.706769 0.343963 0.688282 0.338631 0.682594 0.324765 0.676906
0 0.538609 0.577716 0.058660 0.076081 0.524211 0.539676 0.511412 0.565273 0.509812 0.577361 0.509279 0.592292 0.521011 0.612201 0.526344 0.615757 0.538609 0.615757 0.554608 0.609357 0.561540 0.597981 0.567939 0.585182 0.555141 0.579494 0.547142 0.559585 0.542342 0.546786 0.532743 0.545364
0 0.552208 0.654152 0.059194 0.079636 0.539142 0.623578 0.529010 0.647042 0.524744 0.660552 0.523144 0.679039 0.522611 0.689704 0.538076 0.693970 0.555141 0.693970 0.573272 0.688282 0.581271 0.681172 0.581805 0.658419 0.575939 0.640643 0.572206 0.630688 0.563140 0.617890 0.555141 0.614334
0 0.641532 0.651308 0.061860 0.092435 0.617001 0.626422 0.611135 0.639221 0.610602 0.654152 0.617001 0.666240 0.627133 0.674772 0.635666 0.684727 0.644731 0.692548 0.652730 0.697526 0.659663 0.692548 0.664996 0.669084 0.672462 0.646331 0.671395 0.629977 0.659663 0.612201 0.650597 0.607224 0.634599 0.605091 0.624467 0.609357
0 0.746054 0.669084 0.071459 0.078214 0.710324 0.641354 0.712457 0.658419 0.720990 0.676195 0.732189 0.686860 0.741254 0.697526 0.748720 0.705347 0.755653 0.708191 0.767385 0.707480 0.773251 0.694681 0.772718 0.679750 0.775917 0.666240 0.781783 0.656286 0.781783 0.639221 0.772718 0.638510 0.767385 0.634954 0.760452 0.641354 0.747654 0.637088 0.741788 0.629977 0.730589 0.635666 0.720990 0.634954 0.715124 0.631399
0 0.749787 0.734144 0.069326 0.080347 0.715124 0.718146 0.719923 0.737344 0.729522 0.751564 0.740188 0.760808 0.749253 0.768629 0.757786 0.774317 0.766852 0.766496 0.774317 0.761519 0.783916 0.738055 0.784450 0.721701 0.781783 0.710324 0.769518 0.693970 0.770051 0.707480 0.762052 0.712457 0.752453 0.717435 0.747654 0.729522 0.738588 0.729522 0.732722 0.720279 0.726856 0.720279 0.719923 0.726678
0 0.784183 0.593359 0.062393 0.076081 0.766852 0.555319 0.756719 0.562429 0.752986 0.572383 0.761519 0.595848 0.759386 0.611490 0.766318 0.619312 0.776451 0.620734 0.784983 0.629977 0.790316 0.631399 0.800981 0.625711 0.809514 0.620734 0.813780 0.615046 0.815380 0.608646 0.814846 0.600825 0.808980 0.593003 0.803114 0.580916 0.798315 0.572383 0.790316 0.566695 0.783383 0.561718 0.772718 0.555319
0 0.835911 0.651308 0.066660 0.078214 0.828712 0.612201 0.816446 0.615757 0.811647 0.620734 0.805247 0.632821 0.804181 0.651308 0.802581 0.668373 0.803648 0.681883 0.806847 0.689704 0.819113 0.690415 0.827112 0.689704 0.837777 0.688282 0.844177 0.684727 0.853242 0.682594 0.860708 0.674772 0.866574 0.666951 0.869241 0.659841 0.863375 0.647042 0.856442 0.633532 0.848443 0.625000 0.841510 0.617890 0.834044 0.614334
0 0.907103 0.786405 0.070392 0.069681 0.871907 0.758675 0.873507 0.769340 0.876173 0.780006 0.884706 0.793515 0.893238 0.795648 0.904970 0.805603 0.909770 0.809869 0.920435 0.819824 0.926301 0.821246 0.930567 0.821246 0.936433 0.814846 0.941233 0.802048 0.942299 0.786405 0.941233 0.775028 0.939100 0.757253 0.938567 0.751564 0.930567 0.751564 0.926834 0.763652 0.921502 0.767207 0.912969 0.762230 0.906570 0.755119 0.900171 0.751564 0.896438 0.751564 0.890572 0.753697 0.885239 0.758675 0.880973 0.759386
0 0.952698 0.709258 0.069859 0.086035 0.917769 0.711035 0.931101 0.727389 0.933234 0.730944 0.945499 0.736633 0.952432 0.738766 0.958298 0.741610 0.968430 0.745876 0.974829 0.750853 0.980695 0.752275 0.984962 0.748720 0.987628 0.745165 0.987628 0.733077 0.987628 0.721701 0.985495 0.715301 0.985495 0.701792 0.982295 0.688282 0.979096 0.679750 0.975363 0.674061 0.966297 0.666240 0.972696 0.677617 0.958298 0.684016 0.948166 0.688282 0.938567 0.688282 0.938033 0.699659 0.928968 0.703214 0.922568 0.705347
0 0.959098 0.588382 0.078392 0.088879 0.919902 0.595848 0.922568 0.605091 0.933234 0.614334 0.944966 0.618601 0.951898 0.622867 0.967363 0.628555 0.978029 0.631399 0.987095 0.632821 0.991894 0.632110 0.995627 0.631399 0.996160 0.625000 0.998294 0.615046 0.997760 0.607224 0.997227 0.597981 0.996694 0.588026 0.994027 0.575939 0.989761 0.569539 0.985495 0.562429 0.979629 0.553896 0.972696 0.546075 0.964164 0.543942 0.956165 0.546075 0.951365 0.548919 0.947632 0.552474 0.944433 0.557452 0.939633 0.564562 0.933767 0.571672 0.926834 0.580916
0 0.896971 0.662685 0.063993 0.081058 0.872974 0.629266 0.864974 0.642065 0.867641 0.652730 0.877773 0.668373 0.888439 0.684727 0.895371 0.692548 0.903370 0.697526 0.914569 0.703214 0.919902 0.696815 0.923635 0.686149 0.924168 0.674772 0.923635 0.665529 0.925768 0.655575 0.928434 0.646331 0.928968 0.638510 0.924168 0.628555 0.918835 0.624289 0.915102 0.622156 0.912436 0.623578 0.908703 0.629977 0.903904 0.634954 0.898038 0.632821 0.892705 0.627133 0.884706 0.622156