0 0.098047 0.380729 0.083073 0.100347 0.106771 0.334028 0.088281 0.330556 0.075000 0.333333 0.063281 0.343750 0.056510 0.354167 0.056510 0.373611 0.059375 0.390972 0.063021 0.408333 0.071354 0.422222 0.080990 0.428125 0.095833 0.430903 0.108594 0.430903 0.121354 0.423264 0.130208 0.407639 0.138281 0.394792 0.139583 0.373958 0.134375 0.364236 0.127604 0.349306 0.120313 0.340625
0 0.169271 0.346701 0.093750 0.121875 0.163021 0.285764 0.146615 0.285764 0.137500 0.291667 0.127865 0.306944 0.123438 0.315278 0.122396 0.331250 0.128906 0.346181 0.139583 0.362500 0.150000 0.380556 0.161719 0.394097 0.169792 0.404861 0.181250 0.407639 0.187760 0.405903 0.197917 0.393403 0.204427 0.379861 0.208073 0.367708 0.211719 0.357639 0.216146 0.342708 0.214583 0.326736 0.207031 0.308681 0.200260 0.298611 0.192188 0.291667 0.179167 0.286458
0 0.209375 0.462674 0.085938 0.121875 0.201823 0.407292 0.188542 0.416667 0.174740 0.428819 0.167448 0.438542 0.166406 0.451042 0.172396 0.468403 0.180208 0.486111 0.191146 0.499306 0.197656 0.509722 0.207813 0.520486 0.221875 0.523611 0.235677 0.511111 0.244531 0.499653 0.251563 0.484722 0.252344 0.458333 0.250521 0.438542 0.246354 0.421181 0.235677 0.405208 0.224479 0.401736 0.213802 0.401736
0 0.273698 0.314063 0.077083 0.119097 0.280469 0.279861 0.273958 0.267708 0.269010 0.262500 0.259896 0.254861 0.253125 0.254514 0.246354 0.257292 0.239323 0.268056 0.235156 0.279167 0.236719 0.298611 0.241667 0.312500 0.246875 0.329861 0.249740 0.350000 0.253906 0.365972 0.264323 0.373611 0.278125 0.368056 0.287240 0.356597 0.295312 0.345139 0.302604 0.330556 0.310937 0.314583 0.312240 0.297917 0.304427 0.282986 0.296615 0.273958 0.287500 0.273958
0 0.332682 0.365104 0.084115 0.105903 0.328646 0.313194 0.315885 0.312153 0.309635 0.317014 0.304948 0.324653 0.300781 0.333333 0.300521 0.345486 0.299479 0.356597 0.298438 0.364583 0.294010 0.373611 0.291667 0.385069 0.290625 0.396181 0.291667 0.411458 0.300260 0.418056 0.313021 0.414236 0.325521 0.410417 0.337760 0.409722 0.350000 0.409722 0.357552 0.404861 0.365885 0.395833 0.370573 0.385417 0.374740 0.367361 0.367188 0.354167 0.361979 0.348958 0.355990 0.339583 0.348438 0.331597 0.340365 0.321181
0 0.413411 0.366493 0.072135 0.106597 0.390104 0.322569 0.381250 0.330556 0.377344 0.346528 0.378385 0.362153 0.381510 0.377778 0.387240 0.385417 0.395833 0.392708 0.407031 0.404514 0.420052 0.415972 0.431250 0.419792 0.437500 0.408681 0.435156 0.396181 0.439323 0.390625 0.447656 0.384722 0.449479 0.371181 0.449479 0.358681 0.448698 0.343750 0.440625 0.331250 0.436458 0.324653 0.428385 0.318056 0.415365 0.313194 0.407812 0.313889 0.397135 0.315625
0 0.467057 0.258333 0.089323 0.116667 0.434896 0.221181 0.423438 0.243056 0.422396 0.257639 0.427865 0.282292 0.436458 0.297569 0.456250 0.316667 0.477083 0.312847 0.490625 0.305208 0.505729 0.296181 0.511719 0.281944 0.508594 0.255208 0.501563 0.233333 0.492969 0.219444 0.481250 0.207986 0.467969 0.200000 0.457292 0.202083 0.448177 0.205208 0.442188 0.214236
0 0.484766 0.418750 0.079427 0.109722 0.461198 0.382292 0.454948 0.390278 0.451562 0.400000 0.448177 0.413889 0.445052 0.426736 0.448437 0.440625 0.455469 0.451389 0.464844 0.457986 0.475000 0.462847 0.483594 0.461806 0.492188 0.464931 0.502604 0.469792 0.513542 0.473611 0.523177 0.468056 0.524479 0.457639 0.522396 0.441667 0.523177 0.422569 0.522135 0.408333 0.519010 0.396528 0.514583 0.384375 0.505729 0.373611 0.496875 0.367014 0.488802 0.363889 0.479427 0.365972 0.468490 0.375694
0 0.451693 0.537847 0.074219 0.110417 0.447396 0.493403 0.440625 0.496181 0.434635 0.494097 0.429427 0.494792 0.419792 0.501042 0.416667 0.510069 0.416927 0.519792 0.414583 0.532292 0.417187 0.543403 0.421354 0.552778 0.428906 0.559375 0.436979 0.568403 0.449219 0.575694 0.457031 0.585069 0.466927 0.590625 0.475260 0.593056 0.484896 0.585069 0.488021 0.572569 0.488281 0.548264 0.488802 0.520833 0.486458 0.497917 0.479427 0.488194 0.467448 0.484028 0.453906 0.482639 0.448437 0.485764
0 0.589063 0.361111 0.061458 0.094444 0.599479 0.317708 0.590365 0.319097 0.584375 0.314931 0.577604 0.313889 0.570833 0.315625 0.565365 0.321875 0.561719 0.332639 0.560156 0.348264 0.558333 0.365625 0.559635 0.378819 0.558854 0.393750 0.561979 0.401042 0.565104 0.405208 0.570833 0.403819 0.580729 0.408333 0.586458 0.405556 0.596875 0.396875 0.609635 0.386806 0.619792 0.375347 0.619531 0.361806 0.618229 0.350347 0.616667 0.342708 0.612760 0.339583 0.608594 0.329167
0 0.664714 0.376042 0.073698 0.104167 0.632812 0.349653 0.629948 0.355208 0.627865 0.369792 0.630729 0.383681 0.636719 0.399306 0.645312 0.412153 0.651563 0.421528 0.659896 0.427778 0.677083 0.428125 0.688281 0.426389 0.695833 0.420833 0.699479 0.415972 0.701562 0.403819 0.701302 0.383333 0.701302 0.358681 0.698698 0.346528 0.691667 0.331597 0.684375 0.323958 0.676823 0.325347 0.664844 0.331944 0.655990 0.335764 0.649219 0.341319 0.640625 0.345486
0 0.654986 0.530199 0.075781 0.111092 0.658854 0.474653 0.648958 0.481597 0.639844 0.479861 0.631771 0.483333 0.626731 0.486439 0.623085 0.485745 0.619439 0.491300 0.618137 0.499634 0.617095 0.511092 0.620741 0.520814 0.621262 0.533314 0.623085 0.542689 0.623958 0.555208 0.626210 0.565606 0.630377 0.577411 0.635845 0.584703 0.646783 0.585050 0.650168 0.581578 0.655377 0.585745 0.664583 0.581250 0.676302 0.561458 0.685937 0.542014 0.692187 0.518750 0.692877 0.505189 0.689752 0.494078 0.681679 0.484356 0.674908 0.481925
0 0.802214 0.298090 0.088281 0.114931 0.798438 0.251042 0.785937 0.262153 0.776823 0.268750 0.767708 0.265972 0.764062 0.270139 0.758073 0.278125 0.758073 0.288542 0.758594 0.303819 0.766406 0.318403 0.771615 0.325347 0.782292 0.334028 0.788021 0.333333 0.795573 0.344444 0.807552 0.353472 0.822917 0.355556 0.832812 0.347222 0.838802 0.334028 0.841406 0.313889 0.843229 0.287847 0.846354 0.267014 0.842708 0.248958 0.831510 0.240625 0.828385 0.245486
0 0.888162 0.189057 0.091385 0.122558 0.868772 0.159711 0.864583 0.163889 0.866927 0.188542 0.866406 0.206250 0.860178 0.204850 0.847417 0.198947 0.842470 0.210752 0.853477 0.224849 0.863563 0.235058 0.869076 0.234555 0.882574 0.236100 0.892990 0.239225 0.909917 0.250336 0.921376 0.248947 0.929167 0.242361 0.933095 0.227766 0.932031 0.204167 0.933355 0.190266 0.933355 0.174294 0.933854 0.161111 0.926324 0.144433 0.917470 0.134016 0.909375 0.127778 0.898698 0.130556 0.889844 0.139236 0.874761 0.149988
0 0.915755 0.355035 0.104948 0.132986 0.952344 0.296875 0.944792 0.291319 0.932031 0.288542 0.916146 0.289236 0.900781 0.296875 0.895573 0.306944 0.880729 0.316667 0.871875 0.324653 0.866406 0.335417 0.863281 0.346528 0.864062 0.370833 0.876563 0.382639 0.892448 0.396181 0.906771 0.405903 0.922656 0.415972 0.935937 0.421528 0.948177 0.415278 0.957031 0.395833 0.958854 0.371528 0.965625 0.356944 0.968229 0.335417 0.965885 0.312500 0.952344 0.297222 0.952344 0.295833
0 0.020833 0.337153 0.039583 0.052083 0.001042 0.311111 0.009375 0.316319 0.016146 0.314931 0.025000 0.320486 0.038281 0.328472 0.040625 0.334375 0.030208 0.348264 0.020573 0.355208 0.014583 0.363194 0.007552 0.357986 0.001302 0.353472
0 0.018099 0.418576 0.033594 0.069097 0.001563 0.384028 0.008594 0.390625 0.011979 0.399306 0.011458 0.414931 0.013021 0.423611 0.025000 0.423264 0.030990 0.421528 0.033073 0.432639 0.034896 0.440625 0.023438 0.446875 0.012760 0.453125 0.001302 0.452083