0 0.079297 0.328958 0.079531 0.077083 0.064062 0.291458 0.053906 0.295625 0.039531 0.324167 0.040156 0.340208 0.041250 0.347292 0.044844 0.353958 0.052031 0.356250 0.054219 0.361250 0.066094 0.366875 0.078594 0.367500 0.090781 0.362292 0.109531 0.357708 0.118594 0.351458 0.119063 0.337083 0.111563 0.326042 0.100312 0.309375 0.086250 0.293333 0.075938 0.290417
0 0.049844 0.430417 0.074063 0.090417 0.035156 0.387292 0.035937 0.394792 0.038437 0.400208 0.047969 0.407083 0.054531 0.401042 0.061250 0.395417 0.064531 0.388333 0.080937 0.397083 0.086250 0.408125 0.086875 0.424583 0.080937 0.435625 0.070312 0.461458 0.060156 0.475208 0.055000 0.475625 0.051094 0.472708 0.035937 0.455208 0.035000 0.449792 0.032500 0.449375 0.025156 0.442292 0.021563 0.436250 0.015938 0.425833 0.012812 0.418958 0.013125 0.405833 0.020000 0.392708 0.023594 0.387083 0.029219 0.385208
0 0.024766 0.554688 0.049219 0.050208 0.016875 0.530625 0.005469 0.538333 0.000156 0.535208 0.000156 0.578333 0.003906 0.579792 0.012031 0.579375 0.016563 0.576458 0.035000 0.560833 0.041406 0.550833 0.048594 0.542708 0.049375 0.530625 0.042812 0.529583 0.041719 0.536042 0.035781 0.543542 0.022031 0.535833 0.020625 0.532083
0 0.209297 0.395208 0.061719 0.081250 0.186875 0.354583 0.178437 0.374583 0.178437 0.397708 0.182500 0.413542 0.186875 0.420625 0.188594 0.428750 0.195625 0.435833 0.202188 0.435208 0.204062 0.430625 0.210312 0.422708 0.216719 0.420833 0.222344 0.422500 0.222344 0.418958 0.235000 0.408542 0.234687 0.405833 0.237812 0.400625 0.237812 0.396458 0.240156 0.392083 0.236094 0.389792 0.231875 0.394792 0.228594 0.394583 0.220469 0.391250 0.215781 0.383750 0.214688 0.380417 0.202031 0.380417 0.198437 0.375833 0.198437 0.369167 0.193750 0.365833
0 0.218047 0.464896 0.063906 0.088125 0.202031 0.435417 0.197969 0.441042 0.193906 0.452083 0.193594 0.463333 0.186094 0.494583 0.187812 0.501458 0.195625 0.508958 0.242969 0.500833 0.250000 0.491250 0.249688 0.484583 0.243906 0.468750 0.238906 0.455208 0.231719 0.447083 0.231250 0.437083 0.224531 0.424583 0.222344 0.422292 0.217031 0.420833 0.210469 0.423125 0.204062 0.430833
0 0.304063 0.447292 0.061875 0.085833 0.286875 0.407708 0.277031 0.418333 0.275156 0.422708 0.273125 0.427083 0.276250 0.453125 0.279687 0.464792 0.298125 0.489583 0.306875 0.490208 0.313125 0.485417 0.327813 0.466250 0.334531 0.453125 0.335000 0.428958 0.327813 0.417500 0.324375 0.413333 0.317969 0.406250 0.295625 0.404375
0 0.380547 0.442708 0.063594 0.090000 0.382344 0.397708 0.369375 0.401042 0.364375 0.400417 0.357187 0.401458 0.351875 0.403750 0.348750 0.430417 0.352500 0.441875 0.356719 0.448958 0.362344 0.453542 0.363281 0.457292 0.372188 0.465208 0.382344 0.477083 0.383750 0.482083 0.390469 0.487708 0.398281 0.487708 0.402031 0.483125 0.404531 0.475417 0.406875 0.463958 0.408437 0.453542 0.409687 0.443750 0.412031 0.431042 0.412344 0.406250 0.407344 0.398333 0.400000 0.398750 0.390937 0.398333
0 0.409609 0.511458 0.064219 0.091667 0.395313 0.488542 0.389531 0.493125 0.381719 0.505833 0.378906 0.504167 0.378594 0.498958 0.377500 0.514792 0.382344 0.526875 0.402187 0.549792 0.414062 0.557292 0.421875 0.557083 0.426406 0.548542 0.428125 0.546250 0.434531 0.542500 0.438906 0.536458 0.441094 0.526042 0.441719 0.514375 0.439687 0.507292 0.438281 0.495625 0.436250 0.485417 0.433281 0.480208 0.429219 0.474583 0.426719 0.471667 0.419688 0.465625 0.416563 0.467083 0.415781 0.470833 0.413281 0.471250 0.412344 0.475000 0.404063 0.478333 0.402187 0.482917 0.398594 0.487708
0 0.442969 0.383542 0.062187 0.091250 0.424531 0.337917 0.420000 0.345417 0.416406 0.350833 0.415781 0.356875 0.411875 0.362917 0.412656 0.376667 0.415625 0.381042 0.415937 0.388750 0.421250 0.397292 0.421406 0.409167 0.423125 0.412708 0.423906 0.417917 0.426563 0.422083 0.428594 0.426250 0.436719 0.429167 0.442344 0.425417 0.447656 0.419792 0.460000 0.402292 0.470313 0.389792 0.470469 0.381875 0.474062 0.378542 0.472656 0.374792 0.472656 0.368542 0.471250 0.362708 0.465000 0.362500 0.459687 0.368333 0.457188 0.368333 0.450156 0.361250 0.449844 0.351458 0.448125 0.352708 0.442188 0.346667 0.434375 0.339792 0.430156 0.338333
0 0.493750 0.428229 0.063125 0.084792 0.486719 0.385833 0.477656 0.387500 0.470937 0.400000 0.466250 0.408542 0.466406 0.431250 0.463125 0.440833 0.462188 0.460000 0.464687 0.464792 0.467656 0.470625 0.481719 0.470208 0.487344 0.464375 0.493438 0.462917 0.504531 0.459583 0.512656 0.453542 0.522188 0.442292 0.521875 0.436667 0.525312 0.431458 0.525156 0.422083 0.513437 0.411250 0.511406 0.401458
0 0.556562 0.428229 0.053125 0.083542 0.542656 0.389375 0.533750 0.397292 0.530000 0.405000 0.530938 0.428958 0.535313 0.436667 0.537188 0.442083 0.543281 0.447708 0.546094 0.447500 0.563906 0.468750 0.572500 0.470000 0.576719 0.463750 0.576406 0.446042 0.577656 0.435625 0.583125 0.424375 0.583125 0.405208 0.578437 0.397292 0.576719 0.392500 0.570000 0.387917 0.558750 0.386458 0.554219 0.391875 0.551094 0.392500
0 0.585859 0.553542 0.055469 0.079583 0.558125 0.529167 0.570000 0.519375 0.579219 0.528750 0.587656 0.526042 0.591406 0.515208 0.605625 0.513750 0.613594 0.527708 0.612969 0.578750 0.609844 0.588750 0.603125 0.593333 0.600000 0.592500 0.586562 0.582708 0.583750 0.578750 0.579219 0.575625 0.575313 0.573750 0.565781 0.567500 0.559219 0.557917 0.558125 0.550833
0 0.613828 0.468854 0.059531 0.085625 0.616719 0.426042 0.611406 0.430625 0.610469 0.433750 0.593594 0.447500 0.586875 0.458750 0.584063 0.463333 0.584063 0.484167 0.591094 0.492083 0.599062 0.498958 0.613594 0.500417 0.620625 0.507083 0.625156 0.506667 0.630000 0.511667 0.637969 0.511250 0.643594 0.502917 0.643594 0.486875 0.641094 0.483125 0.638281 0.446250 0.623437 0.426458
0 0.603750 0.344062 0.070312 0.086875 0.596250 0.300625 0.578125 0.313542 0.574688 0.324792 0.568594 0.338333 0.568594 0.360417 0.577031 0.375833 0.586875 0.383958 0.592187 0.386250 0.606563 0.387500 0.611250 0.385417 0.627969 0.386250 0.637500 0.376875 0.638906 0.372500 0.638437 0.358750 0.636562 0.349792 0.633750 0.336250 0.632188 0.329167 0.628125 0.319792 0.623437 0.312292 0.616094 0.306250 0.607969 0.301042
0 0.683359 0.401250 0.055469 0.080417 0.677969 0.363125 0.677969 0.378125 0.686250 0.382708 0.695625 0.383125 0.697031 0.380625 0.696719 0.376458 0.702969 0.382917 0.706250 0.385208 0.711094 0.400208 0.704688 0.410208 0.703437 0.416250 0.680156 0.441458 0.669687 0.441458 0.667500 0.435625 0.663281 0.435417 0.660937 0.434167 0.655938 0.426458 0.655625 0.405000 0.658125 0.392500 0.659844 0.380000 0.661250 0.370208 0.669687 0.361042
0 0.736484 0.549063 0.058281 0.080208 0.720156 0.511042 0.714531 0.508958 0.710469 0.516458 0.707344 0.526875 0.708594 0.540417 0.711094 0.555000 0.711719 0.570000 0.714531 0.578333 0.725156 0.586875 0.729844 0.585000 0.735313 0.589167 0.742031 0.588333 0.752656 0.576250 0.761250 0.559375 0.761719 0.553125 0.765625 0.540833 0.765625 0.534375 0.763125 0.522708 0.762188 0.525000 0.757500 0.525417 0.750938 0.520833 0.745937 0.516250 0.743437 0.516458 0.740313 0.521250 0.737812 0.523125 0.732969 0.524583 0.725625 0.529583 0.722031 0.529583 0.718125 0.525000 0.716719 0.516250
0 0.852430 0.376667 0.070173 0.073750 0.858125 0.348750 0.852187 0.351667 0.841406 0.365208 0.835000 0.361458 0.832969 0.353958 0.817344 0.360000 0.818125 0.371250 0.821562 0.374375 0.822031 0.386250 0.835000 0.398333 0.841406 0.401250 0.847031 0.407917 0.855469 0.413542 0.865156 0.413542 0.871875 0.406875 0.874687 0.402708 0.880230 0.382659 0.885625 0.370625 0.887517 0.346651 0.883750 0.339792 0.881719 0.342917 0.881719 0.352292 0.877188 0.354583 0.871562 0.353333
0 0.932734 0.433854 0.075156 0.094375 0.950313 0.386875 0.940469 0.390417 0.935625 0.396250 0.931875 0.395833 0.927344 0.400000 0.920156 0.401042 0.916563 0.406458 0.910313 0.412083 0.895156 0.422500 0.895312 0.438750 0.909844 0.451667 0.932813 0.478750 0.940781 0.481042 0.948125 0.480417 0.954219 0.472292 0.958750 0.460417 0.958594 0.451667 0.966562 0.439375 0.970313 0.418750 0.969688 0.403333 0.963281 0.395833 0.962969 0.390208 0.957344 0.386667
0 0.741484 0.419479 0.055156 0.081042 0.713906 0.408958 0.722656 0.395417 0.725469 0.399583 0.734219 0.400000 0.756563 0.378958 0.762188 0.383333 0.769062 0.401458 0.767344 0.418750 0.767344 0.433958 0.761406 0.448750 0.756875 0.451667 0.750938 0.453542 0.744531 0.460000 0.735000 0.459583 0.727344 0.451250 0.715000 0.428333
0 0.924822 0.288896 0.075952 0.095224 0.890058 0.289903 0.897427 0.300232 0.906307 0.308041 0.910463 0.301239 0.911030 0.277559 0.929546 0.260429 0.930113 0.254887 0.949195 0.241284 0.962799 0.270002 0.961287 0.284109 0.956942 0.297713 0.954296 0.309301 0.954863 0.323408 0.948817 0.335752 0.938615 0.336507 0.930113 0.334240 0.909708 0.320637 0.898182 0.316102 0.888169 0.303003 0.886846 0.297965