0 0.116507 0.351314 0.081043 0.095954 0.101271 0.303337 0.092842 0.308524 0.083766 0.314575 0.078579 0.322355 0.076634 0.336186 0.075985 0.355204 0.079227 0.368171 0.085062 0.382002 0.087007 0.393240 0.091546 0.399291 0.114886 0.396698 0.114886 0.390647 0.114238 0.379409 0.119424 0.374222 0.112293 0.354340 0.120721 0.356933 0.130446 0.374222 0.132391 0.381138 0.136929 0.386324 0.144061 0.383731 0.153138 0.376815 0.156380 0.369035 0.157028 0.362120 0.155731 0.356933 0.152490 0.348288 0.144061 0.343966 0.138226 0.341373 0.132391 0.335322 0.127204 0.331864 0.120721 0.327541 0.115534 0.322355 0.107754 0.310252
0 0.117479 0.442514 0.098548 0.105463 0.109699 0.394104 0.103864 0.396698 0.096732 0.401020 0.087656 0.418309 0.086359 0.430411 0.080524 0.440785 0.077282 0.450294 0.070799 0.458938 0.068205 0.467583 0.068854 0.483143 0.078579 0.492652 0.092842 0.495246 0.112293 0.493517 0.138874 0.491788 0.153786 0.487465 0.160270 0.479685 0.166753 0.471041 0.164808 0.466719 0.158973 0.463261 0.153786 0.457210 0.153786 0.447701 0.152490 0.435598 0.146006 0.425225 0.138874 0.404478 0.134336 0.396698 0.125259 0.390647 0.120721 0.389782 0.117479 0.390647
0 0.237746 0.417012 0.082339 0.106328 0.221214 0.366442 0.206302 0.375951 0.197225 0.386324 0.196577 0.409665 0.202412 0.438192 0.206950 0.450294 0.216027 0.462396 0.227697 0.469312 0.238071 0.470176 0.247147 0.467583 0.256224 0.458938 0.260114 0.454616 0.273729 0.439920 0.277619 0.424360 0.278916 0.414851 0.270488 0.391511 0.267894 0.385460 0.251686 0.369035 0.239367 0.363849
0 0.338239 0.390647 0.088823 0.124481 0.321058 0.328406 0.315223 0.330999 0.310036 0.335322 0.301608 0.343102 0.297070 0.350882 0.293828 0.369900 0.297718 0.391511 0.312630 0.415716 0.321706 0.426089 0.328838 0.431276 0.339860 0.443378 0.347640 0.451158 0.358013 0.452887 0.365145 0.444243 0.370332 0.428683 0.379409 0.410529 0.382650 0.379409 0.382650 0.361255 0.379409 0.350882 0.370332 0.339644 0.361904 0.333593 0.348288 0.330135 0.341805 0.330999
0 0.370656 0.508645 0.084933 0.121888 0.354772 0.461532 0.347640 0.468447 0.340508 0.476228 0.334025 0.482279 0.329487 0.490923 0.328190 0.502161 0.335322 0.523772 0.346343 0.539333 0.352827 0.548842 0.360607 0.559215 0.366442 0.564402 0.377464 0.569589 0.384595 0.568724 0.394321 0.557486 0.401452 0.548842 0.413122 0.524637 0.413122 0.506483 0.409232 0.482279 0.404694 0.466719 0.399507 0.455481 0.393024 0.449429 0.372925 0.447701 0.365794 0.452023
0 0.425765 0.350450 0.071966 0.118430 0.428034 0.301608 0.422848 0.297286 0.415067 0.291234 0.405991 0.292099 0.396914 0.299879 0.389782 0.312846 0.391079 0.324948 0.396266 0.342237 0.400156 0.364713 0.400156 0.378544 0.401452 0.388918 0.408584 0.404478 0.415067 0.409665 0.422848 0.409665 0.430628 0.402749 0.446188 0.381138 0.452671 0.364713 0.457858 0.351746 0.459803 0.343102 0.461748 0.335322 0.459803 0.324948 0.456561 0.319761 0.453320 0.317168 0.448781 0.316304 0.441649 0.317168 0.435166 0.309388
0 0.491247 0.406207 0.081043 0.108921 0.484440 0.351746 0.473418 0.352611 0.465638 0.362984 0.461748 0.371629 0.457210 0.382867 0.453320 0.400156 0.453320 0.413987 0.451374 0.422631 0.450726 0.445107 0.453968 0.456345 0.463693 0.460667 0.475363 0.457210 0.487682 0.453752 0.500000 0.452023 0.512318 0.444243 0.525934 0.433869 0.531769 0.420038 0.530472 0.408800 0.528527 0.397562 0.522044 0.390647 0.518154 0.381138 0.512967 0.375086 0.507780 0.369900 0.503242 0.365577 0.492220 0.358662
0 0.571966 0.410529 0.070021 0.107192 0.557702 0.360391 0.544087 0.370764 0.538252 0.382002 0.536955 0.394104 0.541494 0.411393 0.549922 0.424360 0.558351 0.439920 0.565482 0.449429 0.573911 0.459803 0.587526 0.464125 0.595306 0.461532 0.599844 0.456345 0.599844 0.449429 0.600493 0.439056 0.602438 0.429547 0.604383 0.414851 0.605031 0.401885 0.606976 0.382002 0.601141 0.372493 0.592064 0.365577 0.570669 0.356933
0 0.634855 0.305066 0.089471 0.108921 0.608273 0.259250 0.600493 0.268759 0.594009 0.279132 0.590119 0.290370 0.590119 0.305930 0.590768 0.324948 0.596603 0.342237 0.604383 0.350882 0.609570 0.356933 0.619295 0.359526 0.630316 0.359526 0.638745 0.356068 0.649767 0.354340 0.659492 0.350882 0.670513 0.345695 0.675052 0.341373 0.678294 0.333593 0.679590 0.318897 0.675052 0.305066 0.667272 0.282590 0.663382 0.273081 0.654953 0.262707 0.642635 0.251470 0.621888 0.250605 0.616053 0.253198
0 0.651387 0.468880 0.078449 0.106328 0.636151 0.429547 0.627075 0.436463 0.619295 0.447701 0.614108 0.460667 0.612163 0.477956 0.612811 0.492652 0.620591 0.501297 0.629020 0.507348 0.639393 0.510806 0.652360 0.513399 0.660788 0.517721 0.669865 0.521179 0.675052 0.522044 0.684129 0.517721 0.688667 0.512535 0.690612 0.503890 0.690612 0.496974 0.688667 0.487465 0.684129 0.479685 0.682832 0.452887 0.678942 0.442514 0.672459 0.433005 0.667272 0.425225 0.662733 0.419174 0.653008 0.415716 0.644580 0.415716
0 0.610218 0.586013 0.079098 0.107192 0.605679 0.541926 0.595954 0.538468 0.585581 0.544519 0.581691 0.547113 0.571966 0.557486 0.570669 0.564402 0.570669 0.580826 0.580394 0.597251 0.588174 0.605896 0.597899 0.615405 0.612163 0.623185 0.619295 0.630100 0.627723 0.637880 0.636151 0.639609 0.640690 0.634423 0.644580 0.624914 0.649767 0.610218 0.645228 0.563537 0.643932 0.547977 0.636800 0.538468 0.626426 0.535010 0.619295 0.532417 0.610866 0.534146
0 0.729837 0.402317 0.068076 0.097683 0.726271 0.353475 0.713952 0.355204 0.706172 0.362120 0.699689 0.370764 0.695799 0.390647 0.695799 0.410529 0.695799 0.424360 0.698392 0.438192 0.700985 0.443378 0.707469 0.446836 0.713952 0.446836 0.717842 0.451158 0.730161 0.447701 0.737293 0.443378 0.746369 0.433869 0.754798 0.424360 0.763874 0.407071 0.763874 0.388918 0.761281 0.382867 0.757391 0.376815 0.754149 0.373358 0.748314 0.367306 0.736644 0.360391
0 0.806665 0.426089 0.067427 0.098548 0.807313 0.386324 0.800830 0.391511 0.789160 0.394969 0.781380 0.398427 0.778138 0.403613 0.777490 0.409665 0.772951 0.422631 0.774896 0.434734 0.778786 0.444243 0.785270 0.458938 0.792401 0.470176 0.798237 0.474499 0.804072 0.474499 0.809907 0.475363 0.814445 0.475363 0.821577 0.475363 0.827412 0.469312 0.833247 0.462396 0.837137 0.448565 0.839730 0.425225 0.839730 0.414851 0.840379 0.405342 0.840379 0.396698 0.837137 0.388918 0.830005 0.380273 0.820928 0.376815
0 0.815418 0.581691 0.083636 0.105463 0.787863 0.528959 0.793050 0.534146 0.798237 0.539333 0.804720 0.541062 0.813797 0.539333 0.822873 0.536739 0.830654 0.532417 0.839082 0.534146 0.844269 0.535875 0.850104 0.541926 0.853994 0.550571 0.855939 0.559215 0.857235 0.574775 0.853994 0.594658 0.842972 0.612811 0.835192 0.629236 0.828709 0.634423 0.822225 0.633558 0.815742 0.630100 0.807313 0.630965 0.797588 0.630965 0.793698 0.629236 0.786566 0.614540 0.780083 0.596387 0.779435 0.588607 0.776841 0.576504 0.774896 0.563537 0.773600 0.549706 0.774248 0.538468 0.778786 0.529824
0 0.949300 0.361255 0.093361 0.096819 0.907806 0.329270 0.902619 0.345695 0.907158 0.359526 0.918179 0.371629 0.927256 0.381138 0.938926 0.390647 0.949300 0.398427 0.955135 0.403613 0.966157 0.409665 0.970695 0.405342 0.975233 0.398427 0.980420 0.382867 0.986255 0.367306 0.992090 0.350882 0.994684 0.331864 0.995980 0.318033 0.986255 0.313710 0.977178 0.313710 0.966805 0.314575 0.960970 0.312846 0.951245 0.329270 0.946058 0.329270 0.935685 0.332728 0.931146 0.330999 0.927256 0.327541 0.919476 0.324948