0 0.366484 0.307292 0.068906 0.083333 0.332500 0.305417 0.332031 0.300208 0.337656 0.288958 0.345625 0.276250 0.352656 0.267917 0.360156 0.265625 0.367812 0.266042 0.377344 0.273333 0.385937 0.291875 0.398906 0.317500 0.400938 0.325833 0.400312 0.335417 0.396094 0.340000 0.371406 0.345625 0.349688 0.348958 0.340156 0.335000 0.341562 0.326458 0.335781 0.310417
0 0.331719 0.392708 0.068125 0.101667 0.334844 0.341875 0.339688 0.346875 0.340781 0.354792 0.345313 0.361042 0.357031 0.357292 0.359844 0.358750 0.365313 0.367500 0.365781 0.397500 0.357812 0.410000 0.350312 0.426875 0.346094 0.435000 0.337344 0.442917 0.333125 0.443542 0.322969 0.430000 0.302500 0.404375 0.298281 0.391458 0.297656 0.376875 0.298594 0.365208 0.305938 0.355000 0.317969 0.342708 0.323594 0.342083
0 0.273828 0.506354 0.067656 0.098958 0.271094 0.466875 0.270937 0.477500 0.274375 0.487500 0.281719 0.491250 0.289219 0.492083 0.292969 0.487917 0.299063 0.491875 0.307031 0.499583 0.307656 0.507500 0.301875 0.520625 0.291719 0.532292 0.279687 0.540000 0.260313 0.553125 0.251875 0.555833 0.244844 0.550208 0.241562 0.542292 0.241719 0.521250 0.240000 0.501042 0.240156 0.485000 0.240156 0.472917 0.247187 0.470000 0.252969 0.462500 0.260625 0.456875
0 0.497734 0.387708 0.066719 0.090000 0.502031 0.343125 0.491094 0.342708 0.484063 0.346458 0.479844 0.353333 0.473125 0.365625 0.468281 0.379167 0.464687 0.388958 0.464375 0.406875 0.473125 0.415417 0.475000 0.425000 0.477656 0.431250 0.489219 0.432708 0.491406 0.427083 0.495156 0.424792 0.506406 0.415417 0.504844 0.412500 0.508594 0.406458 0.515625 0.405625 0.522344 0.410625 0.521719 0.403125 0.522969 0.395625 0.528906 0.390625 0.531094 0.383958 0.525156 0.373750 0.514687 0.356875 0.506250 0.346458
0 0.509141 0.459583 0.069844 0.088333 0.488906 0.433125 0.478750 0.464167 0.474219 0.476250 0.474531 0.494167 0.481563 0.501250 0.495937 0.503333 0.525156 0.503750 0.536406 0.497708 0.543750 0.486042 0.544063 0.458125 0.542969 0.445833 0.540000 0.433750 0.534375 0.421250 0.523438 0.417292 0.514687 0.415417 0.507344 0.415417 0.491875 0.426875
0 0.606172 0.449167 0.065781 0.086250 0.590313 0.411667 0.599688 0.406042 0.613750 0.406458 0.624531 0.412500 0.634062 0.420833 0.638281 0.436875 0.639062 0.456042 0.636250 0.460417 0.633437 0.475208 0.627812 0.483125 0.619844 0.491250 0.607500 0.492292 0.597969 0.488542 0.586719 0.481042 0.577969 0.469792 0.573750 0.458958 0.573281 0.445833 0.576562 0.433125 0.582344 0.420625
0 0.716172 0.439896 0.072656 0.101458 0.681719 0.416250 0.697656 0.393750 0.714844 0.389167 0.723906 0.390625 0.733125 0.390000 0.742656 0.396458 0.751406 0.406250 0.752500 0.418125 0.750469 0.434375 0.748750 0.454583 0.746563 0.470625 0.742344 0.486458 0.736250 0.490625 0.731094 0.490417 0.724844 0.486667 0.715313 0.477292 0.703281 0.469375 0.695937 0.464583 0.686406 0.453750 0.681406 0.440208 0.679844 0.427500
0 0.754297 0.406354 0.063281 0.095625 0.722656 0.383958 0.726250 0.371250 0.746406 0.358542 0.755312 0.362292 0.772813 0.372500 0.785937 0.394792 0.785937 0.412917 0.782031 0.420000 0.769844 0.431250 0.749688 0.454167 0.750469 0.434583 0.752500 0.417708 0.751563 0.407292 0.742344 0.396667 0.733750 0.390417 0.750625 0.393750 0.749375 0.389375 0.731875 0.385000
0 0.724219 0.534583 0.071250 0.097500 0.688594 0.520625 0.703594 0.505833 0.719375 0.507917 0.727187 0.502292 0.726875 0.496250 0.732500 0.490000 0.735938 0.491250 0.743125 0.485833 0.752031 0.492708 0.758437 0.509167 0.759844 0.532083 0.759531 0.553333 0.754375 0.567708 0.745156 0.572083 0.735625 0.583125 0.725156 0.583333 0.715938 0.576875 0.707500 0.569792 0.700156 0.559375 0.691719 0.542083 0.688594 0.539167
0 0.805625 0.459063 0.065000 0.085625 0.780469 0.430208 0.775625 0.434375 0.773125 0.445000 0.773438 0.488750 0.777656 0.496875 0.788438 0.501875 0.798281 0.498750 0.815938 0.494375 0.831094 0.486042 0.838125 0.476250 0.838125 0.458333 0.833594 0.435417 0.826562 0.428333 0.821250 0.423125 0.812500 0.420000 0.803438 0.417500 0.795000 0.416250 0.785313 0.424583
0 0.867266 0.470729 0.060469 0.086458 0.837031 0.478333 0.837031 0.482292 0.842187 0.488750 0.855937 0.498542 0.880625 0.513958 0.890156 0.512292 0.894844 0.501875 0.894375 0.481667 0.894375 0.472500 0.897500 0.463125 0.895625 0.448750 0.888281 0.439583 0.877500 0.429375 0.864844 0.427500 0.855000 0.431875 0.843906 0.436875 0.861563 0.451250 0.861563 0.456042 0.853594 0.455000 0.844063 0.450000 0.847500 0.469375 0.838438 0.470625 0.838438 0.475000
0 0.887187 0.612708 0.074375 0.087083 0.858437 0.584167 0.881250 0.569167 0.887813 0.569375 0.908750 0.572917 0.911406 0.570625 0.915938 0.573750 0.921250 0.582500 0.922656 0.597500 0.922031 0.613125 0.924375 0.633750 0.923906 0.646250 0.922031 0.651875 0.919219 0.655208 0.914687 0.656250 0.909375 0.655625 0.890156 0.644583 0.874687 0.638542 0.863438 0.629167 0.855625 0.622083 0.850000 0.608125 0.851250 0.598125
0 0.927500 0.521563 0.076875 0.088125 0.889687 0.522500 0.889062 0.532292 0.897656 0.545000 0.906094 0.551042 0.927031 0.555417 0.942500 0.564583 0.957500 0.565625 0.964219 0.557292 0.965938 0.546875 0.965000 0.536250 0.961094 0.530625 0.962031 0.513542 0.959375 0.501458 0.953750 0.488750 0.945625 0.480000 0.935469 0.477500 0.927656 0.482500 0.914062 0.493125 0.911094 0.499167 0.899844 0.510000
0 0.923438 0.389167 0.084375 0.087917 0.881875 0.403750 0.884375 0.391458 0.889687 0.377500 0.897656 0.363958 0.905625 0.352292 0.913906 0.346250 0.923438 0.345208 0.936406 0.347917 0.945469 0.358125 0.955000 0.374583 0.958906 0.386250 0.964219 0.398542 0.965625 0.417917 0.964219 0.424375 0.955156 0.427500 0.943125 0.430833 0.938906 0.429375 0.927031 0.430417 0.922969 0.433125 0.902812 0.432708 0.895781 0.428750 0.892188 0.428125 0.886562 0.419375 0.886562 0.409375 0.881250 0.411250
0 0.966797 0.474271 0.063281 0.083958 0.972031 0.432292 0.956094 0.434792 0.950625 0.436250 0.945000 0.442500 0.939688 0.451667 0.936875 0.463333 0.936094 0.470625 0.941719 0.473125 0.935156 0.477500 0.945156 0.480208 0.955000 0.489375 0.960000 0.502500 0.963281 0.516250 0.972031 0.514167 0.984375 0.504792 0.998437 0.492096 0.998437 0.449375 0.990156 0.442500 0.982969 0.436875