0 0.232232 0.384286 0.070536 0.072381 0.220714 0.348095 0.211250 0.357381 0.199464 0.379524 0.196964 0.388810 0.197500 0.404286 0.203571 0.409286 0.208571 0.418810 0.232143 0.420476 0.243571 0.416190 0.262857 0.411429 0.267500 0.403810 0.267500 0.391667 0.255000 0.374524 0.240893 0.354524 0.232143 0.349048
0 0.205089 0.482381 0.067321 0.086667 0.198750 0.439048 0.186607 0.439524 0.179107 0.446905 0.174821 0.451905 0.171429 0.461667 0.171429 0.475476 0.178214 0.485714 0.185893 0.499048 0.192321 0.507619 0.205893 0.524286 0.210000 0.525714 0.213571 0.524762 0.221071 0.515952 0.221429 0.509762 0.233571 0.478095 0.238750 0.465238 0.232857 0.450238 0.224464 0.445952 0.212321 0.459286 0.208393 0.458333 0.202679 0.453095
0 0.160804 0.588929 0.059464 0.070238 0.153571 0.563810 0.150893 0.570238 0.152857 0.586429 0.166964 0.585000 0.171607 0.581667 0.173214 0.576905 0.190536 0.591190 0.188571 0.598333 0.160536 0.621429 0.152143 0.624048 0.144286 0.620238 0.138393 0.602143 0.133571 0.582857 0.131071 0.567143 0.137500 0.553810
0 0.352946 0.455000 0.058036 0.074762 0.338571 0.417619 0.334286 0.420238 0.326964 0.440714 0.323929 0.458333 0.326250 0.470476 0.331429 0.476667 0.334643 0.487619 0.340179 0.492381 0.349464 0.492381 0.355179 0.484524 0.360357 0.480952 0.365179 0.479048 0.370000 0.480714 0.371607 0.476667 0.380000 0.465952 0.381964 0.460952 0.381429 0.455238 0.373393 0.455714 0.369643 0.447143 0.363214 0.447619 0.356250 0.436429 0.357857 0.431667 0.352500 0.428810 0.349643 0.422381
0 0.362589 0.521667 0.059464 0.085238 0.365000 0.479048 0.360179 0.481190 0.355000 0.485238 0.348571 0.493095 0.344643 0.500476 0.339821 0.518095 0.337321 0.527381 0.332857 0.549762 0.333571 0.555238 0.338393 0.561667 0.345000 0.564286 0.383929 0.558571 0.392321 0.546667 0.392321 0.534524 0.391964 0.528571 0.388393 0.516190 0.381607 0.498571 0.375000 0.487857 0.370357 0.481905
0 0.448482 0.509048 0.056607 0.081905 0.435357 0.472143 0.425357 0.480238 0.422143 0.486667 0.420714 0.496429 0.420179 0.509762 0.420536 0.515714 0.423214 0.525714 0.430357 0.533333 0.446964 0.550000 0.459107 0.549762 0.463393 0.540238 0.472679 0.520476 0.475357 0.516667 0.476786 0.494286 0.474286 0.486667 0.468393 0.478095 0.459821 0.472857 0.449821 0.470000 0.442857 0.468095
0 0.534107 0.513333 0.060357 0.081905 0.523929 0.472381 0.511071 0.478095 0.504286 0.482143 0.503929 0.510238 0.511071 0.521190 0.529107 0.538810 0.539643 0.552857 0.545000 0.554286 0.551964 0.551190 0.558393 0.538333 0.558214 0.519048 0.564286 0.493810 0.563393 0.480000 0.555357 0.473095 0.543571 0.472381 0.533214 0.477143
0 0.548661 0.577500 0.059821 0.079286 0.544821 0.554762 0.540179 0.560238 0.537321 0.568095 0.531250 0.569286 0.527500 0.566190 0.527500 0.560952 0.518750 0.569286 0.519286 0.580476 0.531964 0.600476 0.540179 0.610714 0.548929 0.617143 0.557857 0.616667 0.564286 0.609048 0.572321 0.604762 0.576250 0.597143 0.578571 0.583333 0.577500 0.568810 0.576964 0.555952 0.573036 0.547381 0.568214 0.539524 0.563750 0.537857 0.560536 0.544286 0.555714 0.544048 0.551786 0.550714
0 0.582500 0.456429 0.053571 0.083333 0.568036 0.414762 0.561071 0.418571 0.555714 0.430238 0.555714 0.443810 0.556429 0.455952 0.559643 0.466667 0.566964 0.472619 0.558571 0.475000 0.560000 0.478095 0.563750 0.480238 0.564821 0.496667 0.569821 0.498095 0.577500 0.494762 0.604286 0.466667 0.609286 0.456667 0.607679 0.448095 0.601964 0.445476 0.596607 0.440952 0.593036 0.430238 0.586250 0.423095 0.576250 0.416667
0 0.626250 0.502143 0.059643 0.077619 0.614464 0.463333 0.604464 0.473571 0.601607 0.479524 0.601250 0.494048 0.596786 0.518095 0.596429 0.528810 0.600714 0.535952 0.605536 0.540952 0.617679 0.538333 0.619464 0.532619 0.633929 0.530952 0.645714 0.524048 0.651429 0.515952 0.652500 0.508095 0.656071 0.497857 0.648214 0.485000 0.645000 0.476905 0.635000 0.470476 0.626429 0.463571
0 0.681518 0.503929 0.050536 0.075476 0.656250 0.498810 0.664286 0.514286 0.675000 0.524524 0.689464 0.540952 0.697143 0.541667 0.702321 0.538571 0.700000 0.526667 0.699821 0.520952 0.701964 0.510714 0.706071 0.497381 0.706786 0.481190 0.697679 0.467857 0.688750 0.466190 0.683571 0.471667 0.676786 0.468333 0.668214 0.470952 0.661071 0.477857 0.657321 0.487619 0.663750 0.495952 0.662143 0.498810 0.667321 0.506667 0.663036 0.505952
0 0.700536 0.620476 0.053571 0.073333 0.709286 0.595714 0.700893 0.595238 0.691607 0.587619 0.686607 0.589048 0.674286 0.598095 0.673750 0.611667 0.676250 0.622857 0.686786 0.635238 0.701607 0.643810 0.714821 0.657143 0.721250 0.654524 0.725179 0.648095 0.726607 0.640714 0.727321 0.598810 0.725714 0.591429 0.722857 0.583810 0.710893 0.585000 0.711964 0.590952
0 0.732143 0.429524 0.066786 0.078571 0.728214 0.390238 0.716429 0.396905 0.700000 0.418810 0.698750 0.430952 0.699107 0.445714 0.703036 0.456905 0.713214 0.465952 0.729643 0.468810 0.749643 0.468810 0.760893 0.465476 0.765536 0.454286 0.764286 0.441429 0.760714 0.425952 0.751071 0.400238 0.745000 0.395952 0.737857 0.391905
0 0.732857 0.543810 0.058571 0.077143 0.741071 0.505238 0.738393 0.506190 0.738393 0.512619 0.718036 0.524524 0.713036 0.535952 0.704286 0.542143 0.703571 0.555952 0.718214 0.571667 0.727500 0.571667 0.749643 0.582381 0.758036 0.580238 0.762143 0.572857 0.761786 0.560476 0.758571 0.553810 0.758571 0.537381 0.755357 0.524524 0.749286 0.512381
0 0.788438 0.480729 0.055000 0.073958 0.793281 0.450000 0.780781 0.443750 0.769375 0.451667 0.765625 0.460000 0.761094 0.485208 0.760938 0.504375 0.766250 0.512083 0.772188 0.512500 0.776406 0.516667 0.782188 0.517708 0.789062 0.515833 0.799844 0.506458 0.808594 0.497917 0.815938 0.485417 0.814063 0.467083 0.808281 0.464375 0.800156 0.466250 0.795625 0.464375 0.793125 0.459167
0 0.842344 0.619792 0.058750 0.075000 0.853906 0.593125 0.868750 0.603333 0.871719 0.609792 0.870781 0.623125 0.864062 0.635625 0.858750 0.648750 0.846406 0.657292 0.836719 0.656875 0.833906 0.653542 0.826094 0.653125 0.820469 0.647500 0.814531 0.634375 0.812969 0.598125 0.815781 0.595000 0.814844 0.589375 0.821094 0.582292 0.829219 0.586875 0.828906 0.594375 0.831250 0.600000 0.838125 0.602917 0.845000 0.599583 0.850625 0.599583
0 0.951172 0.475313 0.068281 0.054792 0.960313 0.447917 0.955156 0.450000 0.953281 0.456250 0.946875 0.461250 0.937500 0.455833 0.933594 0.450625 0.925938 0.453958 0.917031 0.453750 0.917031 0.458750 0.923750 0.468125 0.923750 0.478750 0.946250 0.500000 0.953281 0.502708 0.963125 0.500625 0.969219 0.492083 0.972969 0.481875 0.974062 0.476667 0.984219 0.465000 0.985313 0.449375 0.981406 0.452708 0.974844 0.451250
0 0.843628 0.502854 0.054461 0.068903 0.816398 0.490210 0.816920 0.503666 0.822661 0.518281 0.834493 0.537073 0.845107 0.537305 0.856765 0.530577 0.863377 0.518049 0.864421 0.504826 0.870859 0.492298 0.867901 0.477682 0.861637 0.468402 0.842641 0.484997 0.832579 0.478842