0 0.314842 0.648442 0.065821 0.076297 0.289344 0.610294 0.281932 0.634804 0.295867 0.673941 0.305651 0.686591 0.319290 0.685009 0.344195 0.671173 0.347753 0.663662 0.337375 0.652989 0.331149 0.668406 0.318104 0.676312 0.312174 0.656546 0.310988 0.639548 0.292606 0.633223 0.302686 0.617805
0 0.357685 0.535579 0.078570 0.104364 0.318400 0.498419 0.318400 0.523324 0.333225 0.550996 0.350718 0.567204 0.367321 0.587761 0.379181 0.580645 0.384517 0.561275 0.387779 0.539137 0.396970 0.513441 0.393412 0.495651 0.380663 0.483397 0.379773 0.502767 0.369989 0.520557 0.362281 0.516603 0.356944 0.502372 0.356647 0.483792 0.335893 0.487745
0 0.382887 0.397415 0.083907 0.100806 0.340933 0.420145 0.348939 0.438330 0.363467 0.447818 0.381552 0.443865 0.396377 0.435563 0.411794 0.432005 0.423357 0.424099 0.424840 0.407891 0.420393 0.394450 0.404382 0.372707 0.390447 0.354918 0.376216 0.347011 0.360798 0.349779 0.353979 0.377451 0.343305 0.404728
0 0.543584 0.486954 0.075012 0.088552 0.518234 0.442679 0.506078 0.475095 0.506968 0.501581 0.515269 0.510674 0.518827 0.527672 0.538395 0.531230 0.564486 0.525300 0.581090 0.503558 0.575457 0.496442 0.571009 0.504744 0.557074 0.483397 0.546401 0.458491
0 0.560632 0.576297 0.077087 0.098830 0.546401 0.531626 0.533948 0.546252 0.526239 0.575901 0.526536 0.584203 0.522088 0.605155 0.525646 0.619782 0.549662 0.625712 0.575753 0.622154 0.587316 0.613852 0.599176 0.601597 0.599176 0.591319 0.584944 0.554554 0.565376 0.526882
0 0.668703 0.570367 0.077384 0.112271 0.638312 0.525300 0.630011 0.550206 0.631493 0.572739 0.644539 0.590133 0.661439 0.609108 0.675967 0.626107 0.684565 0.626502 0.691977 0.614643 0.694942 0.597644 0.699686 0.578273 0.707394 0.554949 0.704133 0.532416 0.686937 0.516603 0.659660 0.514231
0 0.793525 0.652198 0.082721 0.074320 0.752164 0.632037 0.756908 0.656546 0.777662 0.683824 0.799899 0.689358 0.812055 0.681452 0.823915 0.677894 0.833106 0.656151 0.834885 0.620572 0.829845 0.615038 0.821543 0.638757 0.810869 0.647059 0.801085 0.647454 0.795155 0.664453 0.786261 0.665244 0.776773 0.654570 0.774994 0.642315 0.760170 0.656151 0.759280 0.630060
0 0.798565 0.601004 0.091615 0.092900 0.752757 0.574320 0.761356 0.597249 0.781813 0.617410 0.796341 0.643106 0.812055 0.647454 0.823618 0.639152 0.831920 0.612271 0.839629 0.591714 0.844373 0.578669 0.842297 0.571157 0.830734 0.566414 0.831031 0.579064 0.816799 0.577483 0.798713 0.561670 0.790412 0.572343 0.778255 0.578273 0.767582 0.563251 0.772919 0.555345 0.766692 0.554554
0 0.851340 0.488140 0.077977 0.100411 0.826880 0.437935 0.814131 0.453748 0.812352 0.486559 0.815020 0.511860 0.813538 0.527277 0.828955 0.538346 0.842297 0.535974 0.859494 0.527277 0.867795 0.526486 0.884399 0.517394 0.890329 0.503163 0.879951 0.490908 0.873725 0.471142 0.854157 0.452562
0 0.901002 0.551787 0.087761 0.097249 0.863348 0.525696 0.861569 0.554159 0.857122 0.581040 0.866016 0.600411 0.884695 0.600411 0.892700 0.593295 0.915827 0.591714 0.936877 0.575506 0.944883 0.550601 0.942214 0.537160 0.916420 0.510674 0.907821 0.509092 0.904560 0.504349 0.898630 0.507511 0.890032 0.503163 0.884399 0.518185
0 0.961190 0.682638 0.073529 0.064832 0.924425 0.655756 0.925018 0.665639 0.941621 0.685800 0.960004 0.700427 0.978089 0.715054 0.993803 0.713077 0.997361 0.700822 0.997954 0.652593 0.993803 0.667615 0.980461 0.662476 0.968305 0.650221 0.943993 0.664848 0.937470 0.658523 0.943400 0.650617
0 0.968102 0.554159 0.060671 0.094086 0.937767 0.520557 0.938360 0.530044 0.960004 0.547834 0.960893 0.558112 0.966526 0.568390 0.952888 0.555740 0.944883 0.555345 0.944586 0.561275 0.978979 0.601202 0.998437 0.601202 0.997658 0.524905 0.978386 0.511860 0.970084 0.507116 0.952888 0.515813