0 0.052573 0.410323 0.087523 0.104950 0.012923 0.362547 0.022909 0.357848 0.034070 0.360981 0.051104 0.371162 0.055216 0.373512 0.068727 0.385260 0.076950 0.394659 0.083999 0.404057 0.095160 0.421288 0.096335 0.433819 0.092810 0.442434 0.082824 0.449483 0.066964 0.450266 0.054629 0.455749 0.043468 0.458882 0.032307 0.462014 0.020559 0.462798 0.012923 0.461231 0.008811 0.404057
0 0.034363 0.563440 0.052279 0.104167 0.029370 0.511357 0.048167 0.517622 0.052867 0.520755 0.060503 0.529370 0.058153 0.567747 0.054629 0.577929 0.049930 0.598293 0.046405 0.607691 0.035832 0.613957 0.027021 0.615523 0.019384 0.615523 0.009398 0.600642 0.008224 0.581062 0.009398 0.562265 0.009398 0.545818 0.011161 0.539552 0.018797 0.530154 0.023496 0.516056
0 0.226445 0.512923 0.073426 0.079887 0.195019 0.472979 0.208529 0.486294 0.214403 0.494909 0.220277 0.504308 0.224977 0.513706 0.234962 0.513706 0.242599 0.510573 0.253759 0.516056 0.261983 0.516839 0.263158 0.527021 0.253172 0.536419 0.246123 0.545818 0.233788 0.551300 0.217928 0.552867 0.207942 0.544251 0.196781 0.523105 0.190320 0.510573 0.189732 0.484727
0 0.251703 0.603383 0.081649 0.107299 0.263158 0.581062 0.270794 0.604558 0.279605 0.610041 0.286654 0.613957 0.292528 0.634320 0.286067 0.643719 0.275493 0.650768 0.255522 0.655467 0.239074 0.656250 0.232025 0.657033 0.220277 0.654684 0.213228 0.643719 0.210879 0.619439 0.215578 0.602992 0.217340 0.584195 0.220865 0.566964 0.229088 0.549734 0.242599 0.549734 0.248473 0.553650 0.257284 0.572447
0 0.368010 0.589677 0.078125 0.120614 0.348332 0.534853 0.335409 0.549734 0.331297 0.554433 0.329535 0.562265 0.328947 0.576363 0.337758 0.601425 0.344807 0.616306 0.350094 0.625705 0.356555 0.634320 0.363604 0.642935 0.373003 0.649984 0.379464 0.646852 0.385338 0.640586 0.395324 0.621006 0.398261 0.610041 0.401198 0.599076 0.405310 0.587328 0.407072 0.574796 0.407072 0.564615 0.405898 0.552867 0.400023 0.545818 0.389450 0.537202 0.379464 0.533286 0.370653 0.530154 0.362430 0.529370 0.354793 0.529370
0 0.485491 0.617090 0.088698 0.100251 0.468163 0.569314 0.480498 0.577146 0.485197 0.579496 0.491659 0.572447 0.495771 0.566964 0.503407 0.568531 0.517505 0.570097 0.525141 0.570097 0.529840 0.580279 0.526316 0.604558 0.524554 0.618656 0.521029 0.635887 0.519854 0.644502 0.515155 0.658600 0.508694 0.667215 0.498708 0.663299 0.481086 0.655467 0.476386 0.652334 0.469337 0.640586 0.458764 0.618656 0.452890 0.610041 0.442904 0.595943 0.442904 0.588894 0.441142 0.581845 0.451128 0.577929 0.455240 0.574796
0 0.512218 0.667215 0.077538 0.098684 0.529253 0.617873 0.538064 0.625705 0.544525 0.638236 0.549812 0.649201 0.550987 0.664865 0.550399 0.681313 0.549812 0.696194 0.542176 0.709508 0.528078 0.716557 0.516917 0.715774 0.504582 0.711858 0.492246 0.701676 0.483435 0.693844 0.474624 0.685229 0.473449 0.671131 0.473449 0.664865 0.482260 0.671914 0.485785 0.682096 0.488722 0.684445 0.493421 0.675830 0.499883 0.666432 0.509868 0.664082 0.519854 0.654684 0.523379 0.646852 0.529253 0.639803
0 0.559504 0.494126 0.076950 0.108083 0.528665 0.440085 0.521029 0.465930 0.521617 0.483161 0.525728 0.501175 0.526903 0.519189 0.532777 0.539552 0.539826 0.547384 0.549812 0.548167 0.562735 0.538769 0.570371 0.530937 0.579182 0.527021 0.587406 0.519189 0.593280 0.510573 0.595042 0.499608 0.597979 0.488643 0.587406 0.501958 0.580357 0.492560 0.574483 0.480811 0.570371 0.472979 0.565085 0.464364 0.555686 0.454966 0.542763 0.450266 0.536889 0.446350
0 0.622357 0.555999 0.074601 0.112782 0.611490 0.499608 0.604441 0.501175 0.593280 0.511357 0.589168 0.534853 0.587406 0.556783 0.588581 0.566964 0.585056 0.580279 0.585056 0.588111 0.585644 0.602209 0.594455 0.612390 0.604441 0.612390 0.615014 0.606908 0.623238 0.603775 0.640860 0.595943 0.650258 0.586544 0.659070 0.572447 0.659657 0.559915 0.659657 0.550517 0.651433 0.534853 0.644384 0.524671 0.637336 0.518405 0.622650 0.507440
0 0.706356 0.550909 0.069901 0.102600 0.721922 0.499608 0.732495 0.501175 0.738369 0.510573 0.740719 0.525454 0.741306 0.538769 0.741306 0.551300 0.735432 0.554433 0.733670 0.569314 0.730733 0.580279 0.730733 0.591244 0.726034 0.602209 0.712523 0.601425 0.702538 0.589677 0.691964 0.578712 0.685503 0.569314 0.681391 0.562265 0.675517 0.548167 0.671405 0.535636 0.674930 0.516056 0.679041 0.511357 0.685503 0.509007 0.694314 0.509007 0.707237 0.516056 0.712523 0.520755 0.717810 0.516839 0.718985 0.506657
0 0.726328 0.697368 0.071076 0.074405 0.711349 0.660949 0.728383 0.672697 0.736020 0.675047 0.740132 0.664865 0.740719 0.660166 0.756579 0.665648 0.761866 0.666432 0.761866 0.693061 0.756579 0.721256 0.754229 0.729872 0.744243 0.734571 0.716048 0.721256 0.704300 0.710291 0.693139 0.693844 0.691377 0.686012 0.690789 0.678963 0.696076 0.671914 0.704887 0.664865
0 0.775082 0.600642 0.080475 0.098684 0.789474 0.551300 0.793586 0.556783 0.801222 0.571664 0.806508 0.584195 0.811208 0.599076 0.811795 0.623355 0.812970 0.635887 0.815320 0.641369 0.811208 0.646852 0.802397 0.649984 0.791236 0.647635 0.774789 0.644502 0.760103 0.640586 0.750705 0.636670 0.740719 0.626488 0.737195 0.617090 0.734845 0.607691 0.742481 0.607691 0.747768 0.604558 0.754817 0.590461 0.757166 0.586544 0.761866 0.584195 0.788299 0.573230 0.785949 0.558349
0 0.786243 0.456532 0.098097 0.117481 0.776551 0.403274 0.784774 0.400141 0.793586 0.397791 0.814145 0.419721 0.822956 0.433819 0.828830 0.445567 0.832942 0.463581 0.835291 0.481595 0.832942 0.502741 0.825893 0.510573 0.810033 0.514489 0.795348 0.515273 0.781250 0.514489 0.768914 0.512140 0.754229 0.500392 0.744243 0.489427 0.737195 0.477679 0.738369 0.451833 0.743656 0.439301 0.753055 0.423637 0.767740 0.407190
0 0.858200 0.492168 0.078712 0.101034 0.862312 0.446350 0.849389 0.441651 0.835291 0.445567 0.831767 0.457315 0.837054 0.473763 0.837641 0.484727 0.834117 0.501958 0.823543 0.509790 0.818844 0.519189 0.825893 0.527804 0.832942 0.532503 0.837054 0.541118 0.852914 0.542685 0.865249 0.533286 0.881109 0.522321 0.895794 0.509790 0.897556 0.501958 0.892270 0.491776 0.888158 0.494126 0.881109 0.495692 0.874060 0.486294 0.872885 0.470630 0.871711 0.456532
0 0.933388 0.533678 0.066964 0.082237 0.904605 0.503524 0.908130 0.503524 0.913416 0.505091 0.921640 0.513706 0.925752 0.518405 0.938675 0.514489 0.946311 0.501175 0.951010 0.495692 0.959821 0.492560 0.966870 0.504308 0.965695 0.513706 0.965695 0.529370 0.960996 0.545034 0.942787 0.565398 0.929276 0.574796 0.916353 0.565398 0.905780 0.543468 0.901668 0.530937 0.899906 0.516056 0.899906 0.509790
0 0.923402 0.699326 0.082237 0.092419 0.891095 0.653117 0.898144 0.656250 0.907542 0.657816 0.909892 0.667215 0.912242 0.682879 0.917528 0.692278 0.931626 0.692278 0.942199 0.681313 0.949836 0.678963 0.956884 0.686012 0.964521 0.693844 0.952773 0.728305 0.936913 0.737704 0.926339 0.743969 0.914004 0.745536 0.895794 0.732221 0.891095 0.722823 0.886983 0.713424 0.884633 0.691494 0.882284 0.675830 0.882871 0.660949