0 0.062046 0.521611 0.105679 0.123617 0.050700 0.467583 0.036437 0.471905 0.020877 0.473634 0.009206 0.488330 0.015041 0.521179 0.035140 0.543655 0.050052 0.560080 0.069502 0.578233 0.085711 0.583420 0.096084 0.577369 0.105809 0.551435 0.109699 0.532417 0.114886 0.503890 0.113589 0.479685 0.109699 0.467583 0.096732 0.459803 0.089601 0.463261 0.077282 0.472770 0.062370 0.472770
0 0.125908 0.605463 0.089471 0.118430 0.123314 0.557486 0.106457 0.570453 0.095436 0.579962 0.085711 0.593793 0.081172 0.608489 0.091546 0.630100 0.106457 0.643067 0.122666 0.656898 0.140820 0.664678 0.151841 0.662950 0.156380 0.655169 0.166753 0.645660 0.170643 0.619727 0.170643 0.587742 0.158973 0.565266 0.149896 0.550571 0.136929 0.546248 0.129798 0.554028
0 0.170319 0.435598 0.088823 0.112379 0.146006 0.379409 0.131094 0.390647 0.125908 0.406207 0.134336 0.428683 0.146655 0.455481 0.155731 0.477956 0.166753 0.490923 0.181017 0.491788 0.193983 0.475363 0.205005 0.456345 0.214730 0.439920 0.211489 0.429547 0.206950 0.418309 0.198522 0.411393 0.189445 0.408800 0.181017 0.417445 0.173237 0.418309 0.169346 0.406207 0.168050 0.398427 0.158325 0.389782
0 0.248444 0.497407 0.084284 0.113243 0.221862 0.440785 0.212137 0.456345 0.208247 0.476228 0.208247 0.498703 0.206302 0.524637 0.207599 0.546248 0.223159 0.554028 0.240664 0.540197 0.259466 0.532417 0.276971 0.518586 0.290586 0.496974 0.288641 0.490059 0.280213 0.499568 0.265949 0.490059 0.258169 0.479685 0.242609 0.467583 0.237422 0.452023
0 0.331107 0.494381 0.070669 0.108921 0.315871 0.446836 0.296421 0.456345 0.295773 0.479685 0.299015 0.496110 0.308740 0.521179 0.330783 0.535875 0.345695 0.548842 0.356068 0.548842 0.359959 0.523772 0.366442 0.490059 0.366442 0.471905 0.358013 0.450294 0.343102 0.439920 0.327541 0.439920
0 0.381354 0.385028 0.093361 0.109786 0.352178 0.340508 0.339860 0.356068 0.334673 0.376815 0.337267 0.398427 0.345695 0.423496 0.358662 0.433005 0.371629 0.436463 0.390430 0.439920 0.409881 0.438192 0.422199 0.434734 0.428034 0.413987 0.422848 0.389782 0.420254 0.368171 0.409881 0.346559 0.397562 0.335322 0.382002 0.330135 0.362552 0.330999
0 0.408908 0.547113 0.078449 0.110650 0.402101 0.504754 0.380705 0.523772 0.369684 0.542790 0.370980 0.566995 0.379409 0.581691 0.396914 0.590335 0.411177 0.593793 0.426738 0.600709 0.441649 0.602438 0.448133 0.584284 0.445539 0.568724 0.445539 0.547113 0.442298 0.517721 0.429331 0.497839 0.416364 0.491788 0.407287 0.491788
0 0.381030 0.652144 0.075856 0.102870 0.346343 0.624914 0.343102 0.646525 0.346343 0.660356 0.359959 0.676781 0.372277 0.684561 0.384595 0.694934 0.398211 0.703579 0.412474 0.694934 0.418957 0.663814 0.416364 0.637016 0.415067 0.620591 0.408584 0.600709 0.402101 0.611947 0.387837 0.610218 0.376167 0.615405 0.371629 0.624914 0.363200 0.630965 0.353475 0.625778
0 0.513615 0.455048 0.060944 0.106328 0.503242 0.401885 0.485088 0.408800 0.483143 0.434734 0.483791 0.464125 0.490923 0.489194 0.499352 0.501297 0.509725 0.508212 0.518802 0.492652 0.533714 0.483143 0.544087 0.469312 0.540197 0.458074 0.533065 0.444243 0.525285 0.431276 0.519450 0.435598 0.503890 0.435598 0.494813 0.429547 0.494165 0.414851
0 0.589471 0.480982 0.071317 0.099412 0.555109 0.458938 0.553812 0.482279 0.560296 0.499568 0.566779 0.519450 0.581043 0.530688 0.595954 0.527230 0.608921 0.523772 0.616053 0.514263 0.623833 0.505619 0.625130 0.476228 0.623185 0.459803 0.618646 0.444243 0.610866 0.431276 0.603734 0.433869 0.594009 0.442514 0.582339 0.451158 0.573262 0.457210
0 0.574235 0.664678 0.068076 0.084716 0.540197 0.637016 0.543439 0.659492 0.546032 0.686290 0.555757 0.695799 0.565482 0.701850 0.572614 0.707037 0.584933 0.705308 0.596603 0.676781 0.607624 0.652576 0.608273 0.626642 0.601789 0.630100 0.589471 0.634423 0.580394 0.626642 0.575207 0.622320 0.560944 0.630965 0.547977 0.631829
0 0.724974 0.431708 0.085581 0.092497 0.686722 0.402749 0.682184 0.415716 0.683480 0.428683 0.686074 0.441649 0.697744 0.454616 0.704876 0.460667 0.719787 0.468447 0.735996 0.477956 0.747018 0.477956 0.757391 0.464125 0.763874 0.430411 0.767765 0.411393 0.767765 0.396698 0.760633 0.385460 0.754149 0.385460 0.752853 0.399291 0.750908 0.408800 0.737293 0.403613 0.724326 0.401020 0.713304 0.404478 0.706821 0.413122 0.699040 0.417445 0.697744 0.406207
0 0.827412 0.514696 0.095954 0.130533 0.782028 0.492652 0.779435 0.510806 0.783973 0.524637 0.793050 0.531553 0.802775 0.541926 0.812500 0.556622 0.826115 0.571317 0.839082 0.579962 0.853345 0.572182 0.860477 0.557486 0.860477 0.542790 0.862422 0.535875 0.870851 0.515128 0.875389 0.493517 0.875389 0.481414 0.867609 0.467583 0.858532 0.456345 0.848159 0.449429 0.841027 0.449429 0.831950 0.459803 0.822225 0.469312 0.811852 0.473634 0.801478 0.476228 0.796940 0.480550
0 0.822873 0.319761 0.086878 0.126210 0.798237 0.300743 0.793698 0.313710 0.788511 0.335322 0.779435 0.325813 0.779435 0.343966 0.791105 0.355204 0.806665 0.358662 0.823522 0.368171 0.836489 0.377680 0.852049 0.382867 0.858532 0.365577 0.861126 0.341373 0.862422 0.321490 0.865016 0.305930 0.866312 0.293828 0.864367 0.277403 0.858532 0.263572 0.847510 0.256656 0.837137 0.261843 0.826763 0.269623 0.812500 0.286912