0 0.380547 0.412500 0.067031 0.077083 0.367344 0.377083 0.379688 0.373958 0.385625 0.375625 0.395781 0.392917 0.411719 0.421042 0.414062 0.428958 0.413750 0.437500 0.410313 0.441667 0.405000 0.443333 0.394531 0.443958 0.389844 0.446875 0.372031 0.451042 0.361719 0.447500 0.362187 0.436667 0.353281 0.422083 0.349844 0.422500 0.349062 0.423958 0.347031 0.417083 0.350781 0.406667
0 0.352422 0.501771 0.064219 0.098125 0.340313 0.455000 0.356563 0.452708 0.361094 0.458750 0.363125 0.469792 0.367344 0.473333 0.373594 0.471875 0.375781 0.467708 0.380625 0.466250 0.384531 0.473958 0.384531 0.503750 0.376563 0.517083 0.370781 0.541042 0.362656 0.550208 0.357187 0.550833 0.349062 0.542083 0.323437 0.510208 0.321719 0.500417 0.320312 0.477917 0.330000 0.464167
0 0.302266 0.618021 0.064531 0.096875 0.287500 0.569583 0.270000 0.590208 0.270625 0.615417 0.272187 0.623542 0.272813 0.649167 0.275469 0.661458 0.285000 0.666458 0.292344 0.663958 0.304688 0.654792 0.312812 0.646042 0.321250 0.641458 0.327969 0.634792 0.334531 0.623333 0.333594 0.609583 0.324531 0.601042 0.318125 0.605625 0.309375 0.603958 0.304063 0.595833 0.304063 0.580833 0.293906 0.571458
0 0.509687 0.482812 0.063438 0.085208 0.497188 0.442083 0.494062 0.445208 0.488438 0.456458 0.481406 0.472292 0.477969 0.484583 0.477969 0.493542 0.479063 0.502083 0.487031 0.509583 0.487344 0.515417 0.491250 0.522917 0.496406 0.525417 0.505312 0.523958 0.512344 0.517292 0.521406 0.509583 0.518437 0.506250 0.521719 0.503333 0.526719 0.501875 0.530625 0.503333 0.534062 0.506042 0.535156 0.497708 0.537656 0.493542 0.541094 0.490208 0.541406 0.478125 0.537344 0.472917 0.525000 0.455208 0.517344 0.445833 0.515625 0.440208
0 0.527031 0.552292 0.067187 0.086667 0.505781 0.525000 0.500469 0.541875 0.496563 0.558333 0.494062 0.571458 0.493438 0.581042 0.495469 0.590417 0.503281 0.595208 0.520000 0.595625 0.547500 0.591042 0.552656 0.585000 0.559219 0.575625 0.560625 0.558333 0.558750 0.545208 0.553906 0.530208 0.548281 0.519375 0.541563 0.512292 0.532500 0.509583 0.524375 0.508958 0.518750 0.512292 0.512813 0.517500
0 0.614766 0.536250 0.060469 0.082500 0.594844 0.503958 0.605781 0.496458 0.611719 0.495000 0.621406 0.495417 0.631406 0.499583 0.638125 0.505625 0.643750 0.519583 0.645000 0.535625 0.642500 0.547292 0.640781 0.561875 0.634375 0.575625 0.625938 0.577500 0.615000 0.576458 0.603437 0.571458 0.595313 0.565208 0.589063 0.555833 0.584531 0.544583 0.585469 0.531458 0.588594 0.518333
0 0.717500 0.526979 0.065625 0.091458 0.685000 0.504167 0.695937 0.489167 0.697813 0.483542 0.715469 0.481667 0.745625 0.481250 0.750312 0.500417 0.750312 0.521458 0.747031 0.549792 0.746406 0.564167 0.739687 0.572500 0.733750 0.572708 0.721250 0.563333 0.719062 0.560417 0.714687 0.559375 0.706094 0.551042 0.694063 0.542292 0.688750 0.531458 0.684688 0.522083
0 0.747734 0.481458 0.060781 0.079583 0.720313 0.453542 0.720469 0.458958 0.717344 0.464583 0.717500 0.475625 0.735469 0.474375 0.744688 0.477917 0.740156 0.481042 0.745625 0.481042 0.750781 0.503333 0.750938 0.521250 0.773438 0.495417 0.777656 0.490417 0.778125 0.471667 0.767188 0.458542 0.756719 0.448542 0.744062 0.443958 0.737344 0.441667 0.727812 0.446042
0 0.796797 0.531042 0.060156 0.078750 0.766719 0.522292 0.770312 0.560417 0.773438 0.567917 0.780469 0.570208 0.791094 0.570417 0.794531 0.566042 0.812500 0.559792 0.823750 0.549792 0.826875 0.542708 0.825937 0.524375 0.823125 0.512292 0.816875 0.503750 0.809375 0.498125 0.802031 0.493958 0.792500 0.491667 0.783438 0.493542 0.775625 0.500833 0.769688 0.506042
0 0.727656 0.610521 0.067187 0.087292 0.694531 0.603750 0.694063 0.595000 0.698906 0.593125 0.701094 0.598125 0.712344 0.584583 0.714063 0.587292 0.719844 0.590833 0.728125 0.587917 0.731094 0.583333 0.730625 0.581042 0.734375 0.572500 0.739687 0.572083 0.745000 0.566875 0.747812 0.566875 0.757656 0.581042 0.761250 0.612917 0.760469 0.627292 0.757344 0.636042 0.748594 0.642917 0.744375 0.644167 0.737656 0.652708 0.728594 0.654167 0.724062 0.649792 0.714687 0.643542 0.713125 0.639167 0.705313 0.629792 0.705625 0.626875 0.695937 0.614792 0.695469 0.607917
0 0.853438 0.536354 0.053125 0.080625 0.831875 0.511667 0.836562 0.514167 0.845000 0.520833 0.848906 0.524167 0.847969 0.526875 0.842344 0.526042 0.829688 0.517292 0.829375 0.520833 0.834531 0.529375 0.835156 0.535417 0.830469 0.535417 0.826875 0.536875 0.826875 0.548542 0.862969 0.576042 0.873125 0.576667 0.878125 0.570417 0.877031 0.561667 0.879531 0.558333 0.876406 0.538750 0.880000 0.525625 0.876094 0.512500 0.870156 0.505000 0.860938 0.497500 0.849062 0.496042 0.844063 0.497917 0.837031 0.501042 0.829688 0.509167
0 0.876953 0.665417 0.069219 0.078750 0.847969 0.642500 0.843437 0.650833 0.842344 0.661667 0.847813 0.673333 0.858437 0.683750 0.898906 0.704792 0.905469 0.704792 0.911094 0.696458 0.911562 0.675208 0.908438 0.667917 0.907656 0.639792 0.903906 0.630833 0.897969 0.626458 0.895000 0.627500 0.895625 0.630208 0.888437 0.628542 0.878594 0.626042 0.868750 0.627500 0.862813 0.631042 0.855312 0.637292
0 0.909141 0.578646 0.068906 0.080625 0.874687 0.583750 0.880937 0.572500 0.891406 0.564583 0.898906 0.551875 0.917188 0.538333 0.922031 0.538333 0.929844 0.548125 0.936406 0.559792 0.939688 0.570417 0.939375 0.586458 0.942500 0.592500 0.943594 0.608125 0.940781 0.616458 0.932656 0.618958 0.924687 0.616667 0.910625 0.610833 0.898906 0.609167 0.888125 0.604375 0.880312 0.599167 0.875781 0.593125
0 0.900469 0.456771 0.076250 0.080208 0.873594 0.445208 0.876719 0.433125 0.882656 0.424167 0.891875 0.418542 0.900625 0.416667 0.907344 0.419375 0.915312 0.424167 0.920937 0.433958 0.930156 0.453125 0.937344 0.468542 0.938594 0.479375 0.937656 0.488958 0.930937 0.492917 0.924687 0.496458 0.913281 0.494583 0.900000 0.496875 0.881719 0.496458 0.872969 0.494167 0.865938 0.487083 0.862344 0.475417 0.863281 0.464583 0.866094 0.457500 0.870313 0.450000
0 0.943359 0.527604 0.064844 0.076875 0.920312 0.496667 0.915781 0.501875 0.913281 0.510625 0.912344 0.520000 0.910937 0.533125 0.919531 0.534167 0.917656 0.538542 0.922344 0.537917 0.930781 0.549167 0.937500 0.561250 0.938281 0.566042 0.947656 0.562292 0.957500 0.554792 0.968281 0.541250 0.975781 0.528958 0.975313 0.513125 0.961562 0.501042 0.953750 0.492917 0.937813 0.489167 0.930937 0.492917 0.924844 0.496667