0 0.056641 0.354063 0.086094 0.081875 0.025938 0.325417 0.018125 0.341667 0.013594 0.362708 0.015625 0.372500 0.019375 0.379167 0.019844 0.383125 0.023125 0.386875 0.025000 0.387083 0.037344 0.395000 0.052812 0.394375 0.067187 0.388750 0.090781 0.384375 0.098125 0.380625 0.099687 0.374167 0.098906 0.361042 0.087656 0.346250 0.077187 0.333750 0.062500 0.320625 0.050781 0.313125 0.036406 0.315000
0 0.037891 0.473333 0.075469 0.083750 0.017344 0.431458 0.019062 0.440208 0.026406 0.455625 0.032188 0.458958 0.038750 0.455000 0.048594 0.444583 0.049844 0.431875 0.074687 0.440000 0.075625 0.450625 0.074687 0.460417 0.064219 0.503125 0.058906 0.510625 0.053281 0.515208 0.049062 0.513958 0.039531 0.506875 0.030469 0.492500 0.017500 0.481667 0.014219 0.481250 0.002656 0.464583 0.000313 0.457500 0.000156 0.443750 0.007812 0.432500
0 0.019844 0.587188 0.037812 0.024792 0.021719 0.574792 0.038750 0.584583 0.023438 0.598125 0.016094 0.599583 0.010000 0.597708 0.000937 0.588750
0 0.197813 0.446667 0.059062 0.052917 0.171406 0.420208 0.168281 0.422500 0.170313 0.438542 0.175156 0.451458 0.181563 0.458750 0.181563 0.464583 0.190938 0.473125 0.203281 0.470833 0.209687 0.468125 0.214375 0.461875 0.220000 0.461250 0.227344 0.450000 0.216094 0.450625 0.210156 0.442292 0.206875 0.440833 0.200625 0.446875 0.192188 0.447500 0.187969 0.436667 0.190938 0.429583 0.179531 0.426875
0 0.216719 0.509271 0.059062 0.080625 0.223750 0.493333 0.226562 0.505833 0.231406 0.517083 0.239844 0.515833 0.244844 0.523750 0.246250 0.539167 0.237500 0.543750 0.218125 0.548125 0.195000 0.549583 0.187188 0.541250 0.188906 0.521458 0.191719 0.518750 0.190469 0.515000 0.190469 0.497500 0.194219 0.485417 0.199063 0.476458 0.204844 0.471875 0.211406 0.468958 0.213438 0.479792
0 0.302031 0.507500 0.064688 0.095000 0.269687 0.488542 0.280938 0.521042 0.285156 0.526042 0.293750 0.547292 0.298594 0.551875 0.302969 0.555000 0.309531 0.551458 0.314219 0.544792 0.322187 0.527083 0.332656 0.498958 0.334375 0.485417 0.328594 0.477500 0.317344 0.466458 0.302969 0.461250 0.289844 0.460000 0.278281 0.466250 0.272344 0.476458
0 0.380781 0.531146 0.062188 0.082292 0.350000 0.507708 0.349688 0.532917 0.367969 0.552708 0.372031 0.553958 0.376094 0.560625 0.387656 0.571458 0.394844 0.572292 0.400156 0.569583 0.405625 0.559375 0.408437 0.538750 0.411875 0.505625 0.411562 0.496458 0.407031 0.490000 0.407031 0.506667 0.392969 0.507708 0.384844 0.502500 0.376719 0.512708 0.368906 0.511875 0.361250 0.500208
0 0.412500 0.574062 0.054063 0.076458 0.385469 0.584583 0.403594 0.606875 0.417187 0.612292 0.421406 0.610417 0.424531 0.604375 0.433125 0.602917 0.439219 0.595625 0.439531 0.579583 0.437500 0.556875 0.431875 0.546667 0.426563 0.537708 0.420625 0.535833 0.413594 0.538125 0.415625 0.543125 0.415625 0.551250 0.411875 0.557292 0.406562 0.557917 0.400469 0.569583 0.394687 0.572500 0.391875 0.572500 0.390469 0.575625 0.387656 0.576667 0.387656 0.581667
0 0.443516 0.448750 0.060781 0.077917 0.420937 0.409792 0.416094 0.418750 0.416719 0.429375 0.413594 0.432708 0.413125 0.440625 0.414687 0.448750 0.421563 0.465625 0.422656 0.473542 0.426563 0.481458 0.433125 0.487500 0.438125 0.487708 0.450000 0.479583 0.452813 0.474167 0.463750 0.468125 0.467656 0.462292 0.471875 0.455000 0.473906 0.447292 0.473750 0.443750 0.468125 0.441250 0.466875 0.444167 0.466719 0.455208 0.457969 0.455833 0.452969 0.447917 0.450469 0.439375 0.451094 0.431458 0.445625 0.430625 0.436094 0.416875 0.428437 0.411875
0 0.491719 0.497708 0.059375 0.082917 0.478906 0.456250 0.472187 0.463750 0.468438 0.472708 0.467812 0.488542 0.462500 0.511875 0.462031 0.528750 0.466250 0.534375 0.475156 0.539167 0.483906 0.535000 0.487031 0.530833 0.498594 0.531667 0.510625 0.525625 0.518437 0.519167 0.521406 0.513542 0.520781 0.505625 0.511719 0.497083 0.501875 0.476875 0.492344 0.471250 0.484219 0.463750
0 0.558516 0.501146 0.054531 0.081042 0.544063 0.465625 0.553750 0.479583 0.561562 0.470833 0.563281 0.461042 0.578281 0.460625 0.585781 0.482917 0.575625 0.520833 0.575937 0.530000 0.574531 0.538125 0.570781 0.541667 0.562969 0.540208 0.545625 0.521250 0.534531 0.505625 0.532031 0.498125 0.531250 0.476458 0.537188 0.468958
0 0.578828 0.608437 0.052344 0.063125 0.552813 0.586875 0.564063 0.579375 0.574062 0.597500 0.579688 0.595208 0.585000 0.587708 0.585313 0.576875 0.592031 0.582500 0.605000 0.584792 0.603750 0.616250 0.602031 0.630625 0.597813 0.637500 0.592187 0.640000 0.586250 0.636875 0.575000 0.626250 0.566406 0.621875 0.552656 0.608333
0 0.610391 0.539687 0.056719 0.084375 0.582031 0.545208 0.593438 0.526458 0.606094 0.526042 0.613438 0.521875 0.614219 0.502500 0.619531 0.497500 0.626875 0.500625 0.632500 0.508125 0.637188 0.522083 0.637031 0.561875 0.638750 0.568125 0.636875 0.579375 0.632188 0.581250 0.623750 0.581875 0.606250 0.570000 0.599844 0.570000 0.592500 0.566875 0.586562 0.561250 0.582656 0.554583
0 0.609922 0.434479 0.070781 0.093125 0.595625 0.472292 0.626094 0.481042 0.636406 0.481042 0.642031 0.476042 0.645156 0.467500 0.645312 0.459167 0.644844 0.442500 0.640313 0.415625 0.636406 0.407083 0.627031 0.393125 0.622031 0.389375 0.613594 0.387917 0.607969 0.390000 0.599844 0.395625 0.592187 0.404167 0.579531 0.421458 0.575313 0.428958 0.574531 0.439375 0.575937 0.450625 0.581562 0.454792 0.589375 0.468958
0 0.689063 0.460938 0.057500 0.079375 0.674531 0.423125 0.669219 0.430417 0.664687 0.449583 0.660625 0.464583 0.660313 0.475000 0.661406 0.482500 0.668438 0.488958 0.669531 0.494583 0.674063 0.500625 0.688906 0.499792 0.699062 0.491875 0.715156 0.478125 0.717812 0.477500 0.715938 0.462708 0.708906 0.462917 0.706094 0.453542 0.703281 0.462708 0.698750 0.467500 0.687812 0.466042 0.685000 0.461875 0.690156 0.439792 0.697344 0.439375 0.692656 0.428125 0.691094 0.421250
0 0.747109 0.491771 0.056719 0.066042 0.718750 0.479375 0.718750 0.502083 0.731094 0.521875 0.736563 0.524583 0.747969 0.524792 0.755000 0.518750 0.759531 0.518125 0.770156 0.498750 0.770156 0.494375 0.774375 0.490833 0.775469 0.478750 0.774687 0.468958 0.772969 0.465208 0.772656 0.458750 0.763750 0.469375 0.746875 0.477708 0.743437 0.481667 0.742656 0.485625 0.737031 0.485833 0.729375 0.481250 0.730938 0.472708
0 0.723906 0.623333 0.052500 0.068333 0.698750 0.591875 0.697656 0.633542 0.699375 0.638750 0.703906 0.642917 0.712344 0.648125 0.717031 0.657500 0.724375 0.657500 0.734844 0.650625 0.745781 0.638125 0.749375 0.628958 0.750156 0.618125 0.743125 0.618958 0.733281 0.605625 0.727187 0.612083 0.721562 0.615000 0.718750 0.615417 0.713594 0.618125 0.706094 0.614375 0.706094 0.604167 0.709688 0.594583 0.703281 0.589167
0 0.864375 0.490208 0.070937 0.045417 0.828906 0.468542 0.831875 0.475000 0.831875 0.490417 0.862500 0.512917 0.877344 0.507917 0.890000 0.496667 0.897500 0.489167 0.899531 0.478333 0.899844 0.470208 0.893906 0.470417 0.894531 0.476875 0.893906 0.486250 0.888594 0.488125 0.872656 0.472083 0.866875 0.471875 0.854844 0.486250 0.846875 0.483542 0.844688 0.467500
0 0.933125 0.563437 0.075000 0.076875 0.895625 0.548125 0.895625 0.555000 0.911094 0.576875 0.915781 0.585833 0.916094 0.589375 0.926875 0.601875 0.936875 0.601875 0.942500 0.596250 0.949375 0.583125 0.961406 0.569583 0.969375 0.551250 0.970625 0.536875 0.966719 0.531250 0.967344 0.525000 0.951562 0.527500 0.939219 0.542708 0.933281 0.542917 0.920937 0.535833 0.913906 0.542292
0 0.955859 0.415104 0.082344 0.081458 0.915000 0.401250 0.914687 0.410417 0.920156 0.423542 0.924375 0.428125 0.933906 0.434375 0.944844 0.445000 0.957500 0.454375 0.965469 0.455833 0.973281 0.453750 0.977812 0.447083 0.977187 0.441458 0.986563 0.420000 0.997031 0.401667 0.993906 0.374375 0.967031 0.385625 0.963750 0.405625 0.941250 0.403125 0.937656 0.426042 0.931719 0.426875 0.920625 0.406250