0 0.099650 0.413987 0.091416 0.091632 0.090249 0.368171 0.105809 0.376815 0.119424 0.387189 0.131094 0.405342 0.140820 0.419174 0.145358 0.432140 0.145358 0.440785 0.133039 0.447701 0.116183 0.453752 0.102567 0.458938 0.078579 0.459803 0.064964 0.452887 0.053942 0.438192 0.053942 0.423496 0.056535 0.407936 0.063667 0.393240 0.079876 0.377680
0 0.059777 0.548842 0.090768 0.108921 0.041623 0.494381 0.029305 0.494381 0.020877 0.509077 0.014393 0.523772 0.022822 0.545384 0.031250 0.565266 0.042920 0.582555 0.050700 0.594658 0.059129 0.603302 0.066260 0.602438 0.075337 0.597251 0.082469 0.583420 0.085062 0.573911 0.091546 0.557486 0.099974 0.543655 0.101919 0.536739 0.105161 0.525501 0.103864 0.517721 0.098029 0.511670 0.089601 0.505619 0.079227 0.500432 0.074040 0.512535 0.061074 0.520315 0.051349 0.520315 0.046162 0.512535
0 0.028008 0.699689 0.051867 0.051003 0.053942 0.674187 0.050700 0.688019 0.042272 0.698392 0.031250 0.707037 0.024118 0.713088 0.009206 0.722597 0.003371 0.725190 0.002075 0.707037 0.004668 0.691476 0.008558 0.684561 0.026063 0.689748 0.032547 0.694070 0.039678 0.682832 0.041623 0.675916
0 0.256872 0.509941 0.070021 0.095090 0.230290 0.462396 0.221862 0.483143 0.221862 0.503890 0.226400 0.531553 0.236774 0.551435 0.244554 0.557486 0.255576 0.554893 0.260762 0.548842 0.264004 0.547113 0.272433 0.542790 0.276971 0.534146 0.284751 0.526366 0.291883 0.512535 0.282806 0.509941 0.269191 0.509941 0.258169 0.503026 0.250389 0.500432 0.243906 0.484872 0.237422 0.476228
0 0.266922 0.606328 0.078449 0.102870 0.265949 0.556622 0.248444 0.564402 0.243906 0.580826 0.241312 0.602438 0.232884 0.628371 0.227697 0.646525 0.236774 0.656034 0.246499 0.657763 0.263356 0.656898 0.276971 0.653441 0.295773 0.643067 0.305498 0.628371 0.306146 0.622320 0.297718 0.604167 0.292531 0.591200 0.286696 0.580826 0.279564 0.562673 0.272433 0.554893
0 0.379733 0.591200 0.073262 0.110650 0.369035 0.535875 0.359959 0.539333 0.349585 0.547977 0.343102 0.561808 0.343102 0.579098 0.343750 0.595522 0.352178 0.617133 0.360607 0.630100 0.371629 0.643932 0.385244 0.646525 0.393672 0.633558 0.404694 0.613676 0.412474 0.586878 0.416364 0.566131 0.405991 0.552299 0.393024 0.541062 0.382650 0.539333
0 0.484116 0.606760 0.081043 0.107192 0.448133 0.561808 0.444243 0.574775 0.443594 0.591200 0.452671 0.608489 0.461748 0.620591 0.470825 0.630965 0.483143 0.643932 0.493517 0.656898 0.509077 0.660356 0.516209 0.647389 0.518154 0.633558 0.520099 0.617133 0.522044 0.597251 0.523340 0.581691 0.524637 0.561808 0.516857 0.554893 0.499352 0.554028 0.493517 0.553164 0.487033 0.559215 0.475363 0.560080 0.469528 0.555757 0.461100 0.559215
0 0.514588 0.683264 0.081043 0.109786 0.474066 0.679374 0.475363 0.700121 0.482495 0.707901 0.493517 0.719139 0.508428 0.731241 0.514912 0.738157 0.526582 0.736428 0.535659 0.728648 0.547329 0.720003 0.553812 0.704443 0.555109 0.682832 0.550571 0.664678 0.544087 0.648254 0.536955 0.639609 0.525934 0.628371 0.527879 0.638745 0.524637 0.644796 0.514912 0.651712 0.510373 0.658627 0.503890 0.662085 0.497407 0.665543 0.491572 0.674187 0.488330 0.681103 0.482495 0.686290
0 0.560620 0.517289 0.070669 0.108057 0.539549 0.463261 0.528527 0.472770 0.527230 0.481414 0.525934 0.502161 0.525285 0.516857 0.528527 0.529824 0.531769 0.541926 0.532417 0.551435 0.541494 0.571317 0.553812 0.571317 0.564834 0.559215 0.575207 0.545384 0.584933 0.530688 0.592713 0.520315 0.595954 0.512535 0.595954 0.506483 0.589471 0.513399 0.575856 0.500432 0.572614 0.488330 0.569372 0.483143 0.556406 0.471041 0.546032 0.466719
0 0.622212 0.582555 0.077152 0.105463 0.615405 0.529824 0.598548 0.529824 0.592064 0.541062 0.588174 0.563537 0.583636 0.579962 0.584284 0.594658 0.584284 0.615405 0.590119 0.628371 0.597899 0.635287 0.608273 0.634423 0.617350 0.625778 0.627075 0.621456 0.653657 0.605031 0.660788 0.576504 0.653657 0.561808 0.641987 0.548842 0.629668 0.536739
0 0.703579 0.582988 0.070021 0.109786 0.686074 0.539333 0.675700 0.548842 0.668568 0.558351 0.673107 0.577369 0.678942 0.593793 0.693205 0.610218 0.700985 0.621456 0.715249 0.637016 0.724974 0.637880 0.729512 0.628371 0.730809 0.610218 0.728864 0.596387 0.734051 0.580826 0.737293 0.569589 0.738589 0.554893 0.730809 0.544519 0.719787 0.532417 0.713304 0.528095 0.703579 0.541062 0.695150 0.536739
0 0.777165 0.638313 0.081043 0.109786 0.780083 0.583420 0.782676 0.598980 0.780083 0.605031 0.764523 0.610218 0.754798 0.617998 0.748963 0.627507 0.744424 0.636151 0.737941 0.637016 0.736644 0.653441 0.744424 0.667272 0.752853 0.674187 0.763874 0.677645 0.774896 0.681967 0.783325 0.688883 0.791753 0.693205 0.800182 0.693205 0.812500 0.690612 0.817687 0.676781 0.815742 0.659492 0.813797 0.650847 0.813148 0.632694 0.811203 0.616269 0.802127 0.600709 0.793050 0.592929
0 0.731457 0.740318 0.075207 0.092497 0.694502 0.703579 0.693854 0.721732 0.697095 0.736428 0.706172 0.751124 0.717194 0.762362 0.729512 0.771871 0.734699 0.776193 0.746369 0.784837 0.753501 0.786566 0.759984 0.783109 0.763874 0.771871 0.765171 0.755446 0.766468 0.739021 0.769061 0.721732 0.767116 0.704443 0.760633 0.695799 0.745073 0.694070 0.741831 0.711359 0.740534 0.720003 0.719139 0.709630 0.712656 0.704443
0 0.857235 0.549706 0.076504 0.093361 0.860477 0.503026 0.836489 0.503026 0.827412 0.504754 0.825467 0.519450 0.822873 0.531553 0.818983 0.547113 0.818983 0.565266 0.821577 0.577369 0.828709 0.584284 0.834544 0.589471 0.839082 0.595522 0.848159 0.596387 0.859829 0.591200 0.874092 0.581691 0.879927 0.574775 0.892246 0.560944 0.895488 0.552299 0.886411 0.540197 0.881224 0.535875 0.870202 0.531553 0.865664 0.522044
0 0.775869 0.483575 0.094009 0.108057 0.759984 0.431276 0.748314 0.445972 0.738589 0.460667 0.728864 0.484872 0.734051 0.516857 0.742479 0.528095 0.757391 0.531553 0.770358 0.532417 0.795643 0.535010 0.808610 0.537604 0.821577 0.533281 0.822873 0.517721 0.822225 0.500432 0.817687 0.476228 0.813148 0.458074 0.807962 0.451158 0.798885 0.441649 0.786566 0.430411 0.773600 0.429547
0 0.937954 0.578665 0.077152 0.095954 0.966805 0.530688 0.976530 0.554028 0.970047 0.579098 0.964860 0.596387 0.955783 0.613676 0.945410 0.621456 0.933091 0.626642 0.923366 0.617998 0.911696 0.603302 0.903268 0.586878 0.901323 0.576504 0.899378 0.566995 0.901971 0.554893 0.909103 0.554028 0.922718 0.562673 0.929850 0.563537 0.936981 0.561808 0.945410 0.554893 0.954487 0.547113 0.960970 0.536739
0 0.936333 0.751124 0.084284 0.105463 0.922070 0.711359 0.922718 0.726055 0.925960 0.739021 0.944761 0.733835 0.957080 0.726919 0.960970 0.722597 0.970695 0.731241 0.976530 0.739021 0.978475 0.749395 0.972640 0.767548 0.967453 0.782244 0.962915 0.793482 0.953190 0.802127 0.942168 0.803855 0.935685 0.802991 0.925960 0.800398 0.920773 0.796940 0.911048 0.790889 0.905213 0.784837 0.901323 0.778786 0.896784 0.764091 0.894191 0.751988 0.894191 0.739886 0.894191 0.727784 0.896784 0.716546 0.899378 0.707901 0.901971 0.698392