0 0.055339 0.361979 0.077344 0.084375 0.029167 0.319792 0.022396 0.324306 0.017448 0.339583 0.016667 0.355208 0.018750 0.367708 0.021615 0.384028 0.025260 0.399306 0.027083 0.404167 0.035677 0.402083 0.041927 0.397222 0.049479 0.393750 0.053646 0.388542 0.054427 0.382292 0.065625 0.394444 0.072396 0.396181 0.077604 0.389236 0.089323 0.383681 0.094010 0.373611 0.093490 0.364583 0.089844 0.352778 0.074740 0.346528 0.060937 0.348611 0.054948 0.342361 0.051042 0.337847 0.041406 0.337500 0.034115 0.326042
0 0.047005 0.446007 0.091406 0.097569 0.054688 0.401389 0.043229 0.397222 0.034375 0.402083 0.026823 0.404861 0.022396 0.414236 0.017969 0.427083 0.014583 0.435764 0.008594 0.448264 0.004427 0.460417 0.001302 0.465972 0.003906 0.484028 0.013802 0.494792 0.024479 0.492708 0.040885 0.491667 0.055990 0.488194 0.068229 0.489583 0.082812 0.486806 0.091146 0.478819 0.092708 0.464236 0.089844 0.457639 0.079167 0.462153 0.075260 0.455903 0.074479 0.437847 0.072917 0.426042 0.063802 0.421875 0.058594 0.405903
0 0.158724 0.417882 0.083073 0.100347 0.167448 0.371181 0.148958 0.367708 0.135677 0.370486 0.123958 0.380903 0.117188 0.391319 0.117188 0.410764 0.120052 0.428125 0.123698 0.445486 0.132031 0.459375 0.141667 0.465278 0.156510 0.468056 0.169271 0.468056 0.180208 0.456944 0.189583 0.443403 0.198958 0.431944 0.200260 0.411111 0.195052 0.401389 0.188281 0.386458 0.180990 0.377778
0 0.235156 0.390104 0.089063 0.121875 0.231250 0.329167 0.214844 0.329167 0.205729 0.335069 0.196094 0.350347 0.191667 0.358681 0.190625 0.374653 0.197135 0.389583 0.207813 0.405903 0.218229 0.423958 0.229948 0.437500 0.238021 0.448264 0.249479 0.451042 0.255990 0.449306 0.262500 0.434722 0.267969 0.418750 0.274740 0.401736 0.279427 0.384028 0.279687 0.369444 0.275260 0.352083 0.268490 0.342014 0.260417 0.335069 0.247396 0.329861
0 0.271354 0.500347 0.082292 0.118056 0.265625 0.446875 0.252344 0.456250 0.238542 0.468403 0.231250 0.478125 0.230208 0.490625 0.236198 0.507986 0.244010 0.525694 0.254948 0.538889 0.261458 0.549306 0.270833 0.557292 0.283854 0.559375 0.293750 0.549306 0.303125 0.538194 0.312500 0.525347 0.311198 0.496528 0.310156 0.477431 0.306510 0.461458 0.298958 0.448611 0.288281 0.441319 0.277604 0.441319
0 0.331120 0.352604 0.076302 0.115625 0.340625 0.319444 0.334115 0.309028 0.329167 0.300347 0.319271 0.294792 0.308594 0.295486 0.304167 0.301389 0.297135 0.312153 0.292969 0.323264 0.294531 0.342708 0.299479 0.356597 0.304688 0.373958 0.307552 0.394097 0.312500 0.403819 0.322656 0.410417 0.331510 0.406597 0.340625 0.395833 0.348438 0.383681 0.357031 0.370139 0.366927 0.351042 0.369271 0.335764 0.365365 0.321528 0.354167 0.313194 0.346094 0.314583
0 0.389974 0.403646 0.081510 0.102431 0.387240 0.353472 0.374479 0.352431 0.368229 0.357292 0.363542 0.364931 0.359375 0.373611 0.359115 0.385764 0.358073 0.396875 0.357031 0.404861 0.352604 0.413889 0.350260 0.425347 0.349219 0.436458 0.350781 0.446528 0.358594 0.453819 0.368490 0.454861 0.381250 0.450347 0.402344 0.447569 0.411979 0.441667 0.420573 0.428819 0.427083 0.414931 0.428906 0.404861 0.430729 0.393056 0.423438 0.385069 0.416667 0.379514 0.408594 0.367708 0.402083 0.358681
0 0.470964 0.406424 0.068490 0.106597 0.449479 0.362500 0.440625 0.370486 0.436719 0.386458 0.437760 0.402083 0.440885 0.417708 0.446615 0.425347 0.455208 0.432639 0.466406 0.444444 0.477865 0.454167 0.490625 0.459722 0.494271 0.453125 0.496094 0.431250 0.497396 0.416667 0.502604 0.408333 0.505208 0.396875 0.503385 0.383681 0.498698 0.370486 0.490104 0.362153 0.474740 0.353125 0.467187 0.353819 0.456510 0.355556
0 0.524609 0.300000 0.087240 0.110417 0.493490 0.266319 0.482031 0.288194 0.480990 0.302778 0.483854 0.326389 0.497135 0.342708 0.511458 0.352778 0.528646 0.355208 0.548438 0.347569 0.562760 0.336806 0.568229 0.326042 0.565104 0.299306 0.558333 0.278472 0.551562 0.264583 0.539844 0.253125 0.526563 0.245139 0.517188 0.244792 0.507031 0.246875 0.499740 0.253819
0 0.541276 0.455729 0.079948 0.109375 0.522656 0.420486 0.514844 0.431597 0.509375 0.441319 0.504427 0.453125 0.501302 0.465972 0.504687 0.479861 0.511719 0.490625 0.521094 0.497222 0.531250 0.502083 0.539844 0.501042 0.548438 0.504167 0.558854 0.509028 0.568490 0.510417 0.578385 0.507292 0.580469 0.496181 0.581250 0.481597 0.577604 0.472569 0.575521 0.447917 0.574219 0.434722 0.567448 0.422917 0.559115 0.411806 0.551562 0.404861 0.542188 0.401042 0.535677 0.405208 0.524740 0.414931
0 0.507422 0.572222 0.075260 0.110417 0.504948 0.527778 0.498177 0.530556 0.492188 0.528472 0.486979 0.529167 0.477344 0.535417 0.471875 0.544792 0.469792 0.556597 0.470313 0.566667 0.471615 0.577431 0.478906 0.587153 0.485677 0.598611 0.492188 0.604861 0.506771 0.610069 0.514583 0.619444 0.524479 0.625000 0.532813 0.627431 0.540625 0.620486 0.543490 0.603819 0.545052 0.583681 0.543750 0.557639 0.541406 0.535764 0.536458 0.526736 0.522135 0.518403 0.511458 0.517014 0.505990 0.520139
0 0.636719 0.397743 0.061458 0.097569 0.648438 0.355903 0.639323 0.357292 0.633333 0.353125 0.625781 0.348958 0.620313 0.348958 0.611198 0.359375 0.609375 0.371181 0.606771 0.389931 0.605990 0.407639 0.606250 0.417708 0.607812 0.431944 0.608594 0.443056 0.614062 0.443403 0.619792 0.442014 0.629687 0.446528 0.635417 0.443750 0.645833 0.435069 0.656510 0.420486 0.661719 0.409375 0.664583 0.398611 0.667188 0.388542 0.667448 0.378819 0.661719 0.377778 0.657552 0.367361
0 0.711068 0.414931 0.071615 0.100694 0.684635 0.388889 0.678125 0.395486 0.675260 0.409028 0.678385 0.422917 0.685156 0.439931 0.694271 0.453472 0.703646 0.461806 0.711458 0.465278 0.722135 0.463194 0.739844 0.459722 0.743750 0.452083 0.746354 0.438889 0.746875 0.421528 0.746875 0.401389 0.745833 0.386806 0.741146 0.373264 0.734115 0.366667 0.728646 0.364583 0.715365 0.367014 0.707812 0.375000 0.701042 0.380556 0.692448 0.384722
0 0.708073 0.567535 0.078125 0.105208 0.712240 0.514931 0.703385 0.518056 0.691927 0.520139 0.683073 0.522917 0.678646 0.520833 0.675000 0.520139 0.671354 0.525694 0.670052 0.534028 0.669010 0.545486 0.672656 0.555208 0.673177 0.567708 0.675000 0.577083 0.677604 0.588194 0.678125 0.600000 0.682292 0.611806 0.687760 0.619097 0.698698 0.619444 0.702083 0.615972 0.707292 0.620139 0.716667 0.619097 0.731771 0.597222 0.739583 0.577431 0.747135 0.554167 0.744792 0.539583 0.741667 0.528472 0.733594 0.518750 0.726823 0.516319
0 0.847396 0.343750 0.091667 0.103472 0.847396 0.296181 0.834896 0.307292 0.825781 0.313889 0.816667 0.311111 0.809115 0.313542 0.801562 0.323611 0.802083 0.336806 0.807552 0.348958 0.815365 0.363542 0.829948 0.372917 0.836979 0.378472 0.846875 0.388542 0.860417 0.395486 0.873958 0.392708 0.881510 0.381597 0.885417 0.356597 0.888021 0.330208 0.893229 0.312847 0.889844 0.297917 0.885156 0.292014 0.863021 0.296528
0 0.930990 0.237674 0.092708 0.118403 0.910937 0.206250 0.909115 0.212153 0.911719 0.236806 0.910417 0.248264 0.902344 0.251389 0.889583 0.245486 0.884635 0.257292 0.894010 0.272917 0.905729 0.281597 0.924740 0.282639 0.935156 0.285764 0.952083 0.296875 0.963542 0.295486 0.974740 0.288889 0.975260 0.274306 0.977344 0.251389 0.975521 0.236806 0.975521 0.220833 0.977344 0.207292 0.968490 0.190972 0.959635 0.180556 0.950000 0.178472 0.940885 0.179861 0.933333 0.189236 0.916927 0.196528
0 0.953906 0.399653 0.089063 0.125694 0.998437 0.345139 0.990885 0.339583 0.978125 0.336806 0.962240 0.337500 0.946875 0.345139 0.941667 0.355208 0.926823 0.364931 0.917969 0.372917 0.912500 0.383681 0.909375 0.394792 0.912500 0.415278 0.923177 0.425347 0.939323 0.437847 0.952865 0.446528 0.967448 0.457639 0.980990 0.462500 0.993750 0.460764 0.998437 0.451538 0.998437 0.345486 0.998437 0.344097