0 0.124566 0.368056 0.098958 0.125000 0.101997 0.305556 0.092448 0.309028 0.080295 0.317130 0.075955 0.329861 0.075087 0.341435 0.077691 0.356481 0.081163 0.373843 0.090712 0.388889 0.101128 0.412037 0.111545 0.423611 0.121962 0.430556 0.137587 0.422454 0.153212 0.410880 0.161024 0.399306 0.168837 0.383102 0.168837 0.373843 0.162760 0.354167 0.174045 0.354167 0.172309 0.346065 0.161892 0.339120 0.158420 0.346065 0.148872 0.344907 0.141927 0.339120 0.133247 0.344907 0.127170 0.348380 0.120226 0.344907 0.118490 0.329861 0.115885 0.321759 0.108073 0.315972
0 0.205295 0.439236 0.095486 0.109954 0.189670 0.384259 0.175781 0.384259 0.168837 0.400463 0.162760 0.414352 0.162760 0.431713 0.162760 0.440972 0.162760 0.451389 0.161024 0.461806 0.157552 0.475694 0.161024 0.482639 0.166233 0.490741 0.179253 0.494213 0.199219 0.487269 0.217448 0.479167 0.233073 0.472222 0.240017 0.462963 0.244358 0.454861 0.253038 0.437500 0.241753 0.438657 0.222656 0.430556 0.212240 0.417824 0.200955 0.408565 0.196615 0.391204
0 0.074653 0.554398 0.106771 0.120370 0.082899 0.494213 0.101128 0.497685 0.111545 0.515046 0.122830 0.539352 0.128038 0.567130 0.128038 0.581019 0.120226 0.597222 0.113281 0.603009 0.102865 0.614583 0.088108 0.614583 0.074219 0.606481 0.054253 0.592593 0.034288 0.578704 0.021267 0.562500 0.021267 0.538194 0.029948 0.533565 0.042969 0.520833 0.051649 0.509259 0.066406 0.500000
0 0.296441 0.433449 0.081597 0.116898 0.275608 0.386574 0.258247 0.393519 0.255642 0.408565 0.255642 0.430556 0.263455 0.446759 0.273872 0.462963 0.285156 0.476852 0.301649 0.486111 0.316406 0.491898 0.324219 0.487269 0.328559 0.471065 0.331163 0.452546 0.335503 0.435185 0.337240 0.423611 0.335503 0.410880 0.331163 0.400463 0.325087 0.395833 0.309462 0.377315 0.296441 0.375000 0.284288 0.379630
0 0.349392 0.318866 0.102431 0.126157 0.322483 0.263889 0.312934 0.276620 0.302517 0.293981 0.298177 0.311343 0.299045 0.328704 0.308594 0.343750 0.317274 0.362269 0.325087 0.371528 0.335503 0.375000 0.350260 0.379630 0.369358 0.380787 0.382378 0.381944 0.389323 0.372685 0.400608 0.356481 0.399740 0.336806 0.396267 0.313657 0.391059 0.291667 0.384983 0.285880 0.371094 0.267361 0.358073 0.256944 0.346788 0.255787 0.332899 0.256944
0 0.380208 0.490741 0.080729 0.111111 0.368490 0.445602 0.354601 0.461806 0.344184 0.476852 0.339844 0.498843 0.340712 0.513889 0.353733 0.531250 0.375434 0.537037 0.391059 0.540509 0.405816 0.546296 0.420573 0.542824 0.420573 0.512731 0.417969 0.487269 0.412760 0.454861 0.400608 0.445602 0.381510 0.435185
0 0.350694 0.602431 0.075521 0.105324 0.317274 0.577546 0.312934 0.593750 0.315538 0.608796 0.335503 0.629630 0.352865 0.643519 0.372830 0.655093 0.384983 0.645833 0.387587 0.625000 0.388455 0.597222 0.385851 0.575231 0.383247 0.560185 0.374566 0.549769 0.367622 0.560185 0.348524 0.561343 0.340712 0.565972 0.335503 0.576389
0 0.488281 0.398148 0.067708 0.108796 0.472656 0.343750 0.454427 0.355324 0.457899 0.391204 0.458767 0.417824 0.467448 0.436343 0.483073 0.452546 0.506510 0.427083 0.522135 0.409722 0.516927 0.393519 0.508247 0.378472 0.499566 0.366898 0.485677 0.378472 0.471788 0.366898
0 0.565972 0.422454 0.073785 0.104167 0.555990 0.386574 0.539497 0.386574 0.529948 0.401620 0.529080 0.425926 0.541233 0.454861 0.558594 0.474537 0.578559 0.472222 0.588108 0.468750 0.602865 0.440972 0.602865 0.407407 0.600260 0.381944 0.588976 0.370370 0.571615 0.381944
0 0.553385 0.614005 0.071181 0.082176 0.518663 0.582176 0.517795 0.601852 0.522135 0.621528 0.526476 0.640046 0.543837 0.649306 0.554253 0.655093 0.569010 0.641204 0.580295 0.614583 0.588976 0.583333 0.582031 0.576389 0.574219 0.584491 0.554253 0.572917 0.531684 0.581019
0 0.706163 0.375000 0.085069 0.097222 0.666233 0.344907 0.663628 0.363426 0.665365 0.383102 0.688802 0.407407 0.710503 0.414352 0.720920 0.423611 0.733073 0.407407 0.746962 0.376157 0.748698 0.349537 0.746962 0.328704 0.736545 0.326389 0.736545 0.342593 0.727865 0.344907 0.713108 0.337963 0.703559 0.335648 0.680122 0.355324
0 0.803819 0.256944 0.091146 0.125000 0.758247 0.268519 0.759983 0.280093 0.773872 0.290509 0.792101 0.298611 0.818142 0.312500 0.835503 0.319444 0.843316 0.278935 0.848524 0.245370 0.849392 0.218750 0.840712 0.200231 0.832031 0.194444 0.821615 0.200231 0.804253 0.217593 0.785156 0.229167 0.779080 0.254630 0.777344 0.273148 0.768663 0.281250
0 0.808160 0.460069 0.094618 0.130787 0.790365 0.418981 0.763455 0.429398 0.760851 0.440972 0.760851 0.462963 0.773872 0.476852 0.789497 0.493056 0.807726 0.517361 0.824219 0.525463 0.836372 0.497685 0.841580 0.482639 0.855469 0.452546 0.855469 0.423611 0.844184 0.407407 0.832031 0.394676 0.820747 0.394676 0.810330 0.406250