0 0.129338 0.331427 0.102031 0.099238 0.101489 0.287723 0.092123 0.296267 0.084237 0.306782 0.078815 0.324527 0.078322 0.336356 0.078322 0.356073 0.086209 0.368559 0.092616 0.375131 0.105925 0.380389 0.118740 0.381046 0.130570 0.375131 0.140921 0.375789 0.157679 0.371845 0.170002 0.367902 0.179367 0.365273 0.180353 0.354758 0.176410 0.338328 0.171481 0.328470 0.164087 0.319926 0.153736 0.309411 0.148314 0.302839 0.136978 0.291009 0.128105 0.285752 0.116769 0.281809 0.106418 0.284437
0 0.090891 0.476669 0.093159 0.116325 0.070436 0.418507 0.057620 0.418507 0.048255 0.426393 0.044312 0.439537 0.045298 0.458596 0.048255 0.468454 0.056634 0.482256 0.063535 0.494085 0.071914 0.504600 0.079801 0.515773 0.088180 0.528260 0.096067 0.534832 0.107896 0.531546 0.122190 0.512487 0.129091 0.496057 0.131063 0.480284 0.135499 0.461882 0.137470 0.444138 0.136978 0.438223 0.125148 0.425736 0.113811 0.421793 0.102474 0.432308 0.094095 0.442166 0.086209 0.446109 0.079308 0.438223 0.076351 0.425736
0 0.039876 0.626183 0.077879 0.077550 0.000937 0.587408 0.003401 0.610410 0.000937 0.616982 0.004387 0.632098 0.008330 0.640641 0.016216 0.656414 0.020653 0.664301 0.031496 0.664958 0.044312 0.659700 0.058606 0.650499 0.066493 0.645242 0.074379 0.637355 0.078815 0.632098 0.048748 0.612382 0.035933 0.618297 0.027060 0.624211 0.014738 0.629469 0.011287 0.624869 0.014738 0.609096 0.015231 0.603181 0.020653 0.595294 0.023610 0.590694 0.009809 0.588722 0.005866 0.587408
0 0.304564 0.430665 0.075907 0.097923 0.276962 0.381703 0.272033 0.392876 0.268582 0.405363 0.268582 0.418507 0.266611 0.440852 0.269568 0.450710 0.275976 0.463854 0.282384 0.475026 0.289777 0.479627 0.303086 0.478312 0.306536 0.474369 0.309986 0.467797 0.315901 0.462539 0.320337 0.462539 0.329702 0.456625 0.339560 0.443481 0.342518 0.435594 0.335617 0.432965 0.329209 0.429022 0.325759 0.425736 0.317380 0.421793 0.309000 0.421793 0.304564 0.415221 0.300128 0.404048 0.296185 0.398134 0.289777 0.390247 0.282384 0.384332
0 0.322062 0.525960 0.081329 0.111067 0.311958 0.470426 0.308015 0.475683 0.299635 0.487513 0.294706 0.501972 0.290763 0.517087 0.285834 0.535489 0.283862 0.545347 0.281398 0.559148 0.283369 0.572292 0.288791 0.580179 0.297171 0.581493 0.309493 0.579522 0.324773 0.576236 0.332167 0.575578 0.346461 0.572950 0.357305 0.567692 0.361741 0.555205 0.362727 0.541404 0.356812 0.531546 0.353362 0.517744 0.349911 0.505258 0.345475 0.494085 0.340053 0.486199 0.334631 0.478970 0.326252 0.471083
0 0.436662 0.510515 0.072950 0.114353 0.415467 0.457939 0.411031 0.463197 0.404131 0.476998 0.400187 0.490142 0.400680 0.502629 0.404623 0.521030 0.407581 0.532203 0.416946 0.542718 0.423354 0.547976 0.430747 0.557834 0.437648 0.564406 0.444056 0.567692 0.450463 0.561120 0.455392 0.553891 0.460814 0.540747 0.468208 0.521688 0.471658 0.509858 0.473137 0.487513 0.471165 0.476341 0.465250 0.467140 0.457857 0.459911 0.446520 0.454653 0.438141 0.453339 0.425325 0.453339 0.419903 0.454653
0 0.561366 0.519387 0.085765 0.104495 0.520948 0.473712 0.520455 0.481598 0.518484 0.495400 0.518484 0.505258 0.521934 0.518402 0.534750 0.530889 0.544608 0.542061 0.550522 0.546661 0.558902 0.555862 0.566295 0.564406 0.573196 0.570321 0.581082 0.571635 0.587983 0.565063 0.591926 0.550605 0.595869 0.536146 0.597348 0.523002 0.597348 0.510515 0.599813 0.498028 0.604249 0.482913 0.603756 0.471083 0.596855 0.467797 0.586504 0.467797 0.577632 0.467140 0.571224 0.467140 0.567281 0.469769 0.554959 0.470426 0.546579 0.467797 0.539186 0.468454 0.527356 0.473712
0 0.578864 0.602852 0.084286 0.099238 0.536721 0.595952 0.538693 0.603838 0.541650 0.611725 0.549537 0.620268 0.554466 0.628155 0.562352 0.637355 0.571717 0.647213 0.578618 0.651814 0.586997 0.652471 0.593898 0.647871 0.598334 0.639984 0.601291 0.637355 0.609671 0.634069 0.618543 0.616325 0.621007 0.596609 0.620022 0.584779 0.616078 0.570978 0.612135 0.560463 0.606713 0.553233 0.597841 0.555862 0.591433 0.567035 0.587490 0.569006 0.584533 0.570978 0.578125 0.574921 0.573689 0.580179 0.571224 0.588065 0.566788 0.597266 0.561366 0.600552 0.556930 0.598580 0.552001 0.586094
0 0.625197 0.427050 0.074428 0.111725 0.604742 0.371188 0.596855 0.376446 0.591926 0.383018 0.587983 0.398134 0.589955 0.429022 0.592419 0.443481 0.593405 0.452024 0.599813 0.455310 0.606220 0.459253 0.608192 0.465825 0.606713 0.473712 0.606713 0.479627 0.610657 0.482913 0.624458 0.477655 0.628401 0.468454 0.632837 0.459253 0.640724 0.451367 0.650582 0.444138 0.656004 0.439537 0.659454 0.430336 0.662411 0.418507 0.656989 0.414564 0.648610 0.407334 0.643681 0.397476 0.639245 0.390904 0.630373 0.387618 0.622486 0.381046 0.617557 0.375131 0.612135 0.373817
0 0.685085 0.493099 0.078864 0.105810 0.673748 0.440195 0.665369 0.443481 0.658961 0.447424 0.654525 0.453339 0.650582 0.475026 0.647131 0.499343 0.645653 0.517087 0.646638 0.527603 0.647131 0.534175 0.653046 0.542718 0.659947 0.546004 0.668326 0.546004 0.674241 0.541404 0.679663 0.536803 0.684592 0.534832 0.696914 0.529574 0.709237 0.521688 0.717123 0.510515 0.719588 0.499343 0.724517 0.484227 0.721560 0.475683 0.714659 0.463854 0.709237 0.457282 0.697407 0.452681 0.692478 0.448738 0.684592 0.444795 0.678677 0.442823
0 0.761731 0.495728 0.069499 0.107124 0.741276 0.452024 0.734868 0.453996 0.730432 0.459911 0.727474 0.467797 0.726981 0.477655 0.728460 0.492114 0.736840 0.510515 0.745712 0.516430 0.753598 0.524974 0.760499 0.534832 0.774300 0.547976 0.782187 0.549290 0.788594 0.541404 0.790073 0.530889 0.790073 0.519059 0.790073 0.509201 0.792537 0.496057 0.795495 0.480941 0.796481 0.470426 0.795988 0.457939 0.791552 0.449395 0.783665 0.442823 0.780708 0.442166 0.777750 0.447424 0.772328 0.454653 0.763456 0.457282 0.756556 0.452024 0.751627 0.449395 0.746205 0.450053
0 0.828766 0.545018 0.080343 0.101866 0.788594 0.551262 0.790566 0.559148 0.796481 0.569664 0.807817 0.579522 0.818661 0.582150 0.825069 0.584122 0.835913 0.589380 0.847250 0.593980 0.855629 0.595952 0.864008 0.590037 0.868937 0.580836 0.867951 0.569006 0.866473 0.553891 0.866473 0.537461 0.864994 0.517744 0.859079 0.507886 0.848728 0.498686 0.841335 0.494085 0.842321 0.501972 0.836899 0.509858 0.827534 0.512487 0.820140 0.517087 0.815704 0.522345 0.812746 0.534832 0.808310 0.544033 0.798452 0.545347 0.790073 0.543375
0 0.778243 0.647213 0.075907 0.089380 0.740290 0.618954 0.741769 0.628155 0.744233 0.641299 0.750641 0.653128 0.759020 0.659700 0.769371 0.666272 0.777257 0.673502 0.783172 0.680074 0.801410 0.691903 0.809296 0.686646 0.813239 0.671530 0.816197 0.655757 0.816197 0.638670 0.816197 0.622897 0.815704 0.611067 0.815211 0.604495 0.801903 0.602524 0.799438 0.603838 0.796481 0.613696 0.794016 0.623554 0.786623 0.616325 0.777750 0.612382 0.772328 0.609753 0.764935 0.609096 0.757541 0.611725 0.748669 0.616325
0 0.900976 0.453339 0.084779 0.101209 0.888653 0.402734 0.900976 0.405363 0.904919 0.407334 0.912806 0.413249 0.914284 0.423764 0.918228 0.429679 0.927100 0.430994 0.934000 0.436251 0.940901 0.445452 0.943366 0.456625 0.927100 0.482256 0.918720 0.488170 0.909355 0.496714 0.902455 0.502629 0.893090 0.503943 0.882739 0.498686 0.874852 0.490799 0.868444 0.488828 0.862530 0.482256 0.858586 0.467140 0.859079 0.455967 0.860065 0.449395 0.861051 0.442823 0.864501 0.442823 0.873866 0.440852 0.881753 0.435594 0.885696 0.432965 0.886682 0.424422 0.887175 0.418507
0 0.836406 0.391233 0.096609 0.109753 0.788101 0.400105 0.788594 0.413906 0.792045 0.422450 0.799931 0.432308 0.814718 0.438223 0.823590 0.441509 0.837884 0.444138 0.848728 0.445452 0.857601 0.446109 0.865487 0.443481 0.871895 0.440852 0.878795 0.437566 0.882246 0.432308 0.884217 0.427050 0.884710 0.416535 0.884217 0.403391 0.883724 0.397476 0.881260 0.380389 0.878302 0.369874 0.873373 0.358044 0.866473 0.348186 0.859079 0.340957 0.852179 0.336356 0.842321 0.336356 0.835913 0.337014 0.828026 0.342271 0.818661 0.356073 0.813239 0.361987 0.805353 0.370531 0.798945 0.379732 0.794509 0.388275 0.792045 0.396162
0 0.966039 0.493757 0.061120 0.076893 0.992656 0.455310 0.983291 0.460568 0.979347 0.467140 0.971461 0.469769 0.963575 0.462539 0.960617 0.457282 0.945830 0.459911 0.937944 0.465825 0.935479 0.485542 0.940901 0.503943 0.948787 0.517744 0.959631 0.527603 0.966039 0.532203 0.981319 0.529574 0.988713 0.521688 0.993149 0.511830 0.994134 0.506572 0.994627 0.495400 0.995613 0.486199 0.996106 0.473712 0.996599 0.464511 0.996599 0.459911
0 0.965233 0.645899 0.066409 0.097266 0.949280 0.597266 0.942380 0.598580 0.934493 0.611067 0.932522 0.638670 0.932522 0.653128 0.932029 0.668244 0.938437 0.683360 0.946323 0.689274 0.961603 0.692560 0.976883 0.693875 0.990684 0.694532 0.998437 0.690275 0.998078 0.657072 0.997092 0.636698 0.997585 0.624211 0.991177 0.627497 0.984769 0.626840 0.978854 0.618954 0.971954 0.611725 0.966039 0.611067 0.961603 0.609096 0.956674 0.599895