0 0.031250 0.567708 0.059896 0.116898 0.008247 0.509259 0.023872 0.509259 0.031684 0.509259 0.043837 0.511574 0.054253 0.515046 0.061198 0.518519 0.059462 0.525463 0.032552 0.545139 0.028212 0.568287 0.043837 0.565972 0.049913 0.574074 0.050781 0.582176 0.049045 0.591435 0.039497 0.607639 0.025608 0.620370 0.015191 0.626157 0.004774 0.623843 0.002170 0.609954 0.002170 0.598380 0.002170 0.586806 0.002170 0.567130 0.001302 0.525463
0 0.108941 0.580440 0.098958 0.119213 0.059462 0.560185 0.060330 0.579861 0.065538 0.590278 0.074219 0.605324 0.084635 0.616898 0.098524 0.628472 0.108073 0.634259 0.122830 0.638889 0.133247 0.640046 0.141059 0.638889 0.145399 0.630787 0.151476 0.612269 0.157552 0.593750 0.158420 0.571759 0.158420 0.555556 0.157552 0.540509 0.148872 0.523148 0.138455 0.520833 0.131510 0.525463 0.128906 0.545139 0.112413 0.550926 0.101128 0.543981 0.091580 0.540509 0.082031 0.552083 0.073351 0.556713
0 0.180990 0.640625 0.086806 0.100694 0.137587 0.656250 0.153212 0.668981 0.168837 0.679398 0.177517 0.685185 0.188802 0.690972 0.213976 0.682870 0.220052 0.675926 0.224392 0.657407 0.221788 0.645833 0.214844 0.622685 0.205295 0.609954 0.195747 0.598380 0.186198 0.590278 0.177517 0.591435 0.170573 0.601852 0.168837 0.611111 0.155816 0.629630 0.148872 0.630787 0.142795 0.641204
0 0.207899 0.471065 0.090278 0.099537 0.177517 0.421296 0.164497 0.438657 0.162760 0.447917 0.164497 0.461806 0.180122 0.488426 0.193142 0.509259 0.200955 0.517361 0.209635 0.520833 0.221788 0.513889 0.233073 0.503472 0.240017 0.493056 0.253038 0.467593 0.240885 0.454861 0.233073 0.451389 0.230469 0.472222 0.217448 0.478009 0.213976 0.462963 0.212240 0.449074 0.193142 0.435185 0.186198 0.428241
0 0.286892 0.535301 0.079861 0.096065 0.266059 0.487269 0.257378 0.491898 0.246962 0.515046 0.247830 0.541667 0.249566 0.564815 0.263455 0.578704 0.269531 0.583333 0.302517 0.570602 0.317274 0.560185 0.326823 0.553241 0.326823 0.546296 0.314670 0.535880 0.307726 0.523148 0.294705 0.520833 0.288628 0.503472 0.284288 0.496528
0 0.430556 0.421296 0.099826 0.115741 0.393663 0.385417 0.384115 0.403935 0.380642 0.418981 0.391059 0.442130 0.404948 0.462963 0.414497 0.473380 0.435330 0.478009 0.455295 0.478009 0.470920 0.479167 0.477865 0.476852 0.478733 0.461806 0.480469 0.436343 0.476997 0.421296 0.471788 0.405093 0.465712 0.387731 0.458767 0.371528 0.445747 0.364583 0.430990 0.363426 0.414497 0.365741 0.404080 0.376157
0 0.381076 0.526620 0.075521 0.106481 0.344184 0.488426 0.343316 0.503472 0.346788 0.525463 0.352865 0.541667 0.363281 0.555556 0.374566 0.565972 0.389323 0.576389 0.398872 0.579861 0.409288 0.572917 0.409288 0.553241 0.409288 0.533565 0.416233 0.517361 0.418837 0.503472 0.416233 0.491898 0.404948 0.478009 0.399740 0.474537 0.389323 0.473380 0.381510 0.473380 0.374566 0.478009 0.365885 0.486111 0.361545 0.487269 0.354601 0.484954
0 0.462240 0.568866 0.071181 0.109954 0.446615 0.548611 0.432726 0.556713 0.426649 0.561343 0.426649 0.599537 0.435330 0.604167 0.449219 0.609954 0.457899 0.614583 0.468316 0.619213 0.483073 0.623843 0.493490 0.621528 0.497830 0.601852 0.492622 0.559028 0.491753 0.542824 0.487413 0.531250 0.480469 0.521991 0.470052 0.515046 0.463976 0.513889 0.459635 0.520833
0 0.430556 0.670718 0.068576 0.075231 0.396267 0.641204 0.398872 0.655093 0.399740 0.666667 0.402344 0.674769 0.413628 0.682870 0.421441 0.690972 0.430990 0.697917 0.441406 0.704861 0.453559 0.708333 0.460503 0.701389 0.463108 0.685185 0.464844 0.667824 0.464844 0.649306 0.460503 0.633102 0.447483 0.636574 0.436198 0.633102 0.430990 0.633102 0.426649 0.635417 0.424045 0.645833 0.418837 0.656250 0.409288 0.651620
0 0.559896 0.461227 0.065104 0.105324 0.550781 0.408565 0.540365 0.413194 0.528212 0.430556 0.528212 0.446759 0.528212 0.458333 0.527344 0.480324 0.535156 0.498843 0.543837 0.512731 0.550781 0.513889 0.564670 0.510417 0.571615 0.505787 0.582031 0.497685 0.588976 0.489583 0.591580 0.481481 0.592448 0.473380 0.580295 0.460648 0.575955 0.453704 0.558594 0.457176 0.551649 0.456019 0.549045 0.444444 0.551649 0.428241 0.554253 0.421296
0 0.640191 0.488426 0.064236 0.092593 0.660156 0.442130 0.670573 0.453704 0.672309 0.471065 0.671441 0.489583 0.667101 0.512731 0.658420 0.523148 0.650608 0.531250 0.639323 0.534722 0.624566 0.531250 0.614149 0.518519 0.610677 0.505787 0.608073 0.494213 0.608073 0.488426 0.618490 0.489583 0.633247 0.471065 0.641059 0.459491
0 0.621528 0.675926 0.068576 0.071759 0.623698 0.650463 0.614149 0.652778 0.608073 0.655093 0.601128 0.657407 0.593316 0.660880 0.587240 0.668981 0.593316 0.694444 0.601997 0.700231 0.608073 0.704861 0.619358 0.711806 0.628906 0.711806 0.641927 0.697917 0.648872 0.681713 0.653212 0.668981 0.654948 0.659722 0.655816 0.650463 0.654948 0.643519 0.645399 0.640046 0.646267 0.658565
0 0.785590 0.462384 0.084201 0.068287 0.744358 0.443287 0.743490 0.454861 0.745226 0.469907 0.753038 0.480324 0.766059 0.488426 0.780816 0.493056 0.788628 0.496528 0.799913 0.495370 0.811198 0.479167 0.820747 0.460648 0.825955 0.446759 0.827691 0.435185 0.827691 0.428241 0.814670 0.428241 0.814670 0.440972 0.814670 0.450231 0.806858 0.450231 0.795573 0.443287 0.787760 0.438657 0.762587 0.460648 0.754774 0.444444
0 0.880208 0.552083 0.091146 0.097222 0.834635 0.541667 0.838976 0.556713 0.848524 0.564815 0.853733 0.572917 0.858073 0.578704 0.865885 0.587963 0.872830 0.596065 0.880642 0.600694 0.895399 0.599537 0.904080 0.586806 0.915365 0.571759 0.918837 0.553241 0.921441 0.533565 0.925781 0.517361 0.917101 0.503472 0.910156 0.503472 0.898003 0.503472 0.893663 0.508102 0.888455 0.519676 0.872830 0.527778 0.863281 0.525463 0.853733 0.525463 0.843316 0.532407
0 0.890625 0.348380 0.096354 0.113426 0.845920 0.353009 0.852865 0.363426 0.860677 0.369213 0.866753 0.372685 0.866753 0.351852 0.865885 0.337963 0.894531 0.329861 0.899740 0.318287 0.902344 0.307870 0.932726 0.291667 0.937934 0.313657 0.938802 0.327546 0.938802 0.344907 0.933594 0.364583 0.925781 0.384259 0.922309 0.396991 0.910156 0.405093 0.900608 0.403935 0.873698 0.393519 0.852865 0.384259 0.842448 0.370370