0 0.203384 0.428683 0.088823 0.091632 0.192687 0.382867 0.179072 0.388918 0.172588 0.395833 0.166105 0.409665 0.160270 0.421767 0.158973 0.446836 0.169346 0.464125 0.176478 0.471905 0.185555 0.474499 0.201115 0.472770 0.209544 0.471041 0.230290 0.465854 0.244554 0.458938 0.247796 0.447701 0.243906 0.436463 0.236774 0.425225 0.228994 0.414851 0.223159 0.406207 0.216675 0.396698 0.207599 0.385460
0 0.165456 0.558783 0.082988 0.104599 0.206950 0.535875 0.202412 0.560080 0.195280 0.580826 0.188797 0.597251 0.181017 0.608489 0.174533 0.611082 0.166753 0.611082 0.149896 0.589471 0.140171 0.579962 0.126556 0.558351 0.123963 0.543655 0.124611 0.527230 0.131743 0.516857 0.138874 0.512535 0.150545 0.506483 0.155083 0.525501 0.160918 0.532417 0.169995 0.533281 0.177127 0.520315 0.184258 0.511670 0.194632 0.517721
0 0.110023 0.702282 0.074559 0.076936 0.147303 0.707037 0.137578 0.718275 0.125259 0.731241 0.111644 0.740750 0.096084 0.738157 0.086359 0.732970 0.077282 0.703579 0.074689 0.689748 0.073392 0.680239 0.072744 0.669001 0.073392 0.663814 0.087656 0.667272 0.091546 0.669001 0.087007 0.686290 0.087007 0.697528 0.092194 0.706172 0.101271 0.703579 0.118128 0.696663 0.123314 0.694934 0.137578 0.701850 0.140820 0.704443
0 0.358662 0.523340 0.070021 0.087310 0.336618 0.479685 0.323651 0.511670 0.323651 0.537604 0.331432 0.557486 0.339860 0.562673 0.350882 0.566995 0.366442 0.560944 0.372277 0.558351 0.383947 0.544519 0.389134 0.535875 0.393672 0.530688 0.387837 0.526366 0.378760 0.522908 0.370980 0.517721 0.366442 0.516857
0 0.371629 0.617998 0.076504 0.098548 0.373574 0.568724 0.360607 0.572182 0.351530 0.580826 0.343102 0.610218 0.337915 0.635287 0.333377 0.646525 0.337267 0.662950 0.351530 0.667272 0.368387 0.667272 0.385244 0.667272 0.397562 0.661221 0.405342 0.648254 0.409881 0.633558 0.403397 0.621456 0.396914 0.605031 0.391727 0.585149 0.386540 0.575640
0 0.487033 0.605463 0.070021 0.116701 0.470176 0.550571 0.453968 0.566131 0.452023 0.590335 0.452671 0.609353 0.458506 0.630965 0.473418 0.646525 0.483143 0.659492 0.498055 0.663814 0.511022 0.641338 0.516857 0.620591 0.522044 0.597251 0.520099 0.573046 0.512318 0.561808 0.501297 0.549706 0.480550 0.547113
0 0.603734 0.620159 0.084284 0.104599 0.564834 0.581691 0.561592 0.603302 0.566131 0.617998 0.577152 0.637880 0.586229 0.647389 0.596603 0.656034 0.603734 0.664678 0.616701 0.672459 0.627723 0.672459 0.632910 0.660356 0.640041 0.637016 0.644580 0.605896 0.645877 0.584284 0.641338 0.573911 0.624481 0.573911 0.617350 0.573046 0.606328 0.576504 0.592064 0.567860 0.584284 0.571317
0 0.623833 0.698824 0.084284 0.108057 0.581691 0.693205 0.588823 0.712223 0.599196 0.728648 0.615405 0.743344 0.626426 0.750259 0.640041 0.752853 0.646525 0.742479 0.654953 0.737293 0.660140 0.728648 0.665975 0.709630 0.664678 0.695799 0.660140 0.676781 0.658195 0.662950 0.643932 0.644796 0.645228 0.662950 0.634206 0.657763 0.630965 0.675052 0.616701 0.681103 0.608273 0.699257 0.602438 0.704443 0.591416 0.685425
0 0.673755 0.531553 0.076504 0.114108 0.647173 0.474499 0.636800 0.484008 0.635503 0.507348 0.638745 0.528095 0.640690 0.544519 0.650415 0.566131 0.651712 0.574775 0.647822 0.579098 0.651712 0.588607 0.662085 0.582555 0.668568 0.573911 0.676997 0.567860 0.684129 0.559215 0.696447 0.549706 0.708117 0.541062 0.712007 0.528959 0.705524 0.519450 0.697095 0.515992 0.691909 0.500432 0.686722 0.496110 0.673107 0.490059 0.664678 0.480550 0.657547 0.476228
0 0.735023 0.595954 0.081043 0.109786 0.727567 0.542790 0.706821 0.542790 0.703579 0.554893 0.695799 0.588607 0.694502 0.613676 0.695799 0.633558 0.700985 0.643932 0.709414 0.650847 0.723029 0.642203 0.728864 0.638745 0.741831 0.637016 0.756743 0.627507 0.769061 0.617998 0.775545 0.604167 0.775545 0.585149 0.768413 0.573911 0.759336 0.562673 0.748963 0.554893 0.735348 0.541062
0 0.816066 0.599412 0.070669 0.114972 0.808610 0.555757 0.787863 0.554893 0.780731 0.566131 0.789808 0.583420 0.793050 0.598115 0.781380 0.598980 0.789808 0.613676 0.799533 0.623185 0.811203 0.633558 0.823522 0.649983 0.832599 0.656898 0.843620 0.648254 0.842324 0.633558 0.842324 0.621456 0.844917 0.612811 0.849455 0.592064 0.851400 0.577369 0.850752 0.567860 0.844269 0.552299 0.833895 0.541926 0.830654 0.550571
0 0.837137 0.760633 0.082988 0.089903 0.795643 0.731241 0.798237 0.747666 0.809907 0.759768 0.819632 0.769277 0.830005 0.780515 0.846214 0.798669 0.860477 0.805584 0.870851 0.805584 0.877334 0.787431 0.877334 0.762362 0.877982 0.740750 0.878631 0.721732 0.868906 0.717410 0.856587 0.715681 0.856587 0.729512 0.837137 0.725190 0.823522 0.717410 0.806017 0.722597
0 0.889328 0.654737 0.091416 0.114972 0.843620 0.648254 0.848807 0.674187 0.862422 0.686290 0.881224 0.692341 0.893543 0.699257 0.907806 0.710494 0.928553 0.712223 0.935036 0.699257 0.935036 0.685425 0.932443 0.673323 0.929850 0.661221 0.929201 0.646525 0.924015 0.619727 0.916234 0.607624 0.901971 0.597251 0.903916 0.610218 0.890949 0.618862 0.873444 0.624049 0.865664 0.636151 0.856587 0.644796
0 0.893867 0.499136 0.110866 0.113243 0.851400 0.483143 0.838434 0.502161 0.845565 0.523772 0.862422 0.539333 0.883169 0.545384 0.899378 0.548842 0.917531 0.554893 0.933091 0.555757 0.946706 0.545384 0.949300 0.523772 0.941520 0.492652 0.931795 0.469312 0.922718 0.455481 0.904564 0.443378 0.890949 0.442514 0.878631 0.447701 0.869554 0.458938 0.855939 0.475363
0 0.962591 0.558783 0.070669 0.095954 0.966157 0.514263 0.952541 0.510806 0.949948 0.522044 0.951245 0.536739 0.942168 0.554893 0.931146 0.557486 0.927905 0.573046 0.927256 0.593793 0.942168 0.595522 0.951245 0.606760 0.978475 0.605031 0.995332 0.591200 0.997277 0.566131 0.997925 0.547977 0.989497 0.540197 0.987552 0.522908 0.975882 0.514263