0 0.034492 0.498703 0.066131 0.053596 0.067557 0.483143 0.067557 0.495246 0.057832 0.503890 0.051349 0.504754 0.040327 0.515992 0.033195 0.519450 0.026063 0.523772 0.017635 0.525501 0.013096 0.521179 0.005316 0.515128 0.004020 0.505619 0.004020 0.494381 0.001426 0.477092 0.002075 0.472770 0.011800 0.471905 0.025415 0.473634 0.033843 0.478821 0.043568 0.480550 0.053942 0.481414 0.061722 0.476228
0 0.041883 0.580826 0.083766 0.102006 0.040327 0.533281 0.040327 0.558351 0.048755 0.567860 0.059777 0.573911 0.064964 0.589471 0.067557 0.596387 0.077930 0.594658 0.083766 0.598980 0.072744 0.607624 0.056535 0.618862 0.042272 0.624049 0.025415 0.630100 0.013745 0.631829 0.004020 0.625778 0.001426 0.620591 0.000000 0.612984 0.000000 0.590335 0.000130 0.578233 0.000130 0.568724 0.002075 0.559215 0.005316 0.550571 0.012448 0.539333 0.018283 0.534146 0.022822 0.533281 0.033195 0.529824
0 0.147951 0.556622 0.084284 0.114108 0.138874 0.499568 0.122018 0.510806 0.112941 0.515992 0.108402 0.527230 0.105809 0.541062 0.109051 0.554893 0.116831 0.574775 0.124611 0.594658 0.128501 0.605896 0.138226 0.613676 0.159621 0.605031 0.169995 0.595522 0.183610 0.577369 0.190093 0.562673 0.187500 0.555757 0.185555 0.544519 0.186852 0.531553 0.185555 0.526366 0.173237 0.531553 0.167401 0.530688 0.168698 0.515992 0.171291 0.507348 0.162215 0.501297 0.146655 0.503026
0 0.232560 0.562673 0.088823 0.112379 0.270488 0.506483 0.274378 0.526366 0.276971 0.549706 0.276971 0.566131 0.270488 0.595522 0.265301 0.609353 0.255576 0.618862 0.245202 0.618862 0.236126 0.612811 0.221862 0.598115 0.214730 0.590335 0.197225 0.573046 0.190742 0.554893 0.188148 0.530688 0.193983 0.522044 0.203709 0.512535 0.209544 0.515992 0.220565 0.511670 0.228345 0.509077 0.241312 0.515128 0.261411 0.513399
0 0.281509 0.645660 0.081691 0.112379 0.299015 0.591200 0.311333 0.605031 0.317816 0.623185 0.322355 0.643067 0.321706 0.663814 0.320410 0.679374 0.314575 0.688019 0.306795 0.688019 0.298366 0.698392 0.289289 0.701850 0.274378 0.692341 0.262059 0.680239 0.247796 0.666407 0.240664 0.649983 0.241312 0.636151 0.254927 0.626642 0.264004 0.614540 0.273729 0.605031 0.281509 0.601573 0.287993 0.589471
0 0.327866 0.475795 0.079746 0.109786 0.306795 0.420902 0.292531 0.439920 0.287993 0.454616 0.290586 0.478821 0.297070 0.493517 0.305498 0.513399 0.311333 0.523772 0.317168 0.528959 0.329487 0.530688 0.343750 0.511670 0.351530 0.496974 0.361904 0.487465 0.367739 0.475363 0.361255 0.467583 0.356717 0.456345 0.349585 0.452023 0.346343 0.464125 0.338563 0.459803 0.332080 0.449429 0.328190 0.437327 0.320410 0.428683
0 0.391727 0.541062 0.076504 0.105463 0.383299 0.488330 0.372925 0.491788 0.361255 0.503026 0.358013 0.526366 0.358013 0.538468 0.353475 0.554893 0.353475 0.573911 0.358662 0.586878 0.368387 0.593793 0.382002 0.589471 0.389782 0.582555 0.402101 0.579098 0.413122 0.573911 0.422199 0.558351 0.429979 0.547113 0.422848 0.532417 0.413122 0.523772 0.402101 0.509077 0.394321 0.499568
0 0.476984 0.537172 0.066779 0.102870 0.456561 0.493517 0.447484 0.505619 0.443594 0.521179 0.444891 0.545384 0.457858 0.559215 0.467583 0.568724 0.483791 0.582555 0.492220 0.588607 0.500000 0.587742 0.501945 0.568724 0.501945 0.557486 0.510373 0.528095 0.509077 0.503026 0.499352 0.493517 0.487682 0.486601 0.479901 0.485737 0.470825 0.491788
0 0.537604 0.436895 0.086878 0.108057 0.509077 0.393240 0.498703 0.409665 0.496758 0.421767 0.494165 0.443378 0.498055 0.461532 0.513615 0.476228 0.523340 0.484008 0.537604 0.488330 0.557702 0.490059 0.571317 0.490923 0.581043 0.475363 0.579746 0.456345 0.573262 0.435598 0.570669 0.408800 0.560296 0.393240 0.550571 0.385460 0.535659 0.383731 0.525934 0.382867
0 0.549922 0.591200 0.075207 0.108921 0.546032 0.548842 0.529824 0.567860 0.516857 0.583420 0.512318 0.604167 0.518154 0.624914 0.533065 0.628371 0.551219 0.633558 0.566779 0.643932 0.580394 0.645660 0.587526 0.639609 0.586878 0.625778 0.583636 0.599844 0.582339 0.580826 0.581043 0.560080 0.575207 0.547113 0.565482 0.538468 0.553164 0.536739
0 0.647497 0.500000 0.066779 0.092497 0.641338 0.453752 0.630965 0.453752 0.622536 0.454616 0.619943 0.466719 0.616701 0.482279 0.614108 0.507348 0.614756 0.528959 0.621240 0.539333 0.629668 0.545384 0.642635 0.546248 0.658195 0.535010 0.673107 0.514263 0.680887 0.500432 0.671162 0.488330 0.662085 0.479685 0.653657 0.484008 0.641987 0.482279 0.636151 0.477956 0.634855 0.466719
0 0.720436 0.528095 0.066131 0.089903 0.687370 0.503890 0.687370 0.518586 0.692557 0.535010 0.696447 0.554893 0.704876 0.566995 0.713304 0.573046 0.726919 0.572182 0.737941 0.566995 0.746369 0.560944 0.753501 0.531553 0.752204 0.509941 0.749611 0.496110 0.743776 0.483143 0.737293 0.487465 0.728216 0.496974 0.715249 0.503890 0.707469 0.507348 0.698392 0.503026
0 0.708766 0.700553 0.068724 0.102870 0.675052 0.649118 0.674404 0.664678 0.674404 0.693205 0.675052 0.711359 0.678942 0.728648 0.684129 0.739886 0.695799 0.741615 0.703579 0.745937 0.708117 0.749395 0.718491 0.751988 0.728216 0.735564 0.734051 0.726055 0.741183 0.709630 0.743128 0.694070 0.741831 0.682832 0.732754 0.681967 0.721732 0.673323 0.714601 0.672459 0.706821 0.678510 0.687370 0.684561 0.684129 0.672459 0.683480 0.661221 0.684129 0.654305
0 0.867933 0.486601 0.086229 0.086445 0.826115 0.459803 0.824818 0.473634 0.824818 0.486601 0.828060 0.497839 0.837137 0.505619 0.846862 0.512535 0.859180 0.522044 0.868257 0.528095 0.876686 0.529824 0.883817 0.522908 0.890301 0.509077 0.900026 0.490923 0.907158 0.473634 0.909103 0.460667 0.911048 0.448565 0.901971 0.443378 0.903268 0.465854 0.896784 0.470176 0.885114 0.462396 0.868257 0.456345 0.853345 0.471905 0.848159 0.479685 0.842324 0.469312 0.837137 0.460667
0 0.959025 0.572182 0.077801 0.117566 0.920124 0.559215 0.922718 0.573911 0.931795 0.582555 0.942168 0.594658 0.952541 0.605896 0.963563 0.618862 0.970695 0.625778 0.982365 0.630100 0.989497 0.630965 0.995980 0.620591 0.997277 0.609353 0.996629 0.592929 0.996629 0.580826 0.996629 0.560080 0.997277 0.547977 0.997925 0.530688 0.997925 0.519450 0.995332 0.513399 0.990145 0.513399 0.983013 0.523772 0.977827 0.528959 0.966157 0.535875 0.952541 0.536739 0.943465 0.536739 0.931146 0.547977 0.924663 0.552299
0 0.957012 0.380705 0.082851 0.114972 0.915586 0.375951 0.916883 0.390647 0.925311 0.401885 0.936333 0.411393 0.942816 0.416580 0.949948 0.421767 0.960970 0.428683 0.971343 0.436463 0.980420 0.438192 0.987552 0.436463 0.995332 0.432140 0.996629 0.426089 0.997277 0.416580 0.998437 0.404975 0.998437 0.388918 0.998437 0.373358 0.998437 0.354340 0.998437 0.337915 0.997925 0.324084 0.986255 0.323219 0.973288 0.330999 0.971992 0.342237 0.957080 0.348288 0.946058 0.356933 0.943465 0.369035 0.942816 0.385460 0.938278 0.400156 0.930498 0.396698 0.923366 0.388053