0 0.085938 0.581019 0.089410 0.120370 0.082899 0.520833 0.073351 0.520833 0.055990 0.526620 0.049913 0.534722 0.042969 0.542824 0.041233 0.562500 0.047309 0.576389 0.055122 0.589120 0.059462 0.604167 0.065538 0.623843 0.075087 0.635417 0.088108 0.641204 0.108073 0.628472 0.120226 0.619213 0.128038 0.607639 0.130642 0.593750 0.127170 0.582176 0.107205 0.578704 0.100260 0.569444 0.113281 0.556713 0.127170 0.545139 0.119358 0.527778 0.111545 0.524306 0.098524 0.520833
0 0.177951 0.596644 0.105035 0.126157 0.142795 0.564815 0.133247 0.571759 0.125434 0.579861 0.137587 0.599537 0.146267 0.616898 0.156684 0.628472 0.167969 0.640046 0.184462 0.650463 0.194010 0.656250 0.206163 0.659722 0.213108 0.657407 0.220052 0.637731 0.225260 0.620370 0.226128 0.603009 0.229601 0.575231 0.229601 0.559028 0.230469 0.545139 0.220920 0.537037 0.210503 0.533565 0.208767 0.555556 0.199219 0.569444 0.181858 0.562500 0.169705 0.556713 0.163628 0.567130 0.154080 0.569444
0 0.247396 0.653935 0.077257 0.097222 0.250434 0.605324 0.276476 0.615741 0.279080 0.633102 0.284288 0.648148 0.286024 0.668981 0.285156 0.684028 0.282552 0.693287 0.271267 0.697917 0.260851 0.702546 0.246962 0.702546 0.233941 0.697917 0.219184 0.686343 0.209635 0.678241 0.208767 0.667824 0.221788 0.656250 0.225260 0.650463 0.230469 0.633102 0.238281 0.633102 0.240885 0.622685 0.240885 0.613426
0 0.279948 0.482060 0.092014 0.107639 0.247830 0.428241 0.236545 0.444444 0.233941 0.465278 0.240885 0.495370 0.253038 0.510417 0.258247 0.518519 0.262587 0.525463 0.268663 0.535880 0.280816 0.535880 0.288628 0.528935 0.298177 0.521991 0.310330 0.512731 0.315538 0.502315 0.317274 0.493056 0.325955 0.487269 0.314670 0.476852 0.306858 0.471065 0.301649 0.468750 0.299045 0.487269 0.292101 0.484954 0.286024 0.478009 0.283420 0.467593 0.279080 0.460648 0.272135 0.451389 0.265191 0.443287 0.259115 0.436343
0 0.355469 0.549769 0.076389 0.104167 0.327691 0.497685 0.322483 0.504630 0.322483 0.513889 0.317274 0.537037 0.317274 0.559028 0.317274 0.568287 0.319878 0.597222 0.331163 0.601852 0.343316 0.599537 0.351997 0.593750 0.369358 0.584491 0.384983 0.575231 0.393663 0.565972 0.384983 0.553241 0.378038 0.540509 0.365885 0.533565 0.358941 0.520833 0.353733 0.512731 0.342448 0.505787
0 0.505642 0.443866 0.095486 0.123843 0.482205 0.393519 0.470052 0.405093 0.459635 0.418981 0.457899 0.431713 0.460503 0.462963 0.470052 0.481481 0.479601 0.495370 0.501302 0.502315 0.523003 0.503472 0.535156 0.505787 0.549913 0.495370 0.553385 0.479167 0.548177 0.440972 0.542101 0.421296 0.536892 0.403935 0.530816 0.395833 0.524740 0.385417 0.514323 0.381944 0.508247 0.381944 0.495226 0.381944
0 0.522135 0.589120 0.078125 0.111111 0.528212 0.533565 0.533420 0.534722 0.548177 0.543981 0.555122 0.563657 0.555122 0.582176 0.555990 0.599537 0.559462 0.614583 0.561198 0.625000 0.557726 0.640046 0.549913 0.644676 0.533420 0.642361 0.519531 0.636574 0.503906 0.633102 0.493490 0.626157 0.484809 0.607639 0.483073 0.590278 0.487413 0.577546 0.492622 0.570602 0.503906 0.568287 0.511719 0.563657 0.517795 0.554398
0 0.444010 0.546296 0.072917 0.108796 0.417969 0.501157 0.425781 0.509259 0.446615 0.494213 0.463976 0.491898 0.478733 0.505787 0.480469 0.530093 0.474392 0.549769 0.470920 0.570602 0.473524 0.586806 0.472656 0.598380 0.460503 0.600694 0.439670 0.584491 0.435330 0.576389 0.425781 0.563657 0.413628 0.550926 0.407552 0.541667 0.407552 0.533565 0.407552 0.521991 0.407552 0.516204 0.408420 0.509259
0 0.486545 0.688079 0.072917 0.075231 0.453559 0.653935 0.451823 0.665509 0.450087 0.679398 0.453559 0.696759 0.463108 0.702546 0.475260 0.711806 0.484809 0.719907 0.497830 0.723380 0.514323 0.725694 0.519531 0.709491 0.523003 0.694444 0.522135 0.673611 0.519531 0.653935 0.508247 0.651620 0.496962 0.651620 0.489149 0.650463 0.483073 0.668981 0.471788 0.664352 0.464844 0.651620
0 0.618056 0.478588 0.065104 0.103009 0.614149 0.429398 0.604601 0.427083 0.593316 0.443287 0.588108 0.461806 0.587240 0.475694 0.585503 0.489583 0.594184 0.513889 0.597656 0.519676 0.601997 0.530093 0.614149 0.528935 0.624566 0.521991 0.634983 0.512731 0.647135 0.502315 0.650608 0.489583 0.637587 0.480324 0.626302 0.478009 0.615885 0.474537 0.613281 0.465278 0.615885 0.450231 0.622830 0.440972
0 0.696181 0.510995 0.068576 0.089120 0.727865 0.466435 0.729601 0.484954 0.729601 0.501157 0.730469 0.517361 0.725260 0.530093 0.720052 0.539352 0.713108 0.547454 0.686198 0.555556 0.678385 0.550926 0.669705 0.540509 0.663628 0.525463 0.661892 0.503472 0.663628 0.497685 0.676649 0.505787 0.685330 0.506944 0.696615 0.495370 0.707899 0.484954 0.715712 0.472222
0 0.679253 0.689236 0.072917 0.077546 0.654080 0.650463 0.651476 0.664352 0.651476 0.678241 0.661024 0.685185 0.672309 0.678241 0.681858 0.668981 0.693142 0.679398 0.702691 0.682870 0.715712 0.685185 0.707899 0.703704 0.700087 0.718750 0.686198 0.725694 0.672309 0.728009 0.657552 0.721065 0.647135 0.704861 0.642795 0.690972 0.644531 0.670139
0 0.847656 0.488426 0.092014 0.069444 0.803385 0.466435 0.801649 0.484954 0.805122 0.498843 0.818142 0.506944 0.832031 0.511574 0.845920 0.519676 0.860677 0.523148 0.874566 0.510417 0.885851 0.498843 0.891927 0.482639 0.893663 0.465278 0.884983 0.453704 0.883247 0.474537 0.870226 0.465278 0.855469 0.460648 0.844184 0.474537 0.834635 0.480324 0.823351 0.479167 0.822483 0.467593 0.818142 0.464120
0 0.944010 0.579282 0.092014 0.100694 0.898003 0.567130 0.905816 0.579861 0.914497 0.591435 0.924045 0.603009 0.931858 0.616898 0.942274 0.627315 0.952691 0.629630 0.967448 0.615741 0.975260 0.594907 0.985677 0.575231 0.990017 0.559028 0.989149 0.542824 0.985677 0.530093 0.971788 0.528935 0.965712 0.528935 0.959635 0.545139 0.951823 0.552083 0.933594 0.550926 0.925781 0.547454 0.908420 0.560185
0 0.953863 0.377315 0.089149 0.106481 0.918837 0.380787 0.932726 0.395833 0.938802 0.362269 0.966580 0.358796 0.973524 0.354167 0.975260 0.332176 0.995226 0.324074 0.998437 0.343773 0.995226 0.371528 0.996962 0.395833 0.993490 0.413194 0.984809 0.427083 0.974392 0.428241 0.966580 0.430556 0.951823 0.421296 0.930990 0.413194 0.918837 0.410880 0.909288 0.395833