0 0.366328 0.383229 0.074219 0.087708 0.355313 0.341875 0.362500 0.339375 0.366719 0.342083 0.375312 0.348125 0.386094 0.366875 0.400469 0.388125 0.403281 0.395625 0.403438 0.406875 0.399219 0.414375 0.388281 0.418125 0.379219 0.418125 0.370781 0.422708 0.359219 0.426875 0.348281 0.427083 0.343750 0.422917 0.340469 0.422917 0.330000 0.409375 0.329219 0.397083 0.337188 0.380625 0.344219 0.369375 0.354063 0.353542
0 0.341016 0.507812 0.070469 0.097292 0.370312 0.465625 0.373125 0.467500 0.375625 0.477292 0.376250 0.495000 0.374688 0.505833 0.368594 0.517083 0.368906 0.530208 0.366250 0.534375 0.365781 0.542500 0.360938 0.551458 0.355000 0.556458 0.350000 0.556458 0.338750 0.542083 0.331094 0.533125 0.320469 0.524375 0.312031 0.512083 0.305781 0.491875 0.307344 0.479792 0.318594 0.468333 0.329844 0.462500 0.347812 0.459167 0.350312 0.473542 0.355938 0.486667 0.362187 0.491250 0.368594 0.477917
0 0.298672 0.621875 0.063906 0.083333 0.275781 0.580208 0.271250 0.585000 0.272031 0.593125 0.266719 0.607292 0.268750 0.630625 0.271875 0.634375 0.272031 0.649583 0.276094 0.656875 0.283125 0.663542 0.292656 0.662500 0.307344 0.650625 0.322187 0.643542 0.329688 0.633958 0.330625 0.629375 0.323281 0.621875 0.322187 0.627917 0.318438 0.635000 0.310625 0.640000 0.306719 0.639375 0.305781 0.632292 0.302969 0.627500 0.303281 0.608750 0.294844 0.606875 0.282813 0.600417 0.282187 0.597083 0.287969 0.588750
0 0.523750 0.543542 0.065625 0.091250 0.499375 0.522292 0.490937 0.566250 0.491875 0.580417 0.494219 0.585000 0.500938 0.589167 0.530625 0.583125 0.543125 0.580833 0.555469 0.570625 0.556562 0.562500 0.556250 0.550000 0.554375 0.534375 0.551406 0.524583 0.543906 0.514375 0.535937 0.503125 0.526406 0.497917 0.518281 0.499583 0.512031 0.505208
0 0.508281 0.461979 0.066563 0.091042 0.489063 0.426250 0.476406 0.453125 0.475000 0.461042 0.475000 0.479375 0.483437 0.488750 0.484844 0.497708 0.490156 0.505625 0.495625 0.507500 0.509062 0.504375 0.515469 0.502500 0.518125 0.499167 0.525625 0.497708 0.525312 0.495417 0.531562 0.492500 0.536250 0.488125 0.541094 0.480000 0.541563 0.470625 0.533594 0.463750 0.527031 0.455000 0.516563 0.434375 0.509219 0.432500 0.492656 0.429167 0.493906 0.426042 0.501719 0.421250 0.509687 0.420625 0.515000 0.423125 0.513750 0.418542 0.508437 0.416458 0.501406 0.416875 0.496094 0.419792
0 0.613047 0.533229 0.062969 0.093125 0.581562 0.529167 0.587500 0.546250 0.591406 0.553542 0.612187 0.567292 0.617969 0.576875 0.627812 0.579792 0.633437 0.574792 0.636406 0.567292 0.635781 0.558750 0.640625 0.537292 0.644531 0.523125 0.642813 0.507292 0.637500 0.496458 0.630469 0.490417 0.620625 0.488125 0.609063 0.486667 0.599531 0.489375 0.593594 0.493958 0.587500 0.503750 0.581562 0.515625
0 0.712500 0.603542 0.063438 0.062083 0.680781 0.588125 0.681250 0.598125 0.688594 0.611667 0.696562 0.623750 0.705000 0.634167 0.712812 0.634583 0.720156 0.633750 0.727187 0.625833 0.732812 0.625000 0.740625 0.613125 0.744219 0.602917 0.743437 0.572500 0.741406 0.572708 0.738906 0.579375 0.734687 0.586042 0.728281 0.587500 0.724219 0.586458 0.720469 0.595208 0.720625 0.601875 0.713594 0.602708 0.707812 0.600000 0.703125 0.592500 0.700937 0.590208 0.690312 0.601875 0.687656 0.598125 0.686875 0.583125
0 0.717969 0.549479 0.069063 0.076042 0.683437 0.524375 0.689219 0.547500 0.693750 0.551667 0.695156 0.556875 0.722969 0.585833 0.728437 0.587500 0.735000 0.585625 0.739531 0.579792 0.740625 0.568125 0.743906 0.562917 0.744844 0.549375 0.748750 0.544792 0.752188 0.529375 0.752500 0.518958 0.749844 0.515625 0.747031 0.515625 0.747188 0.520208 0.741094 0.520000 0.730156 0.517083 0.723437 0.511875 0.714687 0.520625 0.706250 0.520833 0.698438 0.511458 0.692500 0.519792
0 0.749766 0.463125 0.060469 0.075417 0.734219 0.425417 0.730000 0.425833 0.724531 0.432083 0.719531 0.448750 0.722656 0.479375 0.722969 0.493333 0.728281 0.493333 0.744062 0.496875 0.750469 0.500833 0.755000 0.495000 0.763437 0.494375 0.769375 0.491250 0.777500 0.482708 0.780000 0.473750 0.778594 0.463125 0.771563 0.448958 0.758906 0.436875 0.750938 0.431667 0.742031 0.426458
0 0.787422 0.514583 0.058906 0.080000 0.759375 0.496250 0.759375 0.507708 0.762656 0.510000 0.763750 0.513333 0.763750 0.515625 0.758125 0.516667 0.757969 0.545625 0.760938 0.550833 0.765937 0.553750 0.771875 0.554583 0.778594 0.552500 0.782344 0.547708 0.791563 0.548125 0.801719 0.543125 0.809531 0.536042 0.814375 0.528125 0.816563 0.516250 0.816875 0.505000 0.813750 0.494792 0.805781 0.486250 0.798281 0.479792 0.790937 0.477500 0.780000 0.474583 0.777969 0.482917 0.769688 0.490625 0.763906 0.494583
0 0.840781 0.517396 0.051250 0.074375 0.815156 0.491875 0.821719 0.487292 0.841094 0.480208 0.847500 0.486875 0.857344 0.490417 0.857031 0.481667 0.861563 0.486250 0.865469 0.495625 0.866406 0.512500 0.863438 0.517500 0.860938 0.529375 0.860156 0.543333 0.857812 0.548750 0.852812 0.550833 0.850781 0.554583 0.844688 0.554375 0.836250 0.543958 0.826406 0.532708 0.816250 0.521875 0.816563 0.515833 0.823125 0.519792 0.823750 0.514583 0.834844 0.521042 0.827031 0.509792 0.833281 0.506042
0 0.834141 0.622083 0.060469 0.064167 0.803906 0.606875 0.806250 0.618958 0.813750 0.629792 0.824219 0.636458 0.839531 0.648125 0.844688 0.653125 0.848906 0.654167 0.855469 0.651458 0.858281 0.643125 0.859688 0.634583 0.861250 0.618958 0.864375 0.605000 0.863750 0.598958 0.860938 0.591458 0.851719 0.590000 0.855937 0.597500 0.857344 0.606250 0.851406 0.607917 0.848906 0.604167 0.840156 0.597083 0.831719 0.600000 0.824062 0.607292 0.818437 0.606458 0.817031 0.602292
0 0.878125 0.552292 0.058438 0.075000 0.849844 0.558125 0.853438 0.552083 0.860469 0.550417 0.872344 0.555000 0.875625 0.539583 0.888594 0.537708 0.900156 0.527917 0.896094 0.521250 0.888281 0.518542 0.891719 0.514792 0.901406 0.521667 0.907344 0.533125 0.907188 0.563958 0.905156 0.583958 0.897188 0.589792 0.889375 0.589792 0.886562 0.586875 0.874687 0.580000 0.865781 0.577083 0.857344 0.572500 0.848906 0.561667
0 0.897656 0.448646 0.073438 0.081042 0.861563 0.452292 0.860938 0.458750 0.863281 0.466250 0.868906 0.474167 0.881250 0.481667 0.897344 0.486042 0.910781 0.486875 0.917344 0.489167 0.929375 0.486042 0.933594 0.479167 0.934375 0.460417 0.933281 0.438750 0.927344 0.421875 0.922500 0.415417 0.913281 0.409167 0.901406 0.408125 0.888594 0.423750 0.881719 0.442292 0.875625 0.444167 0.869063 0.442917
0 0.922031 0.481667 0.065312 0.072917 0.889375 0.484583 0.889375 0.491042 0.891719 0.500417 0.893125 0.502292 0.897656 0.500833 0.896406 0.506458 0.902969 0.509375 0.907969 0.515417 0.915312 0.518125 0.928281 0.514583 0.933281 0.507917 0.941719 0.501458 0.949375 0.499583 0.954688 0.484583 0.952031 0.477500 0.946406 0.475208 0.944844 0.468958 0.946562 0.460208 0.937500 0.447500 0.933750 0.445208 0.934688 0.461042 0.933906 0.479792 0.929531 0.486250 0.917188 0.489167 0.911094 0.486667 0.897656 0.486250
0 0.972031 0.503646 0.052812 0.062708 0.945625 0.500417 0.946094 0.508125 0.956406 0.530625 0.959688 0.534375 0.968125 0.535000 0.973281 0.531667 0.974375 0.528958 0.979375 0.528542 0.983906 0.519583 0.990938 0.515208 0.998437 0.508478 0.998437 0.472292 0.993125 0.482500 0.985000 0.482917 0.986406 0.487083 0.978594 0.496667 0.971719 0.486667 0.968125 0.484375 0.952187 0.493750 0.949531 0.499792
0 0.965469 0.617188 0.065625 0.073958 0.955469 0.582500 0.949531 0.580208 0.941094 0.585625 0.935781 0.595000 0.932656 0.610000 0.933437 0.629167 0.934688 0.630208 0.934375 0.636250 0.940625 0.646042 0.944531 0.647500 0.950781 0.646667 0.957500 0.652708 0.971250 0.654167 0.978750 0.651042 0.996875 0.630625 0.998281 0.621042 0.998125 0.613958 0.997031 0.607292 0.986875 0.603125 0.985781 0.610417 0.980469 0.609792 0.977031 0.614792 0.971406 0.613958 0.966094 0.607292 0.963906 0.592917 0.951250 0.588542 0.949844 0.583542