0 0.166667 0.453125 0.088542 0.100694 0.144097 0.402778 0.147569 0.410880 0.153646 0.417824 0.164062 0.421296 0.173611 0.434028 0.176215 0.439815 0.180556 0.449074 0.185764 0.439815 0.190972 0.438657 0.200521 0.442130 0.206597 0.449074 0.210938 0.460648 0.205729 0.474537 0.194444 0.487269 0.185764 0.502315 0.179688 0.502315 0.164062 0.503472 0.151042 0.488426 0.144965 0.478009 0.137153 0.468750 0.129340 0.457176 0.124132 0.446759 0.122396 0.439815 0.125000 0.425926 0.133681 0.416667
0 0.065538 0.561343 0.110243 0.118056 0.109375 0.502315 0.119792 0.521991 0.120660 0.547454 0.118924 0.569444 0.116319 0.587963 0.115451 0.603009 0.109375 0.614583 0.100694 0.620370 0.085938 0.615741 0.069444 0.609954 0.052951 0.599537 0.029514 0.591435 0.014757 0.579861 0.010417 0.564815 0.010417 0.552083 0.011285 0.542824 0.026910 0.541667 0.039931 0.535880 0.045139 0.530093 0.062500 0.528935 0.076389 0.533565 0.081597 0.531250 0.089410 0.513889 0.093750 0.504630
0 0.141927 0.622106 0.085937 0.096065 0.144097 0.574074 0.160590 0.579861 0.171875 0.592593 0.184028 0.628472 0.184896 0.645833 0.181424 0.656250 0.171007 0.665509 0.150174 0.668981 0.140625 0.670139 0.123264 0.662037 0.107639 0.649306 0.099826 0.640046 0.098958 0.627315 0.111979 0.620370 0.121528 0.614583 0.125868 0.606481 0.132812 0.593750
0 0.245660 0.518519 0.076389 0.099537 0.242188 0.475694 0.243056 0.488426 0.249132 0.501157 0.253472 0.508102 0.263021 0.510417 0.270833 0.513889 0.280382 0.524306 0.283854 0.534722 0.266493 0.548611 0.253472 0.560185 0.243924 0.562500 0.230903 0.568287 0.212674 0.556713 0.207465 0.537037 0.209201 0.517361 0.210069 0.491898 0.210938 0.478009 0.220486 0.468750 0.229167 0.471065
0 0.391927 0.413194 0.096354 0.122685 0.368056 0.366898 0.372396 0.359954 0.384549 0.353009 0.402778 0.351852 0.420139 0.370370 0.427951 0.393519 0.437500 0.417824 0.440104 0.438657 0.433160 0.462963 0.427951 0.474537 0.401910 0.474537 0.387153 0.472222 0.371528 0.467593 0.361111 0.460648 0.353299 0.445602 0.347222 0.432870 0.343750 0.414352 0.343750 0.400463 0.358507 0.372685
0 0.342014 0.512731 0.071181 0.106481 0.310764 0.474537 0.306424 0.482639 0.308160 0.503472 0.322049 0.531250 0.334201 0.552083 0.346354 0.563657 0.351562 0.565972 0.361979 0.565972 0.367188 0.540509 0.368056 0.521991 0.371528 0.508102 0.377604 0.494213 0.375000 0.478009 0.360243 0.460648 0.349826 0.459491 0.341146 0.461806 0.335069 0.467593 0.324653 0.472222
0 0.419705 0.557870 0.072049 0.104167 0.417535 0.509259 0.429688 0.505787 0.449653 0.519676 0.449653 0.532407 0.453125 0.550926 0.453993 0.567130 0.454861 0.589120 0.455729 0.603009 0.448785 0.609954 0.434896 0.606481 0.423611 0.603009 0.409722 0.600694 0.395833 0.593750 0.386285 0.574074 0.383681 0.556713 0.396701 0.540509 0.405382 0.527778
0 0.393229 0.646991 0.069444 0.087963 0.390625 0.623843 0.398438 0.623843 0.410590 0.619213 0.412326 0.603009 0.424479 0.611111 0.427951 0.643519 0.427951 0.649306 0.427083 0.666667 0.423611 0.685185 0.418403 0.690972 0.410590 0.690972 0.397569 0.680556 0.389757 0.677083 0.377604 0.671296 0.361979 0.660880 0.358507 0.650463 0.358507 0.629630 0.373264 0.641204
0 0.520833 0.447917 0.060764 0.099537 0.511285 0.398148 0.501736 0.405093 0.493924 0.415509 0.491319 0.427083 0.490451 0.444444 0.492188 0.462963 0.498264 0.476852 0.503472 0.488426 0.513889 0.497685 0.523438 0.494213 0.537326 0.481481 0.546875 0.475694 0.551215 0.467593 0.540799 0.462963 0.532986 0.450231 0.528646 0.444444 0.524306 0.452546 0.509549 0.454861 0.506076 0.442130 0.506076 0.422454 0.517361 0.415509 0.517361 0.409722
0 0.593750 0.485532 0.067708 0.091435 0.625868 0.440972 0.627604 0.456019 0.625868 0.476852 0.625868 0.491898 0.621528 0.511574 0.607639 0.527778 0.593750 0.531250 0.571181 0.512731 0.562500 0.489583 0.559896 0.479167 0.582465 0.476852 0.591146 0.471065 0.598090 0.457176 0.604167 0.447917 0.615451 0.439815
0 0.578993 0.669560 0.059028 0.061343 0.579861 0.642361 0.589410 0.650463 0.597222 0.651620 0.603299 0.638889 0.608507 0.648148 0.608507 0.662037 0.599826 0.678241 0.592014 0.690972 0.585069 0.700231 0.571181 0.697917 0.554688 0.672454 0.552083 0.663194 0.549479 0.657407 0.560764 0.655093
0 0.738281 0.465278 0.084201 0.067130 0.706597 0.435185 0.710938 0.453704 0.729167 0.442130 0.738715 0.435185 0.754340 0.444444 0.769965 0.446759 0.770833 0.431713 0.779514 0.435185 0.780382 0.457176 0.770833 0.475694 0.761285 0.495370 0.751736 0.498843 0.724826 0.488426 0.710069 0.479167 0.700521 0.465278 0.696181 0.447917
0 0.828993 0.555556 0.088542 0.099537 0.869792 0.505787 0.873264 0.523148 0.871528 0.545139 0.862847 0.570602 0.849826 0.591435 0.843750 0.603009 0.829861 0.605324 0.810764 0.587963 0.796875 0.570602 0.788194 0.553241 0.784722 0.540509 0.798611 0.533565 0.802951 0.528935 0.809896 0.525463 0.817708 0.525463 0.833333 0.527778 0.846354 0.512731 0.850694 0.505787
0 0.855903 0.355324 0.078125 0.118056 0.816840 0.381944 0.833333 0.395833 0.848090 0.408565 0.859375 0.414352 0.874132 0.410880 0.879340 0.390046 0.886285 0.359954 0.893229 0.339120 0.894965 0.320602 0.885417 0.304398 0.881076 0.296296 0.855903 0.303241 0.845486 0.333333 0.825521 0.334491