0 0.469618 0.502652 0.071253 0.084394 0.448821 0.461420 0.443396 0.466725 0.441225 0.471547 0.437970 0.477816 0.434353 0.485050 0.434353 0.494213 0.433992 0.505305 0.433992 0.513503 0.438694 0.526042 0.442310 0.532311 0.446651 0.540992 0.450268 0.544367 0.460033 0.544850 0.469437 0.541956 0.482820 0.538098 0.494394 0.531346 0.501266 0.523630 0.505245 0.509645 0.505245 0.503858 0.501989 0.502894 0.495117 0.501929 0.488968 0.498071 0.483543 0.488426 0.479926 0.482639 0.475948 0.476852 0.467267 0.468654 0.460757 0.463831 0.456055 0.460455
0 0.488245 0.587047 0.075231 0.091146 0.468352 0.549190 0.466905 0.554495 0.462203 0.567033 0.459310 0.577160 0.456416 0.589217 0.452799 0.605613 0.451353 0.613812 0.450629 0.620563 0.451353 0.626350 0.454608 0.630691 0.467267 0.632620 0.473416 0.631655 0.483543 0.631173 0.492585 0.630691 0.504521 0.629726 0.511755 0.624904 0.519350 0.621046 0.523329 0.616223 0.525861 0.602720 0.523691 0.591628 0.517904 0.580054 0.513925 0.568962 0.505245 0.552566 0.498011 0.544367 0.495117 0.541956 0.487160 0.541474 0.483181 0.541474 0.477033 0.542438
0 0.588795 0.571856 0.070891 0.102238 0.565285 0.530382 0.561668 0.534722 0.558413 0.541956 0.556604 0.548225 0.554434 0.556424 0.553349 0.566551 0.555519 0.577643 0.558775 0.586323 0.562753 0.593075 0.567093 0.598380 0.575051 0.603684 0.580114 0.608507 0.583731 0.611400 0.588071 0.615258 0.594582 0.620081 0.598560 0.622975 0.603624 0.622975 0.609411 0.618152 0.612666 0.609471 0.615560 0.600309 0.618092 0.591628 0.619538 0.582948 0.620985 0.571856 0.624240 0.558353 0.623879 0.550637 0.622432 0.541474 0.619177 0.532793 0.614837 0.528935 0.608326 0.526524 0.602177 0.525077 0.597475 0.522184 0.590965 0.520737 0.584816 0.520737 0.578668 0.521701 0.574327 0.523630 0.570710 0.526042
0 0.709418 0.582706 0.080657 0.090181 0.672707 0.545332 0.669813 0.554495 0.669090 0.560282 0.671260 0.573785 0.677047 0.584394 0.681749 0.593075 0.687536 0.602238 0.693323 0.607060 0.700919 0.614294 0.711408 0.619599 0.717918 0.624904 0.726237 0.627315 0.733832 0.627797 0.740705 0.617188 0.738896 0.598862 0.737811 0.590664 0.739620 0.579572 0.743236 0.566069 0.749747 0.551601 0.748300 0.542438 0.743236 0.538098 0.734556 0.540027 0.727684 0.540509 0.718280 0.542438 0.712131 0.541474 0.703451 0.537616 0.696217 0.541474 0.690430 0.543885 0.682834 0.543885 0.679217 0.542438 0.675239 0.540992
0 0.715748 0.652633 0.078125 0.092110 0.676685 0.646123 0.678856 0.657697 0.682111 0.663484 0.690791 0.674576 0.696578 0.682292 0.704897 0.690008 0.710684 0.694830 0.714301 0.697242 0.722982 0.698688 0.733109 0.696277 0.737088 0.686150 0.739258 0.682774 0.747577 0.678916 0.753725 0.668306 0.754810 0.650945 0.750470 0.634066 0.748300 0.622010 0.745407 0.613812 0.742513 0.606578 0.739620 0.612365 0.739620 0.621528 0.732747 0.627315 0.728407 0.631655 0.724429 0.633102 0.719365 0.637442 0.714301 0.644194 0.709961 0.649981 0.704897 0.649016 0.699110 0.642265 0.695132 0.639371 0.690430 0.642265 0.684643 0.647569 0.681387 0.649016
0 0.752098 0.488426 0.068359 0.082948 0.739620 0.446952 0.730216 0.447917 0.725152 0.453704 0.721535 0.460938 0.717918 0.470583 0.719003 0.490837 0.722258 0.510127 0.722982 0.515914 0.725875 0.517843 0.732386 0.518808 0.738173 0.520737 0.747938 0.522184 0.754087 0.526042 0.756981 0.529900 0.769640 0.525077 0.769640 0.522184 0.777597 0.521701 0.780490 0.519290 0.784107 0.513503 0.785554 0.500000 0.786277 0.490355 0.783384 0.484086 0.777597 0.477334 0.771087 0.470100 0.764938 0.463831 0.758427 0.458526 0.753364 0.454668 0.747577 0.450810 0.743598 0.448399
0 0.808160 0.554253 0.067636 0.094039 0.778682 0.523148 0.778682 0.531829 0.777959 0.547261 0.775788 0.557870 0.774342 0.566069 0.774342 0.575714 0.774342 0.585841 0.775788 0.592593 0.779767 0.598380 0.785916 0.601273 0.794958 0.600309 0.806894 0.593557 0.814851 0.591628 0.822446 0.589699 0.831850 0.583430 0.837276 0.569444 0.841616 0.560764 0.841978 0.547743 0.836191 0.530382 0.830765 0.523630 0.824978 0.519772 0.819191 0.517843 0.813043 0.511574 0.805809 0.508681 0.798937 0.507234 0.791341 0.507234 0.786639 0.509645 0.784107 0.514468
0 0.877604 0.556665 0.063296 0.088252 0.845956 0.545814 0.845956 0.554977 0.848488 0.563175 0.856445 0.569444 0.860424 0.573785 0.865849 0.578607 0.872721 0.586806 0.877785 0.592593 0.882487 0.596933 0.890082 0.600791 0.898763 0.600309 0.900933 0.596933 0.903465 0.590664 0.906359 0.583912 0.907082 0.573302 0.905997 0.565586 0.906359 0.553530 0.909252 0.538580 0.907805 0.526042 0.904912 0.521219 0.901295 0.515432 0.896955 0.512539 0.891529 0.513985 0.886827 0.519772 0.884295 0.523630 0.874891 0.521219 0.869828 0.516879 0.865126 0.513985 0.858254 0.515432 0.853913 0.520255 0.852828 0.523148 0.852105 0.528935 0.850658 0.536651 0.848850 0.541474
0 0.886827 0.694589 0.073785 0.077643 0.850297 0.669753 0.849935 0.676505 0.850658 0.679880 0.853913 0.685667 0.858977 0.695312 0.863679 0.701582 0.869466 0.706404 0.875615 0.710262 0.885019 0.716049 0.890082 0.722801 0.898763 0.728588 0.903827 0.730035 0.911060 0.733410 0.921549 0.732446 0.923720 0.723283 0.921549 0.707851 0.921549 0.690490 0.921911 0.677469 0.922635 0.663002 0.921188 0.655768 0.916848 0.655768 0.912869 0.663484 0.909252 0.669271 0.903827 0.672164 0.895508 0.670235 0.887551 0.664448 0.883210 0.659626 0.878147 0.658661 0.871998 0.662519 0.866211 0.666860 0.858977 0.667824 0.853913 0.667824
0 0.937826 0.607784 0.077402 0.087288 0.899125 0.608507 0.900210 0.615741 0.908529 0.622492 0.916124 0.627315 0.926613 0.632137 0.936379 0.636478 0.940719 0.638889 0.950846 0.641300 0.960612 0.649981 0.968207 0.651427 0.973633 0.644194 0.976526 0.632137 0.974718 0.623939 0.973271 0.615258 0.973271 0.603202 0.973271 0.583430 0.966761 0.574267 0.963144 0.567033 0.959527 0.564140 0.955187 0.568480 0.949400 0.573785 0.939272 0.577643 0.933124 0.579572 0.929507 0.581983 0.926975 0.584394 0.924805 0.593557 0.920464 0.598380 0.915401 0.598862 0.908890 0.599344 0.903465 0.600309 0.900210 0.603202
0 0.949580 0.464796 0.096571 0.096451 0.903103 0.466242 0.902018 0.472512 0.901295 0.479263 0.904188 0.488908 0.911422 0.496624 0.917209 0.500000 0.924805 0.502411 0.937102 0.506752 0.943974 0.510610 0.955187 0.512056 0.968207 0.512056 0.977250 0.512056 0.984122 0.513021 0.992079 0.510610 0.993887 0.505305 0.997866 0.495177 0.996781 0.487944 0.993164 0.476852 0.991356 0.467207 0.986292 0.452739 0.981228 0.439718 0.977973 0.432485 0.975803 0.429109 0.972186 0.425733 0.966399 0.421875 0.959165 0.419464 0.951570 0.416570 0.946144 0.416570 0.940719 0.419464 0.933485 0.427180 0.929868 0.431038 0.926975 0.434414 0.922996 0.439718 0.919018 0.445023 0.911060 0.452739 0.907805 0.455633 0.904550 0.459973