0 0.072275 0.580289 0.104880 0.125571 0.020548 0.546043 0.019834 0.552702 0.020548 0.572679 0.025542 0.584094 0.033390 0.591705 0.045519 0.600266 0.055508 0.609779 0.066924 0.622146 0.081906 0.634513 0.097603 0.643075 0.111872 0.637367 0.119007 0.625951 0.122574 0.606925 0.124715 0.587900 0.124715 0.566020 0.123288 0.548896 0.119007 0.531773 0.116153 0.522260 0.109732 0.517504 0.096176 0.517504 0.094035 0.528919 0.082620 0.543189 0.064070 0.539384 0.054795 0.537481 0.046946 0.541286 0.036958 0.549848
0 0.147189 0.636891 0.087757 0.097983 0.103311 0.646880 0.104024 0.656393 0.113299 0.664003 0.127568 0.667808 0.138271 0.674467 0.146832 0.677321 0.152540 0.680175 0.168950 0.685883 0.183219 0.682078 0.188213 0.673516 0.189640 0.664003 0.191067 0.650685 0.186073 0.636416 0.182506 0.622146 0.178938 0.615487 0.176084 0.605974 0.170377 0.595510 0.163955 0.588851 0.159675 0.587900 0.148259 0.588851 0.143265 0.591705 0.138984 0.598364 0.136844 0.605974 0.135417 0.613584 0.126142 0.621195 0.121147 0.625000 0.114726 0.630708 0.112586 0.635464
0 0.175728 0.466134 0.093465 0.102740 0.143978 0.414764 0.133990 0.422374 0.130422 0.433790 0.128995 0.442352 0.128995 0.456621 0.133990 0.468988 0.147546 0.489916 0.151113 0.496575 0.159675 0.507991 0.169663 0.513699 0.177511 0.517504 0.189640 0.513699 0.198916 0.503234 0.211045 0.487062 0.218179 0.474696 0.221747 0.464231 0.221747 0.454718 0.222460 0.447108 0.218893 0.443303 0.216752 0.449011 0.213185 0.449011 0.204623 0.449011 0.195348 0.449011 0.191067 0.446157 0.191067 0.456621 0.187500 0.461377 0.181079 0.460426 0.171804 0.448059 0.171090 0.439498 0.164669 0.431887 0.155394 0.427131
0 0.253853 0.536054 0.077055 0.092275 0.232449 0.489916 0.221033 0.491819 0.216039 0.507040 0.215325 0.529871 0.216039 0.546043 0.217466 0.556507 0.217466 0.567922 0.224600 0.578387 0.233876 0.582192 0.243151 0.582192 0.250999 0.577435 0.263128 0.572679 0.275970 0.566020 0.286672 0.559361 0.292380 0.551750 0.292380 0.546043 0.286672 0.538432 0.278824 0.531773 0.275257 0.524163 0.270263 0.522260 0.258134 0.516553 0.250999 0.498478 0.246005 0.492770
0 0.397617 0.421423 0.096318 0.123668 0.366581 0.378615 0.355166 0.392884 0.349458 0.412861 0.349458 0.426180 0.349458 0.441400 0.355879 0.454718 0.363727 0.465183 0.371575 0.472793 0.388699 0.475647 0.413670 0.480403 0.425086 0.483257 0.441495 0.480403 0.445776 0.468988 0.445063 0.449011 0.441495 0.432839 0.438642 0.417618 0.435074 0.400495 0.430793 0.389079 0.427226 0.381469 0.418664 0.371956 0.407249 0.366248 0.392979 0.359589 0.378710 0.367199
0 0.344463 0.516077 0.079909 0.117009 0.339469 0.473744 0.334475 0.481355 0.327340 0.486111 0.320205 0.489916 0.314498 0.489916 0.308076 0.489916 0.304509 0.506088 0.314498 0.527017 0.320919 0.541286 0.325913 0.550799 0.336615 0.561263 0.358019 0.571728 0.370862 0.574581 0.377997 0.566020 0.375143 0.536530 0.377997 0.525114 0.383704 0.507991 0.384418 0.497527 0.384418 0.490868 0.380137 0.479452 0.365868 0.468988 0.359446 0.464231 0.353025 0.457572
0 0.428296 0.567447 0.074914 0.111301 0.421518 0.522260 0.417237 0.527968 0.412957 0.535578 0.405822 0.542237 0.397260 0.550799 0.390839 0.564117 0.390839 0.582192 0.399401 0.604072 0.408676 0.605974 0.417237 0.607877 0.435788 0.619292 0.449344 0.623097 0.460759 0.621195 0.465753 0.618341 0.465753 0.610731 0.462900 0.598364 0.462900 0.586948 0.461473 0.576484 0.459332 0.566020 0.457192 0.554604 0.455765 0.544140 0.455765 0.531773 0.450057 0.522260 0.440782 0.513699 0.426513 0.511796
0 0.397617 0.659722 0.072061 0.088470 0.367295 0.639269 0.362300 0.650685 0.361587 0.661149 0.367295 0.669711 0.379424 0.683029 0.390839 0.690639 0.397974 0.696347 0.404395 0.701104 0.415811 0.703957 0.422945 0.703006 0.431507 0.692542 0.433647 0.682078 0.433647 0.661149 0.433647 0.647831 0.430080 0.630708 0.428653 0.622146 0.423659 0.615487 0.420805 0.632610 0.411530 0.633562 0.402255 0.632610 0.395833 0.632610 0.393693 0.644977 0.389412 0.651636 0.382277 0.653539 0.377997 0.647831
0 0.528539 0.459951 0.061358 0.103691 0.512842 0.408105 0.502140 0.421423 0.500713 0.437595 0.499287 0.449011 0.498573 0.460426 0.497860 0.469939 0.500000 0.485160 0.504994 0.494673 0.516410 0.511796 0.524258 0.510845 0.534247 0.506088 0.541381 0.498478 0.552797 0.486111 0.559218 0.477549 0.559218 0.470890 0.544949 0.463280 0.542808 0.449011 0.539241 0.450913 0.532106 0.458524 0.517123 0.463280 0.512842 0.459475 0.512842 0.445205 0.516410 0.429033 0.519977 0.421423
0 0.602383 0.489441 0.063499 0.092275 0.626998 0.443303 0.632705 0.455670 0.634132 0.472793 0.634132 0.485160 0.633419 0.500381 0.631279 0.515601 0.623430 0.526065 0.612728 0.532725 0.602740 0.535578 0.589897 0.532725 0.580622 0.526065 0.575628 0.511796 0.572061 0.496575 0.570634 0.486111 0.570634 0.480403 0.580622 0.485160 0.585616 0.485160 0.592751 0.479452 0.598459 0.471842 0.607734 0.465183 0.614155 0.458524 0.620576 0.450913
0 0.587400 0.675894 0.066353 0.065639 0.554224 0.662100 0.554937 0.677321 0.562072 0.688737 0.568493 0.696347 0.573487 0.702055 0.583476 0.707763 0.595605 0.708714 0.607021 0.696347 0.611301 0.681126 0.617009 0.669711 0.620576 0.660198 0.620576 0.651636 0.617009 0.645928 0.612015 0.643075 0.612728 0.658295 0.606307 0.662100 0.599886 0.659247 0.594178 0.650685 0.587043 0.644977 0.583476 0.653539 0.574914 0.659247 0.569207 0.659247 0.562072 0.660198
0 0.746504 0.470890 0.083476 0.062785 0.705479 0.447108 0.704766 0.461377 0.707620 0.471842 0.715468 0.481355 0.728311 0.489916 0.739013 0.495624 0.745434 0.497527 0.755422 0.497527 0.762557 0.502283 0.777540 0.487062 0.783961 0.472793 0.788242 0.460426 0.788242 0.449011 0.788242 0.441400 0.774686 0.439498 0.775400 0.455670 0.766124 0.458524 0.757563 0.451865 0.748288 0.447108 0.728311 0.460426 0.717608 0.459475 0.714041 0.448059
0 0.857449 0.357211 0.084189 0.111301 0.815354 0.376712 0.831050 0.390030 0.846033 0.402397 0.863156 0.412861 0.877426 0.412861 0.881707 0.407154 0.881707 0.392884 0.884561 0.376712 0.889555 0.366248 0.893836 0.354833 0.897403 0.341514 0.899543 0.331050 0.896689 0.324391 0.895263 0.312024 0.891695 0.301560 0.883847 0.307268 0.870291 0.307268 0.866010 0.312024 0.859589 0.314878 0.856022 0.320586 0.855308 0.329148 0.852454 0.333904 0.846747 0.338661 0.839612 0.339612 0.828910 0.340563 0.828196 0.359589 0.826056 0.370053
0 0.838542 0.557458 0.087757 0.104642 0.880280 0.506088 0.880993 0.520358 0.882420 0.531773 0.882420 0.544140 0.877426 0.565068 0.874572 0.572679 0.869578 0.582192 0.863156 0.597412 0.856022 0.603120 0.848887 0.609779 0.834618 0.605023 0.828196 0.598364 0.820348 0.590753 0.816067 0.583143 0.810360 0.573630 0.805365 0.565068 0.797517 0.554604 0.794663 0.548896 0.799658 0.542237 0.811073 0.535578 0.821062 0.527968 0.838898 0.527968 0.844606 0.522260 0.848174 0.514650 0.853168 0.508942 0.861729 0.507040 0.872432 0.505137