0 0.247656 0.376354 0.081562 0.086458 0.224062 0.343750 0.209687 0.374375 0.206875 0.387083 0.207969 0.397500 0.212188 0.402083 0.212500 0.406875 0.227344 0.419583 0.235781 0.419583 0.259219 0.413125 0.272656 0.412708 0.281406 0.410417 0.287031 0.405625 0.288438 0.395833 0.286406 0.387500 0.279844 0.376250 0.258281 0.343750 0.247031 0.333125 0.234063 0.333333 0.229531 0.335625 0.225937 0.338542
0 0.217500 0.500104 0.073750 0.096875 0.215781 0.451667 0.216562 0.468333 0.222812 0.482500 0.230469 0.482917 0.240625 0.468958 0.240937 0.455625 0.253437 0.465000 0.254375 0.486250 0.244219 0.510000 0.239687 0.535833 0.233438 0.543750 0.228281 0.548125 0.224844 0.548542 0.209063 0.526667 0.191562 0.508125 0.185625 0.500000 0.181719 0.490625 0.180625 0.477917 0.181250 0.466667 0.195625 0.454375
0 0.170000 0.605833 0.062500 0.076250 0.147187 0.570625 0.138750 0.589167 0.140937 0.602292 0.147812 0.620000 0.150000 0.620625 0.149063 0.625000 0.153125 0.636458 0.157969 0.642500 0.162656 0.643958 0.172031 0.643125 0.175937 0.640833 0.190781 0.631458 0.201250 0.628125 0.201094 0.618750 0.192656 0.611250 0.187969 0.617708 0.179219 0.624375 0.173594 0.626250 0.167656 0.623958 0.166250 0.612292 0.167187 0.603333 0.168281 0.595417 0.158906 0.591667 0.145469 0.583750 0.157969 0.573750 0.150000 0.567708
0 0.390312 0.471875 0.062812 0.077917 0.370469 0.433125 0.364844 0.445625 0.360625 0.456875 0.359219 0.467708 0.358906 0.480625 0.367656 0.491667 0.367344 0.499375 0.376406 0.510000 0.388750 0.510833 0.396094 0.508125 0.400000 0.502500 0.407031 0.501875 0.413281 0.498542 0.417812 0.493958 0.421094 0.488750 0.421719 0.483750 0.415937 0.476250 0.413594 0.476250 0.412656 0.479792 0.406719 0.478125 0.401406 0.468125 0.400781 0.458750 0.397656 0.457917 0.390625 0.444792 0.389062 0.437500 0.379688 0.436250 0.374688 0.432917
0 0.404219 0.550000 0.069375 0.087917 0.380938 0.527500 0.369844 0.570208 0.369531 0.583333 0.375781 0.592500 0.379688 0.593750 0.394375 0.593958 0.414687 0.591250 0.425312 0.587083 0.438906 0.577500 0.436875 0.558958 0.432812 0.542083 0.423906 0.526458 0.416563 0.515000 0.411562 0.507917 0.405000 0.506042 0.398594 0.506875 0.392969 0.510000 0.388750 0.514792
0 0.498984 0.549687 0.063594 0.096875 0.467187 0.544375 0.471094 0.557500 0.477969 0.568750 0.489687 0.580000 0.495781 0.592083 0.506563 0.598125 0.513125 0.589375 0.519844 0.568333 0.529062 0.543542 0.530781 0.538750 0.530469 0.529375 0.524062 0.515208 0.517188 0.509375 0.509375 0.504583 0.493906 0.501250 0.484844 0.502500 0.477344 0.507917 0.472187 0.517500 0.468281 0.526875
0 0.600234 0.575833 0.067656 0.081667 0.566406 0.543542 0.566406 0.561667 0.574062 0.574792 0.595938 0.605208 0.602500 0.615625 0.612656 0.616667 0.617656 0.612500 0.625312 0.599792 0.624688 0.581042 0.634062 0.557500 0.633594 0.546875 0.621563 0.542500 0.617344 0.550417 0.612812 0.550000 0.603594 0.546875 0.597969 0.536875 0.583281 0.547500 0.574062 0.546875 0.573438 0.535000
0 0.604609 0.623958 0.061094 0.075417 0.574062 0.625625 0.579219 0.638125 0.590938 0.654583 0.605625 0.661667 0.614531 0.660833 0.633125 0.643958 0.633750 0.634583 0.635156 0.630000 0.634531 0.600833 0.631406 0.593333 0.628594 0.588125 0.625156 0.586250 0.625781 0.600000 0.617344 0.612917 0.613438 0.616875 0.604688 0.615833 0.600313 0.622500 0.598750 0.631250 0.592344 0.631667 0.586094 0.621458 0.585938 0.614375
0 0.650234 0.489687 0.058594 0.088125 0.630781 0.445625 0.621250 0.459583 0.620937 0.472917 0.621094 0.490000 0.623281 0.498542 0.622656 0.521042 0.628125 0.523958 0.634531 0.533750 0.638750 0.533750 0.651406 0.524375 0.666875 0.515000 0.675938 0.511875 0.679531 0.506667 0.679531 0.498750 0.667969 0.486458 0.667344 0.474792 0.651406 0.457500
0 0.690391 0.543438 0.064531 0.083125 0.667188 0.515417 0.658125 0.565000 0.658125 0.573958 0.660156 0.580833 0.665000 0.585000 0.674219 0.585000 0.681250 0.583333 0.683281 0.580000 0.695312 0.580000 0.707031 0.574375 0.716406 0.567500 0.719688 0.556250 0.722656 0.552917 0.721094 0.534583 0.711875 0.523333 0.699219 0.509375 0.688750 0.501875 0.679375 0.502292 0.679844 0.506875 0.676406 0.511458
0 0.750781 0.551354 0.053750 0.079792 0.723906 0.533750 0.730781 0.541875 0.730938 0.547292 0.739062 0.559375 0.727500 0.551458 0.727031 0.554167 0.739219 0.571875 0.743281 0.575000 0.746250 0.579375 0.747656 0.583750 0.750938 0.586875 0.759062 0.591250 0.768281 0.582708 0.768750 0.568750 0.774062 0.552917 0.777031 0.541875 0.777656 0.529375 0.775312 0.523750 0.773125 0.516250 0.767344 0.511458 0.761562 0.511667 0.763906 0.514792 0.763281 0.524792 0.759844 0.525000 0.754219 0.518750 0.750156 0.518125 0.750312 0.513542 0.730156 0.516875 0.729531 0.521875 0.724531 0.526250
0 0.749688 0.662500 0.058750 0.062500 0.730781 0.641250 0.743906 0.632708 0.747344 0.632292 0.760313 0.647292 0.767344 0.645417 0.766875 0.631250 0.779062 0.635417 0.778594 0.649375 0.775312 0.662083 0.774844 0.681875 0.767188 0.693542 0.758594 0.693750 0.747188 0.682500 0.736250 0.673542 0.726719 0.662292 0.721406 0.652500 0.720313 0.640208
0 0.792891 0.593229 0.060781 0.080208 0.762500 0.593125 0.762656 0.599167 0.768750 0.608333 0.776719 0.617292 0.789687 0.622083 0.806094 0.633125 0.814844 0.633333 0.821250 0.626875 0.822656 0.615625 0.820937 0.613125 0.820469 0.605625 0.823281 0.604792 0.822969 0.589375 0.822188 0.581250 0.819531 0.571042 0.815312 0.560625 0.806563 0.553125 0.799844 0.556875 0.810469 0.562500 0.810312 0.575208 0.799531 0.579375 0.788594 0.576667 0.781250 0.592500 0.768594 0.589375
0 0.812344 0.486146 0.074063 0.089375 0.775312 0.489167 0.775625 0.494792 0.781250 0.507500 0.790312 0.516250 0.803281 0.521875 0.825469 0.528125 0.834531 0.530833 0.842969 0.529167 0.848594 0.521667 0.849375 0.510000 0.847344 0.489792 0.841719 0.460208 0.834688 0.450833 0.828281 0.444792 0.822031 0.441458 0.812500 0.442708 0.799375 0.458333 0.798125 0.465625 0.784687 0.480417 0.781875 0.479375
0 0.855625 0.518021 0.065000 0.079375 0.823438 0.527083 0.823125 0.538333 0.827969 0.543958 0.832812 0.545833 0.836250 0.554167 0.847188 0.557708 0.858750 0.556250 0.883437 0.538958 0.883906 0.534167 0.888125 0.528542 0.887813 0.520208 0.882188 0.514583 0.881094 0.519583 0.875156 0.520625 0.871250 0.515208 0.872188 0.494583 0.868437 0.486458 0.863125 0.485417 0.857500 0.478333 0.850469 0.478750 0.846250 0.481458 0.847969 0.490000 0.849375 0.511458 0.848437 0.522500 0.843125 0.529583 0.834375 0.530417
0 0.911094 0.553646 0.058750 0.055625 0.881719 0.541250 0.881719 0.550417 0.886250 0.565833 0.890469 0.576250 0.897813 0.580833 0.908125 0.581458 0.919687 0.574583 0.926719 0.572083 0.930000 0.566875 0.930000 0.563333 0.939844 0.547083 0.940469 0.530833 0.938438 0.525833 0.924219 0.532083 0.920469 0.530833 0.920312 0.535000 0.912656 0.542708 0.903594 0.542083 0.903594 0.528125 0.896875 0.530833 0.889844 0.534167
0 0.892969 0.672813 0.064688 0.073542 0.872656 0.636042 0.865312 0.639167 0.860625 0.662708 0.860938 0.689375 0.866875 0.698333 0.875625 0.700208 0.883125 0.709583 0.904687 0.706458 0.922031 0.687083 0.925313 0.669792 0.912969 0.658542 0.908438 0.661250 0.906719 0.666458 0.900625 0.667292 0.897188 0.668333 0.890156 0.667917 0.886406 0.660833 0.886719 0.645417