0 0.078750 0.329583 0.074687 0.073333 0.073750 0.292917 0.062344 0.296042 0.055156 0.301042 0.048438 0.309167 0.041406 0.324167 0.042344 0.341458 0.046875 0.350417 0.055313 0.360208 0.072188 0.366250 0.087969 0.366042 0.095937 0.358958 0.110156 0.357083 0.116094 0.349583 0.115937 0.337917 0.105781 0.321875 0.092031 0.304583 0.086094 0.299375 0.079063 0.294167
0 0.047734 0.425313 0.068281 0.083958 0.030312 0.385417 0.030156 0.394792 0.037344 0.402292 0.046875 0.401667 0.053906 0.394167 0.060313 0.386875 0.077812 0.399583 0.081719 0.410833 0.081875 0.419792 0.058594 0.463958 0.051562 0.467292 0.045625 0.466042 0.032188 0.444792 0.022031 0.432917 0.015781 0.414167 0.013594 0.405417 0.013906 0.398750 0.017344 0.389375 0.023750 0.383333
0 0.023438 0.539062 0.046875 0.043958 0.000469 0.522083 0.008594 0.517083 0.027344 0.531458 0.030781 0.529792 0.035313 0.525417 0.038125 0.518958 0.046875 0.519792 0.046250 0.530625 0.013906 0.561042 0.004063 0.561042 0.000000 0.556667
0 0.188828 0.402292 0.060156 0.065417 0.166406 0.369583 0.159688 0.379167 0.158750 0.392917 0.161719 0.399375 0.165000 0.408750 0.166406 0.416250 0.167813 0.420417 0.168594 0.431458 0.175156 0.435000 0.184219 0.433333 0.187812 0.429167 0.186406 0.417917 0.198125 0.425417 0.205781 0.421042 0.212812 0.415000 0.218906 0.402708 0.214219 0.395833 0.206562 0.400417 0.194219 0.396667 0.189844 0.388333 0.184688 0.391042 0.181094 0.392083 0.173437 0.385417 0.171250 0.377917 0.171406 0.373333
0 0.194182 0.468866 0.064031 0.079807 0.197139 0.437314 0.197835 0.453786 0.204099 0.463298 0.209145 0.464922 0.214191 0.474666 0.215235 0.490442 0.220107 0.491138 0.222195 0.484178 0.226197 0.487890 0.223413 0.490906 0.224109 0.496706 0.211581 0.505058 0.192442 0.506218 0.183046 0.508769 0.170170 0.508305 0.162166 0.495546 0.163558 0.489514 0.168430 0.476986 0.169648 0.462834 0.173128 0.452394 0.179392 0.441490 0.184090 0.435226 0.188440 0.430586 0.192442 0.428963
0 0.272829 0.456454 0.061595 0.086535 0.242031 0.437314 0.243771 0.453322 0.248121 0.471186 0.257691 0.493922 0.261693 0.497866 0.269523 0.499722 0.277874 0.492066 0.282746 0.491138 0.300842 0.466546 0.303626 0.455642 0.302408 0.445666 0.298580 0.436154 0.295796 0.433602 0.287618 0.433602 0.286400 0.425251 0.287096 0.422699 0.282572 0.418291 0.266391 0.413187 0.252297 0.418291 0.249513 0.422467 0.248121 0.428731
0 0.334163 0.460166 0.065597 0.091639 0.308150 0.418987 0.303626 0.431050 0.301364 0.443346 0.303974 0.457034 0.305888 0.461210 0.317198 0.472578 0.327986 0.488354 0.339992 0.502970 0.345038 0.505986 0.352519 0.502970 0.357217 0.492530 0.362959 0.471650 0.366613 0.446130 0.366961 0.425715 0.363133 0.418523 0.357217 0.415971 0.354607 0.420147 0.337556 0.416899 0.333380 0.414347 0.329030 0.416899 0.319286 0.418987 0.315458 0.416899
0 0.366352 0.530577 0.062117 0.090015 0.335294 0.517121 0.335642 0.530577 0.339644 0.541713 0.365047 0.571873 0.378445 0.575585 0.384187 0.567001 0.392017 0.561897 0.395149 0.554705 0.397411 0.540553 0.396367 0.519209 0.393757 0.506682 0.388189 0.494618 0.382795 0.489050 0.376531 0.485570 0.372529 0.486266 0.369397 0.491602 0.358087 0.499258 0.356173 0.496706 0.352519 0.502970 0.345212 0.507841
0 0.406198 0.401819 0.061769 0.091871 0.389407 0.357739 0.379489 0.368643 0.378793 0.374211 0.375313 0.379083 0.375313 0.390915 0.381751 0.409475 0.386275 0.419451 0.387667 0.431978 0.393235 0.443810 0.399847 0.447754 0.404893 0.445666 0.419335 0.429890 0.433602 0.406923 0.437082 0.397179 0.436386 0.380939 0.429774 0.381867 0.424555 0.379779 0.420379 0.390219 0.413071 0.389059 0.408373 0.383027 0.407851 0.370499 0.396019 0.355883
0 0.455265 0.449726 0.063857 0.084215 0.447348 0.407619 0.459354 0.417131 0.472578 0.436154 0.478842 0.447754 0.487194 0.452626 0.485280 0.457730 0.479886 0.468866 0.469272 0.481394 0.446478 0.485570 0.439866 0.491834 0.428557 0.491834 0.423337 0.483946 0.423337 0.471650 0.425773 0.457266 0.427687 0.450538 0.428209 0.433834 0.430296 0.425483 0.439344 0.409707
0 0.520688 0.455874 0.057245 0.089087 0.497112 0.420147 0.493284 0.431050 0.492066 0.443578 0.496242 0.460746 0.505812 0.473506 0.511727 0.476986 0.525299 0.498330 0.533477 0.500418 0.540263 0.492298 0.539393 0.479306 0.545135 0.459122 0.549311 0.449378 0.549311 0.440562 0.546527 0.428499 0.542177 0.420843 0.538697 0.415507 0.531563 0.412491 0.523037 0.411331 0.511205 0.419451 0.504594 0.416667
0 0.566537 0.370615 0.072383 0.093031 0.539741 0.344284 0.533999 0.350780 0.530345 0.363771 0.530519 0.383491 0.544091 0.406459 0.553835 0.413419 0.571757 0.416899 0.576281 0.415275 0.585503 0.417131 0.595246 0.413883 0.600814 0.405531 0.602728 0.396715 0.602032 0.384187 0.597856 0.354491 0.594202 0.344980 0.588460 0.336164 0.582893 0.330364 0.576629 0.326188 0.565667 0.324100 0.559403 0.325028 0.553487 0.328276 0.544091 0.335004
0 0.577760 0.501230 0.060029 0.091175 0.563405 0.472810 0.555053 0.478842 0.549659 0.485570 0.547919 0.499258 0.547745 0.518281 0.556619 0.527329 0.567233 0.533361 0.575063 0.533825 0.586024 0.541249 0.596116 0.546817 0.602728 0.545889 0.607426 0.540553 0.607774 0.528721 0.606034 0.518281 0.605164 0.487890 0.603598 0.479074 0.599422 0.470258 0.596290 0.463994 0.587068 0.455642 0.576977 0.455642 0.573323 0.464690
0 0.548702 0.586720 0.058289 0.081663 0.530693 0.550993 0.538871 0.561433 0.548093 0.558881 0.551399 0.545889 0.572975 0.548209 0.576629 0.558649 0.577847 0.571409 0.575933 0.613632 0.573497 0.622448 0.568451 0.626160 0.562535 0.627552 0.547223 0.613168 0.536261 0.605280 0.522167 0.588112 0.521123 0.580921 0.519557 0.573033 0.521645 0.564449 0.522863 0.558417
0 0.662236 0.433718 0.054635 0.082823 0.651622 0.392307 0.645532 0.395091 0.639616 0.405995 0.636484 0.423627 0.634918 0.460514 0.648838 0.475130 0.659974 0.474434 0.683811 0.449146 0.687291 0.448218 0.689553 0.438938 0.687465 0.427339 0.683115 0.430586 0.679983 0.417827 0.672849 0.409011 0.672153 0.414115 0.665019 0.415275 0.655624 0.413883 0.649360 0.405995 0.649708 0.402283
0 0.709375 0.602604 0.058750 0.073542 0.680000 0.569167 0.680469 0.599583 0.684531 0.625625 0.694063 0.634375 0.705313 0.639375 0.715156 0.637500 0.727187 0.618750 0.738750 0.591250 0.738125 0.580000 0.735313 0.571042 0.731406 0.575625 0.722344 0.574375 0.712500 0.565833 0.702187 0.572917 0.693281 0.573750 0.689219 0.575625 0.682188 0.574167
0 0.846562 0.421563 0.074062 0.078542 0.809531 0.398125 0.810937 0.430000 0.828281 0.443750 0.834688 0.447708 0.846406 0.458542 0.852656 0.460833 0.863281 0.458750 0.871406 0.448333 0.875938 0.425833 0.883594 0.407083 0.882188 0.386250 0.878438 0.382292 0.872031 0.385833 0.871719 0.399583 0.867188 0.400625 0.850469 0.391667 0.842812 0.390208 0.825937 0.407917 0.818594 0.406458 0.818125 0.395000
0 0.933672 0.491875 0.084219 0.107500 0.891563 0.474167 0.917969 0.453958 0.946406 0.440208 0.959062 0.438125 0.967812 0.443750 0.970313 0.452917 0.975781 0.461250 0.975313 0.476250 0.968750 0.505417 0.962969 0.512500 0.961562 0.525625 0.947188 0.545625 0.937500 0.545417 0.930937 0.539375 0.924219 0.531875 0.905000 0.506042 0.895156 0.498958 0.892344 0.488750
0 0.724554 0.458207 0.061836 0.084345 0.693636 0.443868 0.696008 0.434801 0.709135 0.440494 0.741871 0.416034 0.747248 0.419197 0.755472 0.440916 0.750727 0.482878 0.744560 0.494054 0.734438 0.493632 0.727638 0.500380 0.715302 0.500169 0.707079 0.487939 0.695218 0.469593
0 0.933625 0.327366 0.084609 0.105221 0.893060 0.332532 0.907768 0.347293 0.910615 0.339701 0.910140 0.313343 0.955687 0.274755 0.963753 0.279394 0.971660 0.290781 0.975930 0.310813 0.969130 0.338647 0.966757 0.370909 0.961380 0.379976 0.943984 0.379766 0.932281 0.370698 0.920578 0.360788 0.910615 0.360155 0.900652 0.355938 0.891321 0.338858