0 0.319017 0.415096 0.077732 0.086893 0.302921 0.371650 0.292714 0.382119 0.283291 0.400963 0.280151 0.413526 0.280151 0.427136 0.282506 0.443886 0.289573 0.454355 0.304491 0.458543 0.313128 0.458543 0.324906 0.458543 0.336683 0.456449 0.346891 0.451214 0.357098 0.445980 0.357883 0.435511 0.357098 0.421901 0.347676 0.408291 0.336683 0.396776 0.328832 0.386307 0.319410 0.374791
0 0.283684 0.546482 0.071451 0.110972 0.271514 0.490997 0.262877 0.494137 0.254240 0.506700 0.247959 0.527638 0.249529 0.549623 0.255810 0.565327 0.265232 0.575796 0.272299 0.588358 0.280151 0.598827 0.290358 0.601968 0.298210 0.598827 0.308417 0.578936 0.313913 0.565327 0.317839 0.548576 0.319410 0.530779 0.317054 0.518216 0.306847 0.506700 0.298210 0.514028 0.282506 0.522404 0.275440 0.512982
0 0.229507 0.687814 0.069881 0.087940 0.203204 0.643844 0.194567 0.656407 0.194567 0.672111 0.200848 0.697236 0.202418 0.712940 0.207129 0.728643 0.214981 0.731784 0.229114 0.723409 0.241677 0.715034 0.255810 0.707705 0.264447 0.696189 0.256595 0.688861 0.242462 0.682580 0.226759 0.693049 0.219692 0.689908 0.214196 0.681533 0.219692 0.659548
0 0.472519 0.517693 0.078518 0.091080 0.453675 0.472152 0.439541 0.506700 0.433260 0.520310 0.457601 0.563233 0.472519 0.556951 0.490578 0.546482 0.503926 0.534966 0.511778 0.519263 0.496859 0.514028 0.487437 0.505653 0.479585 0.489950 0.473304 0.483668
0 0.490970 0.610343 0.076162 0.106784 0.487437 0.556951 0.468593 0.564280 0.463097 0.594640 0.458386 0.618719 0.452889 0.645938 0.459956 0.663735 0.485082 0.662688 0.511778 0.652219 0.529052 0.643844 0.528266 0.619765 0.523555 0.598827 0.517274 0.578936 0.504711 0.562186
0 0.604428 0.597781 0.076947 0.117253 0.589510 0.544389 0.566740 0.574749 0.565955 0.605109 0.580873 0.630235 0.600503 0.650126 0.615421 0.655360 0.627198 0.656407 0.631124 0.639657 0.642902 0.609296 0.642902 0.576843 0.639761 0.553811 0.625628 0.544389 0.607569 0.539154
0 0.741442 0.619242 0.098147 0.112018 0.698649 0.570561 0.692368 0.591499 0.701790 0.617672 0.721420 0.643844 0.748116 0.667923 0.763034 0.675251 0.774026 0.661642 0.778737 0.637563 0.785019 0.606156 0.790515 0.579983 0.790515 0.568467 0.770886 0.564280 0.763034 0.566374 0.752827 0.572655 0.736338 0.563233 0.722990 0.568467
0 0.751649 0.706135 0.091866 0.095268 0.705716 0.685720 0.717494 0.709799 0.733197 0.737018 0.748116 0.749581 0.759108 0.753769 0.772456 0.740159 0.784234 0.738065 0.793656 0.719221 0.797582 0.705611 0.796796 0.682580 0.793656 0.671064 0.785804 0.658501 0.772456 0.668970 0.766175 0.676298 0.752041 0.681533 0.748116 0.702471 0.729271 0.696189 0.717494 0.681533
0 0.799152 0.517169 0.080088 0.102596 0.777167 0.465871 0.760678 0.476340 0.759108 0.501466 0.763819 0.539154 0.775597 0.550670 0.795226 0.557998 0.802293 0.568467 0.810930 0.562186 0.821137 0.548576 0.839196 0.534966 0.839196 0.524497 0.828989 0.506700 0.821922 0.493090 0.811715 0.482621 0.796796 0.474246
0 0.865499 0.591499 0.090295 0.102596 0.855685 0.540201 0.839196 0.544389 0.831344 0.551717 0.823492 0.582077 0.820352 0.608250 0.820352 0.623953 0.828989 0.639657 0.839981 0.642797 0.858825 0.634422 0.872173 0.632328 0.889447 0.625000 0.909077 0.611390 0.910647 0.587312 0.901225 0.567420 0.886307 0.555905 0.872173 0.543342
0 0.953439 0.599351 0.077732 0.105737 0.937343 0.548576 0.916143 0.551717 0.923210 0.573702 0.923995 0.591499 0.914573 0.603015 0.925565 0.622906 0.949121 0.637563 0.969535 0.652219 0.983668 0.650126 0.986024 0.622906 0.990735 0.592546 0.992305 0.567420 0.985239 0.556951 0.973461 0.546482 0.960898 0.560092 0.949121 0.554858
0 0.958861 0.766332 0.079154 0.102596 0.919284 0.727596 0.927136 0.745394 0.944410 0.771566 0.960898 0.790410 0.983668 0.809255 0.997016 0.817630 0.998437 0.763625 0.995446 0.741206 0.974246 0.727596 0.950691 0.715034 0.936558 0.728643