0 0.343750 0.360938 0.076563 0.091042 0.306094 0.388958 0.316719 0.402083 0.321719 0.402708 0.324688 0.405833 0.334219 0.406458 0.342031 0.404167 0.357500 0.396667 0.365469 0.396042 0.374688 0.393333 0.380312 0.388542 0.382031 0.384792 0.381406 0.368958 0.373750 0.357292 0.360781 0.340417 0.353281 0.324375 0.342813 0.315417 0.334687 0.315833 0.332187 0.316875 0.331719 0.328542 0.317500 0.348125 0.309688 0.363542 0.305469 0.372292
0 0.318359 0.487292 0.072031 0.098750 0.324844 0.437917 0.325781 0.445833 0.334219 0.466875 0.342031 0.467083 0.346562 0.453958 0.347187 0.443542 0.351094 0.446250 0.354375 0.460000 0.354219 0.475417 0.351875 0.485625 0.347031 0.496875 0.346719 0.510625 0.343906 0.514167 0.344375 0.525000 0.338594 0.533958 0.333281 0.536667 0.328906 0.534583 0.322344 0.529167 0.315312 0.519167 0.311875 0.519583 0.305156 0.508750 0.301719 0.508333 0.290781 0.494167 0.282344 0.475417 0.283438 0.466458 0.283438 0.458542 0.292500 0.448750 0.303750 0.441250 0.316719 0.440208
0 0.277422 0.606354 0.065469 0.083125 0.310156 0.612083 0.301719 0.626875 0.295625 0.627083 0.286094 0.634792 0.270000 0.647917 0.263750 0.647292 0.258437 0.644375 0.253750 0.639167 0.250625 0.628958 0.250937 0.619167 0.246406 0.608750 0.244688 0.600417 0.244688 0.590417 0.246719 0.584792 0.250156 0.576875 0.250625 0.565625 0.254844 0.564792 0.266094 0.571667 0.259531 0.580625 0.280781 0.591458 0.281094 0.606250 0.286875 0.622917 0.302656 0.612500 0.301250 0.604583
0 0.505781 0.520938 0.066875 0.092708 0.494531 0.481042 0.480781 0.495417 0.475156 0.528750 0.472813 0.543333 0.472344 0.557083 0.477187 0.563542 0.483594 0.567292 0.492344 0.565833 0.506875 0.562292 0.518750 0.559792 0.526719 0.555625 0.537969 0.545833 0.539219 0.534167 0.538906 0.524167 0.537031 0.512500 0.533281 0.499792 0.526563 0.491042 0.520937 0.483542 0.512813 0.475417 0.500156 0.474583
0 0.488359 0.442812 0.067656 0.082292 0.468750 0.401667 0.456250 0.429583 0.454844 0.438125 0.454531 0.455833 0.462812 0.466042 0.465938 0.475417 0.470937 0.482917 0.481094 0.483958 0.488750 0.481667 0.501094 0.474583 0.512656 0.469167 0.522188 0.456458 0.521563 0.446667 0.513594 0.439583 0.507500 0.428750 0.502812 0.423125 0.500156 0.414792 0.495625 0.411042 0.488594 0.407708 0.479844 0.408542
0 0.593984 0.508021 0.064219 0.093958 0.562188 0.502083 0.569063 0.523125 0.572656 0.528333 0.589531 0.540417 0.599688 0.550833 0.611406 0.555000 0.619375 0.541667 0.619062 0.531250 0.620937 0.518542 0.626094 0.498333 0.625469 0.482083 0.621250 0.472708 0.615625 0.466667 0.608281 0.462708 0.592031 0.461042 0.580781 0.465000 0.576250 0.467292 0.569844 0.474375 0.564219 0.484167 0.561875 0.494167
0 0.694297 0.576771 0.061406 0.062708 0.663594 0.560417 0.663906 0.572917 0.672813 0.588333 0.681094 0.599583 0.691250 0.608125 0.700156 0.608125 0.707500 0.598750 0.715000 0.596875 0.724062 0.582917 0.725000 0.574375 0.724844 0.545417 0.722031 0.545417 0.720313 0.551667 0.715313 0.557917 0.706875 0.558542 0.703750 0.563542 0.702969 0.571458 0.701094 0.575417 0.695312 0.575208 0.690312 0.571875 0.685469 0.564583 0.684688 0.561667 0.681250 0.566667 0.673750 0.574167 0.671094 0.573542 0.670156 0.567292 0.670625 0.558542 0.668281 0.558750
0 0.699766 0.519062 0.068281 0.076875 0.665625 0.502083 0.680000 0.480625 0.682188 0.485625 0.687031 0.492292 0.694531 0.492917 0.703281 0.483958 0.710000 0.487500 0.721250 0.491250 0.727812 0.491042 0.729219 0.486667 0.732031 0.485833 0.733906 0.498333 0.729688 0.516042 0.726250 0.519583 0.723750 0.539583 0.721250 0.546250 0.720313 0.552292 0.714531 0.557292 0.709375 0.557500 0.703750 0.556042 0.697031 0.549167 0.691406 0.541458 0.677656 0.528958 0.675312 0.523750 0.671094 0.520417
0 0.730781 0.433854 0.060313 0.075625 0.716406 0.396042 0.711094 0.397708 0.704844 0.404792 0.700625 0.420625 0.702969 0.452708 0.704688 0.455417 0.704688 0.465625 0.713438 0.464792 0.720938 0.469375 0.727812 0.467708 0.732500 0.471667 0.738125 0.464792 0.743750 0.464375 0.751406 0.462917 0.757031 0.457292 0.760938 0.448542 0.760938 0.436667 0.753281 0.423542 0.744219 0.411458 0.733594 0.403958 0.725156 0.398333
0 0.768906 0.486875 0.059375 0.080417 0.740469 0.465625 0.740625 0.478333 0.745156 0.482083 0.745625 0.487708 0.739531 0.486667 0.739219 0.516667 0.742344 0.523333 0.747500 0.526042 0.754531 0.527083 0.761250 0.523958 0.764062 0.518750 0.775312 0.519167 0.785156 0.513542 0.793594 0.504167 0.796719 0.491667 0.798594 0.477500 0.795469 0.466667 0.785937 0.456458 0.774062 0.448542 0.766719 0.446667 0.761406 0.446667 0.760625 0.449792 0.757188 0.456667 0.751875 0.462917
0 0.821484 0.487813 0.049219 0.071458 0.796875 0.491042 0.814375 0.513750 0.820312 0.520417 0.828750 0.523542 0.836562 0.519583 0.840781 0.512917 0.840469 0.498750 0.842187 0.489583 0.845000 0.482500 0.846094 0.466042 0.843281 0.458542 0.836719 0.452083 0.836562 0.460833 0.830313 0.454792 0.820469 0.452083 0.811719 0.454167 0.800625 0.458125 0.796875 0.463750 0.804375 0.467917 0.813281 0.477292 0.811250 0.478333 0.801875 0.474167 0.814375 0.488750 0.802969 0.481667 0.803125 0.486667 0.798281 0.486667
0 0.815547 0.592708 0.058281 0.061250 0.786406 0.578958 0.787813 0.592083 0.803281 0.606458 0.812813 0.610833 0.824687 0.621667 0.830937 0.623333 0.835781 0.620208 0.839531 0.610417 0.841094 0.591458 0.844688 0.577917 0.844375 0.569583 0.842500 0.563542 0.838125 0.562083 0.837969 0.575000 0.832812 0.576042 0.819844 0.566250 0.811250 0.571667 0.803906 0.579792 0.798750 0.576042 0.796563 0.573750
0 0.858594 0.521042 0.060625 0.076250 0.828281 0.529792 0.835469 0.541458 0.846562 0.548125 0.854844 0.550000 0.866094 0.557917 0.874844 0.559167 0.882344 0.554167 0.885469 0.546250 0.885469 0.536458 0.888906 0.527500 0.886562 0.502292 0.882344 0.495208 0.871875 0.482917 0.867656 0.486042 0.880781 0.494792 0.877500 0.499167 0.870781 0.504375 0.858125 0.507292 0.850313 0.522708 0.836250 0.519167
0 0.876641 0.416354 0.071719 0.081875 0.841875 0.422083 0.840781 0.431042 0.845000 0.439792 0.853125 0.448750 0.866719 0.452500 0.878906 0.455417 0.884375 0.454583 0.890312 0.457292 0.897031 0.456875 0.906094 0.454167 0.911250 0.447917 0.912500 0.440000 0.912500 0.429792 0.911875 0.413333 0.909844 0.398750 0.905625 0.389792 0.897500 0.381458 0.890156 0.376667 0.879531 0.375417 0.863906 0.399167 0.861563 0.410417 0.854531 0.411667 0.846875 0.412292
0 0.901094 0.454583 0.065625 0.065000 0.868281 0.452917 0.868906 0.462708 0.872188 0.471250 0.877031 0.470417 0.875625 0.476875 0.879219 0.478333 0.882656 0.482292 0.888906 0.485625 0.898438 0.487083 0.902969 0.484375 0.911562 0.477917 0.922969 0.469375 0.926562 0.467083 0.930469 0.461458 0.933906 0.451042 0.926250 0.444583 0.922500 0.440417 0.924844 0.431042 0.911875 0.422083 0.912969 0.430833 0.912187 0.442083 0.911562 0.447708 0.905937 0.453542 0.897188 0.456667 0.889687 0.457292 0.884531 0.454167 0.879219 0.454792
0 0.950859 0.473125 0.056094 0.060833 0.922813 0.469375 0.924844 0.478542 0.935625 0.502083 0.941719 0.503542 0.949844 0.501250 0.951875 0.497917 0.955469 0.496667 0.960469 0.486667 0.969375 0.482917 0.975469 0.475417 0.978906 0.462292 0.977344 0.451667 0.974687 0.449167 0.974687 0.442708 0.971719 0.443125 0.967500 0.451875 0.962187 0.451875 0.963438 0.455625 0.956563 0.464583 0.948750 0.457292 0.948125 0.452917 0.943125 0.451042 0.936094 0.462292 0.930937 0.460417 0.926562 0.466875
0 0.943047 0.585521 0.063906 0.070208 0.941094 0.558750 0.941719 0.568542 0.945156 0.576042 0.951875 0.582917 0.957188 0.576667 0.962344 0.576875 0.965000 0.567708 0.974062 0.575417 0.975000 0.589583 0.973125 0.597083 0.955781 0.616667 0.948281 0.620208 0.936562 0.620625 0.931250 0.616042 0.925938 0.616042 0.917344 0.611042 0.912969 0.603333 0.911094 0.584583 0.912813 0.573333 0.916406 0.558750 0.921250 0.551667 0.926875 0.550417 0.930469 0.556458