0 0.297969 0.461042 0.104688 0.117083 0.275938 0.408333 0.281562 0.402917 0.293438 0.402500 0.302187 0.406250 0.314375 0.418333 0.326250 0.437917 0.333125 0.451250 0.342500 0.462083 0.350312 0.480417 0.348750 0.491250 0.343438 0.502500 0.330313 0.506250 0.316562 0.506250 0.307500 0.510000 0.289375 0.517083 0.275000 0.519583 0.264375 0.515000 0.257812 0.509583 0.248438 0.493750 0.245625 0.487917 0.247187 0.475417 0.253125 0.459167 0.259687 0.449167
0 0.257656 0.628542 0.100312 0.135417 0.262188 0.560833 0.252188 0.567917 0.240313 0.567083 0.218125 0.573750 0.208750 0.586250 0.207500 0.605833 0.211563 0.626667 0.223750 0.646250 0.237500 0.660833 0.241250 0.668750 0.248125 0.668750 0.252188 0.678750 0.261563 0.689167 0.268750 0.696250 0.278438 0.692917 0.284687 0.680417 0.288438 0.672917 0.288125 0.665000 0.295000 0.655417 0.294687 0.640833 0.300625 0.628333 0.304688 0.615000 0.307812 0.600417 0.306250 0.585000 0.301875 0.575000 0.295312 0.567083 0.290313 0.566250 0.290313 0.581250 0.286875 0.595417 0.280625 0.603333 0.274375 0.606250 0.267188 0.596250 0.263125 0.585833 0.260625 0.574167
0 0.188281 0.786250 0.087188 0.099167 0.175000 0.736667 0.158125 0.738333 0.150625 0.752917 0.144687 0.766667 0.146250 0.782500 0.155313 0.808750 0.163750 0.830417 0.174687 0.835833 0.188437 0.832083 0.198125 0.825833 0.207187 0.820833 0.222500 0.815833 0.231875 0.803750 0.230938 0.797500 0.218750 0.786667 0.214688 0.799583 0.207813 0.807500 0.197188 0.816667 0.191562 0.819167 0.187188 0.800000 0.190625 0.782917 0.191250 0.772083 0.189688 0.767917 0.176250 0.767083 0.167500 0.762917 0.160938 0.759167
0 0.488281 0.571458 0.088438 0.117917 0.490937 0.512500 0.475312 0.514167 0.462188 0.523333 0.452187 0.543333 0.447187 0.559167 0.444062 0.576250 0.444688 0.591667 0.450000 0.600417 0.454063 0.609167 0.459063 0.622083 0.464687 0.627083 0.477187 0.630417 0.487812 0.628333 0.502500 0.622500 0.516875 0.612917 0.526250 0.604167 0.531562 0.595833 0.532500 0.590833 0.526250 0.587083 0.517500 0.577500 0.513437 0.567083 0.508437 0.557917 0.502812 0.540417 0.495937 0.536667 0.479687 0.529167 0.468125 0.526250 0.464062 0.525000 0.474062 0.517500
0 0.505938 0.683542 0.090000 0.118750 0.531875 0.646667 0.517813 0.626250 0.505000 0.624167 0.491563 0.630833 0.480000 0.642917 0.475625 0.652083 0.472813 0.664583 0.470313 0.675000 0.467500 0.687083 0.468438 0.693750 0.464687 0.700833 0.460938 0.713750 0.463125 0.732500 0.470000 0.741250 0.480625 0.742917 0.490625 0.740833 0.502500 0.740000 0.514375 0.737917 0.526250 0.737917 0.537188 0.728750 0.546563 0.720417 0.550312 0.712917 0.550938 0.696667 0.549375 0.682917 0.542500 0.663750
0 0.629687 0.674792 0.085000 0.127917 0.623125 0.610833 0.602500 0.618750 0.591250 0.631250 0.587187 0.646250 0.587500 0.672500 0.598750 0.692917 0.613750 0.708333 0.624688 0.719583 0.633125 0.729583 0.643437 0.737500 0.651250 0.738750 0.660000 0.722917 0.661875 0.705417 0.664375 0.683750 0.672187 0.662917 0.670312 0.645000 0.666875 0.631250 0.661250 0.622500 0.648438 0.614167 0.635625 0.610833 0.626250 0.611250
0 0.763281 0.776042 0.087813 0.071250 0.730312 0.742917 0.720313 0.747500 0.719375 0.760417 0.731563 0.777500 0.742812 0.797083 0.754687 0.807083 0.770937 0.811667 0.781562 0.802083 0.793438 0.799167 0.800938 0.787917 0.807188 0.765833 0.805312 0.745000 0.805000 0.740417 0.799687 0.752500 0.788750 0.756250 0.780625 0.753333 0.779375 0.762083 0.778438 0.771667 0.774375 0.777917 0.767188 0.777917 0.755938 0.765000 0.750312 0.755833 0.743437 0.762917 0.733125 0.771250 0.728125 0.753333
0 0.776094 0.702292 0.099688 0.109583 0.726250 0.660000 0.728437 0.685000 0.735625 0.701667 0.754687 0.725417 0.776563 0.747500 0.787188 0.757083 0.799063 0.754583 0.805312 0.740833 0.812813 0.715833 0.813750 0.705833 0.818750 0.701250 0.821562 0.689583 0.825937 0.675833 0.825000 0.662083 0.815938 0.658750 0.815000 0.667917 0.806250 0.668333 0.791875 0.661667 0.782813 0.651667 0.778125 0.659583 0.770000 0.669167 0.761562 0.669583 0.756250 0.660833 0.749688 0.654583 0.751250 0.647500 0.746875 0.652083 0.743125 0.660833 0.738438 0.666667 0.734063 0.669583 0.731563 0.670417
0 0.816094 0.579792 0.086562 0.102917 0.791563 0.528333 0.778438 0.535833 0.776563 0.544167 0.772813 0.558333 0.772813 0.573750 0.776563 0.598333 0.777500 0.610000 0.776875 0.619167 0.778125 0.623333 0.786875 0.622083 0.796875 0.627500 0.810625 0.631250 0.820937 0.624167 0.827187 0.621667 0.838750 0.617917 0.853438 0.606250 0.859375 0.597500 0.856250 0.590417 0.847188 0.575417 0.845938 0.566250 0.840625 0.558750 0.832812 0.551667 0.825625 0.550000 0.819375 0.542917 0.810000 0.536667
0 0.865312 0.650833 0.083750 0.107500 0.860625 0.597083 0.875625 0.604583 0.891563 0.620417 0.903750 0.630833 0.907188 0.647500 0.904687 0.665000 0.896562 0.682500 0.884062 0.691667 0.876250 0.696250 0.865938 0.695833 0.858750 0.695417 0.851875 0.701250 0.843125 0.704583 0.830625 0.698750 0.823438 0.690833 0.824062 0.682500 0.826250 0.668333 0.826562 0.661667 0.843750 0.661250 0.838750 0.653333 0.831250 0.644583 0.824062 0.642500 0.826250 0.623333 0.840625 0.617083 0.855000 0.605000
0 0.934844 0.653958 0.075312 0.099583 0.897188 0.617500 0.914062 0.611250 0.929063 0.605417 0.936250 0.604167 0.960313 0.622917 0.960625 0.613750 0.953438 0.605833 0.957188 0.604583 0.972500 0.636250 0.970625 0.653333 0.966875 0.665000 0.967500 0.686250 0.963438 0.701250 0.944063 0.703750 0.932813 0.702083 0.925000 0.687083 0.917500 0.677083 0.905000 0.669583 0.906250 0.654583 0.913438 0.655833 0.909062 0.643750 0.937500 0.672083 0.910625 0.640417 0.924687 0.648750 0.929688 0.647917
0 0.980156 0.579594 0.036562 0.061689 0.978750 0.557500 0.969063 0.567917 0.962500 0.571667 0.961875 0.582083 0.965938 0.588750 0.975625 0.599583 0.987813 0.607083 0.998437 0.610439 0.998437 0.548750 0.995313 0.559167 0.982500 0.558750
0 0.972188 0.717917 0.052500 0.063333 0.988750 0.686250 0.998437 0.687033 0.998437 0.749583 0.982187 0.740000 0.966875 0.734167 0.956875 0.727083 0.948125 0.717500 0.945937 0.711667 0.952812 0.704583 0.963438 0.703750 0.978438 0.704583
0 0.922969 0.792292 0.086562 0.082917 0.902500 0.763750 0.888437 0.769167 0.882188 0.770833 0.879687 0.774583 0.890000 0.790417 0.909062 0.807500 0.924687 0.819583 0.941563 0.833750 0.952500 0.832500 0.957500 0.829167 0.959062 0.807917 0.961562 0.793750 0.965312 0.779583 0.966250 0.766667 0.956875 0.755833 0.945625 0.750833 0.956563 0.763333 0.959688 0.776250 0.954063 0.779583 0.929375 0.759583 0.915312 0.772917 0.903750 0.773750