0 0.336719 0.380729 0.078437 0.093542 0.352656 0.414167 0.364531 0.411875 0.372656 0.408542 0.375937 0.401042 0.375937 0.392500 0.373437 0.384583 0.364063 0.369583 0.344687 0.342917 0.331250 0.333958 0.321719 0.336042 0.316875 0.347500 0.309219 0.368750 0.304531 0.378333 0.300000 0.390000 0.297500 0.397500 0.298438 0.407917 0.309375 0.422500 0.314375 0.422917 0.317812 0.427500 0.328750 0.427292
0 0.313828 0.510417 0.074844 0.100417 0.296719 0.466250 0.316406 0.460208 0.318594 0.472708 0.324844 0.488125 0.330156 0.491458 0.335000 0.490208 0.340625 0.476250 0.341094 0.463125 0.344531 0.466667 0.349844 0.476458 0.351250 0.494792 0.348906 0.501250 0.348594 0.507500 0.344687 0.516250 0.343594 0.533750 0.341094 0.537500 0.341094 0.547292 0.336562 0.555625 0.332031 0.560417 0.325000 0.560625 0.313281 0.547500 0.309688 0.542500 0.303594 0.540417 0.302344 0.535625 0.291875 0.527292 0.284531 0.517500 0.280313 0.510000 0.276406 0.498750 0.277344 0.486042 0.282031 0.476250
0 0.274844 0.633750 0.068438 0.083333 0.249375 0.592083 0.246250 0.596250 0.246250 0.607917 0.240625 0.618125 0.244375 0.639375 0.250156 0.649583 0.250156 0.657500 0.255312 0.668333 0.260625 0.674167 0.268437 0.675417 0.273906 0.672292 0.281719 0.665208 0.287656 0.659583 0.293594 0.658125 0.295781 0.654375 0.299219 0.654375 0.305938 0.646875 0.309063 0.638542 0.298594 0.630625 0.294375 0.643958 0.282813 0.650625 0.276094 0.632917 0.277031 0.628125 0.276875 0.618333 0.269844 0.617917 0.253906 0.608958 0.260625 0.599583 0.256875 0.594375
0 0.509375 0.536458 0.069688 0.097083 0.481250 0.517292 0.474688 0.562292 0.474531 0.574375 0.479531 0.582083 0.485156 0.585000 0.494531 0.584375 0.506719 0.581250 0.523594 0.576042 0.532656 0.570000 0.543125 0.560000 0.544219 0.549792 0.541875 0.529583 0.535156 0.514583 0.526719 0.501042 0.515781 0.491250 0.509844 0.487917 0.500625 0.489583 0.496875 0.492500 0.490781 0.500833
0 0.488828 0.457708 0.069219 0.085417 0.465781 0.415000 0.454688 0.445000 0.454219 0.470833 0.462969 0.481667 0.465938 0.490000 0.470000 0.498125 0.475938 0.500417 0.489063 0.497500 0.497031 0.493125 0.501250 0.489375 0.506875 0.489583 0.506719 0.486042 0.514687 0.482708 0.518906 0.475625 0.523438 0.469167 0.523125 0.460625 0.517500 0.456875 0.510156 0.451250 0.500625 0.436875 0.499219 0.424375 0.496094 0.420000 0.486562 0.420000 0.475781 0.418125
0 0.601094 0.518750 0.066250 0.097500 0.569375 0.518333 0.573438 0.533125 0.581562 0.542083 0.600156 0.557083 0.608594 0.564167 0.616406 0.567500 0.619844 0.567083 0.626875 0.555833 0.627656 0.545625 0.630000 0.528125 0.634219 0.509375 0.634219 0.498125 0.632344 0.490625 0.627344 0.480833 0.621094 0.474375 0.613281 0.471042 0.602344 0.470000 0.589687 0.472292 0.580937 0.478333 0.575000 0.486250 0.569375 0.498542 0.567969 0.506875
0 0.710078 0.585000 0.066406 0.068750 0.676875 0.572083 0.678125 0.581875 0.685781 0.597292 0.696719 0.611875 0.710781 0.619375 0.722344 0.618125 0.725156 0.612917 0.731250 0.608125 0.736875 0.603958 0.742188 0.591250 0.743125 0.582500 0.743281 0.554375 0.740156 0.550625 0.738281 0.556458 0.734844 0.563542 0.733125 0.566250 0.727812 0.568750 0.720781 0.568750 0.717969 0.574375 0.716562 0.584167 0.712969 0.587083 0.709219 0.587083 0.703125 0.581042 0.700000 0.577708 0.698906 0.572083 0.693281 0.577500 0.686719 0.586458 0.683437 0.583750 0.682656 0.580000 0.682813 0.567917
0 0.712812 0.528958 0.073438 0.078333 0.676094 0.505625 0.677031 0.516875 0.681562 0.529375 0.689688 0.536875 0.702031 0.548750 0.710469 0.558958 0.718594 0.568125 0.726250 0.568125 0.731875 0.566667 0.735781 0.560625 0.738594 0.551667 0.740156 0.541250 0.740313 0.530000 0.744531 0.521667 0.745937 0.510833 0.749531 0.507500 0.748594 0.495833 0.746094 0.490625 0.741094 0.490625 0.740781 0.497083 0.732031 0.498125 0.722813 0.494375 0.717969 0.491250 0.713438 0.490208 0.704219 0.500000 0.698594 0.501458 0.694688 0.499167 0.689844 0.489792 0.687969 0.490625
0 0.746016 0.436458 0.066094 0.080417 0.724531 0.397500 0.719531 0.402083 0.715781 0.411458 0.712969 0.420833 0.716719 0.448542 0.719219 0.467292 0.722813 0.470625 0.730469 0.472917 0.740000 0.472500 0.746250 0.476667 0.755938 0.466875 0.765000 0.466042 0.773438 0.460833 0.779062 0.449583 0.777656 0.436875 0.767500 0.421458 0.758750 0.410208 0.747500 0.403750 0.739062 0.400000 0.731719 0.396250
0 0.789062 0.486979 0.063125 0.088125 0.759219 0.466042 0.757500 0.518542 0.760469 0.525417 0.765469 0.530000 0.775625 0.531042 0.781562 0.527917 0.784844 0.522917 0.795000 0.522292 0.806563 0.517083 0.813594 0.508542 0.818125 0.502500 0.820625 0.490417 0.819688 0.474792 0.814375 0.462708 0.803125 0.453333 0.789062 0.447292 0.778438 0.442917 0.779219 0.450417 0.772656 0.460625 0.764844 0.465417
0 0.845703 0.486771 0.056094 0.078958 0.820937 0.492708 0.832656 0.505208 0.842031 0.515417 0.848125 0.522708 0.857969 0.526250 0.862813 0.521250 0.868125 0.515208 0.868281 0.493125 0.873750 0.479167 0.873125 0.463125 0.869219 0.453333 0.866875 0.450000 0.862813 0.448958 0.862187 0.457083 0.859375 0.457083 0.854219 0.451458 0.846406 0.447292 0.835156 0.451250 0.826094 0.455417 0.817656 0.463542 0.823281 0.466458 0.835156 0.475833 0.834062 0.477917 0.828125 0.476667 0.837187 0.488750 0.837344 0.492083 0.826719 0.481875 0.827031 0.488333 0.820469 0.485625
0 0.844844 0.596979 0.061562 0.066458 0.814063 0.582917 0.815000 0.595000 0.825625 0.607917 0.842812 0.617292 0.846094 0.622292 0.858281 0.630208 0.865312 0.628542 0.870625 0.621875 0.871250 0.611667 0.872812 0.596667 0.875625 0.588125 0.875625 0.570417 0.872812 0.565208 0.864375 0.563750 0.867031 0.569167 0.868594 0.579167 0.863281 0.580625 0.860469 0.579792 0.849219 0.570417 0.844688 0.570833 0.838750 0.575000 0.832344 0.582917 0.825313 0.583542 0.823438 0.579583
0 0.890234 0.520729 0.063594 0.080625 0.858437 0.531042 0.866875 0.543750 0.873750 0.547917 0.889375 0.551250 0.903750 0.561042 0.910781 0.559792 0.920156 0.551667 0.922031 0.509167 0.917656 0.496042 0.913750 0.488542 0.906094 0.482917 0.900625 0.480417 0.896562 0.484167 0.903438 0.486458 0.908750 0.491042 0.908438 0.499583 0.900781 0.502917 0.888125 0.504375 0.882812 0.521667 0.875313 0.521667 0.868437 0.518958 0.862969 0.521667
0 0.906328 0.407500 0.080156 0.089167 0.867969 0.415000 0.866250 0.422292 0.867969 0.428542 0.875000 0.439167 0.887813 0.446042 0.910781 0.449167 0.929531 0.452083 0.941563 0.446875 0.946406 0.436667 0.945469 0.415417 0.942187 0.393542 0.937969 0.378958 0.931406 0.371042 0.921875 0.366667 0.914844 0.362917 0.908438 0.362917 0.903906 0.372292 0.893750 0.388125 0.886406 0.404583 0.875781 0.405208
0 0.935547 0.442188 0.068281 0.073542 0.901563 0.448542 0.901406 0.462083 0.904687 0.466875 0.909062 0.466042 0.907813 0.471042 0.917188 0.475625 0.925625 0.478958 0.942500 0.477917 0.959688 0.462292 0.963594 0.461250 0.968906 0.453750 0.969688 0.441042 0.963750 0.436458 0.959844 0.430417 0.960469 0.422917 0.943750 0.405417 0.945469 0.415833 0.946562 0.435833 0.941250 0.447500 0.929688 0.452292 0.910937 0.449375
0 0.980156 0.468542 0.036562 0.056250 0.961875 0.461458 0.962500 0.466667 0.976562 0.494375 0.979688 0.496667 0.987813 0.496667 0.998437 0.488387 0.998437 0.450625 0.990781 0.448333 0.986406 0.440417 0.984375 0.445000 0.969375 0.447917 0.968594 0.453542 0.963750 0.461875
0 0.975391 0.585938 0.046094 0.077708 0.968594 0.547083 0.961562 0.549375 0.954844 0.560833 0.952812 0.570208 0.952344 0.596667 0.955469 0.608958 0.961094 0.616458 0.975156 0.619167 0.979688 0.623542 0.987187 0.624792 0.998437 0.620903 0.998437 0.580417 0.991406 0.580417 0.985781 0.572917 0.983750 0.565000 0.983906 0.558958 0.968906 0.552917