0 0.112344 0.469792 0.066250 0.068750 0.096719 0.435417 0.108594 0.435417 0.115312 0.438125 0.124375 0.447083 0.137187 0.459375 0.144531 0.467708 0.145469 0.477500 0.143125 0.485833 0.136875 0.489583 0.125937 0.492083 0.112656 0.499583 0.101719 0.504167 0.098906 0.504167 0.091094 0.498333 0.081250 0.486042 0.079219 0.477708 0.080156 0.465417 0.084687 0.453333 0.089219 0.443333
0 0.101328 0.567917 0.058281 0.068333 0.108438 0.533750 0.129375 0.538333 0.130469 0.546250 0.129531 0.560833 0.125937 0.580833 0.123125 0.592708 0.118281 0.600625 0.113281 0.602083 0.109062 0.599792 0.100469 0.593125 0.097812 0.587708 0.087344 0.581458 0.080781 0.572500 0.073594 0.565208 0.072188 0.551042 0.074531 0.542708 0.077969 0.535625 0.081250 0.535417 0.083281 0.548958 0.092812 0.557500 0.104531 0.546875
0 0.093359 0.659167 0.057969 0.035833 0.064375 0.641250 0.075313 0.643125 0.071406 0.652917 0.071875 0.668125 0.078906 0.666458 0.087188 0.661458 0.092188 0.654375 0.108906 0.665417 0.111406 0.663750 0.112813 0.654792 0.113594 0.647292 0.114531 0.643125 0.122344 0.642708 0.116875 0.654583 0.112187 0.662708 0.107031 0.668333 0.100625 0.675833 0.095781 0.677083 0.091250 0.676667 0.078906 0.666667 0.071875 0.667292 0.071406 0.659583 0.064844 0.650208
0 0.223125 0.537292 0.049375 0.038333 0.206094 0.518750 0.206406 0.524792 0.208750 0.533333 0.211563 0.534167 0.217344 0.531458 0.221094 0.527083 0.224062 0.527083 0.228125 0.533125 0.239531 0.533958 0.241875 0.528958 0.243750 0.523333 0.247812 0.524375 0.246250 0.534583 0.240156 0.543125 0.234531 0.544375 0.229375 0.546667 0.225156 0.551875 0.224062 0.556458 0.217656 0.555208 0.212969 0.550208 0.209687 0.545417 0.202813 0.537917 0.199687 0.528958 0.198437 0.521042 0.198594 0.518125
0 0.240547 0.591875 0.047031 0.069167 0.224375 0.557292 0.220156 0.564792 0.218594 0.575625 0.217031 0.606042 0.217656 0.616458 0.220156 0.622708 0.225000 0.624792 0.231719 0.626458 0.237969 0.623125 0.250625 0.621042 0.258750 0.618333 0.264062 0.612292 0.256719 0.591250 0.252188 0.592083 0.244844 0.591250 0.242188 0.588750 0.240156 0.583750 0.239219 0.580000 0.240781 0.571042 0.233125 0.565000
0 0.306094 0.579375 0.057187 0.084167 0.292031 0.596875 0.296250 0.611250 0.302813 0.620625 0.310156 0.621458 0.315937 0.614583 0.324531 0.600208 0.328437 0.590833 0.330937 0.581458 0.332344 0.573333 0.325781 0.576667 0.320156 0.577917 0.321719 0.569167 0.327188 0.558958 0.334531 0.555208 0.334687 0.550417 0.329531 0.545833 0.316562 0.539583 0.307031 0.537292 0.298281 0.537708 0.290625 0.541042 0.285000 0.546458 0.281406 0.551250 0.277500 0.563333 0.280938 0.576458 0.285469 0.587500
0 0.364141 0.591354 0.057344 0.084792 0.335469 0.572083 0.335469 0.598125 0.353750 0.614583 0.360781 0.617917 0.370625 0.629583 0.380156 0.633750 0.386719 0.630208 0.390625 0.622083 0.392188 0.612708 0.392813 0.559375 0.389375 0.551875 0.385156 0.548958 0.381562 0.549583 0.382188 0.570000 0.376406 0.571042 0.369375 0.571042 0.362187 0.568958 0.360469 0.566458 0.356719 0.567083 0.356719 0.574792 0.351406 0.575208 0.343281 0.574375 0.342656 0.568333
0 0.405469 0.632708 0.054688 0.072500 0.378125 0.638958 0.381875 0.648750 0.398438 0.660625 0.410625 0.668958 0.419063 0.666667 0.430312 0.659167 0.432500 0.652083 0.432812 0.641875 0.429063 0.619375 0.423125 0.604792 0.415000 0.596667 0.406875 0.596458 0.402187 0.599583 0.401250 0.615000 0.396719 0.614167 0.397656 0.619583 0.391406 0.618333 0.391094 0.623333 0.386250 0.631875 0.380156 0.633333
0 0.421641 0.514792 0.056719 0.068750 0.401719 0.480417 0.397031 0.485417 0.393281 0.503958 0.398125 0.518333 0.415313 0.546458 0.421250 0.549167 0.428594 0.548333 0.435625 0.539583 0.450000 0.520833 0.449375 0.508125 0.447031 0.504375 0.442812 0.501458 0.438281 0.501875 0.436875 0.516042 0.433594 0.518333 0.423281 0.507917 0.423125 0.494583 0.417812 0.495208 0.409062 0.488333 0.408906 0.480417
0 0.475312 0.558750 0.052500 0.071667 0.454688 0.522917 0.450938 0.533542 0.450938 0.563958 0.449062 0.569792 0.450000 0.586042 0.452969 0.591458 0.460938 0.594583 0.468750 0.591875 0.470156 0.588125 0.483594 0.585625 0.492656 0.580208 0.497500 0.575417 0.501563 0.566458 0.496250 0.563333 0.488906 0.551458 0.479687 0.551042 0.476875 0.545833 0.476719 0.534583 0.467031 0.529583
0 0.537969 0.549271 0.054688 0.080625 0.517656 0.517708 0.518594 0.521875 0.526406 0.528542 0.536562 0.513958 0.535313 0.510208 0.549687 0.508958 0.556406 0.516458 0.562344 0.517708 0.565312 0.533333 0.565156 0.546250 0.562969 0.552292 0.560937 0.559375 0.561250 0.578750 0.559219 0.586042 0.555937 0.589583 0.541563 0.589583 0.536250 0.584792 0.519375 0.563542 0.512813 0.552083 0.510625 0.540208 0.511250 0.527708 0.512969 0.521458
0 0.577578 0.478542 0.070156 0.090833 0.563438 0.518333 0.595625 0.523958 0.608281 0.521250 0.612187 0.511875 0.612656 0.495833 0.605938 0.458333 0.597500 0.442500 0.590469 0.435833 0.584063 0.433125 0.574688 0.433333 0.565781 0.437708 0.556719 0.445625 0.549844 0.457500 0.543906 0.469375 0.542500 0.479583 0.543906 0.492500 0.546094 0.501458 0.551719 0.510833 0.556406 0.516458
0 0.597578 0.584583 0.058594 0.086667 0.575625 0.574375 0.591094 0.568750 0.592969 0.549167 0.596094 0.541667 0.607656 0.541250 0.613906 0.545625 0.621406 0.558750 0.625781 0.601875 0.626875 0.623125 0.624219 0.626042 0.617812 0.627917 0.613594 0.626458 0.598125 0.618542 0.583125 0.615208 0.576250 0.610000 0.569688 0.600208 0.568281 0.582917
0 0.577066 0.653072 0.054555 0.070268 0.549788 0.632062 0.550318 0.657486 0.563559 0.671257 0.574682 0.676554 0.590837 0.688206 0.599576 0.687147 0.603284 0.680791 0.604343 0.646893 0.602754 0.620410 0.594015 0.617938 0.597193 0.630297 0.586864 0.631356 0.580773 0.628884 0.577860 0.626766 0.570710 0.643715 0.564619 0.643362 0.558792 0.638418 0.557468 0.628884
0 0.675446 0.498820 0.047238 0.081732 0.670153 0.473121 0.668415 0.465959 0.665571 0.463010 0.664939 0.457954 0.659568 0.460061 0.655302 0.466801 0.653564 0.477545 0.651826 0.485128 0.652774 0.509353 0.654512 0.521149 0.660832 0.527469 0.660832 0.532103 0.667625 0.538844 0.674103 0.539687 0.680738 0.536527 0.691639 0.525573 0.699065 0.517147 0.699065 0.511038 0.695905 0.506614 0.690217 0.497767 0.688322 0.492922 0.685952 0.486813 0.684530 0.495661 0.679474 0.499874 0.667783 0.500506 0.662096 0.495239 0.663675 0.483022 0.666993 0.475017
0 0.740379 0.520096 0.063669 0.077941 0.708544 0.507457 0.711388 0.536948 0.728766 0.555064 0.735876 0.559066 0.749463 0.556960 0.751991 0.552747 0.762576 0.549798 0.770159 0.532314 0.772213 0.508932 0.768421 0.489552 0.762734 0.481126 0.749937 0.496293 0.737772 0.503665 0.724659 0.519253 0.717865 0.516094 0.715811 0.502823
0 0.729951 0.670501 0.053242 0.060246 0.726713 0.645012 0.729556 0.645433 0.739510 0.657651 0.748515 0.658915 0.750569 0.648382 0.747093 0.640377 0.756572 0.648382 0.755150 0.663970 0.747409 0.681876 0.736666 0.698938 0.725291 0.700624 0.712494 0.687353 0.704910 0.676188 0.703330 0.660811 0.721025 0.654070
0 0.861476 0.504719 0.078678 0.053084 0.822137 0.485971 0.824823 0.509142 0.843308 0.520728 0.872219 0.531261 0.882331 0.527890 0.888492 0.519885 0.894654 0.501559 0.900815 0.490394 0.899235 0.480494 0.896076 0.478177 0.888176 0.480915 0.887070 0.500295 0.879645 0.500716 0.869692 0.493765 0.861160 0.486181 0.856895 0.486392 0.852945 0.491237 0.839042 0.505351 0.833512 0.502191 0.829879 0.484707
0 0.950818 0.578552 0.087683 0.093739 0.987709 0.531682 0.993712 0.542636 0.994660 0.571705 0.976649 0.596141 0.976017 0.608359 0.969856 0.618680 0.962746 0.625421 0.955005 0.624579 0.949002 0.620366 0.934941 0.604988 0.931939 0.599511 0.925461 0.592349 0.910926 0.574865 0.910610 0.570442 0.906977 0.563911 0.929253 0.552115 0.936836 0.554643 0.943472 0.557171 0.949633 0.552115 0.959271 0.536316 0.977597 0.535474
0 0.962109 0.402396 0.072656 0.108125 0.925781 0.432708 0.971250 0.456458 0.981406 0.455833 0.992344 0.443125 0.992812 0.425833 0.998437 0.408021 0.998437 0.361458 0.988906 0.349375 0.985000 0.348333 0.977656 0.348750 0.975938 0.352917 0.979688 0.353333 0.988125 0.358958 0.987187 0.361875 0.974531 0.373542 0.960938 0.376875 0.959375 0.390000 0.948438 0.401250 0.931875 0.401875 0.931250 0.427917