0 0.306094 0.459375 0.104688 0.119583 0.280313 0.404583 0.290313 0.399583 0.302813 0.400417 0.312812 0.406667 0.322500 0.420833 0.335313 0.440833 0.346875 0.454167 0.357812 0.471250 0.358438 0.480417 0.355000 0.495833 0.341250 0.503333 0.325000 0.505417 0.315625 0.509583 0.301563 0.515417 0.281875 0.519167 0.269375 0.512500 0.260000 0.500833 0.254375 0.490000 0.253750 0.485000 0.259375 0.464167 0.265313 0.450833 0.272500 0.427500
0 0.269687 0.629375 0.101875 0.133750 0.244062 0.569583 0.261563 0.566250 0.270000 0.562500 0.272500 0.581667 0.279687 0.603333 0.288125 0.606667 0.294063 0.596250 0.300312 0.587917 0.300000 0.575833 0.297812 0.565417 0.305000 0.568750 0.316562 0.579583 0.320625 0.602917 0.313125 0.626667 0.308125 0.638333 0.305625 0.659167 0.301250 0.665000 0.298125 0.682917 0.290625 0.692500 0.280313 0.696250 0.261875 0.675000 0.245000 0.659583 0.226875 0.634583 0.219687 0.613333 0.218750 0.591667 0.227188 0.580417
0 0.205313 0.792500 0.088750 0.101667 0.175313 0.763333 0.185625 0.749167 0.185625 0.741667 0.173125 0.741667 0.169687 0.754167 0.162187 0.768750 0.160938 0.777917 0.166875 0.800000 0.183125 0.840000 0.193125 0.843333 0.217813 0.832917 0.227500 0.824167 0.248125 0.808333 0.249688 0.803750 0.235000 0.792500 0.232813 0.796667 0.229375 0.808333 0.210000 0.824167 0.203750 0.804583 0.204687 0.779167 0.204062 0.772500 0.183750 0.771250
0 0.500469 0.561042 0.090313 0.121250 0.501563 0.500417 0.485625 0.502917 0.473438 0.511667 0.465938 0.532083 0.459063 0.547083 0.455312 0.567083 0.456875 0.585000 0.465000 0.593333 0.470000 0.606250 0.476250 0.620417 0.492812 0.621667 0.510313 0.615000 0.528750 0.606250 0.540312 0.596250 0.545625 0.583333 0.545625 0.577500 0.536875 0.574583 0.529062 0.562083 0.522500 0.549167 0.517500 0.537083 0.512500 0.527083 0.505625 0.520833 0.490937 0.517500 0.480625 0.516250 0.475000 0.513750 0.482812 0.505833 0.493438 0.504583 0.505312 0.506250
0 0.522969 0.674375 0.093438 0.124583 0.553125 0.642500 0.535313 0.617500 0.523750 0.612083 0.511875 0.617917 0.502188 0.627083 0.496250 0.635417 0.491250 0.639583 0.488125 0.654167 0.486562 0.665000 0.482812 0.677083 0.484375 0.685417 0.481250 0.694167 0.476250 0.709583 0.478750 0.725417 0.487187 0.734583 0.503125 0.736667 0.515625 0.734167 0.528125 0.730417 0.539687 0.729583 0.552813 0.722500 0.563438 0.715000 0.568125 0.707083 0.569688 0.692083 0.565000 0.673750
0 0.646250 0.658333 0.086875 0.130000 0.631563 0.597500 0.621250 0.602500 0.610938 0.615417 0.604375 0.628333 0.602812 0.648333 0.607500 0.669583 0.617812 0.682500 0.629375 0.690000 0.636875 0.700000 0.643437 0.704583 0.654687 0.717500 0.666250 0.722500 0.671875 0.723333 0.675000 0.716250 0.679375 0.709583 0.680000 0.699583 0.679688 0.693750 0.682813 0.688333 0.682813 0.670833 0.685937 0.659167 0.689063 0.645417 0.689688 0.633750 0.686875 0.621250 0.680000 0.607917 0.673438 0.600417 0.665625 0.597083 0.654375 0.595833 0.645000 0.593333
0 0.787500 0.757500 0.089375 0.072500 0.754063 0.724583 0.743750 0.729167 0.742812 0.737500 0.749688 0.752500 0.762188 0.772917 0.779687 0.789583 0.794687 0.793750 0.804375 0.787500 0.808125 0.782083 0.818125 0.779167 0.827812 0.763750 0.830000 0.753750 0.832188 0.741667 0.830625 0.728333 0.828750 0.721250 0.825625 0.730833 0.819688 0.734583 0.809062 0.737083 0.805625 0.732500 0.802812 0.744583 0.803438 0.754583 0.799375 0.760000 0.791250 0.759583 0.783438 0.750000 0.776563 0.742917 0.774062 0.735833 0.770937 0.740833 0.763125 0.748750 0.758750 0.752917 0.753750 0.749167 0.752500 0.740000
0 0.797656 0.678333 0.102812 0.110000 0.774687 0.623333 0.769688 0.623333 0.763125 0.635833 0.753125 0.649167 0.750312 0.644167 0.749688 0.633750 0.746250 0.637500 0.748125 0.656667 0.756250 0.679167 0.766875 0.695000 0.788750 0.714583 0.802187 0.727500 0.810625 0.733333 0.819063 0.733333 0.826562 0.727083 0.832812 0.711250 0.837500 0.688333 0.839063 0.681667 0.846250 0.676250 0.845000 0.656667 0.849062 0.640000 0.844063 0.634167 0.843750 0.642083 0.838750 0.644167 0.821875 0.640417 0.813750 0.636667 0.804063 0.627917 0.800625 0.635000 0.792188 0.644583 0.785000 0.645417 0.775938 0.636667 0.773438 0.629583
0 0.835156 0.555000 0.088437 0.105833 0.848125 0.518333 0.813125 0.502083 0.802812 0.507083 0.792812 0.525833 0.790937 0.546250 0.795000 0.570417 0.796875 0.579583 0.797813 0.597917 0.804063 0.600000 0.811562 0.600000 0.818125 0.604583 0.835313 0.607917 0.843125 0.600417 0.850313 0.596667 0.860625 0.591250 0.869688 0.583333 0.877500 0.574167 0.879375 0.562500 0.872812 0.553333 0.867500 0.537917
0 0.889844 0.622500 0.087187 0.116667 0.921250 0.595417 0.896562 0.576250 0.880937 0.564167 0.872812 0.580417 0.864062 0.587917 0.851250 0.595417 0.846562 0.600417 0.846250 0.610833 0.846250 0.616250 0.862187 0.625000 0.868437 0.635833 0.853750 0.636250 0.846250 0.634583 0.847188 0.644583 0.847500 0.656250 0.849375 0.667917 0.855937 0.677917 0.866563 0.680833 0.877812 0.679167 0.884062 0.672083 0.889687 0.670000 0.900000 0.671250 0.909062 0.665833 0.919375 0.660000 0.927812 0.646667 0.932188 0.631667 0.933437 0.620417 0.932188 0.607083 0.929375 0.600000
0 0.986563 0.688769 0.023750 0.035871 0.998437 0.677500 0.995000 0.670833 0.987500 0.673750 0.979688 0.677083 0.974687 0.683333 0.978125 0.691250 0.986875 0.700000 0.996250 0.704583 0.998437 0.706705 0.998437 0.677083
0 0.953281 0.768333 0.090312 0.085000 0.980000 0.725833 0.992188 0.729583 0.996562 0.737083 0.998437 0.743750 0.996562 0.757917 0.993437 0.764583 0.992500 0.775000 0.993437 0.784167 0.990625 0.790833 0.990312 0.801250 0.984688 0.806667 0.976250 0.810833 0.966562 0.807917 0.954688 0.797083 0.946875 0.787917 0.933437 0.781667 0.922500 0.770417 0.912187 0.755417 0.908125 0.742500 0.910625 0.732917 0.918750 0.732083 0.911250 0.741667 0.910625 0.747917 0.927812 0.745417 0.937500 0.732917 0.931563 0.745833 0.937187 0.750000 0.945312 0.748333 0.959688 0.735833 0.963438 0.731667 0.967812 0.739583 0.975938 0.743750 0.984688 0.749167 0.989687 0.750417 0.992500 0.748333 0.989062 0.738750 0.986563 0.732083
0 0.960781 0.622500 0.075313 0.106667 0.972813 0.569167 0.987500 0.575000 0.992500 0.584583 0.997500 0.595417 0.998437 0.619792 0.996875 0.633750 0.997188 0.646667 0.997500 0.658333 0.994688 0.669167 0.983437 0.675833 0.970938 0.675417 0.957812 0.667500 0.949687 0.655000 0.937500 0.645000 0.930312 0.640000 0.934688 0.632083 0.939688 0.628333 0.938125 0.615833 0.963125 0.640833 0.936250 0.610417 0.938750 0.610000 0.950313 0.616250 0.956875 0.617500 0.956250 0.615000 0.947813 0.606250 0.934062 0.595000 0.923125 0.589167 0.929375 0.587083 0.937813 0.582083 0.943750 0.577500 0.957812 0.573750 0.989687 0.589167 0.983437 0.578333