0 0.086398 0.342097 0.093750 0.121875 0.080148 0.281160 0.063742 0.281160 0.054627 0.287063 0.044992 0.302340 0.040565 0.310674 0.039523 0.326646 0.046033 0.341577 0.056710 0.357896 0.067127 0.375952 0.078846 0.389493 0.086919 0.400257 0.098377 0.403035 0.104887 0.401299 0.115044 0.388799 0.121554 0.375257 0.125200 0.363104 0.128846 0.353035 0.133273 0.338104 0.131710 0.322132 0.124158 0.304077 0.117387 0.294007 0.109315 0.287063 0.096294 0.281854
0 0.130818 0.460372 0.085938 0.121875 0.123266 0.404990 0.109985 0.414365 0.096183 0.426517 0.088891 0.436240 0.087850 0.448740 0.093839 0.466101 0.101652 0.483809 0.112589 0.497004 0.119100 0.507420 0.129256 0.518184 0.143318 0.521309 0.157120 0.508809 0.165975 0.497351 0.173006 0.482420 0.173787 0.456031 0.171964 0.436240 0.167798 0.418879 0.157120 0.402906 0.145923 0.399434 0.135245 0.399434
0 0.203253 0.311760 0.077083 0.119097 0.210024 0.277559 0.203125 0.270486 0.198566 0.260198 0.189451 0.252559 0.182680 0.252212 0.175909 0.254990 0.168878 0.265754 0.164711 0.276865 0.166274 0.296309 0.171222 0.310198 0.176430 0.327559 0.179295 0.347698 0.183461 0.363670 0.193878 0.371309 0.207680 0.365754 0.216795 0.354295 0.223177 0.345486 0.226302 0.329861 0.232292 0.321528 0.240493 0.312281 0.241795 0.295615 0.233982 0.280684 0.226170 0.271656 0.217055 0.271656
0 0.259569 0.362738 0.086070 0.102302 0.254555 0.312629 0.241795 0.311587 0.235545 0.316448 0.230857 0.324087 0.226691 0.332767 0.226042 0.344444 0.225388 0.356031 0.224347 0.364017 0.219920 0.373045 0.217576 0.384504 0.216534 0.395615 0.220573 0.409375 0.226823 0.413889 0.238930 0.413670 0.251430 0.409851 0.263670 0.409156 0.275909 0.409156 0.283461 0.404295 0.296875 0.393403 0.302604 0.382292 0.301823 0.361458 0.294531 0.352778 0.287888 0.348392 0.281899 0.339017 0.274347 0.331031 0.266274 0.320615
0 0.344351 0.366493 0.072135 0.106597 0.321043 0.322569 0.312189 0.330556 0.308283 0.346528 0.309325 0.362153 0.312450 0.377778 0.318179 0.385417 0.326773 0.392708 0.337970 0.404514 0.350991 0.415972 0.362189 0.419792 0.368439 0.408681 0.366095 0.396181 0.370262 0.390625 0.378595 0.384722 0.380418 0.371181 0.380418 0.358681 0.379637 0.343750 0.371564 0.331250 0.367398 0.324653 0.359325 0.318056 0.346304 0.313194 0.338752 0.313889 0.328075 0.315625
0 0.396010 0.258964 0.086198 0.109851 0.365411 0.225219 0.353952 0.247094 0.352911 0.261677 0.358379 0.286330 0.366973 0.301608 0.386979 0.313889 0.407813 0.313542 0.421140 0.309246 0.433333 0.298611 0.437760 0.285417 0.439109 0.259246 0.432077 0.237371 0.423484 0.223483 0.411765 0.212024 0.398484 0.204038 0.387806 0.206121 0.378692 0.209246 0.372702 0.218274
0 0.411765 0.421984 0.078125 0.109722 0.388848 0.385526 0.382598 0.393512 0.379213 0.403234 0.375827 0.417123 0.372702 0.429970 0.376088 0.443859 0.383119 0.454623 0.392494 0.461220 0.402650 0.466082 0.411244 0.465040 0.419838 0.468165 0.430254 0.473026 0.441192 0.476845 0.448698 0.469444 0.450521 0.457292 0.450046 0.444901 0.450827 0.425804 0.449786 0.411568 0.446661 0.399762 0.442234 0.387609 0.433379 0.376845 0.424525 0.370248 0.416452 0.367123 0.407077 0.369207 0.396140 0.378929
0 0.380042 0.537847 0.074219 0.110417 0.375745 0.493403 0.368974 0.496181 0.362985 0.494097 0.357777 0.494792 0.348141 0.501042 0.345016 0.510069 0.345277 0.519792 0.342933 0.532292 0.345537 0.543403 0.349704 0.552778 0.357256 0.559375 0.365329 0.568403 0.377568 0.575694 0.385381 0.585069 0.395277 0.590625 0.403610 0.593056 0.411979 0.582639 0.413802 0.571181 0.416631 0.548264 0.417152 0.520833 0.414808 0.497917 0.407777 0.488194 0.395797 0.484028 0.382256 0.482639 0.376787 0.485764
0 0.524058 0.366300 0.061458 0.096566 0.534474 0.321837 0.525360 0.323226 0.519370 0.319059 0.512599 0.318017 0.505828 0.319753 0.500360 0.326003 0.496714 0.336767 0.495151 0.352392 0.493328 0.369753 0.494631 0.382948 0.493849 0.397878 0.496974 0.405170 0.500099 0.409337 0.507812 0.413542 0.515885 0.414583 0.521453 0.409684 0.531870 0.401003 0.544631 0.390934 0.554787 0.379476 0.554526 0.365934 0.553224 0.354476 0.551662 0.346837 0.547756 0.343712 0.543589 0.333295
0 0.595296 0.381797 0.073698 0.104167 0.563395 0.355408 0.560530 0.360963 0.558447 0.375547 0.561312 0.389436 0.567301 0.405061 0.575895 0.417908 0.582145 0.427283 0.590478 0.433533 0.607666 0.433880 0.618864 0.432144 0.626416 0.426588 0.630062 0.421727 0.632145 0.409575 0.631884 0.389088 0.631884 0.364436 0.629280 0.352283 0.622249 0.337352 0.614957 0.329713 0.607405 0.331102 0.595426 0.337700 0.586572 0.341519 0.579801 0.347075 0.571207 0.351241
0 0.579882 0.534539 0.075781 0.112866 0.583751 0.478106 0.573855 0.485050 0.564740 0.483314 0.556667 0.486786 0.551627 0.489892 0.547981 0.489198 0.544336 0.494753 0.543033 0.503087 0.541992 0.514545 0.545638 0.524267 0.546158 0.536767 0.547981 0.546142 0.548855 0.558661 0.551106 0.569059 0.552344 0.581250 0.560742 0.588156 0.566146 0.590972 0.573958 0.589583 0.580273 0.589198 0.589480 0.584703 0.598958 0.563542 0.610834 0.545467 0.617084 0.522203 0.617773 0.508642 0.614648 0.497531 0.606575 0.487809 0.599804 0.485378
0 0.726072 0.311111 0.082752 0.106944 0.725060 0.261401 0.712560 0.272512 0.703446 0.279109 0.694331 0.276331 0.690685 0.280498 0.684696 0.288484 0.684696 0.298901 0.685217 0.314179 0.693029 0.328762 0.698238 0.335706 0.708915 0.344387 0.714644 0.343692 0.722196 0.354804 0.734175 0.363831 0.748958 0.364583 0.757812 0.356944 0.761198 0.343750 0.764323 0.323264 0.767448 0.297569 0.765104 0.279514 0.763281 0.267708 0.759896 0.261458 0.747917 0.257639
0 0.811287 0.205968 0.087842 0.120964 0.793668 0.175825 0.789480 0.180003 0.791823 0.204656 0.791303 0.222364 0.785074 0.220964 0.772314 0.215061 0.767366 0.226867 0.778373 0.240963 0.788460 0.251172 0.793972 0.250669 0.807470 0.252214 0.817887 0.255339 0.834814 0.266450 0.846272 0.265061 0.850260 0.256944 0.852344 0.244444 0.850521 0.225694 0.851562 0.209722 0.855208 0.197222 0.854427 0.182639 0.853385 0.172917 0.847396 0.157639 0.839844 0.150694 0.834115 0.145486 0.823594 0.146670 0.814740 0.155350 0.799658 0.166103
0 0.831603 0.365477 0.097210 0.129462 0.864323 0.310417 0.859375 0.307639 0.850521 0.305556 0.835863 0.300746 0.820498 0.308385 0.815290 0.318455 0.800446 0.328177 0.791592 0.336163 0.786123 0.346927 0.782998 0.358038 0.783779 0.382343 0.796279 0.394149 0.812165 0.407691 0.826488 0.417413 0.842373 0.427482 0.855208 0.430208 0.862500 0.424306 0.868229 0.406597 0.869531 0.384722 0.876042 0.368056 0.880208 0.347917 0.879427 0.332986 0.875781 0.322222 0.868490 0.314931
0 0.036068 0.373611 0.069010 0.104861 0.002083 0.323264 0.011719 0.321181 0.027604 0.326389 0.038542 0.329167 0.047917 0.345833 0.058333 0.360417 0.069531 0.381944 0.070573 0.393403 0.060156 0.400347 0.055208 0.407639 0.046875 0.417361 0.034375 0.423264 0.021354 0.426042 0.008073 0.420139 0.001563 0.419444