0 0.195675 0.327012 0.097233 0.100619 0.180437 0.281218 0.173665 0.287668 0.162055 0.298633 0.153831 0.311533 0.147543 0.330237 0.147059 0.345072 0.153348 0.359907 0.161087 0.366357 0.170762 0.373452 0.182856 0.376032 0.193015 0.377322 0.201238 0.377322 0.210430 0.374742 0.213816 0.371517 0.223974 0.370227 0.233166 0.366357 0.241389 0.358617 0.244292 0.352167 0.242841 0.345072 0.239454 0.332817 0.219621 0.305728 0.212365 0.294118 0.203657 0.284443 0.195433 0.279283 0.184307 0.276703
0 0.156734 0.467944 0.090944 0.112874 0.145608 0.411507 0.132063 0.412797 0.125774 0.417312 0.117550 0.425697 0.111262 0.437307 0.111262 0.445046 0.112229 0.459881 0.120937 0.477296 0.126741 0.483101 0.133030 0.488906 0.139803 0.495356 0.149478 0.507611 0.155283 0.517286 0.162055 0.523091 0.170762 0.524381 0.178019 0.521801 0.185759 0.509546 0.189145 0.497291 0.194466 0.483746 0.197852 0.468911 0.201722 0.452141 0.202206 0.439886 0.200755 0.430212 0.192531 0.420537 0.185759 0.416667 0.180921 0.421827 0.169311 0.434727 0.158669 0.441821 0.149478 0.422472
0 0.101587 0.613068 0.076432 0.083204 0.064822 0.571465 0.063371 0.601780 0.067724 0.610165 0.074013 0.628225 0.080786 0.642415 0.086591 0.650155 0.095782 0.654670 0.105940 0.652090 0.115615 0.646285 0.124807 0.640480 0.131579 0.635965 0.137384 0.629515 0.139803 0.623065 0.134965 0.617260 0.122872 0.613390 0.116583 0.610810 0.088526 0.617905 0.084172 0.609520 0.084656 0.594685 0.087074 0.586300 0.085623 0.580495 0.074497 0.576625
0 0.365228 0.431179 0.079334 0.102554 0.343460 0.379902 0.338139 0.390222 0.333785 0.403767 0.328464 0.416667 0.325561 0.427632 0.327012 0.439241 0.330399 0.449561 0.335236 0.456656 0.338622 0.463751 0.341041 0.474716 0.347330 0.482456 0.354102 0.481811 0.363777 0.478586 0.374903 0.474071 0.385546 0.467621 0.397156 0.456656 0.403928 0.444401 0.404896 0.441176 0.395221 0.437951 0.386513 0.431502 0.384094 0.429567 0.379257 0.426342 0.373452 0.417957 0.369582 0.412152 0.364745 0.405057 0.359907 0.399897 0.357005 0.395382 0.354102 0.389577 0.349265 0.384417
0 0.380708 0.528896 0.079334 0.105779 0.379741 0.476006 0.363777 0.481811 0.358940 0.488906 0.355553 0.499871 0.349265 0.519866 0.344427 0.548246 0.342976 0.557921 0.341041 0.565660 0.343460 0.573400 0.350232 0.578560 0.362326 0.581140 0.377806 0.581785 0.388932 0.578560 0.400058 0.575335 0.410700 0.570175 0.418924 0.561146 0.420375 0.552761 0.419892 0.540506 0.413603 0.524381 0.409733 0.514061 0.403928 0.498581 0.400542 0.488261 0.397156 0.483746 0.389899 0.477941
0 0.496807 0.519221 0.073529 0.117389 0.481811 0.461171 0.471169 0.470201 0.463913 0.483101 0.461494 0.492776 0.461010 0.512771 0.460043 0.523091 0.469717 0.542441 0.478909 0.553406 0.484714 0.558566 0.497775 0.574045 0.502128 0.575335 0.510352 0.577915 0.518092 0.565015 0.524381 0.545021 0.531637 0.525026 0.533572 0.502451 0.532604 0.481811 0.520995 0.468911 0.505031 0.463751 0.494389 0.460526
0 0.623549 0.534378 0.087074 0.105134 0.581947 0.494711 0.580012 0.506321 0.580979 0.521156 0.584849 0.531476 0.592589 0.542441 0.600813 0.550181 0.604683 0.555986 0.611939 0.562436 0.618228 0.571465 0.626451 0.580495 0.631289 0.585010 0.639029 0.586945 0.645317 0.586945 0.652574 0.574045 0.656443 0.557921 0.657411 0.548246 0.660313 0.535346 0.663700 0.521156 0.665151 0.512771 0.667086 0.501161 0.667086 0.491486 0.661281 0.485681 0.652090 0.484391 0.648220 0.483746 0.641447 0.486326 0.636126 0.488906 0.625000 0.488261 0.618711 0.482456 0.609036 0.481811 0.603715 0.485681 0.596943 0.487616 0.587752 0.488261
0 0.635159 0.618228 0.082237 0.096104 0.594040 0.613390 0.599361 0.627580 0.606134 0.637255 0.614358 0.646930 0.622581 0.655315 0.630805 0.663700 0.640480 0.666280 0.650155 0.663700 0.655476 0.655960 0.659346 0.653380 0.665151 0.651445 0.669988 0.639835 0.672407 0.628870 0.674342 0.617905 0.675310 0.605650 0.676277 0.593395 0.674826 0.583720 0.669505 0.575980 0.664183 0.572110 0.660797 0.570175 0.655960 0.579205 0.651122 0.583720 0.644350 0.589525 0.634675 0.597265 0.631289 0.601780 0.626935 0.612100 0.623065 0.615325 0.611939 0.610165 0.608069 0.601135 0.606134 0.597910 0.598394 0.603715
0 0.685226 0.442466 0.074981 0.117389 0.663700 0.383772 0.654992 0.388287 0.650639 0.395382 0.647736 0.405702 0.648704 0.428922 0.649187 0.452141 0.651122 0.465041 0.659346 0.470201 0.666602 0.470846 0.672891 0.473426 0.674342 0.481166 0.668537 0.488261 0.668053 0.501161 0.684017 0.489551 0.686920 0.485036 0.697078 0.479231 0.705302 0.468911 0.715944 0.458591 0.720782 0.452141 0.722717 0.446336 0.720298 0.436662 0.710623 0.428277 0.706269 0.421827 0.703851 0.417312 0.698529 0.410217 0.693692 0.403122 0.685952 0.396027 0.677728 0.389577 0.668537 0.385707
0 0.742308 0.511158 0.080786 0.103844 0.735294 0.459881 0.727070 0.459236 0.719814 0.463106 0.714977 0.468911 0.710139 0.479231 0.706269 0.490841 0.703851 0.505676 0.703851 0.520511 0.702883 0.534056 0.701916 0.543731 0.704334 0.552761 0.710139 0.561791 0.721749 0.563080 0.730457 0.558566 0.738680 0.552761 0.749323 0.552116 0.764319 0.550181 0.770124 0.545021 0.777864 0.534701 0.782701 0.523736 0.782217 0.508901 0.778348 0.494711 0.773510 0.484391 0.759481 0.471491 0.750774 0.466976 0.745453 0.464396
0 0.822610 0.517286 0.072078 0.103199 0.814145 0.465686 0.801567 0.466976 0.793827 0.470846 0.788506 0.476651 0.790925 0.495356 0.794795 0.503741 0.795762 0.506966 0.791892 0.512126 0.786571 0.513416 0.788022 0.525026 0.794795 0.535991 0.804470 0.545021 0.814145 0.552116 0.826722 0.565660 0.834946 0.568885 0.843653 0.562436 0.847523 0.552116 0.848007 0.539216 0.848007 0.529541 0.850426 0.515996 0.857682 0.500516 0.858649 0.490196 0.853812 0.481811 0.847039 0.474071 0.842686 0.468266 0.838332 0.465686 0.836397 0.470846 0.830592 0.474071 0.824303 0.474716 0.819466 0.472781
0 0.882837 0.575013 0.083204 0.099974 0.841235 0.576625 0.842202 0.586300 0.848007 0.594685 0.859133 0.601135 0.871227 0.605005 0.879450 0.608875 0.886223 0.610810 0.891544 0.614035 0.899768 0.619840 0.913796 0.625000 0.919601 0.616615 0.923955 0.608230 0.924439 0.598555 0.921536 0.586300 0.921536 0.577270 0.922504 0.568240 0.920569 0.555986 0.918634 0.545666 0.915731 0.540506 0.914280 0.536636 0.909443 0.530831 0.903638 0.525026 0.902187 0.532121 0.900735 0.539216 0.892512 0.541796 0.885739 0.544376 0.874129 0.546956 0.864938 0.549536 0.864454 0.557276 0.862036 0.564370 0.858649 0.566305 0.848007 0.565015 0.841718 0.568885
0 0.827448 0.669505 0.078851 0.090299 0.788022 0.644995 0.788990 0.652735 0.791409 0.662410 0.800116 0.671440 0.808340 0.677890 0.814628 0.683050 0.822368 0.690789 0.829141 0.698529 0.836397 0.705624 0.844137 0.710784 0.851877 0.714654 0.861068 0.707559 0.863971 0.693369 0.864454 0.680470 0.866389 0.664345 0.866873 0.651445 0.866873 0.641125 0.866873 0.633385 0.860584 0.624355 0.851393 0.626290 0.850426 0.635320 0.850909 0.643705 0.847039 0.648865 0.840267 0.641770 0.831560 0.634675 0.823820 0.630805 0.818982 0.630805 0.811726 0.634675 0.804470 0.638545 0.795279 0.639835
0 0.901219 0.419247 0.098684 0.105779 0.885739 0.373452 0.870259 0.391512 0.861552 0.402477 0.858649 0.411507 0.854296 0.422472 0.851877 0.428922 0.852361 0.448271 0.856714 0.454721 0.865906 0.462461 0.878967 0.466976 0.888158 0.468266 0.903638 0.470201 0.924923 0.472136 0.938467 0.470846 0.945240 0.468911 0.948626 0.457946 0.950561 0.445691 0.949110 0.433437 0.947175 0.422472 0.943305 0.411507 0.937984 0.401187 0.933146 0.389577 0.928793 0.381192 0.923471 0.374097 0.913313 0.367647 0.902670 0.366357 0.897349 0.367002 0.893479 0.368292
0 0.952496 0.480199 0.087074 0.098684 0.952496 0.430857 0.952012 0.443111 0.951529 0.456011 0.949594 0.464396 0.943305 0.471491 0.934114 0.473426 0.927825 0.476006 0.923955 0.477296 0.919118 0.479876 0.915248 0.481811 0.909443 0.494066 0.908959 0.507611 0.911378 0.517931 0.926374 0.521156 0.931695 0.520511 0.937984 0.525671 0.944756 0.529541 0.960236 0.524381 0.971846 0.514706 0.977167 0.511481 0.993131 0.499226 0.996033 0.486971 0.995066 0.472136 0.992647 0.468266 0.983456 0.468266 0.979102 0.462461 0.974265 0.450851 0.969427 0.445046 0.965074 0.439241 0.960720 0.434727