0 0.116771 0.349793 0.098228 0.124726 0.108282 0.287429 0.091876 0.287429 0.082762 0.293332 0.073126 0.308610 0.068699 0.316943 0.067657 0.332916 0.074168 0.347846 0.084845 0.364166 0.095262 0.382221 0.106980 0.395763 0.115053 0.406527 0.126408 0.411809 0.138627 0.412156 0.145907 0.404183 0.154746 0.391010 0.160726 0.375758 0.162760 0.359722 0.165885 0.342708 0.164583 0.325000 0.159686 0.307816 0.145522 0.300277 0.137449 0.293332 0.124428 0.288124
0 0.159668 0.464908 0.088939 0.121875 0.150615 0.409526 0.137334 0.418901 0.123532 0.431054 0.116240 0.440776 0.115199 0.453276 0.121188 0.470637 0.129001 0.488346 0.139938 0.501540 0.146449 0.511957 0.156605 0.522721 0.170667 0.525846 0.184469 0.513346 0.195038 0.501590 0.201798 0.487031 0.204138 0.460686 0.203358 0.440927 0.196858 0.422555 0.184469 0.407443 0.173271 0.403971 0.162594 0.403971
0 0.228313 0.317337 0.081115 0.119097 0.234510 0.283136 0.227611 0.276063 0.223051 0.265775 0.213937 0.258136 0.207166 0.257789 0.200395 0.260567 0.193364 0.271330 0.189197 0.282442 0.187755 0.301923 0.191395 0.314749 0.197895 0.334508 0.203780 0.353275 0.207947 0.369247 0.218364 0.376886 0.232166 0.371330 0.241280 0.359872 0.247663 0.351063 0.250788 0.335438 0.256777 0.327105 0.267310 0.317869 0.268870 0.301923 0.258468 0.286261 0.250655 0.277233 0.241541 0.277233
0 0.284576 0.369009 0.086070 0.102302 0.279562 0.318899 0.266801 0.317858 0.260551 0.322719 0.255864 0.330358 0.251697 0.339038 0.251048 0.350715 0.250395 0.362302 0.249353 0.370288 0.244926 0.379316 0.242582 0.390774 0.241541 0.401885 0.245579 0.415646 0.251829 0.420160 0.263937 0.419941 0.276437 0.416122 0.288676 0.415427 0.300916 0.415427 0.308468 0.410566 0.321881 0.399674 0.327611 0.388562 0.326829 0.367729 0.319538 0.359049 0.312895 0.354663 0.306905 0.345288 0.299353 0.337302 0.291280 0.326885
0 0.369362 0.372071 0.072135 0.106597 0.346054 0.328147 0.337200 0.336133 0.333294 0.352105 0.334335 0.367730 0.337460 0.383355 0.343190 0.390994 0.351783 0.398286 0.362981 0.410091 0.376002 0.421550 0.387200 0.425369 0.393450 0.414258 0.391106 0.401758 0.395273 0.396203 0.403606 0.390300 0.405429 0.376758 0.405429 0.364258 0.404648 0.349328 0.396575 0.336828 0.392408 0.330230 0.384335 0.323633 0.371315 0.318772 0.363763 0.319466 0.353085 0.321203
0 0.422162 0.261752 0.087967 0.113996 0.390679 0.225935 0.379221 0.247810 0.378179 0.262393 0.383648 0.287046 0.392241 0.302323 0.411979 0.318750 0.434115 0.317361 0.446408 0.309962 0.458602 0.299327 0.466146 0.286111 0.464377 0.259962 0.457346 0.238087 0.448752 0.224198 0.437033 0.212740 0.423752 0.204754 0.413075 0.206837 0.403960 0.209962 0.397971 0.218990
0 0.439117 0.425479 0.078125 0.109722 0.416200 0.389021 0.409950 0.397007 0.406565 0.406729 0.403179 0.420618 0.400054 0.433465 0.403440 0.447354 0.410471 0.458118 0.419846 0.464715 0.430002 0.469576 0.438596 0.468535 0.447190 0.471660 0.457606 0.476521 0.468544 0.480340 0.476050 0.472939 0.477873 0.460786 0.477398 0.448396 0.478179 0.429299 0.477138 0.415062 0.474013 0.403257 0.469586 0.391104 0.460731 0.380340 0.451877 0.373743 0.443804 0.370618 0.434429 0.372701 0.423492 0.382424
0 0.407653 0.544289 0.074219 0.107986 0.400947 0.495004 0.396008 0.497777 0.390596 0.501754 0.385388 0.502448 0.375752 0.508698 0.372627 0.517726 0.372888 0.527448 0.370544 0.539948 0.373148 0.551060 0.377315 0.560435 0.384867 0.567032 0.392940 0.576060 0.405179 0.583351 0.412992 0.592726 0.422888 0.598282 0.431885 0.597264 0.439590 0.590296 0.441413 0.578837 0.444242 0.555921 0.444763 0.528490 0.442419 0.505573 0.435388 0.495851 0.423408 0.491685 0.409867 0.490296 0.404398 0.493421
0 0.548684 0.368755 0.061736 0.096566 0.558234 0.327572 0.549848 0.325680 0.543858 0.321513 0.537087 0.320471 0.530316 0.322208 0.524848 0.328458 0.521202 0.339221 0.519639 0.354846 0.517816 0.372208 0.519118 0.385402 0.518337 0.400333 0.521462 0.407624 0.524587 0.411791 0.532300 0.415996 0.540373 0.417038 0.545941 0.412138 0.556358 0.403458 0.569118 0.393388 0.579552 0.380609 0.579014 0.368388 0.577712 0.356930 0.576150 0.349291 0.570453 0.350104 0.564733 0.336932
0 0.622064 0.385071 0.074093 0.099056 0.589965 0.356127 0.587101 0.361682 0.585017 0.376265 0.587882 0.390154 0.593871 0.405779 0.603125 0.420486 0.608715 0.428002 0.617049 0.434252 0.634236 0.434599 0.645434 0.432863 0.652986 0.427307 0.656632 0.422446 0.658715 0.410293 0.659110 0.398285 0.658455 0.389807 0.658455 0.365154 0.655851 0.353002 0.648698 0.341319 0.649490 0.342129 0.641951 0.335543 0.634151 0.335543 0.621996 0.338418 0.613142 0.342238 0.606371 0.347793 0.597778 0.351960
0 0.608712 0.539423 0.075092 0.112866 0.612925 0.482989 0.602698 0.483912 0.593915 0.488198 0.585842 0.491670 0.580802 0.494776 0.577156 0.494081 0.573510 0.499637 0.572208 0.507970 0.571166 0.519429 0.574812 0.529151 0.575333 0.541651 0.577156 0.551026 0.578029 0.563545 0.580281 0.573942 0.581518 0.586134 0.589916 0.593040 0.595320 0.595856 0.603133 0.594467 0.609448 0.594081 0.619597 0.582359 0.628133 0.568425 0.640008 0.550351 0.646258 0.527087 0.644035 0.513723 0.639615 0.502630 0.635750 0.492692 0.628979 0.490262
0 0.753307 0.309545 0.085115 0.115779 0.751114 0.260387 0.738614 0.271499 0.729500 0.278096 0.720385 0.275318 0.716739 0.279485 0.710750 0.287471 0.710750 0.297887 0.711370 0.305386 0.715530 0.311279 0.716310 0.321331 0.719083 0.327749 0.724291 0.334693 0.734968 0.343374 0.740698 0.342679 0.748250 0.353790 0.756607 0.359116 0.769086 0.367435 0.778186 0.364315 0.783866 0.355931 0.787252 0.342737 0.790377 0.322251 0.793502 0.296556 0.795865 0.278694 0.792745 0.262055 0.786765 0.252696 0.780526 0.251656 0.776366 0.257549
0 0.840382 0.202385 0.085398 0.121240 0.819262 0.166723 0.810942 0.175042 0.813802 0.193068 0.815362 0.210747 0.812947 0.217519 0.800186 0.211616 0.797683 0.223572 0.806246 0.237518 0.816332 0.247727 0.821845 0.247224 0.835343 0.248769 0.844220 0.253037 0.862686 0.263005 0.874145 0.261616 0.878133 0.253499 0.880216 0.240999 0.878393 0.222249 0.879435 0.206277 0.883081 0.193777 0.882299 0.179194 0.881258 0.169472 0.875268 0.154194 0.867716 0.147249 0.861987 0.142041 0.849160 0.141764 0.837721 0.150084 0.827530 0.162658
0 0.863898 0.364626 0.095120 0.131165 0.897663 0.308713 0.892715 0.305936 0.883861 0.303852 0.869203 0.299043 0.853838 0.306682 0.848630 0.316751 0.833786 0.326474 0.824932 0.334460 0.819463 0.345224 0.816338 0.356335 0.817119 0.380640 0.829619 0.392446 0.843708 0.409036 0.858527 0.420475 0.872396 0.428472 0.885417 0.430208 0.895840 0.422602 0.901569 0.404894 0.902871 0.383019 0.909381 0.366352 0.911198 0.345139 0.911458 0.332986 0.909121 0.320519 0.901829 0.313227
0 0.046354 0.380214 0.092708 0.106238 0.004167 0.415625 0.000000 0.377083 0.002083 0.350000 0.020833 0.329179 0.030469 0.327095 0.046354 0.332304 0.057292 0.335082 0.073177 0.344444 0.083073 0.361111 0.092708 0.383333 0.089323 0.399318 0.085417 0.411458 0.078906 0.422569 0.066667 0.430903 0.053125 0.433333 0.040104 0.431957 0.026823 0.426054 0.020312 0.425359