0 0.329560 0.329680 0.074047 0.079158 0.329723 0.290101 0.317654 0.290101 0.300692 0.310543 0.292537 0.332724 0.293189 0.350557 0.306237 0.366649 0.320916 0.369259 0.341467 0.363605 0.359081 0.362735 0.366584 0.351862 0.365932 0.340118 0.337878 0.297495
0 0.302649 0.434499 0.065892 0.094816 0.299713 0.387091 0.282424 0.387526 0.269703 0.405358 0.271007 0.429715 0.272638 0.438848 0.305911 0.480602 0.313740 0.481907 0.321895 0.469294 0.335595 0.424061 0.332985 0.403619 0.325483 0.398399 0.316023 0.407533 0.305911 0.407533
0 0.259427 0.548452 0.062957 0.080028 0.252088 0.521051 0.236104 0.508438 0.235451 0.516701 0.227949 0.520616 0.229254 0.542363 0.236430 0.558020 0.237409 0.570633 0.241323 0.586291 0.249804 0.588466 0.260895 0.583681 0.271007 0.572808 0.284382 0.563239 0.290906 0.549322 0.277205 0.538883 0.263831 0.548017 0.257959 0.542797 0.255023 0.534969
0 0.459967 0.405325 0.061206 0.082347 0.458950 0.367357 0.444896 0.364152 0.439719 0.371302 0.434541 0.384369 0.431028 0.395217 0.429364 0.418393 0.437315 0.429980 0.439349 0.437130 0.446376 0.446499 0.461354 0.440582 0.469305 0.430720 0.485207 0.423570 0.490570 0.406312 0.480214 0.397929 0.470229 0.388067 0.469305 0.378452 0.465607 0.377959 0.462833 0.367357
0 0.474390 0.476824 0.065643 0.090237 0.468195 0.433925 0.460244 0.443787 0.453217 0.451677 0.450259 0.462032 0.448225 0.470661 0.447855 0.476085 0.446561 0.479290 0.446746 0.486440 0.443972 0.490878 0.443602 0.497041 0.441568 0.500493 0.441938 0.510355 0.447670 0.520464 0.458950 0.521943 0.473928 0.518245 0.492973 0.516765 0.505917 0.502712 0.507212 0.482742 0.497781 0.452416 0.489830 0.441815 0.481509 0.431706
0 0.564349 0.462032 0.061021 0.089250 0.551220 0.419625 0.560651 0.417406 0.583210 0.422091 0.594859 0.443294 0.594305 0.468688 0.578217 0.506410 0.570636 0.506657 0.560466 0.499507 0.543824 0.490138 0.536982 0.479536 0.533839 0.472633 0.534209 0.451183 0.537722 0.437870 0.543824 0.425049
0 0.666143 0.463712 0.069342 0.089652 0.631472 0.433925 0.631786 0.458890 0.635355 0.467209 0.635540 0.470414 0.638683 0.475099 0.640533 0.473866 0.671413 0.507643 0.679287 0.508537 0.685651 0.504931 0.690459 0.497781 0.691938 0.484467 0.693602 0.479290 0.693972 0.467949 0.700814 0.445759 0.699704 0.438363 0.696006 0.427268 0.689719 0.420118 0.682692 0.420118 0.675111 0.422830 0.668084 0.422091 0.660873 0.418886 0.652367 0.422830 0.641087 0.425542
0 0.675100 0.536163 0.066938 0.084073 0.694886 0.494126 0.705610 0.508919 0.708569 0.536779 0.706535 0.541957 0.706535 0.553791 0.699138 0.565626 0.691187 0.568338 0.681572 0.578199 0.673251 0.578199 0.663820 0.570063 0.656239 0.560695 0.643295 0.538998 0.641631 0.530123 0.655869 0.516809 0.657164 0.521986 0.665670 0.524945 0.671032 0.520754 0.676329 0.508769 0.680157 0.507378 0.686565 0.504235 0.691002 0.497578
0 0.708395 0.402120 0.062500 0.090237 0.694342 0.357002 0.683987 0.362919 0.677145 0.377712 0.677700 0.399901 0.681398 0.410503 0.696746 0.413215 0.705621 0.418393 0.704327 0.421105 0.691013 0.421105 0.696746 0.430966 0.701368 0.438363 0.700629 0.447239 0.737981 0.409517 0.739645 0.404339 0.737241 0.391272 0.728550 0.385108 0.724297 0.375247 0.709689 0.361933
0 0.756564 0.451677 0.065274 0.086292 0.747411 0.408531 0.737426 0.414941 0.733913 0.420611 0.729290 0.423817 0.725407 0.447239 0.723928 0.477564 0.725962 0.490138 0.731324 0.494329 0.746302 0.494822 0.750000 0.488412 0.765902 0.484467 0.774223 0.480523 0.784578 0.469428 0.786612 0.460552 0.789201 0.454389 0.786797 0.445020 0.779216 0.426282 0.771265 0.419132 0.758876 0.412475
0 0.815459 0.455745 0.056583 0.081607 0.806213 0.416913 0.794716 0.424715 0.789840 0.435859 0.805163 0.451337 0.795180 0.448551 0.797038 0.455362 0.787167 0.447732 0.789571 0.454389 0.787167 0.458333 0.800481 0.475345 0.825074 0.496548 0.834135 0.496055 0.837093 0.489892 0.837833 0.478304 0.837833 0.464744 0.842825 0.451923 0.843750 0.440582 0.842271 0.428254 0.835799 0.420611 0.829512 0.414941 0.822485 0.419379 0.817862 0.419379
0 0.829617 0.581830 0.064718 0.080035 0.823778 0.547148 0.817047 0.548846 0.813409 0.555151 0.799949 0.557334 0.797258 0.569321 0.799767 0.578192 0.799585 0.585225 0.806497 0.589348 0.812682 0.598807 0.847788 0.621847 0.857974 0.616026 0.861430 0.606083 0.861976 0.559274 0.859248 0.548360 0.851608 0.541812 0.847061 0.545693 0.847061 0.554909 0.842513 0.555394
0 0.869343 0.499369 0.068939 0.079550 0.882712 0.459594 0.861067 0.475844 0.849971 0.492579 0.839785 0.494761 0.834873 0.499854 0.835419 0.510768 0.850698 0.527503 0.865978 0.529201 0.887078 0.539144 0.896900 0.538174 0.902721 0.530898 0.903813 0.516347 0.900720 0.510768 0.900357 0.501067 0.901994 0.496702 0.898719 0.477057 0.892535 0.466143
0 0.873890 0.373739 0.079853 0.086826 0.872708 0.330326 0.863795 0.333236 0.858156 0.338329 0.852881 0.345120 0.836692 0.375194 0.833964 0.384895 0.835965 0.395809 0.839239 0.405025 0.850335 0.412786 0.858884 0.414969 0.870343 0.417152 0.874891 0.414726 0.898538 0.417152 0.908360 0.412786 0.913817 0.399690 0.913453 0.386108 0.907269 0.365735 0.898719 0.344635 0.893808 0.338087 0.889261 0.333236
0 0.924003 0.432795 0.068757 0.079792 0.894900 0.416424 0.890352 0.435341 0.889625 0.444558 0.890352 0.458867 0.896900 0.464930 0.903449 0.465415 0.912362 0.472691 0.921457 0.470993 0.930915 0.467113 0.947286 0.447468 0.958382 0.437282 0.956745 0.420790 0.950560 0.415454 0.943648 0.413756 0.938009 0.408906 0.936372 0.398477 0.925276 0.392899 0.913817 0.392899 0.914181 0.399932 0.908360 0.414726
0 0.975772 0.581223 0.045331 0.081733 0.965294 0.540357 0.978027 0.544480 0.980028 0.557334 0.989123 0.565338 0.998437 0.558699 0.998437 0.620877 0.989123 0.622090 0.979300 0.616269 0.965840 0.616511 0.959473 0.608265 0.954198 0.594441 0.953107 0.561942 0.954926 0.552241 0.961110 0.545693
0 0.975418 0.458435 0.046038 0.067237 0.952399 0.442135 0.955073 0.458690 0.962714 0.472443 0.972456 0.488488 0.981624 0.492054 0.992321 0.490780 0.998437 0.484829 0.998437 0.424817 0.993276 0.433476 0.982961 0.433476 0.975321 0.431184