0 0.031094 0.257812 0.061875 0.080625 0.000313 0.221875 0.003594 0.218125 0.013437 0.217500 0.023906 0.220833 0.036250 0.231042 0.062031 0.272500 0.060937 0.287083 0.022656 0.298125 0.006875 0.295833 0.000156 0.288542
0 0.148906 0.331562 0.061875 0.081042 0.126875 0.292083 0.119063 0.305000 0.117969 0.347708 0.132031 0.372083 0.136094 0.366667 0.147031 0.356667 0.144687 0.352083 0.146094 0.348333 0.152344 0.348333 0.158125 0.352917 0.161562 0.360833 0.171406 0.351042 0.179844 0.336667 0.178750 0.331875 0.173594 0.327500 0.157344 0.325417 0.150625 0.309792 0.142969 0.308958 0.138437 0.301875 0.137031 0.293542 0.132344 0.293333 0.131719 0.291042
0 0.149063 0.397292 0.070937 0.082500 0.131562 0.373333 0.124844 0.384375 0.124375 0.396667 0.116406 0.411042 0.113594 0.421042 0.114219 0.428542 0.119687 0.435208 0.128594 0.438542 0.148750 0.437083 0.167344 0.437292 0.180313 0.430000 0.184531 0.417292 0.176563 0.409375 0.174375 0.401458 0.174531 0.391042 0.168125 0.382292 0.162187 0.361667 0.156250 0.356042 0.147344 0.356250 0.136094 0.366250
0 0.240469 0.382187 0.061250 0.078542 0.210312 0.357292 0.220938 0.343333 0.226406 0.342917 0.251406 0.343333 0.261250 0.353125 0.271094 0.371667 0.271094 0.392292 0.268281 0.402292 0.262031 0.402917 0.254531 0.413542 0.247656 0.421458 0.231719 0.420208 0.221250 0.412708 0.213906 0.401875 0.210625 0.391042 0.209844 0.377292
0 0.314063 0.370312 0.065000 0.093125 0.281875 0.344375 0.281562 0.357500 0.285781 0.366875 0.286406 0.374375 0.297656 0.391250 0.303750 0.393958 0.320312 0.416667 0.325781 0.416875 0.334687 0.411875 0.335625 0.402083 0.346562 0.370625 0.346562 0.343125 0.342813 0.335625 0.334063 0.327500 0.322031 0.323750 0.304219 0.324167 0.294687 0.326458 0.287656 0.330833 0.283125 0.337708
0 0.338828 0.453437 0.062969 0.091875 0.307656 0.441667 0.307344 0.455208 0.313594 0.469375 0.325781 0.487083 0.340313 0.499375 0.349688 0.499375 0.352344 0.493750 0.360938 0.488750 0.367344 0.479375 0.370156 0.472708 0.370312 0.459167 0.369531 0.443750 0.366719 0.428125 0.364687 0.422083 0.358281 0.413750 0.352344 0.407500 0.335469 0.414167 0.330469 0.420625 0.323906 0.421875 0.320312 0.429583 0.315625 0.431875 0.309375 0.436250
0 0.380625 0.336250 0.059375 0.092500 0.366563 0.290000 0.356563 0.299583 0.350938 0.314583 0.362812 0.375833 0.367969 0.381458 0.374375 0.382500 0.380156 0.379375 0.410313 0.337917 0.410156 0.316458 0.402187 0.310417 0.395625 0.315000 0.388906 0.310417 0.386719 0.300417 0.376875 0.292083
0 0.427891 0.380521 0.061094 0.080625 0.404063 0.362917 0.397500 0.397083 0.397344 0.408750 0.399375 0.417083 0.405625 0.420833 0.417187 0.417708 0.440781 0.412500 0.455625 0.396667 0.458437 0.387292 0.457813 0.377500 0.443750 0.353542 0.435937 0.346875 0.428437 0.341875 0.420469 0.340208 0.414531 0.344375 0.408906 0.350625
0 0.489063 0.388229 0.055000 0.082292 0.463438 0.392083 0.469375 0.400000 0.486875 0.416250 0.494375 0.425208 0.498125 0.429375 0.507500 0.426667 0.509531 0.420625 0.509531 0.402917 0.516563 0.385000 0.516563 0.370625 0.513125 0.360208 0.506719 0.351875 0.497969 0.347500 0.492344 0.347083 0.476562 0.349375 0.469531 0.354375 0.463438 0.373125 0.461562 0.380625
0 0.514609 0.514062 0.055156 0.080625 0.504844 0.478750 0.511719 0.483958 0.515937 0.482083 0.519062 0.475625 0.526719 0.473750 0.540000 0.482500 0.542188 0.496667 0.541875 0.536875 0.537656 0.553125 0.529844 0.554375 0.516875 0.546250 0.512344 0.541250 0.507031 0.540625 0.496719 0.530417 0.488125 0.517292 0.487031 0.499375 0.491875 0.488750 0.496875 0.482500
0 0.544844 0.429167 0.057500 0.083333 0.516250 0.446458 0.526719 0.458750 0.531562 0.458958 0.536094 0.464375 0.542500 0.460625 0.555469 0.468333 0.566094 0.470833 0.570937 0.466667 0.573594 0.456250 0.573125 0.451250 0.571406 0.446875 0.570000 0.424375 0.568906 0.411250 0.560937 0.398125 0.555625 0.390625 0.550156 0.388750 0.544375 0.387500 0.529219 0.404583 0.525000 0.408542 0.520000 0.416875 0.516563 0.428125 0.516094 0.438125
0 0.535391 0.308229 0.065156 0.086458 0.503125 0.301875 0.502812 0.317708 0.507344 0.329375 0.514687 0.344375 0.526250 0.351458 0.542188 0.350625 0.546406 0.347708 0.559375 0.346042 0.567969 0.336667 0.567969 0.312708 0.564688 0.300625 0.558281 0.284167 0.550312 0.272917 0.546094 0.268125 0.536562 0.265417 0.530625 0.265000 0.523594 0.267500 0.518281 0.272292 0.512656 0.279792 0.507812 0.291042
0 0.613750 0.382396 0.048750 0.074375 0.592500 0.362083 0.589375 0.401875 0.591406 0.412708 0.594062 0.415417 0.608125 0.419583 0.614687 0.416458 0.618437 0.413750 0.624062 0.405625 0.631719 0.400000 0.637031 0.391250 0.638125 0.381250 0.637188 0.371875 0.634375 0.362083 0.628750 0.356042 0.619531 0.355417 0.608281 0.350000 0.607500 0.345208 0.602344 0.345625 0.597813 0.350208
0 0.670547 0.402500 0.054844 0.077500 0.643125 0.385625 0.643125 0.395625 0.644688 0.407500 0.649687 0.419167 0.663750 0.439792 0.673750 0.441250 0.678438 0.438958 0.687656 0.437083 0.693438 0.429583 0.696250 0.415625 0.697969 0.392083 0.695156 0.380833 0.691563 0.369167 0.685312 0.363750 0.669844 0.370833 0.663125 0.375625 0.661094 0.381250 0.650469 0.382083
0 0.664297 0.517708 0.055156 0.076250 0.642813 0.479583 0.637500 0.488750 0.636719 0.506250 0.639219 0.527708 0.641719 0.547500 0.649375 0.555000 0.657813 0.553750 0.660937 0.555833 0.668438 0.555000 0.673281 0.551250 0.686719 0.520833 0.691875 0.508125 0.688438 0.491250 0.668750 0.480833 0.662500 0.485208 0.652500 0.488958 0.643437 0.487083
0 0.770937 0.359375 0.061563 0.072917 0.741250 0.336875 0.750938 0.332292 0.758125 0.338333 0.767656 0.328958 0.773438 0.325208 0.779531 0.323750 0.790000 0.327917 0.796719 0.326667 0.797187 0.322917 0.801719 0.328125 0.801562 0.348542 0.796094 0.353750 0.793906 0.383750 0.787500 0.394583 0.776406 0.395833 0.763594 0.385000 0.745000 0.366042 0.743281 0.353542 0.740156 0.350208
0 0.834531 0.283854 0.065000 0.088542 0.803906 0.287917 0.802031 0.294792 0.808281 0.303750 0.815625 0.309375 0.825937 0.313750 0.834375 0.319583 0.845313 0.328125 0.854063 0.328125 0.862500 0.323958 0.862500 0.301458 0.864375 0.285625 0.867031 0.270625 0.862500 0.251875 0.858750 0.244792 0.854844 0.241042 0.847813 0.239583 0.842500 0.244167 0.827656 0.256042 0.821094 0.265625 0.818906 0.296875
0 0.844688 0.407708 0.068437 0.090000 0.812187 0.394583 0.810469 0.401667 0.812500 0.417917 0.847969 0.451250 0.860000 0.452708 0.868750 0.441458 0.869219 0.427500 0.876563 0.411458 0.878906 0.396458 0.876563 0.377292 0.870937 0.368333 0.864687 0.364583 0.852031 0.362708 0.836094 0.369583 0.825000 0.380417 0.815625 0.388125