0 0.209844 0.371875 0.071250 0.072500 0.199687 0.336042 0.190312 0.341042 0.185156 0.348542 0.177344 0.363125 0.174531 0.371458 0.174219 0.380833 0.176563 0.390208 0.180469 0.395625 0.183906 0.399792 0.188437 0.405417 0.202188 0.405833 0.211094 0.408125 0.219844 0.405000 0.235937 0.402500 0.242969 0.397917 0.245469 0.392708 0.244531 0.385208 0.240000 0.375417 0.218125 0.340625 0.211406 0.335625
0 0.177109 0.470938 0.063594 0.090208 0.165000 0.425833 0.165000 0.437500 0.172031 0.448750 0.179688 0.446250 0.189688 0.436875 0.190625 0.430625 0.204062 0.441458 0.208906 0.451667 0.208281 0.468542 0.202969 0.476458 0.186094 0.510833 0.179531 0.516042 0.174844 0.515000 0.172812 0.510833 0.161562 0.493125 0.150156 0.474792 0.147500 0.465833 0.145313 0.454167 0.147344 0.443750 0.149531 0.437708 0.154688 0.427500
0 0.131953 0.577604 0.063281 0.068542 0.116719 0.550833 0.110937 0.558125 0.111563 0.571875 0.118594 0.574167 0.128438 0.573125 0.136094 0.566875 0.138906 0.571875 0.150938 0.580208 0.155156 0.581250 0.158281 0.577083 0.159688 0.569167 0.162500 0.570417 0.163594 0.577500 0.152031 0.593125 0.128438 0.611875 0.120469 0.611875 0.114375 0.606250 0.110781 0.596250 0.102188 0.565000 0.100312 0.550000 0.106250 0.543333
0 0.326328 0.450625 0.057656 0.079583 0.308438 0.410833 0.303125 0.418333 0.300781 0.426250 0.298594 0.434167 0.297500 0.461250 0.304531 0.473750 0.303594 0.479167 0.310469 0.490417 0.318594 0.489375 0.325625 0.481667 0.325000 0.475000 0.328437 0.473542 0.335781 0.481042 0.337188 0.476875 0.344219 0.472708 0.348438 0.467083 0.353437 0.458125 0.355156 0.447708 0.345000 0.451667 0.338906 0.451875 0.334844 0.440833 0.332031 0.439792 0.327813 0.439375 0.322969 0.437500 0.319062 0.431875 0.318750 0.427292 0.320625 0.424792 0.320781 0.422500 0.314844 0.421667 0.312188 0.417917
0 0.328594 0.523333 0.062813 0.084583 0.317344 0.490000 0.307812 0.510000 0.307500 0.516042 0.297187 0.550208 0.299531 0.557708 0.305625 0.565625 0.349219 0.561667 0.355156 0.557917 0.358594 0.551667 0.360000 0.545208 0.357656 0.531667 0.354063 0.521250 0.349844 0.520417 0.344531 0.497292 0.334844 0.481042 0.328750 0.481250 0.324375 0.482708
0 0.418828 0.517188 0.060781 0.091875 0.403594 0.473750 0.391875 0.485208 0.388437 0.495000 0.389531 0.520833 0.392188 0.531042 0.407969 0.558125 0.415781 0.563125 0.422031 0.561250 0.446719 0.523125 0.449219 0.516667 0.448281 0.502500 0.445781 0.492292 0.439063 0.483333 0.436094 0.478542 0.429531 0.476250 0.414844 0.471250 0.408125 0.471458
0 0.503125 0.525937 0.065312 0.095625 0.470937 0.489167 0.476562 0.481875 0.487344 0.478125 0.494531 0.481875 0.510000 0.478125 0.535625 0.489375 0.535781 0.508750 0.527969 0.541458 0.524844 0.562083 0.516875 0.573750 0.510156 0.573750 0.500938 0.565833 0.498906 0.555625 0.479531 0.535208 0.470469 0.518125
0 0.523281 0.598646 0.065625 0.093958 0.523438 0.565000 0.529062 0.565000 0.535625 0.557708 0.534062 0.552500 0.537500 0.551667 0.541406 0.556250 0.553594 0.574167 0.556094 0.610000 0.553594 0.626250 0.548438 0.635000 0.540312 0.636875 0.534062 0.644792 0.529375 0.645625 0.521719 0.643958 0.514531 0.640000 0.496406 0.614375 0.493281 0.605417 0.490469 0.595208 0.492500 0.581667 0.494531 0.579375 0.493906 0.591250 0.499062 0.591042 0.511094 0.573750 0.517031 0.573125
0 0.567578 0.463438 0.062031 0.095208 0.551562 0.415833 0.557813 0.416667 0.577813 0.431875 0.580156 0.448125 0.587812 0.455625 0.595156 0.446250 0.597187 0.445833 0.598594 0.455208 0.597656 0.468750 0.594844 0.475417 0.580469 0.489375 0.564531 0.507292 0.560937 0.511042 0.552656 0.510625 0.548750 0.507500 0.544219 0.499583 0.543750 0.480833 0.539375 0.465625 0.536875 0.457500 0.536562 0.441875 0.541719 0.436042 0.541094 0.430417
0 0.619219 0.518333 0.069062 0.089583 0.605938 0.474792 0.596094 0.486458 0.595156 0.491250 0.591875 0.493125 0.592812 0.503750 0.584688 0.539167 0.584844 0.549792 0.587031 0.559583 0.592344 0.561250 0.603281 0.563125 0.610156 0.555625 0.624219 0.556042 0.630312 0.551250 0.639687 0.548958 0.644688 0.542917 0.648906 0.535833 0.648594 0.530208 0.652344 0.526042 0.653750 0.520833 0.651094 0.513333 0.635313 0.488542 0.619062 0.475000 0.612031 0.473542
0 0.688828 0.528229 0.058594 0.093542 0.676562 0.483333 0.683906 0.489792 0.692344 0.482292 0.699844 0.481458 0.707188 0.486458 0.713906 0.494792 0.717031 0.503333 0.718125 0.519167 0.712187 0.532500 0.708281 0.548333 0.707344 0.568542 0.702344 0.575000 0.699531 0.574792 0.695000 0.571042 0.689375 0.565833 0.686875 0.560625 0.677969 0.550833 0.673438 0.547917 0.664062 0.537292 0.664219 0.529792 0.660156 0.522292 0.659531 0.511875 0.660000 0.501667 0.664687 0.492292 0.668906 0.487083
0 0.746875 0.443750 0.078750 0.097500 0.722969 0.411667 0.727344 0.402917 0.740313 0.395000 0.745469 0.395417 0.754063 0.396458 0.761250 0.401042 0.768125 0.406250 0.773906 0.416875 0.781406 0.437917 0.786250 0.466042 0.785625 0.483958 0.776875 0.490417 0.769844 0.492500 0.762188 0.490625 0.748437 0.489583 0.738281 0.488333 0.728906 0.484583 0.717344 0.476667 0.712500 0.467708 0.707500 0.448542 0.708594 0.434375 0.713125 0.424583
0 0.748750 0.579479 0.068125 0.096458 0.728750 0.553333 0.741563 0.549167 0.752344 0.537917 0.752656 0.531250 0.760938 0.532917 0.778125 0.556875 0.778906 0.596667 0.782813 0.605208 0.780938 0.623542 0.774062 0.627708 0.765000 0.627292 0.743437 0.611875 0.735781 0.611875 0.728437 0.608125 0.714687 0.592292 0.714687 0.581458 0.717031 0.571042 0.719531 0.565417
0 0.711094 0.667917 0.061875 0.086667 0.680156 0.636667 0.692500 0.627708 0.698125 0.628750 0.703437 0.636250 0.710313 0.641250 0.715625 0.636667 0.719531 0.633542 0.719219 0.625417 0.721562 0.624583 0.737187 0.628750 0.742031 0.640417 0.739219 0.696667 0.735625 0.706875 0.730000 0.711250 0.724219 0.710417 0.711562 0.699792 0.707969 0.693542 0.697813 0.686042 0.687969 0.676042 0.681562 0.667500 0.680156 0.661667
0 0.828359 0.508437 0.065781 0.088542 0.802500 0.484167 0.795781 0.520208 0.795469 0.535208 0.803438 0.544792 0.807031 0.543750 0.812344 0.551667 0.826719 0.552708 0.832344 0.547917 0.851719 0.533750 0.859531 0.521250 0.861250 0.515417 0.860156 0.504375 0.857344 0.495000 0.854063 0.490208 0.850313 0.488542 0.847500 0.493542 0.841562 0.493542 0.829531 0.486042 0.828906 0.481042 0.829219 0.475208 0.832031 0.467917 0.820156 0.464167 0.817031 0.464167 0.809219 0.468542 0.805781 0.473750
0 0.900391 0.539375 0.069844 0.087083 0.865469 0.518750 0.880781 0.509375 0.882969 0.516250 0.894219 0.519167 0.922500 0.495833 0.932500 0.510417 0.935312 0.527083 0.930469 0.540833 0.927344 0.550208 0.922031 0.573542 0.919687 0.576042 0.910156 0.576458 0.902344 0.582917 0.891094 0.582917 0.885156 0.577708 0.870000 0.553542 0.867656 0.544167 0.865469 0.534167
0 0.890078 0.685833 0.072344 0.093750 0.872344 0.640833 0.868594 0.644375 0.870781 0.661458 0.877344 0.667292 0.885469 0.662292 0.897500 0.660833 0.900156 0.654792 0.904375 0.653333 0.922656 0.667292 0.925156 0.667917 0.926250 0.693125 0.921250 0.697083 0.907656 0.723750 0.899531 0.728958 0.888906 0.732708 0.877031 0.725208 0.870781 0.724167 0.866406 0.722292 0.857812 0.711667 0.856719 0.700833 0.853906 0.654375 0.856250 0.644583 0.861094 0.641250 0.863594 0.638958