0 0.052517 0.270255 0.100694 0.100694 0.037760 0.223380 0.021267 0.231481 0.009115 0.241898 0.003906 0.253472 0.002170 0.274306 0.009115 0.291667 0.018663 0.306713 0.036892 0.314815 0.048177 0.320602 0.069878 0.319444 0.087240 0.314815 0.098524 0.309028 0.102865 0.293981 0.097656 0.281250 0.092448 0.274306 0.084635 0.262731 0.073351 0.243056 0.067274 0.234954 0.046441 0.219907
0 0.023220 0.386574 0.046441 0.099537 0.003038 0.340278 0.016927 0.336806 0.027344 0.337963 0.045573 0.358796 0.046441 0.379630 0.043837 0.395833 0.035156 0.408565 0.021267 0.427083 0.009115 0.436343 0.003038 0.436343 0.000434 0.424769 0.000000 0.412616 0.000000 0.385417 0.000000 0.369213 0.000000 0.357639 0.000000 0.348380
0 0.219184 0.358218 0.078125 0.103009 0.201823 0.409722 0.194010 0.395833 0.187934 0.385417 0.183594 0.368056 0.180122 0.349537 0.180990 0.336806 0.187934 0.325231 0.194010 0.314815 0.203559 0.306713 0.219184 0.311343 0.226997 0.328704 0.232205 0.336806 0.238281 0.342593 0.247830 0.346065 0.258247 0.361111 0.257378 0.375000 0.250434 0.378472 0.241753 0.369213 0.235677 0.353009 0.229601 0.357639 0.230469 0.372685 0.219184 0.373843 0.213108 0.383102 0.214844 0.394676 0.210503 0.408565
0 0.225260 0.443287 0.083333 0.104167 0.226997 0.391204 0.209635 0.399306 0.202691 0.416667 0.189670 0.453704 0.185330 0.474537 0.183594 0.481481 0.189670 0.493056 0.209635 0.495370 0.226128 0.490741 0.243490 0.489583 0.258247 0.487269 0.266927 0.466435 0.266927 0.454861 0.260851 0.436343 0.258247 0.428241 0.252170 0.407407 0.243490 0.395833 0.236545 0.392361
0 0.348524 0.412616 0.078125 0.100694 0.368490 0.453704 0.359809 0.461806 0.351128 0.462963 0.337240 0.457176 0.325955 0.450231 0.314670 0.443287 0.311198 0.424769 0.309462 0.391204 0.322483 0.370370 0.332031 0.362269 0.347656 0.368056 0.362413 0.370370 0.371094 0.376157 0.376302 0.383102 0.387587 0.412037 0.386719 0.424769 0.374566 0.443287
0 0.460938 0.388310 0.082465 0.130787 0.481337 0.453704 0.470052 0.447917 0.452691 0.437500 0.444878 0.425926 0.425781 0.396991 0.421441 0.377315 0.419705 0.359954 0.421441 0.344907 0.428385 0.335648 0.433594 0.328704 0.445747 0.322917 0.473524 0.322917 0.482205 0.326389 0.493490 0.337963 0.500434 0.355324 0.502170 0.378472 0.501302 0.398148 0.498698 0.415509 0.493490 0.432870
0 0.486111 0.498843 0.082465 0.111111 0.495226 0.553241 0.485677 0.554398 0.470920 0.539352 0.455295 0.517361 0.445747 0.501157 0.444878 0.487269 0.449219 0.471065 0.457899 0.468750 0.464844 0.462963 0.479601 0.446759 0.488281 0.443287 0.508247 0.449074 0.519531 0.473380 0.523872 0.490741 0.526476 0.508102 0.527344 0.523148 0.522135 0.541667 0.511719 0.549769
0 0.531250 0.345486 0.066840 0.114583 0.532552 0.386574 0.525608 0.399306 0.515191 0.402778 0.509115 0.392361 0.504774 0.371528 0.501302 0.356481 0.497830 0.333333 0.497830 0.315972 0.498698 0.302083 0.507378 0.292824 0.516927 0.288194 0.535156 0.303241 0.543837 0.311343 0.550781 0.314815 0.564670 0.331019 0.564670 0.344907 0.554253 0.368056 0.546441 0.377315
0 0.589844 0.403935 0.074653 0.104167 0.577691 0.456019 0.564670 0.450231 0.553385 0.432870 0.552517 0.401620 0.559462 0.371528 0.569010 0.357639 0.581163 0.351852 0.589844 0.351852 0.601997 0.361111 0.610677 0.364583 0.620226 0.378472 0.626302 0.392361 0.627170 0.408565 0.619358 0.422454 0.607205 0.436343 0.599392 0.444444 0.589844 0.451389
0 0.665365 0.405671 0.059028 0.098380 0.686198 0.454861 0.675781 0.453704 0.666233 0.444444 0.659288 0.435185 0.646267 0.416667 0.635851 0.392361 0.648003 0.390046 0.647135 0.381944 0.640191 0.377315 0.646267 0.362269 0.652344 0.357639 0.669705 0.356481 0.684462 0.361111 0.694010 0.370370 0.694010 0.395833 0.690538 0.407407 0.691406 0.422454 0.694878 0.437500 0.694010 0.447917
0 0.725260 0.303241 0.081597 0.101852 0.766059 0.339120 0.759983 0.346065 0.748698 0.349537 0.737413 0.351852 0.724392 0.354167 0.712240 0.351852 0.699219 0.349537 0.692274 0.346065 0.685330 0.325231 0.684462 0.304398 0.684462 0.285880 0.688802 0.271991 0.697483 0.260417 0.710503 0.252315 0.726128 0.253472 0.737413 0.261574 0.749566 0.275463 0.755642 0.293981 0.765191 0.320602
0 0.738715 0.460069 0.073785 0.098380 0.772135 0.505787 0.757378 0.509259 0.727865 0.496528 0.718316 0.496528 0.708767 0.493056 0.701823 0.467593 0.707899 0.439815 0.716580 0.427083 0.739149 0.410880 0.755642 0.416667 0.763455 0.429398 0.766059 0.442130 0.773872 0.457176 0.775608 0.465278 0.775608 0.474537 0.775608 0.489583
0 0.702257 0.570023 0.072049 0.093750 0.738281 0.605324 0.736545 0.611111 0.731337 0.616898 0.722656 0.612269 0.717448 0.607639 0.705295 0.601852 0.686198 0.597222 0.676649 0.586806 0.667101 0.577546 0.666233 0.565972 0.666233 0.547454 0.674913 0.532407 0.685330 0.523148 0.694878 0.525463 0.706163 0.526620 0.713976 0.523148 0.726128 0.525463 0.731337 0.546296 0.730469 0.556713 0.737413 0.579861
0 0.799913 0.400463 0.067708 0.090278 0.795573 0.355324 0.783420 0.361111 0.774740 0.365741 0.768663 0.368056 0.767795 0.391204 0.766927 0.405093 0.766059 0.416667 0.766927 0.428241 0.776476 0.439815 0.791233 0.445602 0.798177 0.445602 0.806858 0.434028 0.817274 0.423611 0.830295 0.407407 0.833767 0.390046 0.833767 0.377315 0.817274 0.362269
0 0.867188 0.416667 0.066840 0.085648 0.897135 0.402778 0.894531 0.424769 0.894531 0.440972 0.892795 0.453704 0.883247 0.458333 0.864149 0.459491 0.854601 0.447917 0.847656 0.436343 0.840712 0.421296 0.833767 0.402778 0.835503 0.396991 0.842448 0.387731 0.858073 0.385417 0.865885 0.384259 0.875434 0.378472 0.881510 0.373843 0.894531 0.377315 0.900608 0.388889
0 0.890625 0.556134 0.082465 0.098380 0.919705 0.587963 0.913628 0.597222 0.904080 0.605324 0.888455 0.605324 0.878038 0.604167 0.863281 0.593750 0.851128 0.557870 0.849392 0.535880 0.851997 0.518519 0.855469 0.511574 0.860677 0.506944 0.877170 0.518519 0.887587 0.518519 0.898872 0.512731 0.910156 0.509259 0.921441 0.518519 0.931858 0.533565 0.931858 0.555556 0.930990 0.578704
0 0.976432 0.357639 0.044010 0.062500 0.988281 0.386574 0.980469 0.378472 0.967448 0.369213 0.956163 0.355324 0.954427 0.341435 0.961372 0.329861 0.974392 0.326389 0.993490 0.328704 0.998437 0.336243 0.998437 0.355324 0.998437 0.370370 0.998437 0.383102 0.998437 0.388889