0 0.158438 0.377917 0.076875 0.078750 0.141875 0.417292 0.161719 0.415833 0.165625 0.412500 0.189531 0.406875 0.196875 0.401875 0.196563 0.385417 0.186563 0.368542 0.171563 0.351250 0.159375 0.340000 0.143281 0.338542 0.136875 0.344375 0.129844 0.354375 0.123594 0.369375 0.120000 0.383333 0.123125 0.399792 0.128750 0.408125
0 0.135547 0.492083 0.068906 0.086667 0.155156 0.523750 0.170000 0.476458 0.169219 0.461875 0.148594 0.451250 0.145000 0.466250 0.134063 0.475833 0.126094 0.475625 0.121875 0.464375 0.119687 0.452083 0.121406 0.448750 0.111250 0.450000 0.104531 0.457500 0.101094 0.463125 0.103125 0.483333 0.112969 0.501250 0.123125 0.509167 0.138594 0.531667 0.143906 0.535417 0.150938 0.532708
0 0.101875 0.597708 0.054688 0.049583 0.074531 0.572917 0.091406 0.576250 0.092188 0.581250 0.087344 0.587292 0.088750 0.606667 0.107656 0.601875 0.112500 0.596250 0.129219 0.606250 0.125625 0.608750 0.113750 0.620625 0.104062 0.622500 0.097500 0.620625 0.077187 0.592083
0 0.289922 0.464583 0.055156 0.067917 0.265469 0.430625 0.262344 0.448333 0.263594 0.468542 0.270781 0.485000 0.272500 0.491875 0.281406 0.498542 0.291563 0.497292 0.294531 0.493958 0.301250 0.493958 0.305781 0.488750 0.316406 0.477917 0.317500 0.472500 0.305312 0.473125 0.302813 0.465000 0.299219 0.463958 0.295938 0.466250 0.286250 0.466875 0.282344 0.456875 0.283281 0.451667 0.285469 0.448125 0.283438 0.445625 0.278125 0.447917 0.266875 0.436875
0 0.302813 0.535313 0.057813 0.083958 0.294375 0.493333 0.287656 0.501667 0.281406 0.517083 0.277813 0.539583 0.277500 0.546667 0.275312 0.550833 0.273906 0.567708 0.278750 0.577083 0.302500 0.577292 0.325313 0.573125 0.331719 0.564375 0.330937 0.547292 0.327813 0.541667 0.319688 0.538750 0.315625 0.515417 0.304063 0.500833 0.305156 0.493750
0 0.392188 0.534375 0.062500 0.096250 0.360938 0.512500 0.362969 0.530208 0.370469 0.551042 0.377031 0.559375 0.382969 0.575625 0.386875 0.581250 0.395625 0.582500 0.399531 0.576875 0.421563 0.530833 0.423438 0.521042 0.421719 0.508750 0.412656 0.497500 0.405625 0.491458 0.395781 0.488750 0.383750 0.486250 0.374219 0.487500 0.366250 0.494375 0.362344 0.503958
0 0.476328 0.563021 0.064844 0.080208 0.443906 0.530000 0.444688 0.557292 0.461250 0.577708 0.475156 0.595625 0.481875 0.602917 0.488594 0.603125 0.496719 0.596042 0.502031 0.583333 0.504063 0.556250 0.508750 0.537500 0.504844 0.528125 0.502812 0.533125 0.495312 0.531250 0.479531 0.525625 0.475312 0.534583 0.467500 0.534583 0.462031 0.530000 0.459844 0.522917 0.453906 0.524583
0 0.501406 0.609271 0.059063 0.081042 0.471875 0.618125 0.478437 0.616458 0.485000 0.602917 0.488594 0.603125 0.497500 0.595417 0.499219 0.591667 0.504063 0.591250 0.507969 0.587917 0.508906 0.582708 0.508906 0.573750 0.507031 0.569583 0.512188 0.568750 0.518125 0.569583 0.526250 0.582500 0.530469 0.614167 0.530938 0.627083 0.524844 0.640000 0.514687 0.646458 0.504844 0.649792 0.494688 0.646875 0.489375 0.640000 0.482344 0.632917 0.475000 0.626875
0 0.541380 0.475847 0.063187 0.084936 0.519231 0.433379 0.513565 0.440247 0.513565 0.451694 0.509787 0.459478 0.510817 0.472756 0.516999 0.490842 0.518887 0.508929 0.526271 0.518315 0.533482 0.518315 0.539663 0.514652 0.547047 0.505952 0.564560 0.493590 0.569025 0.484890 0.572974 0.474588 0.572630 0.469780 0.566964 0.470696 0.565419 0.478938 0.556490 0.478709 0.549451 0.466346 0.549794 0.453297 0.540694 0.450321 0.535199 0.438416
0 0.591518 0.528159 0.065591 0.087454 0.568853 0.494505 0.565762 0.502747 0.565247 0.517857 0.561470 0.535714 0.558723 0.543956 0.558723 0.563187 0.562843 0.570284 0.575721 0.571886 0.582589 0.567308 0.600446 0.564789 0.612294 0.558608 0.619849 0.549908 0.620536 0.541667 0.624313 0.538462 0.612294 0.521978 0.605941 0.509158 0.584306 0.490614 0.581559 0.486035 0.577782 0.484432 0.576236 0.489469
0 0.661401 0.534112 0.059066 0.086081 0.632383 0.515110 0.631868 0.526557 0.637534 0.540522 0.664320 0.575092 0.669299 0.577152 0.678915 0.576236 0.680460 0.569368 0.677885 0.560668 0.682864 0.545330 0.689045 0.529075 0.690934 0.521520 0.689045 0.508242 0.684409 0.500000 0.679430 0.492674 0.669815 0.491071 0.667926 0.494048 0.662431 0.507555 0.657109 0.507097 0.649382 0.496795 0.637706 0.500000 0.633413 0.505952
0 0.679430 0.656593 0.058723 0.066850 0.650412 0.627747 0.650069 0.655678 0.668269 0.673993 0.673935 0.675137 0.685955 0.688416 0.693166 0.690018 0.699348 0.688187 0.704155 0.681319 0.708791 0.629808 0.688015 0.624313 0.684409 0.637363 0.680288 0.639652 0.673249 0.638049 0.667411 0.623168 0.661745 0.623626
0 0.716174 0.579785 0.061813 0.090888 0.686813 0.581731 0.685268 0.586081 0.685955 0.591804 0.689389 0.600962 0.694712 0.608516 0.703640 0.609203 0.706559 0.613324 0.714457 0.614011 0.724073 0.621337 0.727679 0.620879 0.730254 0.624313 0.742273 0.625229 0.747081 0.620192 0.745536 0.559524 0.739011 0.547161 0.731628 0.536859 0.724588 0.534341 0.720639 0.561355 0.710337 0.565018 0.702953 0.562500
0 0.720725 0.462683 0.076408 0.099817 0.701408 0.500458 0.740728 0.512592 0.752404 0.511218 0.758929 0.502060 0.757898 0.469551 0.753262 0.441621 0.748626 0.431319 0.739354 0.418498 0.735405 0.414148 0.723558 0.412775 0.714457 0.414835 0.707246 0.422390 0.685955 0.447344 0.682864 0.457189 0.682521 0.468864 0.686470 0.481456
0 0.800910 0.497940 0.067479 0.087912 0.777473 0.467033 0.767170 0.506181 0.768201 0.517170 0.770089 0.525412 0.778331 0.528159 0.779018 0.534341 0.785543 0.540522 0.796016 0.541896 0.804087 0.538004 0.820398 0.526557 0.830357 0.515797 0.834650 0.515797 0.830529 0.501374 0.824176 0.490156 0.817995 0.500687 0.804602 0.500458 0.800652 0.492674 0.804773 0.472070 0.811470 0.470925 0.810440 0.457189 0.801683 0.453984 0.792239 0.453984 0.784856 0.459020
0 0.867788 0.535371 0.064217 0.073031 0.835680 0.526786 0.835680 0.536401 0.846154 0.562042 0.853880 0.570284 0.864354 0.571886 0.869334 0.567308 0.879808 0.564332 0.885130 0.558379 0.889423 0.548764 0.893372 0.536401 0.899897 0.528846 0.898867 0.509158 0.894918 0.498855 0.891140 0.504121 0.870192 0.512592 0.869162 0.517857 0.859890 0.522436 0.850103 0.519918 0.848558 0.516941 0.850790 0.511218 0.842891 0.509615 0.835852 0.518773
0 0.842806 0.675137 0.064732 0.078297 0.816964 0.635989 0.813015 0.638507 0.811126 0.664377 0.810440 0.677885 0.813015 0.690018 0.821772 0.701236 0.833104 0.712225 0.845810 0.714286 0.856284 0.709707 0.874313 0.687042 0.875172 0.670101 0.870192 0.671703 0.858860 0.658654 0.853194 0.658654 0.848558 0.663690 0.833963 0.669872 0.827953 0.665980 0.826580 0.646291 0.829499 0.643773 0.829327 0.641712