0 0.417090 0.374613 0.086979 0.124380 0.408062 0.312424 0.399642 0.313137 0.385058 0.319040 0.378548 0.329109 0.374121 0.342304 0.373600 0.358970 0.373948 0.372840 0.384625 0.389160 0.395041 0.407215 0.406760 0.420757 0.414833 0.431521 0.426188 0.436803 0.437923 0.431192 0.444173 0.425290 0.450423 0.416609 0.455371 0.402026 0.458235 0.385012 0.459798 0.369734 0.460579 0.352026 0.455892 0.334665 0.445302 0.325271 0.437229 0.318327 0.424208 0.313118
0 0.448264 0.496115 0.088939 0.121875 0.439211 0.440733 0.432825 0.446562 0.425930 0.450108 0.412128 0.462261 0.404836 0.471983 0.403794 0.484483 0.409784 0.501844 0.417597 0.519553 0.428534 0.532747 0.435044 0.543164 0.445201 0.553928 0.459263 0.557053 0.473065 0.544553 0.483634 0.532797 0.490394 0.518238 0.492734 0.491893 0.491954 0.472134 0.485454 0.453762 0.473065 0.438650 0.461867 0.435178 0.451190 0.435178
0 0.500917 0.338857 0.077096 0.119097 0.509124 0.304656 0.506999 0.294275 0.501791 0.284900 0.488551 0.279656 0.481780 0.279309 0.475009 0.282086 0.467978 0.292850 0.463811 0.303961 0.462369 0.323443 0.466009 0.336269 0.472509 0.356028 0.474708 0.372053 0.476791 0.379345 0.482520 0.394275 0.492978 0.398406 0.503328 0.389940 0.510087 0.379541 0.519187 0.368448 0.525402 0.356958 0.531391 0.348624 0.537646 0.338290 0.539465 0.325811 0.533082 0.307781 0.525269 0.298753 0.516155 0.298753
0 0.565181 0.390531 0.081160 0.102302 0.562622 0.340421 0.549861 0.339380 0.543611 0.344241 0.538924 0.351880 0.534757 0.360560 0.534108 0.372237 0.533455 0.383824 0.532413 0.391810 0.527986 0.400838 0.525642 0.412296 0.524601 0.423407 0.528639 0.437168 0.534889 0.441682 0.546997 0.441463 0.559497 0.437644 0.571736 0.436949 0.582623 0.433618 0.589902 0.428765 0.597962 0.416979 0.603681 0.406926 0.605761 0.389594 0.602598 0.380571 0.598945 0.372564 0.592695 0.362841 0.583841 0.353119 0.575768 0.343397
0 0.651140 0.395487 0.070952 0.112883 0.628424 0.348420 0.619570 0.356406 0.615664 0.372379 0.616705 0.388004 0.619830 0.403629 0.625560 0.411268 0.632020 0.422525 0.645351 0.430365 0.656807 0.446373 0.670349 0.451928 0.676859 0.442900 0.679724 0.436303 0.679464 0.424150 0.677643 0.416476 0.684276 0.407273 0.684796 0.397567 0.686616 0.385087 0.685836 0.369835 0.678945 0.357101 0.674778 0.350504 0.666705 0.343906 0.653685 0.339045 0.646132 0.339740 0.635455 0.341476
0 0.716176 0.280511 0.097910 0.120612 0.682242 0.241385 0.670784 0.263260 0.667221 0.278664 0.669304 0.304706 0.676596 0.321025 0.684929 0.332484 0.701336 0.340817 0.725678 0.332812 0.746388 0.328317 0.755502 0.319289 0.763051 0.311252 0.765131 0.296000 0.761231 0.281094 0.756292 0.264455 0.748909 0.253538 0.740315 0.239649 0.728596 0.228191 0.715315 0.220205 0.704638 0.222288 0.695524 0.225413 0.689534 0.234441
0 0.733385 0.446021 0.087931 0.110080 0.705565 0.409741 0.699315 0.417727 0.695930 0.427450 0.692544 0.441339 0.689419 0.454186 0.692805 0.468075 0.699836 0.478839 0.709211 0.485436 0.719367 0.490297 0.727961 0.489255 0.736555 0.492380 0.746971 0.497241 0.757909 0.501061 0.775010 0.495320 0.777350 0.482494 0.776310 0.470709 0.771371 0.461002 0.767544 0.450019 0.766503 0.435783 0.763378 0.423977 0.759151 0.409699 0.752652 0.397220 0.744072 0.390980 0.733169 0.391339 0.723794 0.393422 0.712857 0.403144
0 0.693277 0.569371 0.080792 0.110746 0.683284 0.518706 0.678345 0.521479 0.672933 0.525456 0.667725 0.526150 0.658089 0.532400 0.654964 0.541428 0.654118 0.552517 0.652881 0.563650 0.655485 0.574761 0.659652 0.584136 0.667204 0.590734 0.675277 0.599761 0.687516 0.607053 0.699095 0.614566 0.705225 0.621984 0.716191 0.624744 0.728225 0.618789 0.732633 0.605900 0.733673 0.583715 0.733413 0.565342 0.730829 0.552470 0.728225 0.529900 0.717725 0.519553 0.705746 0.515386 0.692204 0.513998 0.686735 0.517123
0 0.818115 0.379404 0.076541 0.103872 0.821043 0.334569 0.812657 0.332677 0.806667 0.328510 0.799896 0.327468 0.793126 0.329204 0.787657 0.335454 0.784011 0.346218 0.782449 0.361843 0.780365 0.375091 0.779844 0.387938 0.779844 0.405299 0.780365 0.414674 0.784271 0.421966 0.791824 0.428216 0.800417 0.431341 0.816868 0.429458 0.829347 0.418712 0.840266 0.408659 0.849366 0.395140 0.856385 0.377808 0.856385 0.365675 0.851965 0.352503 0.844686 0.342450 0.831407 0.336549
0 0.905508 0.397687 0.082703 0.107912 0.869105 0.368055 0.866240 0.373610 0.864157 0.388194 0.867021 0.402083 0.873011 0.417708 0.882264 0.432414 0.887855 0.439930 0.897203 0.451643 0.912706 0.450328 0.924573 0.444791 0.932125 0.439235 0.935771 0.434374 0.939529 0.423939 0.941872 0.412481 0.942133 0.401717 0.942960 0.393060 0.946859 0.375728 0.945300 0.366369 0.936143 0.357967 0.930935 0.351370 0.923122 0.343731 0.911924 0.345814 0.901136 0.350347 0.892282 0.354166 0.885511 0.359722 0.876917 0.363888
0 0.921086 0.561624 0.101844 0.116662 0.933340 0.503293 0.922941 0.508839 0.913582 0.511613 0.900322 0.516466 0.895666 0.511767 0.890703 0.504680 0.882384 0.503293 0.873544 0.517506 0.874584 0.533105 0.870164 0.536918 0.874584 0.555636 0.876404 0.576088 0.880564 0.592381 0.885503 0.607980 0.895383 0.618379 0.904560 0.618913 0.913154 0.619955 0.922789 0.616483 0.930602 0.618913 0.940237 0.615788 0.948571 0.607108 0.957164 0.595302 0.965758 0.572733 0.972008 0.549816 0.969664 0.530719 0.962633 0.515788 0.950542 0.506227 0.943843 0.507253
0 0.319166 0.411055 0.078703 0.108214 0.286064 0.427769 0.279814 0.402075 0.282158 0.383325 0.297783 0.362491 0.309502 0.357283 0.320960 0.356948 0.331898 0.359726 0.347783 0.369089 0.354097 0.386474 0.358517 0.407966 0.354877 0.424605 0.352017 0.433618 0.342918 0.447137 0.333819 0.455110 0.321859 0.465162 0.310680 0.459963 0.300801 0.454416 0.294301 0.447483 0.288322 0.442284
0 0.210902 0.360146 0.077083 0.095639 0.187204 0.312327 0.174964 0.321007 0.172360 0.331771 0.172620 0.352257 0.176527 0.363021 0.177568 0.376563 0.178089 0.394618 0.183548 0.407966 0.195248 0.402420 0.204912 0.389757 0.211106 0.379888 0.224183 0.391841 0.231474 0.389757 0.243714 0.380035 0.249443 0.372049 0.248284 0.363595 0.243344 0.359782 0.238665 0.353543 0.228785 0.353889 0.220797 0.343924 0.215068 0.335938 0.210641 0.330035 0.203610 0.328646 0.194756 0.322396 0.192152 0.314063
0 0.208646 0.440488 0.089063 0.101788 0.205647 0.389594 0.197067 0.399993 0.184428 0.405271 0.180001 0.414993 0.175313 0.433396 0.172448 0.445896 0.166459 0.454576 0.164115 0.464993 0.165678 0.481660 0.170886 0.488257 0.178438 0.491035 0.190157 0.491035 0.202396 0.491382 0.216719 0.486868 0.232605 0.486868 0.239896 0.485479 0.248751 0.479923 0.252657 0.467076 0.253178 0.459785 0.247969 0.454229 0.238334 0.457354 0.237553 0.446590 0.238334 0.435132 0.235469 0.425410 0.230261 0.415340 0.225573 0.407007 0.220886 0.398673 0.217240 0.390340
0 0.069416 0.291493 0.091514 0.095674 0.029378 0.267575 0.023658 0.285600 0.024958 0.298426 0.029638 0.315412 0.043937 0.328584 0.058236 0.338637 0.072275 0.339330 0.090734 0.333437 0.101913 0.324425 0.109453 0.321998 0.115173 0.311252 0.112313 0.297733 0.103993 0.280747 0.090994 0.263415 0.075655 0.247816 0.062136 0.243656 0.049657 0.243656 0.039517 0.250936
0 0.031068 0.395660 0.059536 0.100874 0.002860 0.348690 0.012739 0.352849 0.030678 0.349730 0.040037 0.345223 0.051737 0.355969 0.060836 0.375381 0.060576 0.392714 0.055376 0.405539 0.043417 0.420098 0.030678 0.435351 0.017419 0.446097 0.010659 0.445403 0.001300 0.437084