0 0.195928 0.308524 0.092064 0.102006 0.177127 0.260114 0.164160 0.270488 0.155731 0.283454 0.151841 0.297286 0.149896 0.313710 0.151193 0.330135 0.165456 0.349153 0.171291 0.356068 0.188797 0.359526 0.197873 0.356068 0.211489 0.356068 0.224455 0.350017 0.236126 0.343966 0.241961 0.336186 0.241961 0.324948 0.238071 0.312846 0.230939 0.301608 0.224455 0.290370 0.219269 0.280861 0.206302 0.267030 0.196577 0.260114 0.184258 0.257521
0 0.151841 0.412258 0.093361 0.117566 0.144710 0.353475 0.128501 0.353475 0.114238 0.363849 0.108402 0.388053 0.105161 0.398427 0.113589 0.429547 0.129798 0.450294 0.135633 0.460667 0.140171 0.467583 0.150545 0.471041 0.159621 0.470176 0.180368 0.450294 0.187500 0.433869 0.196577 0.419174 0.198522 0.401885 0.193335 0.388918 0.188148 0.380273 0.181017 0.375951 0.175182 0.375086 0.166105 0.374222 0.154435 0.373358 0.148600 0.362120
0 0.077930 0.568724 0.099844 0.117566 0.046162 0.509941 0.033843 0.517721 0.029953 0.520315 0.028657 0.528959 0.028008 0.547113 0.029953 0.563537 0.032547 0.569589 0.033195 0.576504 0.033843 0.592064 0.033843 0.605896 0.040975 0.617998 0.047459 0.621456 0.057832 0.627507 0.063667 0.624049 0.072095 0.619727 0.077282 0.616269 0.093491 0.605031 0.103216 0.593793 0.114886 0.582555 0.124611 0.570453 0.127853 0.561808 0.091546 0.539333 0.081821 0.541926 0.070150 0.541926 0.061722 0.540197 0.060425 0.530688 0.061074 0.518586 0.063019 0.513399
0 0.359959 0.390647 0.077801 0.102006 0.351530 0.339644 0.336618 0.343966 0.327541 0.358662 0.321058 0.387189 0.323003 0.401885 0.328838 0.414851 0.343750 0.438192 0.352178 0.441649 0.358013 0.433005 0.363849 0.422631 0.369684 0.417445 0.368387 0.409665 0.376167 0.408800 0.379409 0.408800 0.383299 0.398427 0.386540 0.386324 0.393024 0.386324 0.396914 0.399291 0.398859 0.392376 0.396266 0.383731 0.384595 0.371629 0.374222 0.362120 0.365794 0.353475 0.358013 0.343966
0 0.373574 0.472770 0.079098 0.108921 0.371629 0.418309 0.366442 0.423496 0.356717 0.439056 0.349585 0.452023 0.343750 0.470176 0.339860 0.485737 0.334025 0.491788 0.334025 0.503890 0.335970 0.514263 0.349585 0.527230 0.359310 0.527230 0.370980 0.525501 0.382002 0.525501 0.400156 0.522908 0.412474 0.510806 0.413122 0.494381 0.411826 0.481414 0.409232 0.464990 0.406639 0.450294 0.401452 0.437327 0.397562 0.431276 0.384595 0.425225
0 0.488330 0.449429 0.072614 0.103734 0.479901 0.400156 0.466935 0.402749 0.455265 0.422631 0.452023 0.437327 0.456561 0.464990 0.464990 0.477956 0.477308 0.493517 0.488978 0.501297 0.501945 0.501297 0.521395 0.475363 0.523989 0.470176 0.524637 0.452023 0.524637 0.441649 0.523989 0.426954 0.521395 0.415716 0.515560 0.409665 0.503890 0.403613 0.498055 0.401885 0.492220 0.397562
0 0.616377 0.422199 0.081043 0.114972 0.607624 0.364713 0.597899 0.369900 0.584284 0.383731 0.577801 0.398427 0.575856 0.414851 0.579746 0.431276 0.600493 0.456345 0.612163 0.462396 0.632261 0.476228 0.642635 0.479685 0.649767 0.458938 0.655602 0.426089 0.656898 0.404478 0.656250 0.388053 0.649767 0.377680 0.641338 0.370764 0.627075 0.366442 0.620591 0.366442
0 0.663058 0.382434 0.068076 0.111515 0.629020 0.355204 0.630316 0.345695 0.636800 0.337050 0.641987 0.330135 0.648470 0.326677 0.658843 0.327541 0.669217 0.335322 0.678294 0.341373 0.688019 0.349153 0.694502 0.356933 0.697095 0.368171 0.695799 0.382867 0.689964 0.395833 0.682184 0.407936 0.671810 0.421767 0.659492 0.435598 0.655602 0.438192 0.656250 0.420902 0.656898 0.406207 0.658843 0.393240 0.656250 0.380273 0.645228 0.370764 0.638096 0.365577
0 0.632586 0.535010 0.082339 0.110650 0.605679 0.510806 0.595306 0.516857 0.591416 0.532417 0.594009 0.545384 0.606976 0.564402 0.611515 0.573046 0.620591 0.583420 0.628371 0.588607 0.636800 0.590335 0.645877 0.590335 0.653657 0.579962 0.660788 0.572182 0.665975 0.564402 0.671162 0.557486 0.673107 0.546248 0.673755 0.528959 0.673755 0.515128 0.669217 0.494381 0.664678 0.484872 0.650415 0.479685 0.643283 0.479685 0.636800 0.487465 0.635503 0.500432 0.630316 0.505619 0.623185 0.505619 0.614756 0.508212
0 0.726919 0.435166 0.075207 0.101141 0.721732 0.384595 0.706821 0.385460 0.697744 0.399291 0.691909 0.417445 0.689315 0.437327 0.691260 0.458938 0.694502 0.473634 0.695150 0.485737 0.726271 0.484872 0.750908 0.468447 0.763226 0.452023 0.764523 0.437327 0.762578 0.417445 0.758688 0.407936 0.752853 0.399291 0.742479 0.392376 0.732106 0.389782
0 0.858856 0.339644 0.087526 0.103734 0.838434 0.297286 0.826763 0.319761 0.818983 0.329270 0.815093 0.350017 0.816390 0.368171 0.826115 0.382002 0.848807 0.390647 0.863719 0.391511 0.879279 0.386324 0.892246 0.380273 0.900026 0.375086 0.902619 0.359526 0.902619 0.346559 0.894191 0.329270 0.887707 0.315439 0.880576 0.305066 0.873444 0.298150 0.867609 0.293828 0.837137 0.287777
0 0.916883 0.429979 0.076504 0.092497 0.905213 0.383731 0.895488 0.388918 0.888356 0.397562 0.878631 0.416580 0.878631 0.430411 0.880576 0.437327 0.898081 0.451158 0.902619 0.476228 0.914289 0.476228 0.927256 0.466719 0.933740 0.453752 0.945410 0.434734 0.955135 0.415716 0.949948 0.405342 0.942816 0.400156 0.928553 0.398427 0.922718 0.391511
0 0.872147 0.490059 0.082988 0.095090 0.859180 0.458074 0.845565 0.468447 0.838434 0.477092 0.830654 0.490923 0.830654 0.506483 0.836489 0.515992 0.848807 0.527230 0.876037 0.532417 0.890301 0.535010 0.901971 0.537604 0.912344 0.529824 0.913641 0.520315 0.912993 0.507348 0.909103 0.502161 0.908454 0.490059 0.905213 0.469312 0.900026 0.458938 0.893543 0.447701 0.883169 0.442514 0.874092 0.442514 0.868257 0.444243 0.862422 0.449429
0 0.831626 0.602006 0.082339 0.097683 0.818983 0.558351 0.802127 0.566995 0.792401 0.578233 0.790456 0.592064 0.792401 0.605031 0.802775 0.619727 0.811852 0.627507 0.825467 0.633558 0.835840 0.638745 0.842324 0.643067 0.850104 0.646525 0.858532 0.650847 0.868257 0.644796 0.872796 0.634423 0.872147 0.607624 0.871499 0.593793 0.871499 0.580826 0.868906 0.569589 0.859829 0.556622 0.852697 0.553164 0.848159 0.554893 0.839082 0.559215 0.829357 0.559215