0 0.144141 0.304688 0.071719 0.073542 0.111875 0.291667 0.115781 0.283333 0.120469 0.276250 0.127500 0.269792 0.138750 0.267917 0.151250 0.276667 0.159219 0.285625 0.169219 0.296875 0.175313 0.307500 0.180000 0.315000 0.180000 0.328750 0.174844 0.333333 0.167656 0.336667 0.158594 0.335000 0.146719 0.339375 0.126562 0.341458 0.118906 0.335000 0.114688 0.332083 0.110781 0.323125 0.108281 0.311250 0.108594 0.303125
0 0.121719 0.408958 0.064063 0.080833 0.106563 0.370417 0.107187 0.381458 0.113437 0.390000 0.122344 0.390417 0.128281 0.385000 0.132656 0.371875 0.141250 0.373542 0.152500 0.386250 0.153750 0.400833 0.145625 0.425625 0.139219 0.443333 0.135000 0.449375 0.126562 0.449167 0.111094 0.426250 0.098906 0.415000 0.091875 0.399375 0.089688 0.388750 0.092344 0.379792 0.097656 0.370833 0.100469 0.368542
0 0.096719 0.508542 0.062500 0.055417 0.066094 0.480833 0.082187 0.487917 0.077344 0.496250 0.075625 0.501250 0.078281 0.514375 0.099375 0.506250 0.099219 0.502500 0.111094 0.513958 0.118125 0.515000 0.121562 0.512292 0.122344 0.500000 0.127969 0.498958 0.127656 0.504167 0.119531 0.517292 0.101719 0.532708 0.094219 0.536250 0.090000 0.533333 0.087656 0.531042 0.071719 0.507500 0.066875 0.493958 0.065469 0.485625
0 0.263047 0.387396 0.055156 0.063125 0.239375 0.355833 0.235469 0.366458 0.236406 0.379583 0.238906 0.393750 0.245469 0.404375 0.246250 0.410000 0.256094 0.417708 0.261406 0.418958 0.266406 0.413542 0.274062 0.413333 0.274688 0.408750 0.278281 0.406458 0.285938 0.400417 0.290625 0.390000 0.290625 0.381667 0.285312 0.388958 0.276875 0.389167 0.273750 0.387292 0.269844 0.378750 0.268906 0.382500 0.257188 0.383958 0.254062 0.378750 0.252969 0.370000 0.257188 0.364792 0.256875 0.363333 0.251563 0.366875 0.245625 0.363750
0 0.273594 0.452500 0.053750 0.078333 0.272031 0.413333 0.283125 0.429375 0.281562 0.434792 0.287656 0.453750 0.295469 0.453125 0.299687 0.465417 0.300469 0.482083 0.293750 0.488125 0.254375 0.491667 0.250937 0.487917 0.246719 0.481250 0.247969 0.470625 0.250781 0.453750 0.253437 0.440000 0.256562 0.426458 0.262344 0.418542 0.266250 0.413750
0 0.353125 0.447500 0.057500 0.088750 0.339844 0.404375 0.334531 0.407292 0.324375 0.424375 0.325000 0.436667 0.328906 0.452500 0.332656 0.461875 0.338281 0.468958 0.345781 0.488125 0.350000 0.491875 0.357031 0.491250 0.369688 0.474375 0.381250 0.449375 0.381875 0.437292 0.381406 0.426458 0.371875 0.414375 0.364687 0.408750 0.356094 0.406875 0.346562 0.403125
0 0.425703 0.465000 0.061094 0.083750 0.397500 0.433958 0.400625 0.429792 0.407813 0.426042 0.413438 0.433958 0.422656 0.433542 0.427344 0.427917 0.436875 0.431875 0.449844 0.430625 0.451406 0.423125 0.456250 0.430625 0.455937 0.452708 0.452500 0.467500 0.447500 0.497083 0.442969 0.503750 0.435625 0.506875 0.422969 0.497292 0.421094 0.489375 0.406719 0.476042 0.395469 0.459375 0.395156 0.442500
0 0.452969 0.518646 0.057813 0.079792 0.435156 0.507708 0.428281 0.518125 0.427187 0.521042 0.424062 0.520625 0.425000 0.527500 0.440781 0.547083 0.451406 0.557083 0.460781 0.558542 0.468125 0.552708 0.474844 0.550625 0.481719 0.538750 0.481875 0.523333 0.480938 0.510625 0.477813 0.498958 0.473906 0.488750 0.470469 0.483542 0.465156 0.480208 0.460156 0.478750 0.457813 0.481250 0.459063 0.484375 0.459063 0.490000 0.454063 0.495000 0.447500 0.496250 0.446875 0.498750 0.442969 0.503542
0 0.488906 0.392917 0.058750 0.083333 0.469062 0.351250 0.469062 0.356875 0.463438 0.361250 0.463281 0.371667 0.459844 0.376250 0.459531 0.386667 0.467187 0.408125 0.470313 0.425625 0.475625 0.432292 0.480781 0.434583 0.487812 0.432292 0.506094 0.412083 0.512813 0.407708 0.518125 0.394375 0.518281 0.384375 0.513594 0.381250 0.510469 0.382917 0.509375 0.386667 0.504844 0.391875 0.501406 0.390833 0.496406 0.382500 0.496094 0.371250 0.481250 0.355833 0.474219 0.351458
0 0.536641 0.443958 0.060781 0.080417 0.523750 0.403750 0.515781 0.412500 0.513281 0.418958 0.510156 0.447083 0.506250 0.460417 0.506563 0.476667 0.510625 0.482917 0.525156 0.484167 0.528594 0.479167 0.545156 0.477708 0.557813 0.470208 0.564531 0.460000 0.567031 0.451458 0.552656 0.430000 0.548438 0.421875 0.538281 0.412083 0.529375 0.403958
0 0.601250 0.450208 0.054688 0.084583 0.587812 0.409792 0.594219 0.418542 0.600938 0.418125 0.607344 0.407917 0.615000 0.408750 0.620156 0.412917 0.628594 0.425000 0.628125 0.443333 0.623437 0.453125 0.617812 0.470625 0.618750 0.485000 0.617188 0.490625 0.610781 0.492500 0.604844 0.490000 0.595000 0.476250 0.581250 0.460417 0.575000 0.449167 0.573906 0.434167 0.577344 0.423750 0.582188 0.415833
0 0.653281 0.377500 0.069687 0.093750 0.629375 0.349792 0.636250 0.339583 0.644531 0.335000 0.656094 0.330625 0.664375 0.331042 0.671875 0.336667 0.679688 0.351667 0.684063 0.361458 0.688125 0.406875 0.685469 0.417292 0.680156 0.421667 0.671406 0.424375 0.661094 0.419375 0.649219 0.417500 0.640000 0.414167 0.634375 0.412708 0.618906 0.395833 0.618437 0.382083 0.619688 0.365417 0.624531 0.355625
0 0.654219 0.494063 0.057500 0.087292 0.629375 0.482500 0.637344 0.474583 0.648594 0.473958 0.657344 0.463333 0.657500 0.450625 0.664062 0.450417 0.674531 0.457500 0.676719 0.467708 0.681875 0.472917 0.682969 0.531250 0.678906 0.536667 0.668281 0.537708 0.652187 0.525208 0.638750 0.520417 0.634531 0.518958 0.634531 0.514792 0.633125 0.515208 0.626094 0.507708 0.625469 0.495208
0 0.622500 0.569271 0.053750 0.069375 0.607812 0.536875 0.616250 0.549583 0.625781 0.546667 0.628906 0.534583 0.647813 0.538333 0.649375 0.555000 0.647500 0.581250 0.643594 0.600833 0.634531 0.603958 0.619531 0.590208 0.595938 0.569167 0.595625 0.554583 0.597500 0.540208
0 0.734609 0.420208 0.054844 0.082500 0.740625 0.388958 0.737500 0.383958 0.737500 0.379167 0.727344 0.378958 0.718906 0.383958 0.713281 0.396875 0.707188 0.429167 0.707656 0.444792 0.715938 0.450833 0.716719 0.455833 0.722656 0.461458 0.728594 0.461250 0.737812 0.457917 0.750469 0.447708 0.762031 0.434583 0.758281 0.420833 0.752656 0.407292 0.752031 0.406875 0.749844 0.414167 0.743594 0.416250 0.739531 0.414583 0.732969 0.413958 0.730156 0.407292 0.735000 0.390417
0 0.796562 0.450312 0.059687 0.076875 0.766875 0.437083 0.766719 0.460000 0.774375 0.473333 0.779844 0.482500 0.787031 0.488125 0.794375 0.488750 0.799687 0.486458 0.806719 0.483125 0.811250 0.482917 0.816094 0.477917 0.822500 0.458333 0.822969 0.452083 0.826250 0.446042 0.826406 0.432917 0.824375 0.420208 0.820156 0.411875 0.808906 0.425833 0.797656 0.427083 0.797656 0.431458 0.790625 0.437917 0.771250 0.432083
0 0.774531 0.584271 0.056562 0.076458 0.749844 0.546042 0.746875 0.555833 0.746250 0.597083 0.749375 0.607708 0.760625 0.615208 0.767188 0.622292 0.778125 0.622500 0.786719 0.615417 0.802187 0.588125 0.802812 0.574167 0.795156 0.575208 0.783125 0.563958 0.774375 0.570833 0.769062 0.570417 0.764844 0.572708 0.756875 0.573125 0.754531 0.569792 0.754375 0.565208 0.756406 0.553958 0.760156 0.551250
0 0.923984 0.438750 0.079219 0.058333 0.884375 0.413750 0.884375 0.421250 0.887500 0.424792 0.887187 0.432500 0.886250 0.434583 0.886719 0.439792 0.903750 0.454375 0.908281 0.455833 0.923281 0.467917 0.936406 0.467083 0.938125 0.462500 0.944375 0.458125 0.944844 0.451667 0.948281 0.448958 0.949375 0.444583 0.962500 0.426667 0.963594 0.409583 0.957500 0.410833 0.956094 0.424583 0.947656 0.426250 0.928438 0.410833 0.923281 0.414583 0.909688 0.429167 0.901719 0.423958 0.899375 0.411875
0 0.978906 0.520023 0.039062 0.077130 0.959375 0.496458 0.959688 0.508333 0.964063 0.515208 0.966562 0.515208 0.990938 0.552292 0.998437 0.558588 0.998437 0.482292 0.987813 0.481458 0.981406 0.486250 0.967031 0.492292