0 0.039453 0.329062 0.072656 0.070625 0.023750 0.294583 0.014688 0.300625 0.004687 0.320625 0.003125 0.328750 0.003438 0.341042 0.012812 0.355000 0.021406 0.361250 0.041250 0.364375 0.056094 0.359792 0.072188 0.355000 0.075469 0.347500 0.075781 0.339167 0.071250 0.330625 0.055781 0.308125 0.049062 0.299792 0.042031 0.295000 0.035781 0.293750
0 0.021484 0.425625 0.042969 0.077500 0.018125 0.386875 0.014531 0.392292 0.000156 0.399375 0.000000 0.454375 0.006719 0.462500 0.014063 0.464375 0.021875 0.458750 0.034844 0.433750 0.042969 0.417708 0.042969 0.406042 0.039531 0.402292 0.039375 0.396667 0.033906 0.395208 0.027187 0.391458
0 0.146406 0.400938 0.056875 0.065625 0.122500 0.368125 0.117969 0.377708 0.119375 0.394583 0.124531 0.410625 0.131875 0.432083 0.137813 0.433750 0.140781 0.428958 0.144219 0.427083 0.143437 0.414792 0.155469 0.423750 0.159219 0.421875 0.167031 0.414375 0.172344 0.407917 0.174844 0.401875 0.174844 0.398542 0.168594 0.390625 0.162969 0.399375 0.152344 0.396667 0.146719 0.386875 0.139375 0.388125 0.134844 0.389167 0.128750 0.383125 0.129375 0.376458
0 0.151797 0.465000 0.060781 0.080000 0.146406 0.425000 0.140000 0.429792 0.134844 0.437500 0.129844 0.444792 0.128438 0.452500 0.126719 0.463542 0.125469 0.471875 0.123125 0.478750 0.121406 0.485000 0.121719 0.493542 0.125156 0.500833 0.129375 0.504583 0.137187 0.505000 0.147969 0.502917 0.155938 0.500000 0.170156 0.500625 0.181250 0.490625 0.182188 0.484375 0.181094 0.477500 0.179062 0.478333 0.177344 0.485000 0.171406 0.484583 0.170000 0.468125 0.165781 0.460625 0.153281 0.449792 0.153281 0.437292 0.154375 0.433333
0 0.226016 0.452500 0.057344 0.083750 0.197344 0.434375 0.199531 0.451875 0.209219 0.485000 0.214531 0.490625 0.219531 0.494375 0.225781 0.493125 0.232813 0.486875 0.237344 0.486875 0.254688 0.461875 0.252188 0.450417 0.251406 0.440000 0.251406 0.433542 0.253125 0.427500 0.247344 0.426875 0.238437 0.430000 0.236406 0.426458 0.236563 0.420208 0.238750 0.416250 0.233281 0.414375 0.226406 0.412917 0.221250 0.410625 0.214531 0.412292 0.206875 0.417500 0.200781 0.425625
0 0.283906 0.455313 0.065625 0.088542 0.252812 0.426875 0.251094 0.435208 0.251719 0.443750 0.252500 0.453750 0.254219 0.461458 0.261875 0.465000 0.276094 0.479375 0.277813 0.485000 0.291250 0.499167 0.298906 0.499583 0.304844 0.491250 0.309063 0.475208 0.312969 0.456042 0.316719 0.435417 0.314375 0.420833 0.311563 0.416250 0.309219 0.411875 0.303125 0.411042 0.297500 0.416667 0.283750 0.413750 0.280000 0.411042 0.275781 0.413750 0.267969 0.416458 0.261719 0.414375 0.257812 0.418125 0.255312 0.421875
0 0.316797 0.522813 0.060781 0.087708 0.286406 0.510417 0.287344 0.523125 0.290156 0.530417 0.300312 0.544167 0.310156 0.556875 0.318594 0.566042 0.330156 0.566667 0.333750 0.559167 0.343906 0.552083 0.346094 0.541667 0.347187 0.517500 0.344375 0.503750 0.339844 0.491667 0.335625 0.486042 0.327188 0.478958 0.322969 0.479375 0.317969 0.483750 0.310781 0.491250 0.304688 0.491458 0.299063 0.499167
0 0.354453 0.398333 0.059219 0.088333 0.340313 0.354167 0.335156 0.357500 0.328125 0.366458 0.324844 0.378125 0.326406 0.389375 0.335156 0.412500 0.339375 0.431042 0.345625 0.441250 0.354844 0.442500 0.363594 0.433125 0.375937 0.415208 0.384063 0.399375 0.383750 0.393750 0.382969 0.378750 0.379219 0.379583 0.370312 0.377292 0.365781 0.384792 0.357656 0.381042 0.357656 0.368750 0.350625 0.363750 0.346875 0.357500
0 0.403359 0.445521 0.062656 0.081042 0.394219 0.405000 0.388594 0.406250 0.377812 0.424375 0.377344 0.441250 0.372188 0.468125 0.372031 0.473333 0.373125 0.480417 0.376250 0.483958 0.378750 0.485833 0.389219 0.486042 0.395937 0.481250 0.402187 0.480000 0.418125 0.475000 0.423750 0.469167 0.428437 0.462500 0.431250 0.455000 0.434688 0.451875 0.434531 0.445625 0.433594 0.444792 0.425938 0.446667 0.418594 0.435000 0.415781 0.428750 0.406250 0.420000 0.405938 0.413750
0 0.467500 0.450625 0.056250 0.085833 0.453437 0.412917 0.446406 0.411875 0.443125 0.417500 0.439844 0.426875 0.439375 0.435208 0.440312 0.446042 0.442344 0.455833 0.454063 0.471042 0.463125 0.482083 0.470781 0.489792 0.476406 0.493333 0.479687 0.493542 0.483281 0.489583 0.485938 0.480417 0.486250 0.470000 0.492969 0.447083 0.495625 0.439583 0.495156 0.429375 0.492031 0.420833 0.488594 0.415208 0.479375 0.408125 0.467500 0.407708 0.462500 0.410000 0.458281 0.412292
0 0.507656 0.367500 0.067813 0.087917 0.499375 0.324375 0.485313 0.335000 0.483906 0.341250 0.479375 0.345000 0.475938 0.352917 0.474531 0.366042 0.473750 0.381458 0.480000 0.392292 0.487656 0.402500 0.500312 0.410000 0.512344 0.411458 0.530625 0.410625 0.538281 0.404167 0.541250 0.393333 0.541563 0.377917 0.538750 0.352500 0.536406 0.344583 0.528906 0.334375 0.523750 0.327708 0.515937 0.323542
0 0.522109 0.494688 0.056719 0.088125 0.506406 0.466458 0.501875 0.471250 0.496250 0.473750 0.494375 0.481458 0.493750 0.496458 0.494375 0.508750 0.498906 0.517708 0.513750 0.524167 0.537344 0.538750 0.545156 0.538750 0.549219 0.533125 0.550469 0.517083 0.547656 0.472708 0.542969 0.462917 0.538438 0.457292 0.532500 0.453125 0.527187 0.451250 0.520156 0.450625 0.515313 0.458542
0 0.495937 0.579896 0.055625 0.081458 0.494219 0.542500 0.492031 0.549375 0.486406 0.553958 0.474844 0.543750 0.469375 0.550208 0.468125 0.565625 0.469375 0.581667 0.478281 0.592083 0.496094 0.607500 0.511250 0.620625 0.519375 0.613958 0.521406 0.604167 0.523594 0.579375 0.523750 0.553750 0.518750 0.542708 0.498750 0.539167
0 0.607109 0.428854 0.049219 0.079792 0.614062 0.403750 0.612500 0.410833 0.600156 0.410625 0.590625 0.403542 0.590938 0.395625 0.593125 0.388958 0.589531 0.391250 0.585781 0.398125 0.583906 0.405208 0.582500 0.411875 0.582812 0.457708 0.587656 0.461042 0.591875 0.468125 0.603594 0.468750 0.627812 0.443333 0.631719 0.433542 0.629531 0.429167 0.628594 0.425000 0.625156 0.427500 0.617656 0.414375 0.618281 0.410625
0 0.649141 0.593854 0.055781 0.073958 0.621250 0.567292 0.621406 0.580625 0.627812 0.616875 0.647500 0.630833 0.655312 0.625000 0.672969 0.593125 0.676719 0.582292 0.677031 0.572708 0.673594 0.561667 0.671406 0.559583 0.666563 0.567083 0.663125 0.566875 0.658906 0.565417 0.649062 0.556875 0.640625 0.564375 0.632812 0.564375
0 0.777187 0.416771 0.070312 0.077708 0.794531 0.394792 0.774844 0.385417 0.766406 0.390000 0.759375 0.400417 0.756875 0.402500 0.750312 0.399375 0.748750 0.388750 0.742031 0.392500 0.743906 0.424375 0.767188 0.441667 0.784531 0.455625 0.795469 0.454375 0.803281 0.442500 0.806719 0.419167 0.812344 0.400000 0.811094 0.383125 0.807188 0.377917 0.797031 0.380833 0.797344 0.393333
0 0.867188 0.324688 0.065000 0.104375 0.837031 0.310833 0.880312 0.272500 0.889375 0.277917 0.892969 0.283542 0.899687 0.305208 0.892813 0.344375 0.891250 0.366875 0.883125 0.376458 0.875000 0.376875 0.868750 0.373125 0.836719 0.352083 0.834688 0.349375 0.837500 0.336667
0 0.859297 0.483229 0.078281 0.104375 0.820156 0.461875 0.820156 0.474375 0.823438 0.489375 0.830937 0.494583 0.849687 0.521250 0.860469 0.532708 0.869375 0.535417 0.877344 0.529375 0.884219 0.516250 0.883906 0.506875 0.893906 0.489167 0.896719 0.479375 0.898438 0.463333 0.896875 0.453125 0.894063 0.445000 0.889531 0.436250 0.884844 0.432917 0.877812 0.431250 0.872969 0.431042 0.865625 0.433750
0 0.665802 0.452162 0.058637 0.082591 0.636484 0.443810 0.637702 0.429659 0.645358 0.433834 0.684159 0.410867 0.687291 0.411795 0.695121 0.433138 0.692859 0.473506 0.685551 0.486730 0.675633 0.486962 0.672501 0.492298 0.660496 0.493458 0.653014 0.487658 0.637702 0.463066