0 0.043979 0.410402 0.052994 0.063374 0.070476 0.391827 0.067745 0.406396 0.063920 0.413680 0.054633 0.424607 0.048077 0.430434 0.033872 0.434805 0.027863 0.439175 0.020214 0.442089 0.017483 0.442089 0.019668 0.425335 0.020760 0.378715 0.036058 0.378715 0.042614 0.387456 0.052448 0.389642
0 0.054633 0.501093 0.079764 0.112179 0.039336 0.445003 0.021307 0.447917 0.015844 0.455929 0.015297 0.477054 0.014751 0.494537 0.015297 0.536058 0.015844 0.547713 0.018575 0.557182 0.030048 0.551355 0.038789 0.550626 0.059003 0.549898 0.074301 0.545527 0.085774 0.541157 0.093422 0.533872 0.094515 0.528773 0.087959 0.528773 0.083588 0.525860 0.078671 0.515661 0.075393 0.504735 0.070476 0.497450 0.063374 0.489438 0.054633 0.477783 0.050809 0.466128 0.047531 0.458115
0 0.174825 0.483974 0.090691 0.123106 0.146416 0.426792 0.137128 0.435533 0.130573 0.445731 0.129480 0.456658 0.129480 0.469770 0.133851 0.485795 0.143684 0.513476 0.147509 0.518575 0.156250 0.533872 0.162806 0.541157 0.171001 0.545527 0.180835 0.540428 0.189030 0.528773 0.193947 0.518575 0.201049 0.511291 0.208698 0.500364 0.216892 0.489438 0.220170 0.479240 0.217985 0.468313 0.209790 0.450830 0.202142 0.434076 0.188483 0.424607 0.176464 0.424607 0.160074 0.422421 0.155704 0.423150
0 0.287096 0.494901 0.093422 0.121649 0.255682 0.441361 0.245302 0.450830 0.240385 0.463942 0.242024 0.479968 0.249126 0.494537 0.257867 0.508377 0.270433 0.522217 0.284091 0.538971 0.292286 0.548441 0.311407 0.555726 0.320149 0.543342 0.323427 0.525860 0.328890 0.490895 0.333807 0.472684 0.333260 0.451559 0.326705 0.437719 0.322880 0.434076 0.316324 0.438447 0.305398 0.437719 0.293378 0.436262 0.287369 0.434076 0.281359 0.438447 0.274257 0.442089
0 0.328070 0.581949 0.086866 0.109266 0.284637 0.579036 0.287915 0.594333 0.292286 0.601617 0.302666 0.611815 0.307583 0.618371 0.316324 0.628569 0.322334 0.634397 0.331075 0.636582 0.338177 0.636582 0.345826 0.633668 0.352928 0.629298 0.358938 0.624199 0.364948 0.618371 0.366587 0.611815 0.371503 0.582678 0.369865 0.569566 0.366587 0.556454 0.357845 0.541885 0.353475 0.533144 0.348011 0.527316 0.337631 0.530230 0.336538 0.534601 0.327797 0.540428 0.321241 0.546984 0.317417 0.554269 0.309768 0.560825 0.301573 0.564467 0.296656 0.569566 0.291740 0.575393
0 0.378333 0.401661 0.080310 0.118735 0.355114 0.342293 0.346919 0.350306 0.340909 0.359776 0.338177 0.375801 0.340363 0.395469 0.344733 0.409309 0.349104 0.423150 0.350197 0.434076 0.351289 0.444274 0.355660 0.453016 0.358938 0.457386 0.361670 0.460300 0.369318 0.461029 0.380791 0.456658 0.385162 0.450830 0.390625 0.441361 0.401005 0.431891 0.410293 0.420964 0.415210 0.412952 0.416302 0.404210 0.418488 0.392555 0.414663 0.380900 0.409747 0.376530 0.406469 0.385271 0.401552 0.388913 0.393903 0.382357 0.391718 0.378715 0.388440 0.369974 0.386801 0.365603 0.382430 0.361233 0.378606 0.356133 0.373689 0.351763 0.368226 0.347392
0 0.446624 0.470498 0.083588 0.106352 0.440887 0.418779 0.432692 0.417322 0.424497 0.424607 0.419034 0.429706 0.413024 0.437719 0.413571 0.452287 0.414117 0.464671 0.409200 0.477783 0.405922 0.485795 0.404830 0.506192 0.405922 0.516390 0.413024 0.522217 0.419580 0.523674 0.427775 0.522217 0.434878 0.518575 0.441980 0.515661 0.455092 0.513476 0.462194 0.510562 0.471482 0.506920 0.476945 0.499636 0.485686 0.486524 0.487872 0.478511 0.488418 0.471955 0.486779 0.467584 0.482408 0.461757 0.478584 0.455201 0.473121 0.447188 0.467657 0.438447 0.463833 0.434076 0.456184 0.426064 0.447443 0.418051
0 0.532397 0.471227 0.068291 0.112179 0.513003 0.429706 0.504808 0.434805 0.501530 0.442089 0.498252 0.453016 0.499891 0.463942 0.505354 0.478511 0.510817 0.490895 0.519559 0.497450 0.523929 0.502550 0.533763 0.512019 0.538134 0.517118 0.544143 0.523674 0.550699 0.527316 0.552885 0.517118 0.556163 0.502550 0.558348 0.493080 0.563811 0.478511 0.564904 0.468313 0.566543 0.453744 0.564904 0.442089 0.559987 0.433348 0.555070 0.425335 0.549060 0.418779 0.541412 0.415137 0.536495 0.416594 0.531578 0.422421 0.522290 0.425335
0 0.602874 0.530230 0.078125 0.104895 0.608064 0.477783 0.608064 0.482153 0.607517 0.487252 0.602054 0.492351 0.596591 0.495994 0.590035 0.499636 0.584025 0.506192 0.574738 0.515661 0.569274 0.525131 0.565450 0.537515 0.563811 0.546256 0.565997 0.553540 0.572552 0.561553 0.587850 0.565924 0.602601 0.564467 0.610249 0.571751 0.621722 0.581949 0.631010 0.582678 0.641936 0.573936 0.641936 0.562281 0.641936 0.552083 0.640844 0.541157 0.639751 0.530230 0.639751 0.520760 0.638112 0.509834 0.637566 0.502550 0.632649 0.493808 0.626639 0.486524 0.620083 0.478511
0 0.561080 0.636218 0.075393 0.089598 0.543051 0.592147 0.535402 0.595790 0.527753 0.603802 0.524476 0.615457 0.523383 0.628569 0.529939 0.644595 0.537041 0.650422 0.551246 0.659892 0.559441 0.668633 0.572006 0.681017 0.580747 0.679560 0.593859 0.664991 0.597137 0.649694 0.597684 0.632212 0.598776 0.616186 0.598776 0.605259 0.594406 0.592876 0.590581 0.592147 0.582386 0.591419 0.573645 0.591419 0.569821 0.591419 0.569821 0.601617 0.565997 0.608173 0.560533 0.611087 0.555616 0.606716 0.548514 0.596518
0 0.688647 0.438811 0.071569 0.099796 0.692745 0.390370 0.685642 0.388913 0.679087 0.389642 0.671438 0.393284 0.665428 0.404939 0.662697 0.414409 0.659965 0.428249 0.657780 0.439904 0.652863 0.453016 0.655048 0.471227 0.661604 0.477783 0.667614 0.479240 0.673077 0.488709 0.686735 0.487252 0.699301 0.481425 0.706949 0.472684 0.722247 0.456658 0.724432 0.445731 0.723885 0.431891 0.718969 0.423150 0.714598 0.418779 0.711320 0.426792 0.702032 0.422421 0.698208 0.418779 0.693291 0.410766 0.693291 0.397654
0 0.761582 0.474505 0.065559 0.093969 0.790538 0.427520 0.794362 0.441361 0.793269 0.452287 0.792177 0.464671 0.789991 0.475597 0.788352 0.489438 0.786713 0.501821 0.780704 0.508377 0.773601 0.510562 0.768138 0.512748 0.756665 0.521489 0.745192 0.508377 0.738636 0.498907 0.729895 0.483610 0.728802 0.473412 0.728802 0.465399 0.729349 0.453744 0.731534 0.445731 0.735905 0.439904 0.744646 0.445003 0.753387 0.446460 0.760490 0.445731 0.766499 0.442818 0.773601 0.437719 0.779065 0.434076
0 0.754207 0.638767 0.073754 0.096154 0.728802 0.590691 0.722247 0.592876 0.718969 0.600160 0.718422 0.614001 0.718969 0.623470 0.717330 0.640953 0.718422 0.659892 0.722793 0.673733 0.730441 0.678103 0.738090 0.678103 0.743553 0.682474 0.753387 0.686844 0.766499 0.681745 0.774694 0.668633 0.782889 0.655522 0.789991 0.642410 0.791084 0.625656 0.781796 0.614001 0.768138 0.604531 0.762128 0.610358 0.756119 0.617643 0.745192 0.619828 0.736451 0.616914 0.736451 0.600889 0.736997 0.595790
0 0.885872 0.438811 0.042067 0.069202 0.864838 0.411495 0.868116 0.431891 0.871941 0.444274 0.880135 0.453744 0.889969 0.461757 0.900896 0.470498 0.906906 0.473412 0.905813 0.450830 0.905813 0.437719 0.906906 0.426064 0.906906 0.417322 0.897072 0.416594 0.892701 0.415137 0.887784 0.408581 0.887238 0.404210 0.869755 0.407853