0 0.082578 0.273333 0.084219 0.081250 0.041875 0.263750 0.045312 0.253958 0.052031 0.243958 0.062187 0.233333 0.078281 0.232708 0.092188 0.243958 0.105000 0.258333 0.119531 0.277083 0.124687 0.287500 0.124531 0.302500 0.117500 0.308750 0.110156 0.309583 0.095312 0.307292 0.083437 0.311875 0.062969 0.313958 0.054531 0.306875 0.048594 0.302083 0.042656 0.288542 0.040469 0.278333
0 0.060313 0.389896 0.073438 0.088542 0.040781 0.349375 0.046875 0.373958 0.055937 0.376042 0.068594 0.365208 0.074219 0.353125 0.096250 0.364167 0.097031 0.379583 0.090312 0.399375 0.084375 0.424375 0.077344 0.433125 0.068594 0.434167 0.050000 0.410208 0.034375 0.395208 0.025781 0.379792 0.023594 0.361458 0.031406 0.349167 0.036875 0.345625
0 0.028906 0.495208 0.056563 0.047500 0.016250 0.474167 0.000625 0.471458 0.001719 0.480208 0.006719 0.492500 0.027344 0.516875 0.038906 0.518958 0.057188 0.504167 0.046094 0.498125 0.041250 0.492500 0.037969 0.492083 0.037969 0.497083 0.019375 0.502708 0.013437 0.499375 0.014063 0.491042 0.016406 0.483958
0 0.219141 0.378438 0.060781 0.059375 0.193437 0.348750 0.188750 0.353750 0.192500 0.373958 0.201719 0.394583 0.203125 0.399792 0.214062 0.408125 0.222812 0.405833 0.224688 0.402083 0.231250 0.400208 0.243281 0.391875 0.249531 0.382500 0.241875 0.383958 0.233438 0.382917 0.229844 0.373542 0.224375 0.374583 0.213750 0.378333 0.209219 0.366458 0.211250 0.360000 0.200781 0.355833
0 0.233203 0.443542 0.059219 0.083750 0.233750 0.405833 0.230938 0.401667 0.225312 0.402083 0.218750 0.409167 0.212656 0.417708 0.208125 0.452708 0.204219 0.468125 0.203594 0.475625 0.207344 0.482083 0.212969 0.485417 0.252031 0.483958 0.259844 0.481667 0.262813 0.472917 0.260156 0.457500 0.256719 0.452708 0.248906 0.450833 0.245781 0.443958 0.244219 0.427083 0.232031 0.411458
0 0.320312 0.449167 0.061250 0.094167 0.289687 0.427292 0.298125 0.462917 0.301250 0.464375 0.310000 0.491042 0.316406 0.496250 0.324375 0.495833 0.332500 0.484167 0.349844 0.448958 0.350938 0.439583 0.350469 0.428333 0.341719 0.414375 0.333750 0.406875 0.322813 0.403542 0.311719 0.402083 0.304219 0.404375 0.297812 0.408958 0.292969 0.417083
0 0.399609 0.478646 0.063594 0.089375 0.368281 0.451875 0.379375 0.443333 0.388437 0.456458 0.396563 0.456458 0.400156 0.448542 0.402500 0.448125 0.409219 0.452292 0.425469 0.455833 0.426563 0.443333 0.424844 0.433958 0.431406 0.444583 0.431094 0.467708 0.426250 0.491042 0.422031 0.513542 0.417031 0.520208 0.406719 0.523333 0.390781 0.506667 0.389688 0.502083 0.385156 0.498333 0.367812 0.477083
0 0.427422 0.527708 0.057969 0.078750 0.406250 0.523333 0.398438 0.538333 0.407813 0.547917 0.419375 0.560208 0.428594 0.567083 0.449375 0.560833 0.454063 0.554583 0.456406 0.536875 0.454063 0.514792 0.448437 0.497500 0.438906 0.488333 0.431094 0.490833 0.433437 0.493958 0.432969 0.505000 0.427344 0.510208 0.422656 0.509583 0.421875 0.514167 0.417031 0.520000
0 0.467344 0.400521 0.064688 0.081875 0.445937 0.359583 0.440312 0.367292 0.440625 0.376667 0.435000 0.383750 0.435937 0.396875 0.444062 0.418125 0.444062 0.427292 0.449688 0.437708 0.456406 0.441458 0.466563 0.439583 0.474688 0.429792 0.491563 0.418958 0.498281 0.407083 0.499688 0.398333 0.492344 0.395625 0.486562 0.410208 0.483125 0.410208 0.476875 0.400208 0.475312 0.380625 0.470469 0.381042 0.461094 0.365417 0.453594 0.360417
0 0.513516 0.454167 0.061406 0.084167 0.503906 0.414375 0.496250 0.419375 0.491250 0.426875 0.490937 0.441875 0.483125 0.470000 0.482812 0.487917 0.487656 0.494375 0.497500 0.496250 0.506406 0.491667 0.516875 0.491250 0.532344 0.487917 0.544219 0.476667 0.543906 0.467708 0.531719 0.452292 0.528906 0.439583 0.526094 0.434583 0.515469 0.427500 0.510313 0.420833 0.505625 0.412083
0 0.582656 0.466146 0.055938 0.083958 0.569844 0.427917 0.578125 0.442292 0.580937 0.442083 0.589375 0.428333 0.588125 0.424167 0.602812 0.425208 0.610625 0.444792 0.610313 0.462500 0.606094 0.467708 0.597656 0.488750 0.598906 0.498750 0.596250 0.507917 0.585938 0.508125 0.570469 0.489167 0.557188 0.466875 0.554688 0.452292 0.555781 0.440625 0.560156 0.433125
0 0.639141 0.401458 0.072656 0.100000 0.607031 0.387083 0.631250 0.355833 0.643281 0.351458 0.657344 0.353958 0.666563 0.370833 0.673125 0.388958 0.675469 0.414792 0.675312 0.438958 0.668281 0.448958 0.661875 0.451458 0.652813 0.448958 0.645469 0.444792 0.619219 0.438125 0.603594 0.413958 0.602812 0.393958
0 0.634453 0.512396 0.057656 0.088125 0.616563 0.497917 0.638437 0.498333 0.641250 0.473125 0.645625 0.468333 0.652969 0.471458 0.663281 0.493958 0.661875 0.549375 0.656875 0.555625 0.647188 0.556458 0.627188 0.541458 0.618750 0.542292 0.610781 0.535417 0.605625 0.526458 0.605938 0.511458
0 0.598984 0.583229 0.056094 0.066458 0.571562 0.554583 0.583437 0.550000 0.594688 0.566667 0.601719 0.566667 0.606094 0.550000 0.627031 0.557708 0.620469 0.609583 0.610938 0.616458 0.605625 0.613750 0.593750 0.600625 0.576406 0.586458 0.570937 0.577708
0 0.718281 0.437917 0.059375 0.083750 0.728125 0.412083 0.724688 0.398958 0.725313 0.396458 0.710313 0.396042 0.705000 0.398750 0.701094 0.405208 0.690625 0.439167 0.688594 0.452708 0.691875 0.461042 0.696875 0.464375 0.697969 0.469583 0.700781 0.476042 0.706094 0.479375 0.717969 0.479792 0.747969 0.455625 0.739219 0.430833 0.736719 0.432500 0.736875 0.438125 0.731406 0.440417 0.721562 0.441458 0.718125 0.438750 0.716562 0.432917 0.721406 0.415833
0 0.780625 0.475625 0.061250 0.068333 0.750469 0.458333 0.750000 0.484375 0.755625 0.495625 0.760156 0.503542 0.769375 0.509792 0.778750 0.509375 0.785156 0.506042 0.791094 0.506042 0.802969 0.486875 0.803438 0.478958 0.808125 0.475625 0.811250 0.462500 0.807656 0.441458 0.800625 0.451458 0.797187 0.450208 0.782031 0.459583 0.772188 0.467708 0.761250 0.458750 0.763281 0.453542 0.755312 0.453125
0 0.748125 0.606875 0.057188 0.072083 0.722656 0.572708 0.719531 0.615208 0.721875 0.626458 0.731250 0.632083 0.736563 0.640625 0.753750 0.642917 0.764531 0.632708 0.773906 0.621667 0.776719 0.606875 0.770000 0.607708 0.759219 0.591458 0.756563 0.591458 0.755312 0.596458 0.749375 0.599167 0.736406 0.602083 0.732187 0.597500 0.730938 0.590000 0.734063 0.580625 0.739062 0.578333 0.737031 0.574583 0.732812 0.575833 0.729688 0.570833
0 0.909219 0.480000 0.079063 0.050000 0.869844 0.455000 0.869688 0.460000 0.873125 0.463750 0.872188 0.470833 0.870313 0.472083 0.871406 0.480625 0.899062 0.501250 0.909688 0.505000 0.919219 0.503125 0.922813 0.496667 0.942031 0.480833 0.948750 0.465833 0.948125 0.460625 0.940000 0.461042 0.940938 0.475833 0.935000 0.478958 0.913906 0.458333 0.893750 0.474167 0.889375 0.473333 0.884844 0.455000
0 0.966953 0.566875 0.062969 0.076667 0.935781 0.545208 0.935469 0.553542 0.940625 0.558333 0.951406 0.576458 0.956094 0.590625 0.964063 0.601458 0.974375 0.605208 0.977656 0.601042 0.982812 0.601458 0.991250 0.589375 0.992031 0.583750 0.998437 0.580660 0.998437 0.528542 0.985000 0.540625 0.978594 0.539375 0.966406 0.533333 0.958906 0.538333 0.945625 0.541667