0 0.251172 0.383438 0.062969 0.068542 0.231406 0.357708 0.225781 0.367083 0.220000 0.382083 0.219687 0.394583 0.224375 0.403542 0.230313 0.413750 0.238594 0.417708 0.256719 0.415625 0.273906 0.412292 0.282656 0.405208 0.282344 0.395833 0.263437 0.358542 0.259219 0.353542 0.253906 0.349792 0.245156 0.349167 0.238125 0.352292
0 0.216562 0.461563 0.060937 0.085625 0.215000 0.418750 0.202813 0.418750 0.186250 0.437917 0.186094 0.452292 0.187969 0.462708 0.197188 0.480417 0.208594 0.497708 0.216406 0.504375 0.223750 0.499375 0.229531 0.490833 0.246719 0.461875 0.247031 0.438333 0.241094 0.430417 0.233281 0.429583 0.224844 0.435000 0.220312 0.433750 0.216406 0.426667
0 0.163828 0.559375 0.061719 0.081667 0.153906 0.527708 0.156250 0.525625 0.156250 0.521458 0.152188 0.520208 0.148906 0.518542 0.144063 0.519167 0.140781 0.522500 0.139844 0.525625 0.132969 0.532083 0.133906 0.557917 0.135781 0.564583 0.135625 0.580000 0.138594 0.593333 0.142187 0.597708 0.148125 0.600208 0.157344 0.597708 0.167187 0.590833 0.169219 0.585208 0.177969 0.581458 0.186406 0.575417 0.189688 0.567500 0.194375 0.560833 0.194687 0.554375 0.188750 0.556250 0.183438 0.551458 0.178437 0.547292 0.173906 0.543333 0.161094 0.547708 0.152188 0.541667 0.152188 0.530833
0 0.364375 0.512708 0.060000 0.076250 0.362656 0.475833 0.356719 0.481458 0.349375 0.491667 0.345469 0.499583 0.344219 0.510000 0.334375 0.529583 0.334375 0.542708 0.337344 0.546458 0.343750 0.550417 0.380781 0.550833 0.384844 0.546250 0.388437 0.545833 0.393437 0.535417 0.394375 0.527917 0.391250 0.501667 0.386406 0.483958 0.382344 0.478958 0.376563 0.475000 0.369531 0.474583
0 0.361016 0.447813 0.056406 0.076875 0.343125 0.486250 0.354219 0.485208 0.357500 0.480833 0.363125 0.475833 0.365469 0.475000 0.361250 0.471042 0.364531 0.466458 0.369375 0.466458 0.375312 0.471458 0.373437 0.460000 0.375312 0.454375 0.381719 0.470625 0.387656 0.463333 0.388750 0.457708 0.389219 0.451042 0.386406 0.449583 0.382500 0.444583 0.379375 0.443542 0.376875 0.436042 0.370156 0.433750 0.365625 0.426667 0.363125 0.422083 0.360781 0.413125 0.356875 0.409375 0.346719 0.416667 0.341719 0.425208 0.336406 0.437708 0.332813 0.453333 0.333594 0.461250 0.337344 0.470625
0 0.450078 0.500937 0.055781 0.076458 0.441094 0.463333 0.435313 0.467708 0.426719 0.477708 0.423281 0.490833 0.422187 0.507083 0.423125 0.513750 0.425938 0.524583 0.448437 0.539167 0.455000 0.539167 0.464844 0.529792 0.471719 0.521458 0.477969 0.509167 0.477969 0.488958 0.474219 0.476875 0.466875 0.469792 0.456719 0.464583 0.448281 0.462708
0 0.533984 0.493854 0.060156 0.088542 0.513594 0.452917 0.503906 0.468750 0.505000 0.495000 0.511562 0.506667 0.520000 0.517500 0.538906 0.535208 0.545625 0.538125 0.551875 0.533125 0.554688 0.525625 0.562812 0.490417 0.563906 0.483958 0.564063 0.469375 0.561875 0.462292 0.555625 0.452917 0.550312 0.451042 0.537656 0.450000 0.524219 0.449583
0 0.583672 0.461979 0.053281 0.086458 0.568594 0.419583 0.558750 0.431250 0.557031 0.441250 0.558437 0.457083 0.562188 0.462292 0.564219 0.469583 0.564063 0.484792 0.562188 0.492708 0.562812 0.499167 0.568125 0.503958 0.572344 0.505208 0.582969 0.496042 0.608594 0.467083 0.610313 0.460000 0.610000 0.448750 0.607187 0.443125 0.601250 0.442708 0.590625 0.428958 0.584375 0.421458 0.575937 0.418750
0 0.547578 0.572812 0.062031 0.087708 0.545000 0.538333 0.536875 0.543333 0.535469 0.549583 0.526406 0.552708 0.526563 0.547292 0.520469 0.551458 0.516563 0.569583 0.530156 0.597292 0.539687 0.608542 0.547656 0.616458 0.556562 0.616667 0.561719 0.608750 0.572656 0.602083 0.578594 0.583333 0.576875 0.557708 0.573438 0.545833 0.567187 0.532292 0.564375 0.528958 0.559375 0.528958 0.552344 0.533542
0 0.627344 0.504375 0.057188 0.075833 0.602500 0.487500 0.601875 0.501042 0.598750 0.525208 0.599531 0.534167 0.602969 0.540208 0.612812 0.542292 0.621250 0.538958 0.636250 0.536250 0.653281 0.521250 0.655938 0.513333 0.655938 0.501042 0.651875 0.487500 0.643125 0.477083 0.634375 0.471458 0.624844 0.466458 0.616094 0.466667 0.607812 0.476250
0 0.684844 0.513229 0.049062 0.076875 0.660469 0.514167 0.663125 0.523333 0.669844 0.529583 0.681406 0.540208 0.691250 0.550625 0.699531 0.551667 0.703594 0.547500 0.704375 0.540417 0.703437 0.531458 0.705000 0.520208 0.709219 0.511875 0.709375 0.499167 0.705313 0.486458 0.700625 0.480417 0.695625 0.476250 0.690312 0.474792 0.678438 0.474792 0.669219 0.479583 0.664687 0.483125 0.662188 0.488750 0.662500 0.493333 0.667812 0.498958 0.667812 0.502292 0.660781 0.498333 0.660313 0.504167 0.665781 0.511667
0 0.706094 0.637604 0.056250 0.077708 0.680781 0.611875 0.677969 0.621042 0.678281 0.636042 0.681406 0.646458 0.687812 0.653333 0.719531 0.674167 0.726875 0.676458 0.731875 0.671875 0.734219 0.664792 0.734219 0.614583 0.730312 0.604792 0.723125 0.598750 0.716406 0.598958 0.715313 0.602708 0.710938 0.602917 0.699219 0.599167 0.692500 0.602708 0.687969 0.605208
0 0.737812 0.554167 0.058437 0.080000 0.708594 0.553333 0.708594 0.567917 0.720625 0.583542 0.736719 0.586250 0.752188 0.593333 0.759844 0.594167 0.764844 0.591458 0.766719 0.586875 0.767031 0.572292 0.763437 0.565833 0.762813 0.544167 0.758594 0.532917 0.752188 0.522083 0.745469 0.516875 0.741719 0.514167 0.737344 0.516458 0.718906 0.534583
0 0.732109 0.439271 0.064844 0.076042 0.716094 0.476458 0.740313 0.477292 0.742344 0.475000 0.755000 0.475208 0.762500 0.469792 0.764531 0.462292 0.764375 0.451458 0.760469 0.437500 0.749531 0.412708 0.745625 0.407917 0.739375 0.403750 0.729844 0.401250 0.722187 0.402083 0.713281 0.407292 0.706875 0.415208 0.702500 0.423750 0.700156 0.436875 0.699688 0.448333 0.700313 0.460208 0.705469 0.468333 0.709063 0.473542
0 0.792422 0.509271 0.054844 0.073125 0.792656 0.476875 0.783281 0.472708 0.771719 0.478958 0.768594 0.485208 0.765000 0.529583 0.770156 0.541875 0.777969 0.541458 0.782813 0.545833 0.792656 0.543958 0.799687 0.536875 0.815938 0.522708 0.819531 0.512917 0.819844 0.500833 0.816719 0.493333 0.806875 0.483333 0.800156 0.483750 0.797656 0.483750 0.795469 0.478125
0 0.848594 0.529792 0.055625 0.072500 0.820781 0.513750 0.823438 0.536042 0.828906 0.545417 0.844844 0.565833 0.856719 0.566042 0.859531 0.562083 0.865781 0.561042 0.870781 0.550208 0.872656 0.532500 0.876406 0.516042 0.872188 0.500417 0.862344 0.493542 0.857187 0.499583 0.849375 0.500833 0.842344 0.510833 0.837031 0.511875 0.830781 0.505208
0 0.855391 0.640313 0.061094 0.078125 0.837500 0.601250 0.845469 0.615208 0.864219 0.609167 0.865156 0.607083 0.871719 0.606875 0.883437 0.616042 0.885625 0.627083 0.885938 0.640417 0.876406 0.663333 0.869375 0.672500 0.863438 0.679375 0.839844 0.678125 0.834531 0.672708 0.830469 0.662083 0.828594 0.651875 0.824844 0.624167 0.826406 0.612917 0.830937 0.603958
0 0.953906 0.493125 0.071875 0.067500 0.918594 0.468958 0.917969 0.479583 0.920625 0.485833 0.927031 0.495833 0.939688 0.511042 0.958906 0.526875 0.966406 0.526875 0.972344 0.522708 0.976250 0.513958 0.989844 0.476250 0.988281 0.468333 0.987500 0.463333 0.984688 0.460417 0.974531 0.462708 0.971406 0.460417 0.960781 0.459375 0.947500 0.473125 0.945000 0.472083 0.940625 0.468750 0.939375 0.466042 0.930469 0.467083 0.928906 0.469167