0 0.018945 0.543750 0.037891 0.120833 0.005078 0.483333 0.018359 0.485417 0.025391 0.491667 0.032422 0.496875 0.037891 0.502083 0.026172 0.506250 0.018359 0.512500 0.011328 0.525000 0.008203 0.534375 0.019922 0.530208 0.027734 0.528125 0.030078 0.537500 0.030859 0.543750 0.030859 0.560417 0.028516 0.569792 0.026172 0.576042 0.017578 0.588542 0.012109 0.595833 0.004297 0.604167 0.000000 0.580295 0.000000 0.490625 0.000000 0.484375
0 0.085156 0.559896 0.102344 0.119792 0.038672 0.531250 0.034766 0.543750 0.033984 0.562500 0.038672 0.572917 0.048828 0.577083 0.062109 0.588542 0.069141 0.595833 0.082422 0.602083 0.092578 0.613542 0.099609 0.618750 0.109766 0.619792 0.122266 0.616667 0.128516 0.606250 0.132422 0.594792 0.136328 0.575000 0.135547 0.560417 0.136328 0.547917 0.136328 0.536458 0.136328 0.527083 0.134766 0.517708 0.126953 0.502083 0.112109 0.500000 0.109766 0.516667 0.108984 0.526042 0.099609 0.533333 0.087891 0.530208 0.073828 0.523958 0.070703 0.518750 0.060547 0.531250 0.055859 0.535417
0 0.158203 0.616146 0.089063 0.101042 0.161328 0.565625 0.171484 0.568750 0.180078 0.575000 0.189453 0.589583 0.195703 0.604167 0.202734 0.634375 0.202734 0.648958 0.198828 0.662500 0.182422 0.665625 0.173828 0.666667 0.158984 0.666667 0.154297 0.665625 0.137109 0.656250 0.128516 0.651042 0.123047 0.642708 0.116016 0.634375 0.113672 0.629167 0.120703 0.622917 0.126953 0.619792 0.131641 0.607292 0.141016 0.607292 0.147266 0.602083 0.148828 0.587500 0.149609 0.578125
0 0.187500 0.451562 0.094531 0.103125 0.155078 0.400000 0.142578 0.412500 0.140234 0.427083 0.144141 0.447917 0.148047 0.458333 0.156641 0.469792 0.164453 0.482292 0.166016 0.489583 0.176172 0.497917 0.183203 0.502083 0.191016 0.503125 0.200391 0.501042 0.212109 0.489583 0.220703 0.475000 0.230859 0.465625 0.234766 0.455208 0.233203 0.450000 0.229297 0.445833 0.223828 0.443750 0.208203 0.434375 0.205859 0.448958 0.201172 0.458333 0.191797 0.456250 0.186328 0.441667 0.187109 0.428125 0.169922 0.421875 0.163672 0.417708 0.161328 0.409375
0 0.264844 0.517708 0.075781 0.093750 0.237891 0.470833 0.230859 0.480208 0.226953 0.492708 0.227734 0.507292 0.228516 0.526042 0.226953 0.537500 0.227734 0.564583 0.237891 0.562500 0.252734 0.563542 0.258203 0.559375 0.273047 0.555208 0.280859 0.554167 0.293359 0.543750 0.300391 0.538542 0.302734 0.531250 0.293359 0.521875 0.287109 0.510417 0.277734 0.507292 0.269141 0.506250 0.263672 0.498958 0.262891 0.484375 0.258203 0.480208 0.249609 0.476042
0 0.406250 0.414062 0.089844 0.119792 0.388672 0.364583 0.379297 0.371875 0.372266 0.376042 0.366797 0.387500 0.362891 0.397917 0.361328 0.411458 0.361328 0.425000 0.364453 0.438542 0.368359 0.451042 0.376172 0.456250 0.380859 0.459375 0.398047 0.464583 0.404297 0.467708 0.416016 0.471875 0.435547 0.472917 0.439453 0.473958 0.448047 0.467708 0.451172 0.458333 0.451172 0.442708 0.450391 0.423958 0.450391 0.412500 0.447266 0.398958 0.444141 0.387500 0.436328 0.372917 0.430078 0.363542 0.418359 0.356250 0.408984 0.355208 0.394141 0.354167
0 0.351953 0.509896 0.075000 0.105208 0.326953 0.467708 0.317578 0.475000 0.314453 0.484375 0.315234 0.505208 0.319922 0.516667 0.329297 0.530208 0.337109 0.543750 0.351953 0.555208 0.358203 0.559375 0.369141 0.560417 0.377734 0.562500 0.381641 0.547917 0.383203 0.534375 0.383203 0.526042 0.384766 0.516667 0.387109 0.506250 0.388672 0.498958 0.389453 0.491667 0.388672 0.480208 0.385547 0.472917 0.376953 0.464583 0.367578 0.459375 0.352734 0.457292 0.348828 0.467708 0.337891 0.477083 0.333984 0.481250
0 0.403125 0.645833 0.071094 0.089583 0.371484 0.614583 0.367578 0.625000 0.367578 0.642708 0.368359 0.651042 0.387891 0.669792 0.401172 0.678125 0.412891 0.690625 0.421484 0.690625 0.431641 0.688542 0.437109 0.678125 0.437891 0.657292 0.437109 0.642708 0.438672 0.629167 0.437891 0.622917 0.437109 0.608333 0.427734 0.601042 0.426953 0.613542 0.422266 0.616667 0.408203 0.613542 0.402734 0.615625 0.398828 0.631250 0.389453 0.637500 0.381641 0.625000
0 0.430859 0.555729 0.073438 0.109375 0.430078 0.505208 0.423828 0.512500 0.422266 0.523958 0.418359 0.533333 0.412109 0.537500 0.405078 0.539583 0.398828 0.544792 0.394922 0.553125 0.394141 0.567708 0.397266 0.578125 0.402734 0.586458 0.408984 0.588542 0.416797 0.592708 0.434766 0.602083 0.451172 0.609375 0.460547 0.610417 0.466797 0.601042 0.467578 0.588542 0.464453 0.573958 0.464453 0.562500 0.465234 0.551042 0.462891 0.526042 0.452734 0.510417 0.440234 0.501042
0 0.531641 0.451562 0.064062 0.107292 0.520703 0.397917 0.513672 0.402083 0.508203 0.410417 0.502734 0.420833 0.499609 0.441667 0.499609 0.462500 0.501172 0.479167 0.508984 0.485417 0.511328 0.498958 0.517578 0.505208 0.531641 0.504167 0.539453 0.495833 0.550391 0.488542 0.556641 0.479167 0.563672 0.471875 0.555078 0.460417 0.551172 0.445833 0.547266 0.438542 0.540234 0.450000 0.533203 0.453125 0.523047 0.451042 0.519922 0.443750 0.520703 0.427083 0.524609 0.421875 0.528516 0.415625 0.525391 0.410417
0 0.607422 0.483854 0.067187 0.094792 0.633984 0.436458 0.638672 0.450000 0.640234 0.463542 0.641016 0.477083 0.638672 0.489583 0.635547 0.505208 0.632422 0.516667 0.626953 0.523958 0.619141 0.521875 0.610547 0.531250 0.596484 0.529167 0.587109 0.518750 0.580078 0.510417 0.576953 0.502083 0.573828 0.492708 0.573828 0.476042 0.573828 0.468750 0.580078 0.486458 0.589453 0.480208 0.595703 0.473958 0.600391 0.469792 0.604297 0.463542 0.598828 0.458333 0.602734 0.451042 0.612109 0.451042 0.616797 0.455208 0.625391 0.447917
0 0.590234 0.663021 0.064062 0.067708 0.612891 0.629167 0.621484 0.636458 0.622266 0.646875 0.616016 0.661458 0.612891 0.672917 0.608984 0.683333 0.601172 0.693750 0.593359 0.696875 0.582422 0.693750 0.573828 0.691667 0.567578 0.684375 0.560547 0.670833 0.558203 0.653125 0.572266 0.652083 0.582422 0.646875 0.587109 0.638542 0.596484 0.644792 0.603516 0.656250 0.612109 0.654167 0.614453 0.641667
0 0.746484 0.470313 0.084375 0.063542 0.704297 0.442708 0.706641 0.457292 0.705078 0.465625 0.710547 0.475000 0.719141 0.481250 0.733203 0.493750 0.745703 0.498958 0.758203 0.502083 0.767578 0.491667 0.775391 0.480208 0.779297 0.465625 0.788672 0.451042 0.788672 0.442708 0.778516 0.438542 0.780859 0.462500 0.767578 0.460417 0.749609 0.444792 0.744922 0.442708 0.730078 0.465625 0.725391 0.461458 0.719922 0.451042 0.720703 0.439583
0 0.862109 0.362500 0.071875 0.112500 0.891016 0.306250 0.896484 0.322917 0.898047 0.335417 0.897266 0.344792 0.891797 0.367708 0.881641 0.384375 0.883203 0.398958 0.880859 0.409375 0.875391 0.417708 0.863672 0.418750 0.844922 0.413542 0.834766 0.400000 0.826172 0.393750 0.826953 0.378125 0.828516 0.352083 0.834766 0.345833 0.851172 0.348958 0.856641 0.338542 0.858203 0.329167 0.861328 0.319792 0.872266 0.315625
0 0.836719 0.558854 0.088281 0.101042 0.875391 0.508333 0.880078 0.518750 0.880859 0.535417 0.872266 0.564583 0.858984 0.590625 0.853516 0.602083 0.844141 0.609375 0.832422 0.601042 0.816016 0.585417 0.809766 0.567708 0.798828 0.558333 0.792578 0.547917 0.801172 0.540625 0.812109 0.532292 0.818359 0.526042 0.835547 0.534375 0.841797 0.520833 0.854297 0.511458