0 0.365638 0.314018 0.064524 0.074786 0.360577 0.276625 0.350034 0.281123 0.347925 0.281967 0.340967 0.296306 0.334008 0.315424 0.333376 0.335667 0.343708 0.348319 0.352353 0.351411 0.361842 0.350287 0.375127 0.344101 0.395369 0.338197 0.397900 0.332012 0.396635 0.321047 0.372385 0.286747
0 0.344868 0.413827 0.058831 0.084345 0.342232 0.371654 0.351088 0.387118 0.356149 0.388242 0.363740 0.380089 0.366903 0.381213 0.373229 0.386836 0.374283 0.404830 0.368590 0.424230 0.367535 0.433226 0.364794 0.440536 0.361420 0.451220 0.356781 0.456000 0.347714 0.450939 0.342021 0.442786 0.338225 0.440255 0.334430 0.433789 0.330213 0.432664 0.323887 0.423386 0.320724 0.419169 0.316296 0.409610 0.315452 0.397239 0.317561 0.388242 0.327682 0.373622
0 0.312500 0.521227 0.056933 0.070850 0.306807 0.495080 0.292257 0.485802 0.289094 0.486926 0.290992 0.491987 0.284033 0.500703 0.286985 0.521227 0.292046 0.529943 0.292046 0.538096 0.296263 0.552435 0.304276 0.556652 0.313343 0.555246 0.319459 0.545687 0.337593 0.531348 0.340967 0.520383 0.329580 0.509700 0.324519 0.518697 0.313554 0.520383 0.308704 0.504639
0 0.487306 0.375028 0.057777 0.074786 0.470226 0.337635 0.464111 0.349162 0.464111 0.356753 0.458418 0.369967 0.459683 0.388242 0.467274 0.396677 0.470226 0.408766 0.476763 0.412421 0.488782 0.408766 0.499536 0.397239 0.510079 0.389086 0.515773 0.380370 0.516194 0.369405 0.510712 0.371373 0.500169 0.364344 0.495951 0.347475 0.492999 0.350849 0.488782 0.339041
0 0.504702 0.441520 0.058409 0.083502 0.490047 0.408204 0.483089 0.418607 0.480348 0.439412 0.477817 0.443629 0.477817 0.451783 0.476552 0.455437 0.476763 0.461623 0.475498 0.463029 0.475919 0.475118 0.483510 0.480741 0.491102 0.483271 0.494265 0.480179 0.499536 0.480179 0.505019 0.476524 0.517249 0.475118 0.524629 0.473150 0.530955 0.466965 0.532853 0.458811 0.533907 0.448690 0.530322 0.433789 0.524629 0.414952 0.516827 0.407361 0.509236 0.399769 0.498271 0.399769
0 0.586517 0.420856 0.055879 0.080972 0.571441 0.384587 0.563639 0.392741 0.559421 0.404830 0.558578 0.428728 0.567645 0.446722 0.581773 0.452907 0.590840 0.461342 0.599907 0.460498 0.609396 0.432102 0.613192 0.425073 0.614457 0.401738 0.605811 0.387680 0.596533 0.380932 0.581562 0.380370
0 0.679698 0.414811 0.065200 0.084064 0.672866 0.375872 0.655786 0.381495 0.648195 0.392741 0.647098 0.401587 0.647984 0.413546 0.654310 0.423386 0.674342 0.441099 0.690368 0.456843 0.702176 0.447284 0.705128 0.439693 0.705550 0.423948 0.710189 0.396677 0.712298 0.388523 0.708502 0.378683 0.697959 0.372779 0.691000 0.378402 0.682777 0.378683
0 0.717464 0.354223 0.057988 0.083783 0.702387 0.312894 0.692687 0.320766 0.688470 0.332012 0.689103 0.344664 0.689946 0.351130 0.694163 0.363501 0.713141 0.366875 0.712298 0.373341 0.697959 0.372779 0.708924 0.378402 0.712298 0.388523 0.710400 0.396114 0.712087 0.395833 0.740342 0.363782 0.746457 0.352817 0.746036 0.345788 0.739710 0.338478 0.733173 0.326389 0.711243 0.312331
0 0.765224 0.397661 0.060307 0.080128 0.754892 0.357597 0.738234 0.373622 0.735071 0.427322 0.742873 0.437725 0.755314 0.435757 0.763116 0.427603 0.771972 0.427885 0.792215 0.412140 0.792426 0.399769 0.795378 0.393022 0.787154 0.372498 0.776400 0.364344
0 0.818784 0.394146 0.056511 0.078722 0.813723 0.358440 0.798541 0.369124 0.798541 0.377558 0.790528 0.378683 0.801282 0.386274 0.801071 0.396958 0.795589 0.393303 0.797276 0.402019 0.830381 0.433508 0.837761 0.432664 0.841346 0.426198 0.842822 0.416639 0.841346 0.406517 0.846618 0.384587 0.847039 0.371092 0.841768 0.360971 0.831857 0.354785 0.824688 0.361533
0 0.837023 0.510965 0.061783 0.073381 0.829538 0.481022 0.809927 0.489176 0.806132 0.505764 0.810771 0.510824 0.809506 0.516447 0.817519 0.522070 0.818362 0.526007 0.857372 0.547655 0.863487 0.542032 0.867493 0.531348 0.867915 0.492549 0.863698 0.476805 0.852522 0.474275 0.851678 0.475399 0.853998 0.485521 0.850413 0.487489
0 0.874873 0.431540 0.063681 0.075349 0.843033 0.433226 0.858637 0.423667 0.859270 0.415514 0.886260 0.393865 0.893429 0.398926 0.899123 0.409047 0.903340 0.416639 0.903340 0.430415 0.901653 0.431821 0.902286 0.441099 0.906714 0.448128 0.905449 0.461342 0.899123 0.468089 0.889634 0.469214 0.870656 0.460498 0.857372 0.459655 0.843244 0.446441
0 0.875401 0.313456 0.075700 0.082096 0.871711 0.272408 0.860746 0.281123 0.839870 0.315424 0.837551 0.327232 0.837972 0.333980 0.844087 0.344945 0.851257 0.352817 0.862011 0.354504 0.874873 0.354223 0.879723 0.350287 0.898701 0.352817 0.910509 0.346632 0.913251 0.335105 0.911142 0.318798 0.905449 0.299679 0.898701 0.283935 0.887736 0.274376
0 0.927379 0.364907 0.067898 0.075911 0.913040 0.329200 0.913672 0.336229 0.910509 0.345788 0.898701 0.353942 0.894906 0.366875 0.893429 0.378683 0.895327 0.392178 0.900599 0.397239 0.908612 0.395833 0.914305 0.402862 0.926535 0.402300 0.950995 0.378121 0.961328 0.360971 0.957532 0.346632 0.941928 0.346632 0.938133 0.343820 0.938133 0.334542 0.931385 0.326951
0 0.977102 0.499619 0.042670 0.072394 0.977786 0.464944 0.968326 0.463422 0.959845 0.472121 0.956093 0.482342 0.955767 0.508873 0.964085 0.529749 0.970446 0.535621 0.985125 0.535404 0.998437 0.535816 0.998437 0.479950 0.990671 0.483429 0.984799 0.482994 0.978601 0.475165
0 0.690312 0.479063 0.061562 0.080625 0.690000 0.456875 0.684688 0.469583 0.676562 0.471458 0.671719 0.465833 0.660000 0.478333 0.659531 0.483958 0.667656 0.495208 0.676875 0.509375 0.690156 0.519167 0.699844 0.519375 0.707812 0.509583 0.715938 0.503333 0.720938 0.491250 0.721094 0.471875 0.719062 0.467083 0.718281 0.451875 0.708594 0.438750 0.704375 0.444375
0 0.976484 0.381042 0.043906 0.074583 0.954531 0.372292 0.955937 0.383750 0.962187 0.396667 0.969219 0.406042 0.976406 0.416250 0.984062 0.418333 0.991719 0.416458 0.998437 0.408754 0.998437 0.343750 0.993906 0.353750 0.994219 0.357708 0.985781 0.362500 0.975156 0.360208 0.961250 0.361667