0 0.367135 0.357043 0.076211 0.090015 0.356173 0.312964 0.364525 0.312036 0.377053 0.319692 0.383665 0.334772 0.396193 0.350316 0.402805 0.363539 0.405241 0.373283 0.404197 0.381635 0.400195 0.386971 0.393235 0.390219 0.380707 0.391147 0.371659 0.396251 0.356347 0.402051 0.347822 0.398571 0.340688 0.396019 0.335294 0.390219 0.330596 0.383491 0.329030 0.373051 0.331988 0.360523 0.345212 0.340572 0.352693 0.328044 0.356695 0.320852
0 0.342167 0.483830 0.071861 0.099063 0.348518 0.434298 0.348518 0.438706 0.358609 0.462834 0.362437 0.463298 0.370267 0.449842 0.370093 0.438938 0.376183 0.442882 0.378097 0.468634 0.371311 0.492066 0.369223 0.509001 0.366961 0.511089 0.367135 0.520369 0.361393 0.528025 0.355999 0.533361 0.352867 0.532897 0.344516 0.526401 0.339122 0.515265 0.334424 0.513177 0.329726 0.504826 0.325028 0.502738 0.315284 0.490674 0.306236 0.471418 0.307454 0.454482 0.312848 0.448450 0.318764 0.441490 0.329552 0.437314 0.337034 0.437314
0 0.299711 0.599712 0.065945 0.083983 0.275786 0.557721 0.271785 0.560737 0.272829 0.569089 0.266739 0.586256 0.268131 0.602728 0.272481 0.614096 0.272655 0.625928 0.276308 0.634976 0.281528 0.640544 0.290054 0.641704 0.299276 0.637064 0.310760 0.628016 0.318590 0.623608 0.323810 0.621984 0.330944 0.613400 0.332684 0.606440 0.325028 0.600176 0.325028 0.607136 0.315980 0.616880 0.309368 0.617112 0.305888 0.609456 0.304322 0.598552 0.305714 0.592752 0.304322 0.586952 0.298058 0.586024 0.283616 0.576049 0.286922 0.567233 0.287444 0.564449
0 0.511901 0.434878 0.068207 0.093959 0.492240 0.397875 0.479364 0.425947 0.477798 0.436386 0.477798 0.451930 0.486324 0.463530 0.489108 0.473970 0.494502 0.481858 0.507899 0.481858 0.512771 0.478378 0.518165 0.478378 0.524429 0.473042 0.529475 0.473042 0.530171 0.469794 0.537305 0.466778 0.545135 0.456338 0.546005 0.443810 0.531911 0.428267 0.528779 0.418291 0.522167 0.409475 0.509987 0.405763 0.495546 0.402515 0.497634 0.398803 0.501288 0.395323 0.515729 0.394163 0.516077 0.390683 0.510683 0.387899 0.504072 0.390915
0 0.528692 0.518513 0.067337 0.092335 0.504072 0.497402 0.498156 0.526633 0.497460 0.534289 0.495024 0.543105 0.495894 0.557257 0.499722 0.561897 0.505986 0.564681 0.514511 0.564681 0.528779 0.561201 0.538871 0.560041 0.549833 0.554937 0.559925 0.545889 0.562361 0.542873 0.562361 0.529881 0.562013 0.518281 0.560099 0.507378 0.555053 0.495778 0.550355 0.487426 0.540959 0.478378 0.534173 0.472810 0.524777 0.472346 0.518165 0.479074 0.511553 0.486266 0.506508 0.491602
0 0.618214 0.508421 0.063335 0.093495 0.586894 0.507841 0.595072 0.526169 0.613864 0.541713 0.622738 0.550529 0.633352 0.555169 0.642748 0.544497 0.643966 0.518745 0.649012 0.504826 0.649882 0.489050 0.647968 0.477682 0.642922 0.470258 0.634222 0.463994 0.624130 0.461674 0.612646 0.461906 0.606034 0.465154 0.599770 0.468170 0.594028 0.474898 0.587764 0.485338 0.586546 0.495082
0 0.719133 0.579297 0.063683 0.062639 0.687291 0.561665 0.687465 0.573961 0.695295 0.588576 0.702081 0.599712 0.709041 0.605744 0.715653 0.610616 0.722439 0.610152 0.729051 0.608528 0.730965 0.603888 0.736881 0.601336 0.742274 0.597160 0.746972 0.589272 0.750104 0.575121 0.750974 0.550065 0.748364 0.547977 0.744710 0.557257 0.740535 0.561201 0.731835 0.561201 0.728007 0.567929 0.728007 0.576513 0.720525 0.578137 0.714609 0.573033 0.708345 0.564681 0.697383 0.577209 0.695121 0.577209 0.693903 0.570481 0.694251 0.559577
0 0.726354 0.522921 0.070469 0.077023 0.691119 0.499954 0.693381 0.515033 0.695295 0.517121 0.695121 0.521297 0.701211 0.525473 0.701211 0.530577 0.709041 0.534753 0.725571 0.556329 0.732183 0.561433 0.739665 0.561201 0.745406 0.555865 0.749060 0.547049 0.753062 0.525009 0.757586 0.517353 0.761588 0.501114 0.761240 0.491138 0.758456 0.487426 0.757238 0.488586 0.757586 0.494618 0.748016 0.493226 0.737055 0.490674 0.736185 0.487426 0.730617 0.485338 0.718959 0.495778 0.705735 0.484410 0.696687 0.499258
0 0.757151 0.434878 0.062117 0.074935 0.749060 0.398339 0.737403 0.397411 0.731487 0.405067 0.726093 0.420611 0.729051 0.453554 0.729573 0.465618 0.738099 0.467242 0.758456 0.472346 0.764198 0.466778 0.771332 0.467242 0.779162 0.463066 0.786644 0.453786 0.788210 0.437082 0.779684 0.422931 0.768722 0.409475 0.759674 0.403443
0 0.794561 0.486150 0.060029 0.086071 0.766982 0.467242 0.766112 0.476522 0.771854 0.482786 0.774290 0.488122 0.770462 0.489514 0.765764 0.488818 0.764546 0.502738 0.764546 0.519441 0.769244 0.526633 0.773942 0.529185 0.781772 0.528953 0.785600 0.525705 0.789602 0.523617 0.801608 0.521065 0.813788 0.515265 0.820399 0.506914 0.824401 0.493922 0.824575 0.483018 0.823705 0.474666 0.818660 0.465154 0.810830 0.456802 0.804566 0.452626 0.793952 0.448914 0.788036 0.443114 0.786818 0.453786 0.779162 0.462602 0.771506 0.467242
0 0.848587 0.490326 0.051155 0.074935 0.823009 0.496706 0.836233 0.510857 0.842845 0.521065 0.847543 0.526865 0.855373 0.527793 0.864769 0.522921 0.868597 0.515497 0.868423 0.496706 0.874165 0.484642 0.873121 0.468634 0.867901 0.458194 0.864073 0.462602 0.856243 0.458194 0.845977 0.452858 0.835885 0.457034 0.823009 0.465154 0.831883 0.470954 0.840409 0.479306 0.839365 0.481858 0.833449 0.481162 0.829969 0.476986 0.828751 0.477682 0.839844 0.491250 0.829273 0.484178 0.829273 0.491370 0.825271 0.487890
0 0.840496 0.597856 0.060029 0.062639 0.810482 0.582777 0.811004 0.592520 0.821791 0.606440 0.834493 0.614792 0.849109 0.628480 0.856939 0.629176 0.863551 0.623376 0.870511 0.576281 0.868771 0.568161 0.860941 0.566537 0.863551 0.575817 0.863725 0.579993 0.860593 0.582545 0.844933 0.570713 0.831187 0.581385 0.822139 0.579993
0 0.885475 0.526981 0.061247 0.076327 0.854851 0.534753 0.865117 0.524313 0.876427 0.527329 0.886693 0.511321 0.907050 0.504130 0.906702 0.497866 0.902352 0.492994 0.895741 0.492530 0.897655 0.488818 0.903048 0.489746 0.911226 0.497170 0.914358 0.511785 0.916098 0.532665 0.912966 0.541017 0.913314 0.556561 0.903918 0.565145 0.895045 0.563985 0.880081 0.554473 0.867553 0.550065 0.859723 0.543105
0 0.906267 0.419451 0.074993 0.083055 0.868771 0.426875 0.869119 0.435922 0.873295 0.442882 0.882691 0.451930 0.904614 0.459122 0.916446 0.459354 0.923406 0.460978 0.939066 0.458194 0.943764 0.446826 0.943590 0.430586 0.941502 0.405067 0.937326 0.392075 0.930540 0.386275 0.918012 0.377923 0.912270 0.378155 0.904440 0.387667 0.898177 0.399035 0.889825 0.412723 0.878515 0.416435
0 0.930018 0.455410 0.067859 0.068207 0.896611 0.455642 0.896089 0.466546 0.899220 0.475826 0.906528 0.473970 0.904440 0.481162 0.913662 0.489514 0.929322 0.489514 0.940632 0.484410 0.951594 0.473506 0.956292 0.472810 0.963948 0.453554 0.961860 0.447754 0.955248 0.449842 0.952464 0.444274 0.953682 0.435922 0.951420 0.427571 0.945156 0.421771 0.943416 0.421307 0.943764 0.431514 0.943764 0.447290 0.939588 0.458194 0.923406 0.460746 0.916968 0.459354 0.904962 0.458890
0 0.975451 0.483482 0.045974 0.053823 0.952464 0.474202 0.952812 0.480930 0.963774 0.507610 0.971256 0.510393 0.980651 0.504594 0.986393 0.501346 0.990569 0.492994 0.998437 0.487851 0.998437 0.456570 0.992831 0.456570 0.994745 0.460050 0.991613 0.467010 0.985697 0.470026 0.978041 0.459122 0.972822 0.459122 0.965340 0.464690 0.958380 0.467938 0.956466 0.473274
0 0.968839 0.592172 0.059198 0.074007 0.955248 0.555169 0.948288 0.559345 0.942024 0.569321 0.939414 0.587416 0.939240 0.605048 0.940632 0.612008 0.947070 0.621984 0.958728 0.621752 0.964992 0.627552 0.976997 0.629176 0.986915 0.624536 0.998437 0.610004 0.998437 0.578137 0.994397 0.578137 0.992831 0.585329 0.987785 0.584401 0.984305 0.589504 0.973344 0.583937 0.970560 0.567697 0.959772 0.561897