0 0.106641 0.358646 0.072344 0.073125 0.085469 0.328750 0.073594 0.346458 0.070469 0.355208 0.071406 0.367500 0.074531 0.378333 0.083437 0.388125 0.093281 0.395208 0.107656 0.394792 0.133281 0.387708 0.140625 0.382708 0.142813 0.377083 0.142187 0.370833 0.139688 0.364792 0.121406 0.333958 0.112969 0.325833 0.108125 0.323125 0.100000 0.322083 0.094375 0.323958
0 0.065312 0.437500 0.069062 0.086667 0.058437 0.394167 0.060000 0.403542 0.064375 0.408958 0.070781 0.411458 0.084844 0.404583 0.090000 0.407083 0.099219 0.419792 0.099844 0.440417 0.090938 0.451667 0.080625 0.467708 0.070469 0.480208 0.064844 0.480833 0.060000 0.479583 0.054375 0.475625 0.045937 0.458333 0.038125 0.450417 0.033281 0.442500 0.031406 0.435000 0.030781 0.417083 0.033750 0.411042 0.042969 0.398958 0.046875 0.394583 0.053438 0.394167
0 0.021172 0.553958 0.042031 0.055833 0.000156 0.581875 0.026562 0.563958 0.030625 0.558333 0.037969 0.553333 0.042188 0.542500 0.042031 0.535000 0.035625 0.533542 0.035625 0.536667 0.030000 0.541042 0.024063 0.533125 0.012812 0.526042 0.004687 0.527083 0.000469 0.527083
0 0.222344 0.423958 0.057500 0.075833 0.210000 0.386042 0.203125 0.391458 0.201719 0.397083 0.196719 0.402917 0.195312 0.419583 0.193594 0.422083 0.193594 0.442708 0.196250 0.444583 0.196719 0.452083 0.203281 0.461875 0.209063 0.461458 0.213125 0.457083 0.215469 0.453958 0.221563 0.450208 0.220000 0.444583 0.221250 0.441875 0.224844 0.441458 0.235000 0.450625 0.238281 0.445208 0.241719 0.446458 0.247656 0.438125 0.251094 0.429583 0.249688 0.425625 0.245000 0.422708 0.239375 0.419167 0.232656 0.413333 0.230938 0.408125 0.223125 0.403958 0.219219 0.397708 0.220156 0.392083 0.211563 0.388958
0 0.219609 0.487708 0.063906 0.077500 0.202969 0.473333 0.196719 0.492917 0.193281 0.497500 0.188750 0.506875 0.187656 0.513542 0.188594 0.517708 0.193125 0.523750 0.199531 0.526042 0.240313 0.526458 0.250469 0.518333 0.251563 0.508333 0.247500 0.486875 0.244375 0.472083 0.240469 0.458125 0.235156 0.450833 0.226250 0.448958 0.217500 0.452708 0.210781 0.459583 0.205938 0.463750
0 0.311016 0.474062 0.057344 0.077708 0.282344 0.453958 0.287969 0.445625 0.295312 0.437083 0.302344 0.435208 0.311719 0.436458 0.319844 0.438333 0.328594 0.443958 0.332813 0.451458 0.337812 0.462292 0.339688 0.473333 0.337344 0.487708 0.334063 0.495625 0.329062 0.497083 0.320312 0.507292 0.313281 0.512917 0.306250 0.512917 0.298125 0.507083 0.288594 0.500208 0.286875 0.495208 0.282656 0.489583
0 0.388125 0.463438 0.058438 0.091042 0.362812 0.426667 0.370781 0.419792 0.385156 0.417917 0.401094 0.418958 0.411719 0.426250 0.417187 0.437917 0.417344 0.455833 0.413438 0.476458 0.408906 0.492708 0.402500 0.506875 0.398750 0.508958 0.392656 0.506458 0.387500 0.500000 0.376563 0.486875 0.367344 0.479375 0.359687 0.466667 0.358906 0.447500 0.360625 0.433333
0 0.447187 0.430625 0.054688 0.087083 0.419844 0.408542 0.420781 0.425000 0.425000 0.443542 0.426875 0.460417 0.428594 0.468125 0.434844 0.474167 0.440156 0.473333 0.453125 0.460625 0.473125 0.436667 0.474531 0.429583 0.474219 0.418958 0.473281 0.408958 0.466875 0.407083 0.460938 0.409583 0.457813 0.405833 0.455000 0.397292 0.447500 0.391667 0.440937 0.387500 0.434531 0.387083 0.425781 0.395000 0.424687 0.400833
0 0.406719 0.545104 0.062500 0.091042 0.395937 0.511458 0.382344 0.523750 0.378281 0.523542 0.375469 0.538542 0.381094 0.558333 0.392344 0.574792 0.404687 0.587292 0.410156 0.590625 0.416563 0.588958 0.422969 0.578958 0.428437 0.578125 0.436250 0.566875 0.437969 0.553750 0.435937 0.524167 0.432031 0.512500 0.428281 0.505833 0.422969 0.501667 0.419063 0.499792 0.413438 0.499583 0.406094 0.502708
0 0.491953 0.472812 0.060469 0.077708 0.467656 0.454375 0.467344 0.468333 0.462500 0.490417 0.461719 0.501250 0.464062 0.507708 0.469062 0.511667 0.476875 0.511667 0.480625 0.508958 0.504219 0.506042 0.518594 0.489167 0.522188 0.482083 0.522031 0.468542 0.517344 0.461042 0.512031 0.453542 0.508125 0.447083 0.503281 0.441458 0.496875 0.437083 0.485000 0.433958 0.478906 0.437083 0.474062 0.443958
0 0.551328 0.480938 0.050469 0.079375 0.533125 0.447500 0.538281 0.446042 0.541563 0.441458 0.552656 0.441250 0.560469 0.443125 0.567812 0.447708 0.574844 0.456250 0.576562 0.470208 0.574531 0.485208 0.570000 0.494583 0.570312 0.515208 0.566563 0.520417 0.558281 0.520625 0.553438 0.516250 0.552031 0.511250 0.542656 0.503333 0.537344 0.494792 0.529219 0.485833 0.529844 0.483542 0.529219 0.467083 0.526094 0.465208 0.527656 0.458750 0.530000 0.452708
0 0.596797 0.404479 0.064219 0.082708 0.565000 0.408333 0.564688 0.422917 0.572656 0.435625 0.580156 0.442083 0.591719 0.445833 0.602656 0.444583 0.605469 0.441875 0.613125 0.442083 0.622344 0.438542 0.628281 0.432083 0.628906 0.416458 0.625625 0.401042 0.619219 0.385625 0.613281 0.374375 0.605938 0.367708 0.595000 0.363125 0.589687 0.363958 0.584063 0.368125 0.575313 0.374167 0.572500 0.380208 0.565469 0.394792
0 0.605000 0.521563 0.057188 0.081875 0.586875 0.498333 0.576406 0.513750 0.576719 0.537708 0.587812 0.550208 0.604688 0.554583 0.621250 0.562500 0.628594 0.561667 0.633594 0.557083 0.633281 0.537708 0.631563 0.534583 0.628594 0.502083 0.622031 0.490833 0.616719 0.484792 0.607969 0.480625 0.601719 0.482083 0.595625 0.488958
0 0.576484 0.604896 0.054531 0.083958 0.582344 0.564792 0.577031 0.572708 0.571406 0.573125 0.563750 0.566667 0.549219 0.582708 0.549844 0.607708 0.552656 0.611250 0.553125 0.616667 0.563281 0.628958 0.573750 0.633958 0.592500 0.646875 0.599219 0.643125 0.603750 0.633125 0.603125 0.583333 0.600313 0.573333 0.597344 0.570833 0.594688 0.570417 0.592187 0.565208 0.588594 0.562917
0 0.669531 0.475833 0.050625 0.071250 0.663594 0.441458 0.667969 0.446458 0.679688 0.450833 0.682813 0.451458 0.689375 0.457708 0.691875 0.462917 0.694844 0.468750 0.693438 0.477500 0.690625 0.487708 0.677969 0.502083 0.669219 0.509375 0.662500 0.511458 0.653281 0.508542 0.650156 0.508958 0.644219 0.502917 0.644844 0.469583 0.647188 0.452292 0.653906 0.441875 0.656406 0.440208
0 0.723594 0.494583 0.052500 0.074583 0.697344 0.485000 0.705937 0.470208 0.722656 0.466667 0.735469 0.457292 0.741094 0.460833 0.748125 0.471042 0.749844 0.494792 0.747500 0.512708 0.746406 0.514583 0.745156 0.523333 0.741875 0.526667 0.734219 0.527083 0.726094 0.531875 0.719844 0.530833 0.716562 0.528958 0.700469 0.505208
0 0.723984 0.605938 0.056094 0.078542 0.704375 0.566667 0.706250 0.577292 0.722187 0.576042 0.727812 0.573333 0.727812 0.570833 0.733437 0.568958 0.746719 0.576458 0.751719 0.590625 0.752031 0.600833 0.749688 0.610208 0.737656 0.636458 0.730625 0.644792 0.719062 0.643958 0.710938 0.645208 0.703281 0.637292 0.700781 0.630833 0.695937 0.591875 0.696406 0.579375 0.700000 0.571875
0 0.821484 0.453021 0.063594 0.068125 0.791875 0.430208 0.789687 0.435833 0.795000 0.455417 0.800938 0.464792 0.813906 0.474583 0.825156 0.486875 0.837031 0.487083 0.843594 0.481458 0.847344 0.469167 0.849062 0.454583 0.852187 0.442917 0.853281 0.421250 0.848437 0.418958 0.842500 0.422083 0.836094 0.420417 0.824062 0.420000 0.815469 0.430625 0.807969 0.431250 0.805937 0.426042
0 0.879922 0.381667 0.060781 0.081250 0.851875 0.383333 0.849844 0.385208 0.849531 0.393333 0.855156 0.401042 0.864062 0.406042 0.876406 0.411667 0.881719 0.414792 0.891250 0.418542 0.904375 0.422292 0.908750 0.418125 0.910313 0.363542 0.904375 0.351042 0.896250 0.341042 0.892344 0.341667 0.884688 0.345417 0.882188 0.351042 0.867344 0.361667 0.866719 0.392292
0 0.898984 0.499792 0.067969 0.085000 0.865469 0.484792 0.890469 0.461042 0.901875 0.457292 0.920781 0.457917 0.923125 0.465208 0.930625 0.472292 0.931250 0.482500 0.932969 0.484375 0.929531 0.507917 0.924531 0.516458 0.924375 0.529375 0.918437 0.542292 0.905312 0.541667 0.866563 0.506042 0.865000 0.494167