0 0.028839 0.368570 0.057292 0.083333 0.000193 0.410237 0.020640 0.404321 0.026620 0.400463 0.048804 0.397377 0.057485 0.390432 0.057485 0.373714 0.041474 0.355710 0.035880 0.353909 0.029321 0.343107 0.024113 0.341821 0.018519 0.334362 0.004630 0.326903 0.000193 0.327932
0 0.016107 0.486240 0.032215 0.076903 0.000000 0.524177 0.005401 0.524691 0.012346 0.523920 0.019676 0.516718 0.021026 0.508230 0.025849 0.494342 0.026813 0.483796 0.032215 0.468107 0.030671 0.454475 0.009259 0.447788 0.000579 0.462191
0 0.155961 0.457948 0.060764 0.050154 0.126543 0.432870 0.125579 0.435442 0.125579 0.444702 0.131559 0.454475 0.132330 0.460905 0.141590 0.472479 0.141590 0.476595 0.152006 0.483025 0.162809 0.483025 0.166860 0.479167 0.169753 0.479938 0.169367 0.473765 0.177469 0.473251 0.178048 0.468621 0.179784 0.469136 0.186343 0.459362 0.173804 0.459877 0.166667 0.455247 0.161265 0.453704 0.155478 0.458076 0.147377 0.457047 0.146026 0.456019 0.143326 0.440844 0.136960 0.440586 0.131173 0.435185
0 0.176698 0.521476 0.058256 0.078961 0.165316 0.481996 0.157215 0.487140 0.152971 0.498457 0.150849 0.509259 0.150849 0.530864 0.148534 0.538066 0.147569 0.551183 0.153742 0.560700 0.170525 0.560957 0.173997 0.558385 0.185378 0.558385 0.198302 0.555298 0.202739 0.550926 0.205826 0.546811 0.201582 0.528807 0.197917 0.526492 0.190201 0.527006 0.185957 0.524177 0.184221 0.515432 0.183256 0.502315 0.172454 0.494599 0.167631 0.489455
0 0.260031 0.517361 0.064429 0.091821 0.232446 0.481481 0.228009 0.492798 0.227816 0.502058 0.233989 0.518261 0.244020 0.534722 0.250965 0.554784 0.257330 0.563272 0.263889 0.563014 0.270833 0.557099 0.290895 0.511574 0.292245 0.492284 0.284529 0.483025 0.274884 0.474537 0.262346 0.472737 0.246528 0.471451 0.238812 0.475309
0 0.335745 0.536265 0.061535 0.085391 0.305363 0.516204 0.304977 0.539609 0.324074 0.560700 0.329282 0.562243 0.334491 0.570473 0.344522 0.578704 0.352623 0.578961 0.357446 0.574846 0.360918 0.568673 0.364005 0.551955 0.364583 0.527521 0.366512 0.516718 0.365741 0.503858 0.362847 0.496399 0.358410 0.493570 0.359954 0.517233 0.346644 0.516204 0.337577 0.510802 0.333719 0.511831 0.328511 0.520833 0.319444 0.518519 0.314815 0.509259 0.309414 0.511831
0 0.370274 0.581147 0.057677 0.078447 0.341435 0.593364 0.362269 0.610340 0.371335 0.617027 0.380787 0.620370 0.385995 0.612654 0.396991 0.609568 0.399113 0.606224 0.398727 0.577160 0.394869 0.565586 0.388310 0.548868 0.379630 0.541924 0.368827 0.546296 0.372106 0.550926 0.371914 0.561471 0.368056 0.566101 0.361497 0.566872 0.357639 0.576389 0.353202 0.578704 0.347608 0.579475
0 0.398594 0.456875 0.063125 0.075833 0.377188 0.418958 0.372344 0.425000 0.372969 0.433750 0.367031 0.443750 0.371563 0.459167 0.378594 0.471875 0.383281 0.488333 0.387344 0.492500 0.395469 0.494792 0.402031 0.491667 0.411562 0.479375 0.423906 0.471458 0.430156 0.454583 0.428594 0.451250 0.422187 0.449375 0.421563 0.460625 0.417969 0.462500 0.411719 0.463958 0.406094 0.450417 0.404687 0.436875 0.399688 0.439167 0.391250 0.431250 0.389219 0.423750
0 0.449219 0.503750 0.057188 0.077917 0.436094 0.464792 0.429844 0.469792 0.428281 0.475833 0.425938 0.478333 0.424531 0.510625 0.420625 0.517708 0.421406 0.535417 0.424375 0.541458 0.440000 0.542708 0.443438 0.537500 0.457500 0.537500 0.467344 0.531458 0.475156 0.524583 0.477813 0.515417 0.469531 0.505000 0.460781 0.498542 0.459375 0.485417 0.454844 0.481250 0.443906 0.477500 0.436562 0.468125
0 0.514453 0.505417 0.052656 0.079167 0.499688 0.470000 0.502031 0.476875 0.509531 0.484583 0.518437 0.470833 0.517656 0.466667 0.535469 0.465833 0.539687 0.477708 0.540781 0.490417 0.540781 0.500208 0.532813 0.523750 0.533438 0.532083 0.533125 0.540625 0.530312 0.544375 0.524375 0.545000 0.517969 0.543958 0.514531 0.538958 0.495156 0.516458 0.490937 0.507917 0.488906 0.497708 0.488125 0.482708 0.492188 0.475208
0 0.539766 0.613229 0.052031 0.059375 0.524687 0.584583 0.525312 0.594167 0.533750 0.601250 0.542500 0.599583 0.544687 0.583542 0.553125 0.586250 0.564844 0.586875 0.565781 0.607708 0.563438 0.636458 0.559844 0.641042 0.555312 0.642917 0.550000 0.642708 0.545156 0.637917 0.538438 0.631875 0.517031 0.617083 0.514062 0.611458 0.513750 0.602500 0.514687 0.592500 0.518281 0.588750
0 0.568437 0.542500 0.055000 0.087083 0.541250 0.542917 0.550312 0.531250 0.566719 0.530208 0.569375 0.506875 0.577031 0.498958 0.584688 0.506250 0.594219 0.522083 0.595938 0.581458 0.588750 0.586042 0.580313 0.583333 0.567969 0.574792 0.561562 0.575625 0.551094 0.569167 0.541875 0.558333 0.540937 0.554167
0 0.564531 0.438125 0.070625 0.092917 0.546406 0.473750 0.585469 0.484583 0.593281 0.483333 0.597187 0.477500 0.599844 0.469583 0.596719 0.440833 0.594375 0.424583 0.589687 0.411458 0.586094 0.405625 0.582344 0.403333 0.581719 0.397708 0.578437 0.393333 0.568281 0.391667 0.562656 0.393958 0.553594 0.398958 0.547500 0.404375 0.539844 0.413958 0.532031 0.426667 0.529219 0.437917 0.529687 0.450833 0.532969 0.460000 0.539687 0.468333
0 0.646797 0.462604 0.052031 0.081042 0.648125 0.422083 0.640781 0.422083 0.631719 0.425833 0.627812 0.433333 0.623594 0.452083 0.620781 0.466458 0.622031 0.485417 0.628750 0.491875 0.629844 0.498333 0.636406 0.503125 0.648438 0.502708 0.661719 0.491458 0.672813 0.480208 0.663281 0.457708 0.660781 0.462292 0.655625 0.468333 0.644375 0.468542 0.641094 0.467083 0.641563 0.456458 0.645781 0.442292 0.647344 0.440833 0.650156 0.440833 0.647188 0.424583
0 0.704063 0.493750 0.056250 0.066667 0.675938 0.482917 0.677344 0.506458 0.692031 0.525417 0.706094 0.527083 0.713906 0.520417 0.719062 0.520833 0.728594 0.501458 0.730781 0.490417 0.732187 0.478750 0.731406 0.466458 0.728281 0.460417 0.719531 0.470208 0.705156 0.477292 0.695312 0.488958 0.687188 0.483333 0.688906 0.473958 0.685469 0.473958
0 0.684219 0.624896 0.051562 0.065625 0.661094 0.592083 0.659687 0.593542 0.658438 0.600833 0.658750 0.621875 0.665312 0.642500 0.679688 0.657708 0.693438 0.655625 0.699375 0.645208 0.708125 0.637292 0.710000 0.624583 0.708281 0.618542 0.706875 0.620208 0.701250 0.620833 0.693125 0.608750 0.687500 0.609583 0.682188 0.616458 0.674219 0.617083 0.669687 0.618333 0.664062 0.616250 0.663594 0.611042 0.666406 0.601667 0.668125 0.599375 0.668438 0.594167 0.665000 0.593333
0 0.819453 0.490104 0.067656 0.046458 0.785625 0.469375 0.786250 0.490833 0.821875 0.513333 0.833906 0.506875 0.847969 0.490000 0.852031 0.480208 0.853281 0.469375 0.847656 0.469375 0.846406 0.484167 0.838750 0.485625 0.824375 0.472083 0.819531 0.472083 0.806094 0.485833 0.799375 0.483958 0.796563 0.466875
0 0.885781 0.561979 0.070000 0.073958 0.851719 0.546667 0.869375 0.537708 0.875781 0.536458 0.887656 0.541458 0.898906 0.530833 0.903750 0.525208 0.916563 0.525000 0.920781 0.539583 0.917188 0.556458 0.901719 0.577917 0.901719 0.584583 0.888906 0.598542 0.884531 0.598958 0.875000 0.589375 0.867656 0.575833 0.856719 0.561667 0.850781 0.552708
0 0.904297 0.414479 0.076094 0.081042 0.938906 0.373958 0.942344 0.403542 0.939375 0.406875 0.939531 0.411458 0.934062 0.416042 0.934062 0.422708 0.931250 0.426458 0.930781 0.432083 0.927812 0.432708 0.925625 0.448333 0.917188 0.455000 0.909531 0.454167 0.904531 0.448125 0.897500 0.447083 0.887656 0.435417 0.881406 0.431250 0.871094 0.418542 0.866250 0.407708 0.866250 0.403125 0.870000 0.401458 0.880625 0.426458 0.885469 0.424583 0.889844 0.405833 0.907656 0.405208 0.913594 0.399375 0.914687 0.385208 0.925156 0.382500