0 0.032266 0.332187 0.064531 0.069375 0.000000 0.312917 0.010625 0.301250 0.027187 0.297500 0.035937 0.304792 0.042344 0.309583 0.050469 0.320417 0.057813 0.330417 0.062969 0.340417 0.064531 0.350833 0.061250 0.356042 0.054688 0.358333 0.037812 0.366042 0.021875 0.366875 0.019062 0.365000 0.010000 0.364583 0.005781 0.361250 0.000156 0.354583
0 0.016484 0.426458 0.032656 0.074167 0.026875 0.399167 0.032813 0.408958 0.031875 0.417917 0.011875 0.458125 0.005781 0.463542 0.000156 0.461875 0.000313 0.398542 0.008594 0.389375 0.014219 0.391667
0 0.128906 0.400938 0.056562 0.059792 0.104375 0.373542 0.100625 0.379167 0.102031 0.391042 0.103906 0.399583 0.107187 0.402292 0.113281 0.424167 0.116719 0.429375 0.121250 0.430833 0.125469 0.426042 0.130469 0.425833 0.125156 0.419167 0.123594 0.412292 0.127344 0.415417 0.135313 0.421042 0.141875 0.423958 0.151875 0.411667 0.157187 0.404792 0.156562 0.398542 0.152031 0.393542 0.148750 0.391667 0.145313 0.397500 0.140781 0.398542 0.132031 0.396250 0.129219 0.387292 0.126875 0.385417 0.120000 0.387708 0.114062 0.388333 0.109844 0.383125 0.108750 0.375625 0.109062 0.372292 0.107344 0.371042
0 0.134531 0.462813 0.057813 0.073542 0.130156 0.426042 0.125937 0.426042 0.121094 0.431250 0.117031 0.436875 0.115781 0.442917 0.112656 0.445208 0.109844 0.462083 0.109844 0.473333 0.105625 0.479375 0.105781 0.488750 0.109062 0.496458 0.115312 0.499167 0.125156 0.499583 0.136406 0.496250 0.151250 0.496875 0.159688 0.488958 0.163437 0.485625 0.163437 0.478125 0.161406 0.475625 0.155938 0.482708 0.152031 0.481458 0.149844 0.463542 0.146719 0.457500 0.142813 0.455625 0.135156 0.448125 0.133750 0.442500 0.133906 0.435000 0.136250 0.433125
0 0.203203 0.449792 0.057656 0.082083 0.181250 0.419792 0.174375 0.429792 0.176094 0.445833 0.177969 0.454792 0.182812 0.462917 0.181875 0.470208 0.189219 0.487083 0.196563 0.490833 0.201875 0.489375 0.208906 0.483750 0.214062 0.483750 0.217656 0.480208 0.225156 0.470417 0.224375 0.467917 0.232031 0.458125 0.225781 0.449792 0.222344 0.441667 0.221563 0.432292 0.224375 0.421667 0.221250 0.423958 0.215000 0.425208 0.210312 0.425417 0.209687 0.422500 0.210625 0.417292 0.212656 0.412708 0.204687 0.412292 0.200937 0.408750 0.195312 0.409167 0.191094 0.411042 0.186719 0.413125
0 0.253828 0.450729 0.065469 0.085625 0.226562 0.416250 0.224062 0.422292 0.221094 0.434167 0.222500 0.443542 0.226719 0.451458 0.232813 0.459167 0.243281 0.469792 0.249219 0.478125 0.254844 0.487083 0.261875 0.492708 0.268594 0.493542 0.273594 0.489583 0.278125 0.480208 0.281250 0.462917 0.286562 0.438542 0.285938 0.420625 0.282813 0.412292 0.279219 0.408542 0.272813 0.407917 0.267344 0.411667 0.259219 0.410833 0.250469 0.408542 0.247187 0.407917 0.244531 0.409792 0.238125 0.412083 0.232813 0.412500 0.229531 0.414167
0 0.289922 0.515417 0.058594 0.087500 0.261563 0.499792 0.260625 0.507292 0.260625 0.515625 0.262656 0.522292 0.271094 0.533542 0.287812 0.554167 0.294844 0.559167 0.303437 0.557500 0.308438 0.549167 0.314688 0.544375 0.317812 0.533542 0.319219 0.520417 0.317812 0.500417 0.311875 0.486250 0.306094 0.477292 0.297812 0.471667 0.280469 0.486042 0.276719 0.484792 0.274219 0.488958 0.268125 0.495000
0 0.325859 0.395208 0.061719 0.087917 0.307969 0.353125 0.297812 0.362292 0.297812 0.367917 0.295000 0.374167 0.295000 0.382292 0.304375 0.406667 0.310000 0.422292 0.315000 0.434583 0.323750 0.439167 0.330469 0.433750 0.348750 0.407083 0.354375 0.392500 0.350938 0.380833 0.356719 0.385833 0.355781 0.376042 0.352656 0.373333 0.347344 0.377917 0.335781 0.372292 0.333750 0.380625 0.327656 0.382083 0.325625 0.377917 0.324531 0.365417 0.320312 0.361042 0.315000 0.354375 0.312188 0.351250
0 0.371719 0.439375 0.059687 0.078750 0.360156 0.400000 0.354844 0.401042 0.354219 0.406042 0.347187 0.416250 0.346719 0.436042 0.342969 0.454792 0.341875 0.466875 0.343281 0.475000 0.348125 0.478750 0.357969 0.478750 0.365313 0.474167 0.379531 0.470417 0.386406 0.467917 0.393906 0.461458 0.399844 0.451667 0.401562 0.444583 0.401562 0.435625 0.397969 0.440417 0.393281 0.440833 0.388281 0.436667 0.382031 0.425625 0.372812 0.417292 0.370781 0.410417 0.366875 0.406042
0 0.434297 0.442917 0.057656 0.085000 0.420000 0.407500 0.410156 0.408958 0.405469 0.420417 0.406250 0.437917 0.410625 0.450208 0.422344 0.465417 0.427500 0.476250 0.430781 0.476667 0.439219 0.485417 0.448594 0.484375 0.449688 0.476875 0.446719 0.474167 0.452344 0.469792 0.455312 0.457708 0.456406 0.447917 0.460313 0.439792 0.463125 0.431458 0.460781 0.420625 0.457969 0.415000 0.453281 0.407500 0.447031 0.403333 0.438281 0.400417 0.428750 0.403125
0 0.464219 0.566771 0.054062 0.080208 0.459687 0.535625 0.459375 0.541250 0.450156 0.544167 0.446719 0.539583 0.442656 0.537708 0.437188 0.547500 0.437188 0.572708 0.451562 0.587292 0.461406 0.593750 0.473281 0.606458 0.479531 0.606875 0.485000 0.605417 0.488438 0.598125 0.491250 0.578750 0.490937 0.550417 0.490313 0.533958 0.487031 0.529792 0.481875 0.526667 0.481406 0.532917 0.463906 0.530208
0 0.486016 0.485938 0.057031 0.086458 0.461094 0.463750 0.457500 0.472083 0.457500 0.493750 0.460938 0.504792 0.466563 0.511458 0.475781 0.515208 0.486250 0.518958 0.500000 0.528750 0.506719 0.529167 0.514062 0.523333 0.514531 0.509792 0.513125 0.504167 0.513125 0.465208 0.505781 0.451042 0.499688 0.446250 0.494062 0.442708 0.487500 0.442708 0.481094 0.444375 0.467344 0.461875
0 0.469609 0.362188 0.066406 0.087292 0.457500 0.321458 0.444844 0.334375 0.439687 0.342083 0.436406 0.353542 0.437031 0.370000 0.437344 0.378542 0.451875 0.398125 0.455469 0.400625 0.466563 0.402292 0.471094 0.405208 0.475469 0.405833 0.479375 0.403958 0.487969 0.405417 0.496875 0.402500 0.502031 0.392292 0.502812 0.385208 0.502500 0.360417 0.500469 0.347292 0.497344 0.338333 0.492344 0.330417 0.487812 0.324792 0.481875 0.320000 0.473438 0.318542 0.467031 0.318958
0 0.571719 0.426771 0.048125 0.068542 0.549531 0.392500 0.547656 0.403750 0.547969 0.423958 0.548438 0.445000 0.553906 0.452917 0.556406 0.459167 0.563125 0.461042 0.570781 0.456875 0.579219 0.447917 0.590625 0.436250 0.595781 0.429167 0.590938 0.422292 0.590938 0.413750 0.586406 0.420208 0.584375 0.419375 0.576562 0.396875 0.575469 0.401875 0.567031 0.402917 0.557969 0.401042 0.553438 0.398750
0 0.609922 0.581458 0.055469 0.073333 0.607031 0.544792 0.600781 0.551667 0.582188 0.556042 0.583906 0.574792 0.587656 0.584167 0.587187 0.590625 0.591250 0.605417 0.598594 0.611250 0.606406 0.618125 0.612031 0.616458 0.618125 0.608333 0.635938 0.577083 0.637656 0.570000 0.637344 0.553125 0.632812 0.547917 0.630312 0.547917 0.622969 0.555833 0.618437 0.553542
0 0.732031 0.404062 0.065938 0.078125 0.726406 0.374792 0.706094 0.391667 0.705937 0.376250 0.699062 0.382708 0.699688 0.413125 0.708437 0.421042 0.723594 0.430208 0.732031 0.437917 0.742500 0.443125 0.753437 0.441875 0.758750 0.432083 0.761875 0.417917 0.764687 0.390833 0.765000 0.373958 0.764062 0.369167 0.760156 0.365000 0.750938 0.368750 0.749844 0.383542 0.740469 0.382708
0 0.818594 0.313750 0.063750 0.103750 0.789062 0.297500 0.805625 0.282083 0.815938 0.273333 0.827031 0.265833 0.828281 0.262917 0.833125 0.261875 0.841250 0.266250 0.845000 0.277292 0.850000 0.291875 0.850469 0.304167 0.846562 0.316042 0.844375 0.328958 0.844375 0.353750 0.839219 0.365000 0.832812 0.365625 0.822656 0.363750 0.818125 0.358542 0.814063 0.356667 0.810625 0.352083 0.787813 0.339375 0.787031 0.314583 0.786719 0.302292
0 0.811016 0.470104 0.075781 0.105625 0.804063 0.427292 0.798438 0.428542 0.773125 0.448333 0.773438 0.459375 0.774375 0.469792 0.777813 0.478542 0.782813 0.482292 0.791250 0.492708 0.798750 0.500417 0.805937 0.514792 0.812969 0.522292 0.821875 0.522917 0.828125 0.516667 0.834844 0.506458 0.835313 0.493333 0.839375 0.483542 0.845781 0.475833 0.847188 0.461875 0.848906 0.445417 0.847188 0.434167 0.840625 0.421458 0.833125 0.419167 0.822344 0.417292 0.812813 0.423958 0.807500 0.423333
0 0.627969 0.441146 0.059063 0.084375 0.598437 0.434375 0.599375 0.421042 0.612500 0.421458 0.643437 0.398958 0.648594 0.400625 0.654687 0.413750 0.657500 0.434375 0.655469 0.466458 0.647656 0.476250 0.639219 0.475833 0.632969 0.483125 0.623750 0.483333 0.615000 0.475833 0.600938 0.453333