0 0.039722 0.411191 0.076006 0.092147 0.017829 0.370994 0.001719 0.390625 0.005208 0.405182 0.005809 0.412393 0.012420 0.422810 0.013221 0.428686 0.019631 0.448451 0.025841 0.455128 0.034455 0.457265 0.042668 0.454861 0.047075 0.450053 0.052484 0.451122 0.069511 0.437233 0.068309 0.433761 0.077724 0.422276 0.073718 0.419338 0.069712 0.412126 0.067508 0.403045 0.065304 0.392361 0.068309 0.382746 0.049079 0.384348 0.047676 0.382746 0.046675 0.378472 0.052083 0.373130 0.050881 0.370726 0.043069 0.369391 0.035457 0.366453 0.028646 0.365118
0 0.104968 0.414530 0.078926 0.095620 0.071514 0.372329 0.067708 0.383547 0.065505 0.392361 0.067708 0.402778 0.069511 0.413194 0.074119 0.419071 0.092548 0.436165 0.096755 0.444979 0.107171 0.454594 0.115785 0.462340 0.121394 0.461271 0.129006 0.454861 0.136418 0.438034 0.142829 0.410791 0.144431 0.395833 0.143630 0.382746 0.138622 0.371795 0.132011 0.368857 0.127003 0.367521 0.121995 0.372863 0.107171 0.372329 0.098558 0.366720 0.089543 0.369391 0.080529 0.370459
0 0.147035 0.487313 0.069712 0.092682 0.135016 0.451923 0.112981 0.469284 0.112179 0.483173 0.115184 0.492521 0.119792 0.500534 0.143029 0.526175 0.152244 0.533654 0.162059 0.533654 0.166667 0.529915 0.168670 0.523237 0.176082 0.519765 0.179087 0.516026 0.180889 0.506410 0.181891 0.487179 0.178886 0.470353 0.175280 0.457799 0.169872 0.449519 0.154848 0.440972
0 0.190104 0.356170 0.071314 0.093750 0.187700 0.323718 0.180088 0.317308 0.174279 0.309295 0.168069 0.309829 0.161058 0.316506 0.156250 0.327190 0.154447 0.333333 0.155248 0.339744 0.159655 0.355502 0.164463 0.368857 0.167869 0.373397 0.173478 0.390491 0.178285 0.398771 0.184495 0.403045 0.191306 0.401976 0.199119 0.395833 0.206130 0.385684 0.215144 0.372596 0.223758 0.358440 0.218594 0.346042 0.225761 0.347222 0.222756 0.339209 0.219752 0.336806 0.215545 0.339744 0.202123 0.333333 0.197716 0.346421 0.189704 0.342415
0 0.242087 0.407452 0.067909 0.085737 0.230168 0.364583 0.224359 0.366186 0.217147 0.380075 0.214343 0.387821 0.213141 0.397436 0.213341 0.408921 0.210737 0.416667 0.208934 0.426282 0.208133 0.436699 0.211538 0.445246 0.218349 0.450321 0.228766 0.450053 0.234575 0.443376 0.247596 0.441506 0.261218 0.438034 0.271635 0.424679 0.275641 0.413462 0.276042 0.406250 0.264423 0.410256 0.253005 0.395299 0.252804 0.391026 0.240986 0.382746 0.239183 0.373665
0 0.310597 0.413462 0.059095 0.086538 0.307292 0.370726 0.299679 0.375801 0.287861 0.375000 0.284255 0.376603 0.282452 0.385417 0.281050 0.390224 0.281050 0.401709 0.283253 0.411859 0.287260 0.420940 0.296074 0.434295 0.301683 0.441506 0.317708 0.456731 0.325521 0.456731 0.327123 0.450588 0.324920 0.447650 0.325721 0.445246 0.330929 0.441506 0.334335 0.423077 0.337740 0.415064 0.338141 0.411058 0.340144 0.403045 0.340144 0.394765 0.338341 0.386218 0.333333 0.378472 0.324319 0.373130 0.315705 0.370192
0 0.348458 0.329594 0.069111 0.089744 0.344752 0.284722 0.337540 0.286859 0.327123 0.293269 0.322516 0.302885 0.319511 0.305288 0.315905 0.312767 0.313902 0.324252 0.313902 0.336538 0.315705 0.346154 0.322115 0.352831 0.330929 0.366186 0.346755 0.373665 0.361378 0.374466 0.377204 0.370994 0.383013 0.355769 0.382011 0.324519 0.379808 0.314370 0.375200 0.302885 0.368590 0.291934 0.357772 0.286592
0 0.365084 0.457532 0.059095 0.087607 0.359976 0.416132 0.337540 0.440705 0.336138 0.451923 0.335537 0.468216 0.340946 0.479701 0.355769 0.488782 0.383814 0.501335 0.392829 0.499733 0.394631 0.490118 0.393429 0.475160 0.392829 0.439637 0.385617 0.421474 0.372196 0.413729
0 0.342248 0.543269 0.059095 0.081197 0.319311 0.511218 0.329728 0.517628 0.338141 0.513622 0.338341 0.506944 0.343149 0.503205 0.362179 0.505609 0.362580 0.502671 0.366587 0.504808 0.370192 0.512019 0.371795 0.525641 0.371194 0.553686 0.368189 0.573451 0.363982 0.581731 0.358173 0.583868 0.353766 0.581998 0.339343 0.568910 0.314103 0.547543 0.312700 0.536325 0.312901 0.529113
0 0.452925 0.400507 0.047276 0.069712 0.431490 0.365652 0.429688 0.377404 0.429287 0.394498 0.430489 0.422543 0.434696 0.427083 0.439103 0.432692 0.446715 0.435363 0.453926 0.430021 0.461739 0.420139 0.474359 0.410791 0.476562 0.405449 0.473558 0.394498 0.472556 0.387821 0.468550 0.392628 0.464944 0.387286 0.460938 0.380075 0.458534 0.369658 0.455529 0.376870 0.447316 0.376603 0.438301 0.373397
0 0.490785 0.554354 0.054487 0.073451 0.488181 0.517628 0.477163 0.526442 0.463542 0.526709 0.465345 0.546474 0.471755 0.580128 0.488181 0.591079 0.494992 0.588141 0.502604 0.574252 0.517027 0.548344 0.518029 0.535256 0.516827 0.528045 0.513421 0.521368 0.509816 0.522436 0.506410 0.528579 0.495593 0.528579
0 0.607372 0.384215 0.060497 0.072917 0.597356 0.356838 0.586538 0.368857 0.582532 0.366186 0.583333 0.358173 0.577123 0.361645 0.577925 0.392895 0.596354 0.407051 0.600561 0.407318 0.609976 0.416934 0.618990 0.420673 0.625601 0.418803 0.631210 0.411058 0.635817 0.385150 0.637620 0.359776 0.635817 0.350160 0.631611 0.347756 0.625469 0.351250 0.625156 0.360625 0.616875 0.362917 0.609219 0.358333 0.602812 0.355625
0 0.685296 0.303552 0.055689 0.095353 0.660857 0.281784 0.682091 0.263622 0.694311 0.255876 0.698718 0.255876 0.705128 0.258280 0.713141 0.284455 0.708734 0.309295 0.707732 0.337073 0.702324 0.351229 0.694712 0.350694 0.687500 0.347756 0.672075 0.333333 0.665465 0.330395 0.657452 0.320780 0.657452 0.286592
0 0.677384 0.449119 0.064704 0.096955 0.645032 0.427083 0.645232 0.446314 0.650040 0.454060 0.678886 0.496795 0.686298 0.497596 0.694111 0.488515 0.697917 0.482372 0.697917 0.469818 0.706931 0.450053 0.709736 0.436165 0.708133 0.415865 0.704327 0.409188 0.702524 0.401175 0.692508 0.400641 0.684896 0.400641 0.675881 0.404647 0.663662 0.412660
0 0.507969 0.417500 0.055938 0.082500 0.480000 0.408958 0.482500 0.393125 0.494219 0.396875 0.525312 0.376250 0.530781 0.378125 0.535937 0.393750 0.535469 0.441042 0.528906 0.452083 0.520781 0.453750 0.513437 0.457292 0.502812 0.458750 0.494688 0.450208 0.482031 0.427500