0 0.359922 0.311875 0.070469 0.084167 0.340469 0.277083 0.345938 0.270833 0.352344 0.269792 0.358594 0.271042 0.367188 0.275833 0.372656 0.286458 0.380625 0.303958 0.392031 0.321667 0.395156 0.334792 0.393906 0.341875 0.385781 0.347917 0.376719 0.347708 0.372188 0.349792 0.364687 0.350833 0.360156 0.353125 0.344219 0.353958 0.337969 0.347083 0.333750 0.338750 0.335469 0.330208 0.330313 0.316250 0.324688 0.309583 0.324688 0.302708 0.331719 0.287500
0 0.325938 0.398958 0.071250 0.103333 0.312812 0.347500 0.329219 0.347292 0.338750 0.364375 0.352187 0.361042 0.361563 0.371667 0.360938 0.400833 0.351406 0.416667 0.347187 0.431667 0.342813 0.442083 0.332813 0.450625 0.326094 0.449583 0.319844 0.443958 0.309219 0.428125 0.297344 0.413958 0.291250 0.403750 0.290313 0.385000 0.290313 0.373750 0.296875 0.363958 0.305312 0.355000
0 0.267500 0.518750 0.071875 0.104583 0.255000 0.466458 0.266250 0.476250 0.266250 0.480000 0.263906 0.483750 0.266406 0.494583 0.275781 0.500625 0.285312 0.500208 0.287656 0.498333 0.295000 0.503958 0.303437 0.510000 0.303281 0.519375 0.299687 0.531042 0.289844 0.543333 0.275469 0.552708 0.263594 0.562500 0.251250 0.570833 0.242813 0.571042 0.236406 0.565000 0.234219 0.557083 0.232656 0.535833 0.231719 0.515208 0.231562 0.485833 0.235000 0.482500 0.239531 0.475417 0.247031 0.468958
0 0.496328 0.389062 0.067969 0.093958 0.462969 0.407083 0.471719 0.419375 0.471719 0.427083 0.475156 0.433750 0.480781 0.436042 0.490000 0.433750 0.491406 0.428333 0.499375 0.420208 0.504375 0.417500 0.503437 0.411875 0.505469 0.408125 0.514844 0.407500 0.519844 0.411250 0.521563 0.402708 0.524375 0.396875 0.528281 0.392500 0.530312 0.384583 0.524219 0.377083 0.520312 0.373958 0.519062 0.366667 0.512969 0.359375 0.510469 0.354167 0.499062 0.343333 0.488281 0.342083 0.482656 0.346667 0.476250 0.357292 0.470000 0.367083 0.464687 0.382292 0.462344 0.392500
0 0.511094 0.461250 0.070312 0.089583 0.489375 0.434792 0.482031 0.455208 0.478125 0.473125 0.475938 0.481458 0.475938 0.498542 0.483594 0.504583 0.496406 0.506042 0.521406 0.506042 0.531406 0.503958 0.540000 0.497083 0.545469 0.489167 0.546250 0.478958 0.546250 0.463333 0.545625 0.451667 0.542031 0.440417 0.537813 0.431458 0.533594 0.425417 0.526563 0.419375 0.519531 0.417500 0.509062 0.416458 0.504531 0.419167 0.499219 0.422917 0.494219 0.428125
0 0.607969 0.446979 0.064688 0.088125 0.575625 0.446875 0.578437 0.432083 0.582812 0.419792 0.589063 0.412292 0.596719 0.405208 0.605000 0.402917 0.612656 0.403333 0.618594 0.405625 0.625938 0.408958 0.631563 0.415000 0.636094 0.424375 0.639687 0.438958 0.640313 0.454375 0.636562 0.472083 0.632031 0.482083 0.620781 0.490208 0.607031 0.491042 0.596875 0.486875 0.589531 0.481667 0.581094 0.472292 0.576094 0.461042
0 0.729297 0.529583 0.073906 0.095833 0.692344 0.521042 0.693438 0.513958 0.697187 0.509792 0.703125 0.509375 0.705781 0.503750 0.712969 0.497083 0.715156 0.501250 0.730156 0.498958 0.734063 0.494375 0.733906 0.491458 0.736875 0.487292 0.736875 0.485000 0.741875 0.483333 0.744219 0.481667 0.752812 0.483125 0.761562 0.497083 0.762344 0.509583 0.766094 0.523750 0.766250 0.548542 0.758750 0.563125 0.751406 0.565833 0.745781 0.572708 0.743281 0.576458 0.736250 0.577500 0.730156 0.577500 0.724062 0.571042 0.715156 0.566458 0.712344 0.559375 0.706719 0.555000 0.701875 0.546458 0.698906 0.541875 0.693750 0.533542
0 0.719219 0.433646 0.072813 0.098958 0.699375 0.387708 0.709531 0.385208 0.728906 0.384167 0.748437 0.387083 0.754531 0.396458 0.755625 0.417500 0.753906 0.434375 0.754063 0.446458 0.750000 0.469583 0.744688 0.480833 0.739062 0.483125 0.733125 0.483125 0.727031 0.478542 0.721094 0.470625 0.716562 0.469583 0.707812 0.462708 0.702500 0.461667 0.693750 0.454167 0.687812 0.441458 0.683906 0.431667 0.682813 0.417083 0.685625 0.406875 0.691563 0.397917
0 0.754063 0.397187 0.063750 0.091458 0.722187 0.375000 0.725313 0.367083 0.732031 0.360000 0.737969 0.355208 0.748125 0.351458 0.757344 0.355208 0.768906 0.361458 0.774219 0.368333 0.784062 0.379583 0.785469 0.387083 0.785937 0.404792 0.780625 0.415208 0.774219 0.420208 0.766875 0.430208 0.754531 0.442917 0.753906 0.435000 0.755469 0.417917 0.754844 0.397708 0.748594 0.386667 0.729688 0.382917 0.750625 0.383333 0.753594 0.380208 0.734219 0.377708
0 0.807205 0.450810 0.067187 0.085417 0.776215 0.427778 0.773611 0.437037 0.773958 0.459954 0.775868 0.481250 0.780903 0.492130 0.794271 0.493519 0.804167 0.489815 0.825000 0.484028 0.839931 0.466898 0.840799 0.446991 0.835764 0.427315 0.825521 0.415278 0.813542 0.410648 0.802083 0.408102 0.793229 0.408102 0.783854 0.419907
0 0.867708 0.460532 0.057639 0.086343 0.845486 0.424769 0.855556 0.418981 0.868403 0.417361 0.878125 0.418981 0.885590 0.424074 0.893750 0.434491 0.896528 0.448380 0.895139 0.459028 0.895139 0.472454 0.894271 0.483796 0.893403 0.496991 0.892014 0.500463 0.888021 0.503704 0.882465 0.502778 0.874479 0.499769 0.864236 0.493519 0.857639 0.490278 0.848958 0.482407 0.840104 0.474074 0.838889 0.469444 0.839931 0.466435 0.841146 0.460185 0.847396 0.452778 0.847049 0.446991 0.844792 0.440278 0.852431 0.442130 0.863368 0.443750 0.862326 0.438657 0.855208 0.433102 0.850521 0.429861 0.843229 0.426852
0 0.892969 0.600463 0.076215 0.087500 0.861458 0.575926 0.856076 0.586111 0.854861 0.598611 0.861111 0.610648 0.871181 0.621065 0.889583 0.630324 0.920833 0.644213 0.927083 0.640972 0.931076 0.629630 0.929514 0.610185 0.926042 0.601852 0.926736 0.573843 0.922396 0.563889 0.915104 0.558102 0.913368 0.560185 0.905208 0.558102 0.896354 0.556713 0.888021 0.557639 0.879167 0.561574 0.871528 0.569213
0 0.929601 0.505903 0.077604 0.087731 0.917708 0.478704 0.935764 0.462037 0.942014 0.463889 0.951562 0.471296 0.958333 0.483796 0.962674 0.500926 0.964583 0.520139 0.968403 0.522454 0.968229 0.540741 0.962326 0.547685 0.956424 0.548843 0.949826 0.549769 0.942014 0.547454 0.929514 0.541204 0.917014 0.540741 0.907292 0.538889 0.901042 0.534954 0.893924 0.526157 0.891146 0.522454 0.890799 0.512963 0.894271 0.505787
0 0.921788 0.376620 0.084549 0.087963 0.889583 0.359259 0.895833 0.348148 0.902083 0.340046 0.910937 0.333102 0.916146 0.332639 0.932465 0.334028 0.939063 0.340741 0.946181 0.352778 0.953646 0.368519 0.961806 0.387269 0.964063 0.396065 0.963021 0.404398 0.956424 0.413194 0.944271 0.416435 0.931771 0.415972 0.921354 0.418981 0.909549 0.420602 0.898611 0.419213 0.890451 0.417593 0.884201 0.409259 0.880729 0.400463 0.879514 0.392130 0.881250 0.380556 0.885417 0.370139
0 0.964757 0.459028 0.067361 0.083796 0.931250 0.448380 0.939931 0.427083 0.949306 0.421991 0.959375 0.417130 0.978993 0.423380 0.992708 0.432639 0.998437 0.441061 0.998437 0.466435 0.990799 0.481250 0.977951 0.494213 0.963021 0.500926 0.958333 0.482407 0.952083 0.471296 0.942014 0.463657 0.935417 0.462037 0.942014 0.459954 0.939583 0.456250 0.931076 0.457639