0 0.137109 0.372292 0.074219 0.070833 0.125312 0.336875 0.115469 0.343333 0.100781 0.368750 0.100000 0.391667 0.107500 0.401042 0.111875 0.400833 0.113750 0.405833 0.128281 0.407708 0.142969 0.406875 0.150938 0.401667 0.170000 0.397917 0.173906 0.391250 0.174219 0.381458 0.145469 0.339792
0 0.108984 0.471875 0.065781 0.085833 0.099219 0.428958 0.101406 0.439583 0.104219 0.446250 0.111406 0.448125 0.120313 0.442708 0.122812 0.433958 0.132344 0.438333 0.139063 0.443333 0.141875 0.453333 0.141562 0.466458 0.135313 0.477083 0.130156 0.502083 0.118750 0.514792 0.111406 0.514583 0.106094 0.507708 0.079687 0.473125 0.076563 0.463750 0.076094 0.448333 0.080312 0.439167 0.085156 0.435625 0.085000 0.431667 0.089219 0.428958
0 0.066172 0.579792 0.063594 0.070417 0.053594 0.552708 0.041719 0.544583 0.041094 0.551042 0.034375 0.556458 0.041094 0.584583 0.052812 0.613333 0.059375 0.615000 0.069375 0.613958 0.088438 0.595833 0.097812 0.586875 0.097969 0.578958 0.094844 0.580208 0.078594 0.568542 0.075781 0.568542 0.072969 0.574583 0.052656 0.575417 0.051406 0.570833 0.051875 0.558750 0.053906 0.558333 0.055625 0.554583
0 0.260781 0.438958 0.056562 0.077500 0.243594 0.400208 0.239531 0.404167 0.234219 0.417292 0.232500 0.437708 0.232813 0.453333 0.239844 0.463333 0.240781 0.468333 0.249688 0.477708 0.256406 0.473958 0.263594 0.467083 0.266875 0.464583 0.262344 0.462708 0.262969 0.460833 0.268906 0.460000 0.275625 0.461875 0.283281 0.454375 0.289062 0.445000 0.287344 0.435208 0.275781 0.437083 0.272187 0.428125 0.267969 0.429583 0.260313 0.424375 0.256250 0.418542 0.258437 0.411250 0.252812 0.412083 0.249688 0.408958
0 0.270234 0.505104 0.062031 0.082708 0.267188 0.463750 0.263281 0.467292 0.256094 0.473958 0.251719 0.481458 0.239219 0.532500 0.242188 0.541458 0.248125 0.546250 0.257656 0.546458 0.291094 0.541042 0.299687 0.533958 0.301250 0.526042 0.299219 0.511458 0.295781 0.499375 0.289844 0.486667 0.284219 0.476458 0.275781 0.465625
0 0.354922 0.490937 0.057031 0.081458 0.341406 0.450208 0.327656 0.462708 0.326406 0.496458 0.331250 0.508750 0.350781 0.529375 0.357500 0.531667 0.363906 0.527083 0.370938 0.517917 0.378906 0.498958 0.383437 0.488958 0.383281 0.474375 0.378750 0.465000 0.371406 0.455208 0.365000 0.450208
0 0.433359 0.488333 0.061406 0.083750 0.406875 0.453958 0.420937 0.448333 0.428594 0.451875 0.439844 0.446458 0.443906 0.448333 0.450156 0.446458 0.462500 0.453958 0.464062 0.469167 0.457813 0.504583 0.457969 0.517500 0.448437 0.530208 0.443438 0.530208 0.432969 0.521458 0.431875 0.517083 0.425156 0.509167 0.422031 0.507708 0.411094 0.495833 0.405156 0.485208 0.403438 0.476458 0.402656 0.464583
0 0.454922 0.551771 0.060156 0.084375 0.444062 0.531458 0.439219 0.537292 0.437812 0.544167 0.433125 0.546667 0.430469 0.542917 0.431719 0.535833 0.425938 0.543333 0.424844 0.547500 0.426094 0.557708 0.435000 0.571458 0.448594 0.587292 0.457969 0.593958 0.467812 0.593125 0.473281 0.583333 0.480781 0.580208 0.484687 0.569583 0.485000 0.556042 0.483281 0.533958 0.481719 0.527708 0.476875 0.518958 0.472031 0.513958 0.465000 0.509583 0.464531 0.515833 0.460313 0.520000 0.456094 0.520417 0.448125 0.530208
0 0.486562 0.431563 0.055313 0.084375 0.471562 0.389375 0.465625 0.393958 0.458906 0.415208 0.460625 0.428958 0.465938 0.445000 0.467344 0.458542 0.469062 0.465833 0.472969 0.472083 0.478906 0.473750 0.485156 0.470417 0.491250 0.462917 0.500625 0.450833 0.512969 0.437083 0.514219 0.426458 0.514062 0.417083 0.512031 0.413333 0.505781 0.420208 0.498750 0.414583 0.496250 0.410000 0.495469 0.402500 0.493750 0.398333 0.487031 0.396875 0.482812 0.391667
0 0.535078 0.473438 0.061406 0.080208 0.522188 0.433958 0.515781 0.441667 0.508594 0.455833 0.509531 0.464583 0.504375 0.495208 0.505625 0.505000 0.510313 0.512500 0.523125 0.513542 0.529219 0.507083 0.541563 0.504583 0.557031 0.494375 0.560937 0.486875 0.561562 0.479375 0.565781 0.470833 0.558750 0.463958 0.553906 0.453958 0.546719 0.445208 0.538438 0.442708 0.530000 0.433333
0 0.591953 0.474062 0.049844 0.079792 0.574688 0.440208 0.569063 0.450000 0.567031 0.453958 0.567187 0.463542 0.570469 0.469375 0.569844 0.473958 0.567656 0.473958 0.574688 0.487917 0.581250 0.494167 0.583125 0.493958 0.595313 0.506875 0.596719 0.511458 0.600938 0.513750 0.606719 0.513958 0.610938 0.506875 0.610625 0.488958 0.613281 0.475417 0.615000 0.473125 0.615938 0.467500 0.616875 0.465208 0.616875 0.453958 0.614844 0.447292 0.609844 0.440208 0.605625 0.437500 0.596562 0.434167 0.591562 0.441458 0.582188 0.438958
0 0.616563 0.590729 0.052813 0.075208 0.590938 0.568542 0.590156 0.590208 0.594375 0.597500 0.605625 0.608958 0.613281 0.612083 0.629531 0.627917 0.635156 0.628333 0.641406 0.621458 0.642969 0.612083 0.642500 0.567083 0.640156 0.561458 0.638750 0.555417 0.631719 0.555417 0.630312 0.557292 0.623906 0.553125 0.622188 0.554583 0.622188 0.562708 0.620781 0.567083 0.613438 0.566250 0.605625 0.560208 0.601406 0.560833
0 0.645000 0.512292 0.056875 0.081667 0.632344 0.489583 0.623281 0.499583 0.616563 0.512292 0.617188 0.528125 0.627500 0.538542 0.634062 0.541667 0.641875 0.542708 0.663750 0.553125 0.669844 0.550833 0.673125 0.546042 0.673438 0.531042 0.670312 0.525000 0.667969 0.492083 0.659062 0.477083 0.651719 0.472083 0.646875 0.471458 0.645781 0.479375 0.639375 0.485625
0 0.637266 0.398021 0.067344 0.080625 0.604219 0.388750 0.603594 0.407917 0.609844 0.420000 0.614687 0.429792 0.620781 0.435417 0.633281 0.437083 0.640781 0.435625 0.650625 0.435625 0.653438 0.438333 0.661250 0.437292 0.669375 0.430417 0.670625 0.422917 0.670937 0.413958 0.668281 0.401458 0.662344 0.379792 0.657031 0.370000 0.651406 0.363333 0.643125 0.358333 0.633437 0.357708 0.628125 0.358958 0.622969 0.363750
0 0.703906 0.449687 0.050313 0.073958 0.703750 0.415208 0.703281 0.428333 0.708281 0.433750 0.717031 0.434583 0.720156 0.431875 0.720000 0.425833 0.728750 0.434167 0.729063 0.454792 0.716406 0.474583 0.702656 0.486667 0.693281 0.485833 0.687969 0.480208 0.684844 0.479167 0.680781 0.473958 0.678750 0.466458 0.679688 0.455833 0.682500 0.433750 0.686562 0.420208 0.692187 0.413125 0.700469 0.412708
0 0.757500 0.587812 0.056250 0.073542 0.740625 0.553958 0.740313 0.559792 0.742656 0.568333 0.750781 0.569167 0.762031 0.565625 0.765313 0.558125 0.768750 0.558958 0.772969 0.564583 0.782813 0.566458 0.785625 0.579583 0.784219 0.588125 0.781406 0.592083 0.779375 0.599583 0.772344 0.614792 0.767344 0.620208 0.760000 0.623958 0.756094 0.624583 0.751563 0.620833 0.742812 0.620417 0.735000 0.612917 0.733125 0.604583 0.729375 0.566458 0.731094 0.557708 0.738125 0.551042
0 0.862891 0.431146 0.064219 0.063125 0.867656 0.407083 0.855000 0.421042 0.851562 0.420625 0.843125 0.411250 0.831094 0.415417 0.830781 0.423958 0.833906 0.429583 0.834531 0.440208 0.843750 0.450000 0.848281 0.451042 0.865312 0.462708 0.877500 0.462708 0.883125 0.453958 0.883437 0.448750 0.886719 0.443958 0.887344 0.437083 0.895000 0.421042 0.894375 0.402292 0.891563 0.399583 0.891250 0.407708 0.886719 0.412708
0 0.935156 0.484687 0.068125 0.085625 0.901094 0.475417 0.929063 0.455417 0.950937 0.442292 0.958750 0.441875 0.962500 0.446458 0.962813 0.452083 0.967812 0.455833 0.969219 0.469375 0.967500 0.482708 0.966094 0.490208 0.959688 0.500833 0.958750 0.511042 0.956250 0.518542 0.950000 0.527500 0.942969 0.527083 0.936250 0.523333 0.902187 0.486875
0 0.759761 0.467474 0.053417 0.073311 0.733053 0.455874 0.741405 0.449146 0.745580 0.445898 0.752540 0.451930 0.774812 0.430818 0.779162 0.434298 0.786470 0.451698 0.784556 0.466778 0.782642 0.473506 0.781946 0.484410 0.779510 0.493690 0.776726 0.495546 0.770114 0.498562 0.764720 0.504130 0.754976 0.503898 0.749408 0.498562 0.740883 0.485106 0.736533 0.476290 0.734619 0.467242
0 0.926562 0.354687 0.067500 0.081875 0.895781 0.350833 0.892813 0.358542 0.895156 0.367083 0.900469 0.373125 0.904375 0.377500 0.913906 0.379167 0.937656 0.395625 0.947500 0.395208 0.951875 0.389583 0.953281 0.382708 0.953438 0.369583 0.960313 0.336250 0.955781 0.328333 0.955313 0.319375 0.946875 0.313750 0.944063 0.315417 0.937500 0.321250 0.932500 0.325208 0.929531 0.333750 0.918437 0.338125 0.914531 0.344583 0.912187 0.370833