0 0.192363 0.316304 0.096603 0.108921 0.166753 0.266165 0.160270 0.275674 0.151841 0.287777 0.146655 0.301608 0.144061 0.313710 0.145358 0.330135 0.153786 0.350882 0.162863 0.363849 0.175830 0.370764 0.191390 0.367306 0.203060 0.359526 0.214082 0.356933 0.227697 0.354340 0.236126 0.349153 0.240664 0.339644 0.240664 0.330999 0.235477 0.321490 0.226400 0.311117 0.216675 0.297286 0.208895 0.286912 0.202412 0.277403 0.195928 0.267030 0.189445 0.262707 0.182962 0.261843
0 0.153786 0.456345 0.088174 0.121024 0.133688 0.395833 0.122018 0.403613 0.110996 0.417445 0.109699 0.431276 0.112293 0.447701 0.116831 0.464990 0.125259 0.474499 0.133039 0.483143 0.139523 0.495246 0.146006 0.506483 0.153786 0.515128 0.168698 0.516857 0.178423 0.500432 0.180368 0.492652 0.185555 0.477956 0.190742 0.463261 0.194632 0.447701 0.197873 0.436463 0.197873 0.426954 0.193335 0.418309 0.188148 0.412258 0.181017 0.406207 0.169995 0.414851 0.161566 0.423496 0.153786 0.428683 0.146006 0.422631 0.142116 0.409665 0.140171 0.401020
0 0.093815 0.604167 0.090119 0.084716 0.056535 0.561808 0.050700 0.564402 0.048755 0.572182 0.051349 0.590335 0.057184 0.603302 0.062370 0.617133 0.065612 0.627507 0.069502 0.637016 0.075337 0.643932 0.082469 0.645660 0.090249 0.646525 0.103216 0.641338 0.116831 0.632694 0.129798 0.624914 0.136929 0.616269 0.138874 0.611082 0.127853 0.611082 0.120721 0.605896 0.110996 0.598980 0.107754 0.597251 0.098029 0.602438 0.086359 0.608489 0.079876 0.609353 0.077282 0.600709 0.075985 0.589471 0.079876 0.575640
0 0.361255 0.422199 0.079098 0.099412 0.342453 0.372493 0.331432 0.385460 0.326893 0.396698 0.323651 0.411393 0.321706 0.423496 0.326245 0.435598 0.329487 0.443378 0.332728 0.453752 0.335970 0.464990 0.340508 0.470176 0.348937 0.471905 0.355420 0.471905 0.361255 0.469312 0.367090 0.465854 0.370332 0.460667 0.378112 0.456345 0.386540 0.451158 0.394321 0.439056 0.400804 0.426954 0.387189 0.423496 0.378112 0.415716 0.370980 0.407071 0.368387 0.402749 0.356717 0.376815
0 0.377788 0.517721 0.079746 0.105463 0.376815 0.464990 0.366442 0.471041 0.356717 0.483143 0.354123 0.495246 0.351530 0.502161 0.346992 0.512535 0.343750 0.521179 0.340508 0.530688 0.337915 0.544519 0.337915 0.554893 0.344398 0.564402 0.349585 0.567860 0.358013 0.570453 0.375519 0.568724 0.386540 0.567860 0.397562 0.564402 0.411177 0.556622 0.416364 0.547977 0.417661 0.534146 0.412474 0.512535 0.409232 0.503890 0.405991 0.494381 0.401452 0.484872 0.394321 0.475363 0.389134 0.469312
0 0.494489 0.507348 0.073262 0.115837 0.475363 0.458938 0.464990 0.471905 0.461100 0.481414 0.457858 0.495246 0.457858 0.513399 0.459155 0.520315 0.466935 0.531553 0.472121 0.537604 0.476660 0.542790 0.487033 0.551435 0.494813 0.559215 0.503242 0.565266 0.509725 0.565266 0.518802 0.544519 0.526582 0.522044 0.529175 0.501297 0.531120 0.481414 0.525285 0.465854 0.515560 0.454616 0.505835 0.451158 0.493517 0.449429 0.488978 0.450294
0 0.620591 0.521179 0.090768 0.107192 0.582339 0.480550 0.575856 0.494381 0.575207 0.506483 0.588174 0.524637 0.593361 0.528959 0.597251 0.534146 0.604383 0.543655 0.612811 0.554893 0.619943 0.564402 0.628371 0.570453 0.637448 0.574775 0.643932 0.573911 0.649767 0.564402 0.651063 0.552299 0.651063 0.541062 0.654953 0.525501 0.659492 0.511670 0.664030 0.498703 0.665975 0.482279 0.665327 0.474499 0.655602 0.470176 0.646525 0.470176 0.638745 0.471905 0.630965 0.475363 0.617350 0.471905 0.612163 0.468447 0.607624 0.467583 0.597899 0.471041 0.592064 0.475363
0 0.632261 0.607192 0.079098 0.095954 0.592713 0.598115 0.595954 0.609353 0.599844 0.617998 0.607624 0.632694 0.614756 0.641338 0.621240 0.647389 0.629668 0.650847 0.635503 0.653441 0.641987 0.655169 0.650415 0.642203 0.656898 0.639609 0.662733 0.637880 0.667272 0.626642 0.669217 0.605896 0.669865 0.596387 0.671810 0.580826 0.669217 0.569589 0.664678 0.560944 0.660140 0.559215 0.654953 0.566995 0.643932 0.575640 0.636800 0.579098 0.631613 0.583420 0.624481 0.600709 0.618646 0.603302 0.610866 0.593793 0.608273 0.587742
0 0.679590 0.433869 0.073911 0.115837 0.661437 0.376815 0.651712 0.379409 0.645877 0.386324 0.642635 0.399291 0.642635 0.418309 0.646525 0.437327 0.649118 0.448565 0.659492 0.455481 0.667920 0.461532 0.674404 0.464125 0.674404 0.472770 0.667272 0.477092 0.664678 0.486601 0.669865 0.491788 0.677645 0.485737 0.682832 0.479685 0.690612 0.471905 0.698392 0.464125 0.708766 0.455481 0.714601 0.444243 0.716546 0.433869 0.715249 0.426954 0.708117 0.413987 0.704227 0.407071 0.699040 0.400156 0.694502 0.394969 0.684777 0.388053 0.676997 0.382867 0.672459 0.379409 0.669217 0.375951
0 0.739562 0.498703 0.078449 0.105463 0.732754 0.445972 0.724326 0.445972 0.715897 0.453752 0.711359 0.458938 0.705524 0.471905 0.704227 0.494381 0.704227 0.509077 0.703579 0.522044 0.700337 0.535875 0.701634 0.544519 0.707469 0.550571 0.716546 0.551435 0.723029 0.547977 0.732106 0.544519 0.740534 0.541062 0.752204 0.537604 0.763226 0.531553 0.771006 0.522908 0.776841 0.507348 0.778786 0.493517 0.773600 0.477956 0.766468 0.467583 0.755446 0.457210 0.748963 0.452023
0 0.814769 0.508212 0.068076 0.102006 0.798237 0.458938 0.793698 0.462396 0.789160 0.472770 0.790456 0.488330 0.793050 0.496110 0.789808 0.502161 0.780731 0.507348 0.791753 0.526366 0.800830 0.535010 0.808610 0.542790 0.815093 0.547977 0.830654 0.559215 0.839082 0.554028 0.839730 0.536739 0.841675 0.524637 0.842324 0.515992 0.846214 0.502161 0.848159 0.490059 0.848807 0.481414 0.847510 0.471905 0.841027 0.465854 0.836489 0.459803 0.832599 0.457210 0.828060 0.461532 0.823522 0.463261 0.811203 0.462396
0 0.876686 0.564402 0.077801 0.096819 0.837785 0.563537 0.839082 0.575640 0.846214 0.584284 0.853994 0.590335 0.865016 0.594658 0.870851 0.598115 0.885762 0.605896 0.894839 0.610218 0.908454 0.612811 0.913641 0.600709 0.913641 0.587742 0.913641 0.575640 0.914938 0.563537 0.915586 0.547113 0.909751 0.529824 0.902619 0.519450 0.896784 0.515992 0.897433 0.523772 0.890949 0.527230 0.878631 0.532417 0.868257 0.535010 0.859829 0.550571 0.848807 0.554028 0.841675 0.553164
0 0.821901 0.659924 0.077152 0.087310 0.783325 0.625778 0.783325 0.634423 0.785918 0.644796 0.791753 0.654305 0.804072 0.666407 0.815742 0.676781 0.821577 0.681967 0.828709 0.688883 0.835840 0.696663 0.841675 0.702714 0.850104 0.703579 0.855939 0.692341 0.857235 0.682832 0.857235 0.670730 0.859180 0.655169 0.860477 0.640474 0.860477 0.629236 0.858532 0.624049 0.855290 0.617998 0.848807 0.616269 0.844917 0.623185 0.844917 0.630965 0.840379 0.636151 0.826115 0.631829 0.821577 0.625778 0.817687 0.620591 0.813797 0.617998 0.807313 0.619727 0.800182 0.624049 0.791105 0.625778
0 0.896136 0.407503 0.094658 0.108057 0.890949 0.361255 0.877334 0.370764 0.863719 0.388918 0.857235 0.398427 0.852049 0.407071 0.848807 0.420038 0.850104 0.433869 0.855939 0.443378 0.864367 0.451158 0.868906 0.454616 0.879927 0.456345 0.890949 0.457210 0.904564 0.460667 0.913641 0.461532 0.920773 0.461532 0.929201 0.461532 0.939575 0.448565 0.942816 0.444243 0.943465 0.432140 0.940871 0.414851 0.936981 0.401020 0.933091 0.391511 0.929850 0.381138 0.922070 0.370764 0.916234 0.363849 0.908454 0.356068 0.900674 0.353475
0 0.946706 0.474066 0.082988 0.097683 0.908454 0.465854 0.905861 0.479685 0.905213 0.491788 0.908454 0.500432 0.915586 0.509941 0.920773 0.513399 0.924015 0.514263 0.933740 0.522908 0.946706 0.515992 0.962915 0.503890 0.973937 0.500432 0.987552 0.484008 0.988200 0.469312 0.981717 0.461532 0.973937 0.458938 0.970047 0.452023 0.966157 0.444243 0.960970 0.435598 0.953190 0.429547 0.946706 0.426089 0.942168 0.425225 0.942168 0.442514 0.942816 0.448565 0.938278 0.455481 0.930498 0.461532 0.925311 0.464125 0.915586 0.464990