0 0.085797 0.331737 0.103988 0.124726 0.074428 0.269374 0.058022 0.269374 0.048907 0.275277 0.039272 0.290554 0.034845 0.298888 0.033803 0.314860 0.040314 0.329791 0.050991 0.346110 0.061407 0.364166 0.073126 0.377707 0.081199 0.388471 0.092554 0.393753 0.104773 0.394100 0.112053 0.386127 0.120892 0.372955 0.126872 0.357702 0.132851 0.341757 0.137791 0.325811 0.136231 0.305706 0.125832 0.289760 0.111668 0.282221 0.103595 0.275277 0.090574 0.270068
0 0.129199 0.446852 0.088939 0.121875 0.120146 0.391471 0.106865 0.400846 0.093063 0.412998 0.085771 0.422721 0.084730 0.435221 0.090719 0.452582 0.098532 0.470290 0.109469 0.483484 0.115980 0.493901 0.126136 0.504665 0.140199 0.507790 0.154001 0.495290 0.164569 0.483534 0.171329 0.468975 0.173669 0.442630 0.172889 0.422872 0.166389 0.404499 0.154001 0.389387 0.142803 0.385915 0.132126 0.385915
0 0.199927 0.298935 0.081115 0.119097 0.206124 0.264733 0.199225 0.257660 0.194666 0.247372 0.185551 0.239733 0.178780 0.239386 0.172010 0.242164 0.164978 0.252928 0.160812 0.264039 0.159370 0.283521 0.163010 0.296346 0.169509 0.316105 0.175395 0.334872 0.179562 0.350844 0.189978 0.358483 0.203780 0.352928 0.212895 0.341469 0.219277 0.332660 0.222402 0.317035 0.228392 0.308702 0.238925 0.299466 0.240485 0.283521 0.230082 0.267858 0.222270 0.258830 0.213155 0.258830
0 0.255669 0.350259 0.086070 0.102302 0.250655 0.300149 0.237895 0.299108 0.231645 0.303969 0.226957 0.311608 0.222791 0.320288 0.222142 0.331965 0.221489 0.343552 0.220447 0.351538 0.216020 0.360566 0.213676 0.372024 0.212635 0.383135 0.216673 0.396896 0.222923 0.401410 0.235030 0.401191 0.247530 0.397372 0.259770 0.396677 0.272010 0.396677 0.279562 0.391816 0.292975 0.380924 0.298704 0.369812 0.297923 0.348979 0.290631 0.340299 0.283989 0.335913 0.277999 0.326538 0.270447 0.318552 0.262374 0.308135
0 0.337851 0.353321 0.072135 0.106597 0.314544 0.309397 0.305690 0.317383 0.301783 0.333355 0.302825 0.348980 0.305950 0.364605 0.311679 0.372244 0.320273 0.379536 0.331471 0.391341 0.344492 0.402800 0.355690 0.406619 0.361940 0.395508 0.359596 0.383008 0.363763 0.377453 0.372096 0.371550 0.373919 0.358008 0.373919 0.345508 0.373138 0.330578 0.365065 0.318078 0.360898 0.311480 0.352825 0.304883 0.339804 0.300022 0.332252 0.300716 0.321575 0.302453
0 0.391330 0.246138 0.086198 0.109851 0.360731 0.212393 0.349273 0.234268 0.348231 0.248851 0.353700 0.273504 0.362293 0.288782 0.382299 0.301063 0.403133 0.300716 0.416460 0.296421 0.428654 0.285785 0.433081 0.272591 0.434429 0.246421 0.427398 0.224546 0.418804 0.210657 0.407085 0.199198 0.393804 0.191212 0.383127 0.193296 0.374012 0.196421 0.368023 0.205448
0 0.406825 0.408465 0.078125 0.109722 0.383908 0.372007 0.377658 0.379993 0.374273 0.389715 0.370888 0.403604 0.367763 0.416451 0.371148 0.430340 0.378179 0.441104 0.387554 0.447701 0.397711 0.452562 0.406304 0.451521 0.414898 0.454646 0.425315 0.459507 0.436252 0.463326 0.443758 0.455925 0.445581 0.443773 0.445106 0.431382 0.445888 0.412285 0.444846 0.398049 0.441721 0.386243 0.437294 0.374090 0.428440 0.363326 0.419586 0.356729 0.411513 0.353604 0.402138 0.355687 0.391200 0.365410
0 0.375882 0.525886 0.074219 0.107986 0.369176 0.476601 0.364237 0.479375 0.358825 0.483351 0.353617 0.484046 0.343981 0.490296 0.340856 0.499323 0.341117 0.509046 0.338773 0.521546 0.341377 0.532657 0.345544 0.542032 0.353096 0.548629 0.361169 0.557657 0.373408 0.564948 0.381221 0.574323 0.391117 0.579879 0.400114 0.578862 0.407819 0.571893 0.409642 0.560435 0.412471 0.537518 0.412992 0.510087 0.410648 0.487171 0.403617 0.477448 0.391638 0.473282 0.378096 0.471893 0.372627 0.475018
0 0.518997 0.352088 0.061736 0.096566 0.528546 0.310905 0.520160 0.309013 0.514170 0.304846 0.507400 0.303805 0.500629 0.305541 0.495160 0.311791 0.491514 0.322555 0.489952 0.338180 0.488129 0.355541 0.489431 0.368735 0.488650 0.383666 0.491775 0.390958 0.494900 0.395124 0.502613 0.399329 0.510686 0.400371 0.516254 0.395471 0.526670 0.386791 0.539431 0.376721 0.549865 0.363942 0.549327 0.351721 0.548025 0.340263 0.546462 0.332624 0.540765 0.333437 0.535046 0.320265
0 0.590814 0.369793 0.074093 0.099056 0.558715 0.340849 0.555851 0.346404 0.553767 0.360988 0.556632 0.374877 0.562621 0.390502 0.571215 0.403349 0.577465 0.412724 0.585799 0.418974 0.602986 0.419321 0.614184 0.417585 0.621736 0.412029 0.625382 0.407168 0.627465 0.395015 0.627860 0.383007 0.627205 0.374529 0.627205 0.349877 0.624601 0.337724 0.618240 0.326851 0.610701 0.320265 0.602901 0.320265 0.590746 0.323140 0.581892 0.326960 0.575121 0.332515 0.566528 0.336682
0 0.574858 0.521020 0.075092 0.112866 0.579071 0.464587 0.568844 0.465509 0.560060 0.469795 0.551988 0.473267 0.546948 0.476373 0.543302 0.475679 0.539656 0.481234 0.538354 0.489567 0.537312 0.501026 0.540958 0.510748 0.541479 0.523248 0.543302 0.532623 0.544175 0.545142 0.546427 0.555540 0.547664 0.567731 0.556062 0.574637 0.561466 0.577453 0.569279 0.576064 0.575593 0.575679 0.585743 0.563956 0.594279 0.550023 0.606154 0.531948 0.612404 0.508684 0.610181 0.495320 0.605761 0.484228 0.601895 0.474290 0.595125 0.471859
0 0.719974 0.293573 0.085115 0.115779 0.717781 0.244415 0.705281 0.255526 0.696166 0.262124 0.687052 0.259346 0.683406 0.263512 0.677416 0.271499 0.677416 0.281915 0.678037 0.289413 0.682196 0.295306 0.682976 0.305359 0.685750 0.311776 0.690958 0.318721 0.701635 0.327401 0.707364 0.326707 0.714916 0.337818 0.723274 0.343143 0.735753 0.351463 0.744852 0.348343 0.750533 0.339959 0.753918 0.326764 0.757043 0.306278 0.760168 0.280584 0.762531 0.262722 0.759411 0.246083 0.753432 0.236724 0.747192 0.235684 0.743032 0.241577
0 0.807830 0.189537 0.085398 0.121240 0.786710 0.153875 0.778390 0.162195 0.781250 0.180220 0.782810 0.197899 0.780395 0.204671 0.767634 0.198769 0.765131 0.210725 0.773694 0.224671 0.783780 0.234880 0.789293 0.234377 0.802790 0.235921 0.811668 0.240190 0.830134 0.250158 0.841593 0.248769 0.845581 0.240652 0.847664 0.228152 0.845841 0.209402 0.846883 0.193430 0.850529 0.180930 0.849747 0.166347 0.848706 0.156624 0.842716 0.141347 0.835164 0.134402 0.829435 0.129194 0.816608 0.128917 0.805168 0.137237 0.794978 0.149810
0 0.827703 0.347770 0.097210 0.133565 0.860423 0.290658 0.855475 0.287880 0.846621 0.285797 0.831963 0.280988 0.816598 0.288626 0.811390 0.298696 0.796546 0.308418 0.787692 0.316404 0.782223 0.327168 0.779098 0.338279 0.779880 0.362585 0.792380 0.374390 0.806468 0.390980 0.821287 0.402420 0.834027 0.414552 0.851309 0.410450 0.858600 0.404547 0.864329 0.386838 0.865631 0.364963 0.872142 0.348297 0.876309 0.328158 0.875527 0.313227 0.871881 0.302463 0.864590 0.295172
0 0.034505 0.366332 0.069010 0.104861 0.000521 0.315984 0.010156 0.313901 0.026042 0.319109 0.036979 0.321887 0.046354 0.338554 0.056771 0.353137 0.067969 0.374665 0.069010 0.386123 0.058594 0.393068 0.053646 0.400359 0.045312 0.410082 0.032813 0.415984 0.019792 0.418762 0.006510 0.412859 0.000000 0.412165