0 0.049079 0.504754 0.088823 0.057054 0.093491 0.493517 0.090897 0.503026 0.085711 0.511670 0.080524 0.521179 0.072095 0.529824 0.063019 0.532417 0.052645 0.533281 0.043568 0.528095 0.027360 0.517721 0.016987 0.509077 0.013096 0.506483 0.009855 0.499568 0.004668 0.490923 0.004668 0.480550 0.006613 0.476228 0.015041 0.477092 0.018283 0.487465 0.022173 0.496974 0.026063 0.500432 0.037733 0.497839 0.041623 0.496974 0.053294 0.504754 0.069502 0.508212 0.077282 0.502161 0.077930 0.491788
0 0.073716 0.593361 0.079746 0.102870 0.066909 0.554893 0.054590 0.543655 0.048755 0.541926 0.042920 0.547977 0.038382 0.562673 0.035788 0.579098 0.033843 0.601573 0.035140 0.617998 0.036437 0.628371 0.036437 0.633558 0.037085 0.638745 0.050700 0.643932 0.060425 0.644796 0.073392 0.644796 0.092194 0.643067 0.101919 0.637016 0.112941 0.628371 0.113589 0.623185 0.107754 0.612811 0.104512 0.603302 0.100622 0.598115 0.087007 0.596387 0.077930 0.591200 0.074040 0.576504 0.071447 0.562673
0 0.185879 0.574343 0.090119 0.121888 0.168050 0.517721 0.151841 0.524637 0.140820 0.535010 0.141468 0.558351 0.150545 0.577369 0.155731 0.592064 0.160918 0.605896 0.167401 0.618862 0.173885 0.629236 0.178423 0.634423 0.187500 0.635287 0.196577 0.633558 0.208247 0.617998 0.214730 0.602438 0.221862 0.586013 0.225752 0.573911 0.214082 0.572182 0.216027 0.564402 0.224455 0.547113 0.228345 0.542790 0.230939 0.537604 0.216675 0.522044 0.202412 0.514263 0.186852 0.513399
0 0.286048 0.597251 0.094658 0.121024 0.255576 0.563537 0.265949 0.571317 0.271136 0.573046 0.282158 0.562673 0.291883 0.560944 0.311333 0.560944 0.318465 0.553164 0.320410 0.536739 0.333377 0.550571 0.332728 0.568724 0.330783 0.588607 0.328190 0.614540 0.327541 0.633558 0.321706 0.651712 0.313926 0.657763 0.298366 0.653441 0.284751 0.639609 0.269839 0.628371 0.260762 0.621456 0.249092 0.606760 0.238719 0.592929 0.238719 0.579098 0.242609 0.565266
0 0.340184 0.656034 0.071966 0.102006 0.304201 0.678510 0.313278 0.689748 0.321706 0.696663 0.329487 0.701850 0.343102 0.707037 0.351530 0.707037 0.365145 0.700985 0.374870 0.685425 0.376167 0.669001 0.376167 0.648254 0.372925 0.630965 0.366442 0.615405 0.356068 0.605031 0.343750 0.607624 0.343102 0.630100 0.339860 0.640474 0.332728 0.640474 0.321058 0.656898 0.315223 0.661221 0.306795 0.662950
0 0.376167 0.481414 0.082988 0.105463 0.346343 0.428683 0.337915 0.449429 0.334673 0.458938 0.339860 0.478821 0.348937 0.497839 0.350882 0.510806 0.355420 0.522044 0.360607 0.529824 0.370332 0.534146 0.378112 0.534146 0.386540 0.525501 0.393672 0.513399 0.402749 0.505619 0.409881 0.496110 0.417012 0.486601 0.417661 0.481414 0.409232 0.471041 0.404046 0.468447 0.401452 0.483143 0.398211 0.486601 0.389134 0.475363 0.384595 0.463261 0.377464 0.454616 0.365794 0.439920 0.356717 0.430411
0 0.451050 0.549274 0.084933 0.108057 0.425441 0.495246 0.417661 0.507348 0.414419 0.522908 0.412474 0.540197 0.411177 0.560944 0.408584 0.576504 0.413771 0.593793 0.420902 0.603302 0.436463 0.599844 0.447484 0.590335 0.475363 0.583420 0.488330 0.569589 0.493517 0.560944 0.485088 0.550571 0.473418 0.537604 0.466286 0.523772 0.461100 0.518586 0.449429 0.515128 0.433869 0.500432
0 0.535010 0.542358 0.068724 0.106328 0.514912 0.493517 0.504538 0.508212 0.500648 0.519450 0.501945 0.532417 0.508428 0.552299 0.516857 0.566995 0.527230 0.580826 0.542790 0.592064 0.554461 0.595522 0.558999 0.585149 0.559647 0.570453 0.559647 0.553164 0.566131 0.531553 0.569372 0.520315 0.568724 0.504754 0.561592 0.493517 0.556406 0.489194 0.543439 0.490923 0.527879 0.509941
0 0.570021 0.688451 0.073911 0.073479 0.550571 0.656034 0.565482 0.669865 0.580394 0.651712 0.597251 0.657763 0.606976 0.660356 0.604383 0.691476 0.602438 0.708766 0.601141 0.718275 0.597251 0.723461 0.584933 0.725190 0.573911 0.720868 0.557054 0.711359 0.544087 0.699257 0.536307 0.683696 0.533065 0.669865 0.535010 0.658627 0.544087 0.653441
0 0.613784 0.589471 0.070669 0.114108 0.619295 0.532417 0.627075 0.538468 0.637448 0.548842 0.642635 0.566131 0.647173 0.596387 0.648470 0.615405 0.649118 0.632694 0.646525 0.644796 0.627723 0.646525 0.614756 0.643067 0.596603 0.634423 0.584933 0.628371 0.580394 0.617133 0.579098 0.608489 0.578449 0.594658 0.585581 0.585149 0.590119 0.578233 0.601789 0.573911 0.608273 0.566995 0.609570 0.554028 0.608921 0.535875
0 0.606652 0.445107 0.092713 0.126210 0.609570 0.382002 0.623185 0.386324 0.631613 0.394104 0.639393 0.410529 0.645228 0.435598 0.650415 0.454616 0.653008 0.474499 0.648470 0.494381 0.641987 0.504754 0.629020 0.508212 0.613460 0.508212 0.597899 0.505619 0.581691 0.494381 0.573262 0.484872 0.564834 0.467583 0.562241 0.454616 0.560296 0.441649 0.568076 0.424360 0.573911 0.409665 0.577801 0.399291 0.594658 0.385460
0 0.705524 0.479253 0.068724 0.106328 0.708117 0.427818 0.688019 0.426089 0.675052 0.439920 0.673755 0.458938 0.671162 0.484872 0.671162 0.501297 0.678942 0.514263 0.682184 0.522044 0.688019 0.528959 0.695150 0.532417 0.713952 0.522908 0.723677 0.513399 0.734051 0.506483 0.739886 0.499568 0.728864 0.475363 0.721732 0.483143 0.706172 0.476228 0.705524 0.462396 0.710711 0.439920
0 0.780083 0.522908 0.073911 0.086445 0.815742 0.479685 0.817038 0.497839 0.816390 0.509077 0.812500 0.523772 0.801478 0.551435 0.785270 0.566131 0.767116 0.565266 0.759984 0.550571 0.747666 0.525501 0.743128 0.506483 0.743776 0.495246 0.764523 0.508212 0.771006 0.504754 0.786566 0.496974 0.798237 0.487465
0 0.764199 0.689315 0.069372 0.092497 0.747018 0.653441 0.745721 0.666407 0.746369 0.681103 0.752204 0.690612 0.777490 0.675052 0.782028 0.675916 0.793698 0.687154 0.798885 0.698392 0.787215 0.720868 0.779435 0.729512 0.767116 0.735564 0.754149 0.729512 0.747018 0.723461 0.739238 0.714817 0.732106 0.688883 0.729512 0.670730 0.729512 0.651712 0.731457 0.643067
0 0.946058 0.493084 0.089471 0.057918 0.901323 0.472770 0.901323 0.497839 0.909751 0.506483 0.922718 0.515992 0.936981 0.521179 0.944113 0.522044 0.962915 0.520315 0.979123 0.505619 0.990794 0.484008 0.963563 0.464125 0.951245 0.478821 0.940223 0.488330 0.934388 0.492652 0.922718 0.466719