0 0.050469 0.332708 0.073438 0.071667 0.033125 0.368125 0.042188 0.368542 0.067969 0.360625 0.078438 0.358750 0.083281 0.356667 0.086406 0.351250 0.087188 0.342917 0.074219 0.323542 0.061250 0.307292 0.054219 0.301042 0.044219 0.298125 0.035313 0.296875 0.025781 0.305625 0.016563 0.318333 0.015469 0.331042 0.013750 0.332917 0.014375 0.346042 0.024531 0.360625
0 0.032969 0.436146 0.065625 0.076042 0.064375 0.410833 0.065781 0.425208 0.052812 0.466875 0.047969 0.472708 0.041250 0.474167 0.031719 0.464792 0.025938 0.458958 0.024688 0.453542 0.013281 0.444792 0.002187 0.429167 0.000156 0.423750 0.000156 0.408333 0.006563 0.398125 0.010000 0.398542 0.012344 0.416667 0.020313 0.420625 0.028281 0.420208 0.038437 0.408542 0.039844 0.400000 0.052812 0.405417
0 0.025859 0.535729 0.049844 0.033125 0.050781 0.519167 0.050781 0.522708 0.047031 0.531042 0.028594 0.551042 0.024063 0.552292 0.016094 0.551458 0.001250 0.538333 0.000937 0.535000 0.015625 0.526667 0.026094 0.535000 0.032031 0.538125 0.038125 0.533542 0.041563 0.521042
0 0.162266 0.415729 0.058594 0.049375 0.133125 0.391042 0.132969 0.400417 0.137187 0.413333 0.145000 0.419792 0.152656 0.438542 0.161406 0.440417 0.160156 0.436458 0.162500 0.436042 0.174531 0.432500 0.177344 0.428958 0.178281 0.427500 0.182500 0.431667 0.182500 0.426042 0.185000 0.427292 0.187500 0.420000 0.187500 0.414583 0.191562 0.412083 0.186094 0.407917 0.182812 0.409167 0.180781 0.413958 0.175469 0.417708 0.169531 0.415833 0.165313 0.413333 0.162812 0.406458 0.160312 0.406042 0.156562 0.408750 0.149063 0.412708 0.143906 0.409792 0.142969 0.403542 0.144063 0.395208 0.140313 0.394792
0 0.179297 0.477917 0.057656 0.070417 0.175313 0.455625 0.174687 0.465417 0.175781 0.473333 0.181719 0.478125 0.190469 0.477708 0.193750 0.483958 0.198281 0.502500 0.203125 0.496875 0.203437 0.491250 0.208125 0.491458 0.207187 0.496667 0.197344 0.508958 0.162500 0.513125 0.157187 0.511875 0.150938 0.503333 0.150469 0.496875 0.153594 0.491250 0.153281 0.472917 0.154688 0.461250 0.159688 0.444792 0.163125 0.442708
0 0.244297 0.473646 0.058906 0.085625 0.214844 0.452083 0.223594 0.436458 0.232031 0.430833 0.245000 0.431458 0.256562 0.433958 0.273750 0.447500 0.271406 0.450208 0.261563 0.449583 0.256406 0.457292 0.254219 0.470833 0.264375 0.465833 0.268906 0.465417 0.266875 0.476250 0.267813 0.489583 0.249531 0.513333 0.245156 0.516458 0.238750 0.516458 0.234219 0.512292 0.227188 0.492708 0.227188 0.487500 0.219375 0.474375 0.218750 0.466458 0.216562 0.465417
0 0.300078 0.491458 0.066406 0.087500 0.276406 0.459792 0.277969 0.466250 0.288281 0.467292 0.291719 0.462083 0.295625 0.461667 0.305156 0.467083 0.316719 0.465000 0.319844 0.449583 0.325469 0.447708 0.330469 0.453958 0.333281 0.467083 0.330781 0.502500 0.329062 0.517708 0.323906 0.530833 0.318281 0.535208 0.311250 0.535208 0.305938 0.531042 0.297500 0.522917 0.296719 0.518750 0.289687 0.512708 0.286250 0.512708 0.282031 0.504375 0.275312 0.498750 0.270469 0.492917 0.267656 0.487292 0.266875 0.476250 0.269219 0.465208
0 0.340859 0.541875 0.057969 0.079583 0.333281 0.523333 0.339688 0.515625 0.339688 0.508958 0.345938 0.502083 0.352500 0.503750 0.361406 0.513542 0.366250 0.526250 0.369531 0.543958 0.369844 0.564375 0.367500 0.572083 0.365000 0.574583 0.359687 0.574167 0.357969 0.578750 0.351250 0.581667 0.344219 0.581250 0.335469 0.573750 0.312812 0.549167 0.311875 0.544167 0.312812 0.537708 0.314688 0.535625 0.318750 0.534375 0.324375 0.530625 0.327344 0.523125
0 0.418984 0.471771 0.056406 0.073542 0.400781 0.435000 0.395313 0.446042 0.394219 0.473333 0.390781 0.489583 0.391875 0.500000 0.396563 0.507500 0.406875 0.508542 0.415313 0.503333 0.423281 0.503333 0.432188 0.500625 0.440937 0.493958 0.444062 0.488958 0.447187 0.482708 0.440000 0.481875 0.431562 0.464583 0.423750 0.464583 0.420000 0.457917 0.419063 0.443958 0.411562 0.438333
0 0.485391 0.474792 0.054844 0.085833 0.462812 0.440833 0.465938 0.440625 0.467812 0.446667 0.475938 0.445000 0.475469 0.443542 0.480156 0.438333 0.484219 0.431875 0.501094 0.433333 0.503594 0.438958 0.509219 0.439583 0.512813 0.456667 0.512656 0.469583 0.506406 0.488958 0.506406 0.503958 0.502188 0.514583 0.496563 0.517708 0.491719 0.514375 0.483906 0.512708 0.475156 0.502917 0.462500 0.482917 0.458594 0.470833 0.457969 0.457708 0.458906 0.449167
0 0.526250 0.402292 0.071250 0.095417 0.504219 0.437292 0.543906 0.450000 0.553750 0.449583 0.558750 0.445000 0.560781 0.437083 0.561875 0.430000 0.559063 0.386875 0.555625 0.377917 0.551875 0.368958 0.547656 0.361458 0.543438 0.357708 0.536719 0.355417 0.530000 0.354583 0.524375 0.355208 0.518125 0.356250 0.511719 0.360000 0.504063 0.366458 0.497031 0.375000 0.492031 0.385208 0.490625 0.396458 0.490625 0.406875 0.491563 0.418958 0.496094 0.426458
0 0.541406 0.518125 0.057813 0.091667 0.520937 0.500000 0.529844 0.499583 0.538281 0.488333 0.538750 0.480833 0.544375 0.472292 0.555625 0.473958 0.562656 0.480625 0.568906 0.497083 0.570312 0.555833 0.567344 0.562708 0.559844 0.563958 0.553906 0.561875 0.551406 0.558958 0.535000 0.548750 0.527187 0.548333 0.520469 0.542917 0.513906 0.534583 0.512500 0.525833 0.512813 0.508958
0 0.517109 0.587708 0.056406 0.078333 0.490937 0.562708 0.495937 0.560625 0.498906 0.570417 0.507812 0.577917 0.513906 0.573333 0.516250 0.563542 0.519688 0.561250 0.537813 0.565000 0.538125 0.556458 0.534531 0.548542 0.539687 0.552708 0.545312 0.560625 0.544375 0.610833 0.541563 0.620208 0.537344 0.624792 0.532500 0.626875 0.527969 0.625417 0.515625 0.612708 0.499844 0.600208 0.490625 0.590833 0.488906 0.578125 0.491563 0.569167
0 0.629922 0.441146 0.048594 0.085625 0.624219 0.409375 0.620156 0.398333 0.611875 0.403125 0.607500 0.414583 0.606250 0.425208 0.605625 0.458958 0.608281 0.466458 0.612500 0.470208 0.612500 0.475833 0.618437 0.482500 0.625156 0.483958 0.631094 0.480208 0.642969 0.470833 0.649531 0.464167 0.654219 0.455208 0.654219 0.446458 0.650781 0.454792 0.640781 0.435208 0.640000 0.426667 0.638594 0.428958 0.636875 0.437708 0.628594 0.439583 0.619688 0.438958 0.615781 0.436458 0.613281 0.429583 0.615000 0.423958 0.620156 0.412708
0 0.692578 0.472500 0.062344 0.078750 0.661406 0.468958 0.661406 0.482708 0.677500 0.505833 0.688438 0.511875 0.700156 0.508958 0.702500 0.506250 0.711406 0.505208 0.715781 0.501458 0.722500 0.487500 0.723594 0.472917 0.723750 0.443958 0.718750 0.434583 0.712812 0.433125 0.700156 0.446042 0.688125 0.449375 0.687812 0.453542 0.675781 0.462917 0.667812 0.459375 0.667500 0.455625 0.669844 0.447083 0.663594 0.447500
0 0.812969 0.466146 0.075938 0.055625 0.775000 0.442917 0.775469 0.464792 0.799063 0.483750 0.819375 0.493958 0.830625 0.493125 0.838438 0.485417 0.845000 0.462708 0.850938 0.452292 0.850313 0.438333 0.838438 0.439167 0.837656 0.454583 0.831094 0.458333 0.811250 0.442083 0.806719 0.442083 0.787969 0.459167 0.784219 0.456875 0.783906 0.439583 0.778281 0.439583
0 0.895000 0.550000 0.084063 0.095833 0.930937 0.502083 0.936875 0.518333 0.937031 0.541250 0.928438 0.561042 0.917656 0.572083 0.915156 0.584375 0.908125 0.592917 0.900469 0.597917 0.893750 0.597083 0.889062 0.594583 0.877500 0.578333 0.871562 0.564375 0.865469 0.558958 0.861094 0.552917 0.854688 0.542708 0.852969 0.527292 0.872812 0.517917 0.887344 0.522917 0.903438 0.505208
0 0.922578 0.371667 0.080469 0.110833 0.882344 0.396875 0.899062 0.407917 0.920000 0.424792 0.929531 0.427083 0.940156 0.424792 0.945312 0.417500 0.948594 0.395833 0.962813 0.359583 0.962187 0.347500 0.957656 0.328958 0.950000 0.317708 0.939844 0.316250 0.940156 0.320417 0.944688 0.321250 0.948438 0.322708 0.933750 0.335000 0.920156 0.338125 0.919063 0.346458 0.911719 0.357917 0.905000 0.360208 0.889844 0.362708 0.887344 0.388958
0 0.367266 0.419479 0.060469 0.078125 0.348281 0.380417 0.340156 0.391667 0.340156 0.396042 0.337344 0.401667 0.337031 0.406458 0.358125 0.452917 0.365000 0.458125 0.371719 0.458542 0.385156 0.445417 0.387500 0.438958 0.395625 0.431667 0.397500 0.419583 0.395781 0.410417 0.385469 0.406042 0.382812 0.407500 0.381250 0.418125 0.376094 0.420000 0.369062 0.415000 0.368750 0.397292 0.365469 0.397292 0.355938 0.389792 0.353906 0.380833
0 0.668984 0.622292 0.055156 0.057500 0.652969 0.602708 0.660625 0.602708 0.669531 0.593542 0.678438 0.608542 0.686406 0.610000 0.690312 0.602292 0.690000 0.594792 0.696250 0.600208 0.696562 0.608333 0.694844 0.620625 0.675625 0.648333 0.670312 0.651042 0.659375 0.650208 0.653438 0.641250 0.645312 0.622917 0.642500 0.609792 0.641406 0.604583