0 0.105938 0.236250 0.072188 0.072083 0.089688 0.201042 0.102344 0.200208 0.108906 0.203750 0.118438 0.213125 0.141719 0.246042 0.142031 0.258125 0.138281 0.263333 0.129375 0.266667 0.123125 0.267083 0.113125 0.272292 0.084844 0.267500 0.079219 0.262083 0.072500 0.253542 0.070312 0.243542 0.069844 0.230625 0.073438 0.220833 0.079375 0.211458 0.084375 0.204792
0 0.081875 0.333958 0.065312 0.086667 0.066875 0.293542 0.067812 0.301250 0.075156 0.311042 0.080781 0.310833 0.095625 0.298125 0.103281 0.299792 0.113906 0.316875 0.114531 0.327083 0.099219 0.368333 0.093125 0.376250 0.089063 0.377292 0.084375 0.375000 0.070312 0.356667 0.055313 0.339375 0.052031 0.334167 0.050000 0.322917 0.049219 0.311667 0.050625 0.305208 0.054062 0.298125 0.059688 0.290625
0 0.052031 0.439896 0.066562 0.066458 0.023281 0.406667 0.023281 0.412292 0.019688 0.413750 0.018750 0.416875 0.021563 0.431875 0.028750 0.448750 0.035469 0.460417 0.041094 0.471250 0.048125 0.473125 0.056250 0.471875 0.066719 0.463542 0.078281 0.452292 0.084687 0.440000 0.085312 0.429167 0.079844 0.428542 0.078438 0.431458 0.078438 0.435625 0.070000 0.440833 0.068594 0.438125 0.056719 0.428750 0.048906 0.432292 0.038281 0.432500 0.029531 0.431042 0.029219 0.422292 0.034063 0.414792 0.034219 0.409167
0 0.235547 0.371146 0.059531 0.082708 0.217656 0.346042 0.212969 0.358542 0.212344 0.372917 0.205781 0.396667 0.206719 0.402292 0.211875 0.410208 0.218594 0.412500 0.257656 0.405208 0.264375 0.399583 0.265313 0.387917 0.262031 0.387917 0.259063 0.370833 0.254531 0.363542 0.245781 0.355000 0.243594 0.341250 0.235625 0.329792 0.230000 0.330417 0.224688 0.333750 0.221875 0.336667
0 0.226094 0.302917 0.057500 0.078750 0.202500 0.263542 0.205781 0.273542 0.211875 0.277083 0.215937 0.288958 0.222500 0.293542 0.229531 0.290833 0.236250 0.302500 0.248438 0.305208 0.248906 0.294375 0.254844 0.302917 0.249219 0.317917 0.244375 0.324792 0.239063 0.326250 0.237031 0.329167 0.229219 0.323125 0.225625 0.325417 0.225469 0.333750 0.224375 0.333542 0.221563 0.337083 0.219375 0.342292 0.215156 0.341458 0.206094 0.334792 0.205938 0.326042 0.200469 0.319375 0.199063 0.299167 0.197344 0.288542 0.198906 0.276667 0.199687 0.269792
0 0.314297 0.354687 0.058594 0.081042 0.298906 0.314583 0.305625 0.314583 0.313437 0.314167 0.324531 0.316458 0.332969 0.322500 0.340313 0.330417 0.343594 0.346042 0.341250 0.362917 0.332031 0.377292 0.321563 0.391042 0.315156 0.395208 0.307500 0.393750 0.303281 0.387292 0.294844 0.374167 0.289375 0.363542 0.287031 0.350833 0.285000 0.337708 0.288281 0.325000 0.293281 0.319792
0 0.382812 0.350521 0.062187 0.090208 0.363750 0.306667 0.373594 0.310000 0.384844 0.305417 0.389062 0.308542 0.410000 0.308542 0.412031 0.316875 0.413906 0.333750 0.411875 0.353958 0.407656 0.374583 0.404844 0.391458 0.400938 0.394167 0.394687 0.395625 0.389062 0.392083 0.378437 0.376667 0.368438 0.365625 0.353125 0.342917 0.351719 0.332500 0.352969 0.321667 0.356250 0.313750
0 0.445703 0.293125 0.058594 0.090000 0.430000 0.248125 0.423750 0.256042 0.420156 0.262292 0.418438 0.270417 0.416406 0.274167 0.418125 0.289792 0.424062 0.307917 0.427813 0.324792 0.432031 0.335625 0.438594 0.338125 0.447031 0.335208 0.459844 0.315208 0.470937 0.301667 0.475000 0.289375 0.474062 0.274375 0.466250 0.271667 0.461406 0.279792 0.450156 0.273542 0.448437 0.259375 0.440625 0.252917
0 0.412344 0.419167 0.059375 0.086250 0.382656 0.410625 0.382656 0.423542 0.386094 0.430208 0.394531 0.440000 0.406719 0.456458 0.417969 0.462083 0.423750 0.462292 0.431094 0.453333 0.438750 0.447292 0.442031 0.434167 0.441719 0.415833 0.437500 0.394792 0.430156 0.381042 0.422344 0.376458 0.418438 0.376042 0.417812 0.380417 0.405156 0.387500 0.404375 0.392292 0.400938 0.394167 0.394219 0.395625 0.394531 0.402500 0.387500 0.404167
0 0.494609 0.339062 0.060781 0.082292 0.479219 0.299792 0.489687 0.297917 0.500000 0.305625 0.507969 0.313542 0.513281 0.322500 0.524687 0.336250 0.525000 0.343542 0.521875 0.347292 0.520781 0.356042 0.508906 0.367083 0.488438 0.373542 0.482812 0.379792 0.470937 0.380208 0.464219 0.372917 0.464219 0.361042 0.466250 0.349792 0.468594 0.339792 0.468438 0.322292 0.471875 0.313333
0 0.556719 0.341354 0.052500 0.084375 0.535156 0.305417 0.547031 0.303958 0.550000 0.304792 0.560469 0.299167 0.568438 0.299792 0.575156 0.303750 0.582656 0.317917 0.582969 0.335208 0.579844 0.345000 0.577031 0.351042 0.575156 0.362083 0.575313 0.366250 0.576562 0.368958 0.576562 0.374167 0.574219 0.381250 0.571094 0.383125 0.566094 0.383542 0.563594 0.382500 0.560469 0.377083 0.553906 0.367708 0.546406 0.360625 0.538281 0.353542 0.531406 0.340417 0.530625 0.332500 0.530469 0.321667 0.532031 0.312917
0 0.602109 0.256875 0.067656 0.087500 0.578125 0.229792 0.584063 0.221667 0.588906 0.216875 0.597969 0.213542 0.607187 0.213125 0.617344 0.217708 0.625469 0.227917 0.630781 0.239167 0.634219 0.254792 0.635938 0.269792 0.635938 0.284792 0.633594 0.293542 0.625938 0.299167 0.616719 0.300417 0.607344 0.300625 0.596719 0.299792 0.586562 0.296667 0.578437 0.290000 0.573906 0.282917 0.568906 0.271667 0.568281 0.257708 0.569531 0.246875 0.572031 0.240417
0 0.610547 0.382083 0.056406 0.085833 0.586562 0.372917 0.592812 0.360417 0.600313 0.356250 0.611094 0.341667 0.616094 0.339167 0.622344 0.341250 0.632500 0.352917 0.632969 0.357083 0.636406 0.360417 0.638750 0.416667 0.636406 0.422917 0.629844 0.425000 0.606875 0.412917 0.602031 0.413542 0.590938 0.407292 0.582344 0.396875 0.582344 0.384375
0 0.584062 0.464375 0.053437 0.075417 0.587969 0.429167 0.602187 0.426667 0.608750 0.431042 0.608281 0.435417 0.610781 0.441042 0.609063 0.492708 0.605000 0.499375 0.599219 0.502083 0.589219 0.497917 0.584844 0.491042 0.569219 0.480417 0.558750 0.469375 0.557344 0.463750 0.558594 0.449167 0.558437 0.440417 0.566719 0.432917 0.570312 0.433333 0.575937 0.438958 0.581875 0.438958
0 0.688359 0.315833 0.055156 0.080417 0.683125 0.279167 0.679063 0.282083 0.679375 0.291042 0.681719 0.295625 0.689219 0.296250 0.694844 0.298542 0.700156 0.295833 0.698125 0.291042 0.702500 0.292917 0.710781 0.310208 0.712656 0.310208 0.715938 0.320000 0.712500 0.325208 0.709375 0.325417 0.705156 0.335000 0.701406 0.335208 0.699062 0.341042 0.684375 0.354375 0.674063 0.356042 0.670937 0.352083 0.665781 0.348750 0.661406 0.341667 0.660781 0.324792 0.662969 0.305208 0.665937 0.289167 0.671719 0.279375 0.677500 0.275625
0 0.745625 0.335625 0.056562 0.080417 0.717344 0.324792 0.717344 0.339792 0.721094 0.351042 0.731719 0.369792 0.738438 0.375833 0.749375 0.375417 0.753437 0.373125 0.760000 0.369375 0.763750 0.369375 0.768437 0.358542 0.772656 0.334167 0.773906 0.320417 0.773594 0.311250 0.769375 0.299583 0.762344 0.295417 0.757188 0.300833 0.735000 0.318125 0.721562 0.315417
0 0.733906 0.467083 0.055625 0.075000 0.738125 0.434167 0.744062 0.435417 0.750156 0.441250 0.758906 0.441250 0.761250 0.445417 0.760469 0.454167 0.761719 0.458958 0.747344 0.490833 0.739844 0.500208 0.734687 0.504583 0.728594 0.503542 0.725469 0.501250 0.718125 0.500417 0.712187 0.495208 0.709375 0.484375 0.706094 0.447292 0.706719 0.438542 0.708125 0.432292 0.713750 0.429583 0.712500 0.438333 0.713750 0.442917 0.718281 0.443542 0.730000 0.440208 0.735625 0.437500
0 0.859844 0.294167 0.070312 0.076250 0.866406 0.263333 0.862344 0.262917 0.852812 0.271667 0.846094 0.281042 0.840156 0.277917 0.838438 0.268125 0.824687 0.274167 0.824844 0.277292 0.826719 0.278750 0.827031 0.281667 0.824687 0.285417 0.828438 0.290417 0.828125 0.303125 0.841719 0.317708 0.849844 0.320000 0.862187 0.332292 0.868594 0.332292 0.876250 0.329167 0.881094 0.320208 0.884375 0.308542 0.894688 0.278542 0.895000 0.260625 0.888594 0.256042 0.887969 0.270417 0.881250 0.271250
0 0.940078 0.351979 0.077656 0.096875 0.902031 0.339583 0.901250 0.358542 0.905781 0.364375 0.913125 0.370833 0.930469 0.391042 0.935000 0.399167 0.943437 0.400417 0.951875 0.400417 0.964219 0.383542 0.963125 0.373750 0.971562 0.359792 0.976719 0.342292 0.978906 0.323542 0.972969 0.314167 0.973281 0.310417 0.969219 0.305833 0.957969 0.303542 0.945312 0.310417 0.929063 0.318750 0.917812 0.327292
0 0.942969 0.200729 0.081875 0.100208 0.905781 0.204583 0.902031 0.212917 0.907656 0.225208 0.912813 0.231667 0.925781 0.235417 0.937031 0.244167 0.950469 0.250833 0.966719 0.250000 0.969844 0.240625 0.972656 0.223750 0.976250 0.202500 0.983906 0.182500 0.983281 0.178333 0.978281 0.172708 0.977656 0.156667 0.968125 0.150625 0.960781 0.153542 0.950469 0.163750 0.939688 0.178542 0.924219 0.187292 0.925625 0.196042 0.923750 0.217500 0.919531 0.218542