0 0.033414 0.317581 0.066828 0.067913 0.000191 0.295113 0.006702 0.288220 0.014744 0.284646 0.026616 0.283624 0.034084 0.284390 0.043850 0.291794 0.053424 0.307624 0.065104 0.323453 0.066828 0.332389 0.064338 0.339282 0.054764 0.344388 0.037914 0.350260 0.024701 0.351537 0.008808 0.345665 0.000000 0.335708
0 0.016563 0.411280 0.033127 0.074551 0.000000 0.381664 0.009957 0.374004 0.015127 0.375536 0.023361 0.382430 0.029297 0.382940 0.033127 0.394429 0.033127 0.406429 0.025467 0.423790 0.010532 0.447789 0.005744 0.448555 0.000574 0.446768
0 0.132315 0.387025 0.057062 0.065359 0.108379 0.354345 0.103784 0.364047 0.104933 0.375536 0.108379 0.385493 0.110869 0.387025 0.111443 0.393919 0.113549 0.400301 0.115273 0.415365 0.119868 0.419194 0.122932 0.419705 0.124655 0.415365 0.129442 0.412301 0.131357 0.408216 0.127336 0.398514 0.130400 0.400812 0.145527 0.410514 0.150888 0.403110 0.156633 0.397493 0.157973 0.390599 0.160846 0.384727 0.152803 0.378600 0.147250 0.382430 0.138251 0.383195 0.131740 0.372728 0.125230 0.374770 0.114124 0.369409 0.113166 0.365834 0.114315 0.358941
0 0.138729 0.447917 0.059934 0.077359 0.131549 0.409237 0.123889 0.417662 0.118336 0.424045 0.116039 0.426088 0.115273 0.439619 0.113166 0.444725 0.113932 0.454427 0.108762 0.470512 0.109337 0.478171 0.115273 0.484043 0.123889 0.486596 0.138442 0.483532 0.149165 0.484554 0.159505 0.481235 0.168696 0.474341 0.168696 0.463363 0.167547 0.459789 0.162760 0.465405 0.160080 0.468980 0.157207 0.465661 0.153761 0.447278 0.150697 0.442172 0.138634 0.431704 0.138442 0.415620
0 0.208621 0.434768 0.059168 0.080678 0.238205 0.444215 0.230162 0.454427 0.229013 0.460299 0.218673 0.469746 0.205461 0.475107 0.196270 0.474341 0.192440 0.468469 0.188802 0.458001 0.187653 0.446768 0.181717 0.435789 0.179036 0.416131 0.186696 0.406939 0.186696 0.401323 0.197610 0.394429 0.216184 0.397238 0.219439 0.400046 0.214844 0.405663 0.218099 0.410258 0.224226 0.410514 0.229396 0.409237 0.232843 0.405918 0.229971 0.415365 0.229013 0.420726 0.229013 0.428130 0.231503 0.435023
0 0.261661 0.436428 0.066828 0.086550 0.234184 0.401578 0.229779 0.414854 0.228248 0.424045 0.230162 0.433747 0.240119 0.444470 0.250651 0.456980 0.257927 0.470256 0.269225 0.479703 0.276118 0.479703 0.283012 0.473575 0.286650 0.457491 0.293543 0.426598 0.295075 0.412811 0.292011 0.400046 0.290288 0.396727 0.285884 0.393153 0.279948 0.393153 0.272863 0.399280 0.256204 0.394429
0 0.296703 0.502936 0.060317 0.087827 0.267502 0.487362 0.266544 0.498851 0.269225 0.510340 0.294501 0.542254 0.303883 0.546849 0.311160 0.544807 0.314798 0.537148 0.324180 0.529233 0.326861 0.509574 0.324755 0.490171 0.319968 0.474086 0.316521 0.467703 0.304841 0.459023 0.297373 0.463618 0.285501 0.472044
0 0.333084 0.380132 0.061466 0.087316 0.315181 0.336474 0.306564 0.347197 0.302351 0.361494 0.304841 0.374770 0.313457 0.393919 0.319393 0.413833 0.324563 0.422258 0.334138 0.423790 0.350414 0.403110 0.362477 0.379366 0.363817 0.369409 0.363051 0.360983 0.359988 0.359452 0.355967 0.363281 0.345052 0.357664 0.340648 0.366345 0.334138 0.365068 0.333372 0.352558 0.323223 0.339027
0 0.380668 0.426981 0.062423 0.080933 0.369179 0.386515 0.364583 0.387025 0.355009 0.403110 0.354243 0.411790 0.354243 0.423790 0.349456 0.448555 0.350605 0.461320 0.355392 0.467448 0.364392 0.467448 0.372817 0.462086 0.395029 0.456725 0.408433 0.439619 0.409007 0.434258 0.410731 0.429151 0.411880 0.423024 0.403263 0.427364 0.396752 0.420471 0.392157 0.412046 0.380476 0.400557 0.378753 0.395450
0 0.443091 0.429662 0.056679 0.084763 0.419922 0.393919 0.428539 0.394174 0.441751 0.387280 0.448836 0.387791 0.457835 0.390089 0.465686 0.395195 0.469133 0.406684 0.471431 0.422258 0.466261 0.435279 0.462623 0.451108 0.462240 0.456725 0.457644 0.460299 0.458027 0.465150 0.454389 0.472044 0.449410 0.471788 0.435049 0.456725 0.423177 0.442938 0.418390 0.436045 0.415326 0.425577 0.414752 0.415875 0.415709 0.406173
0 0.479282 0.347324 0.067785 0.086040 0.469707 0.304305 0.459176 0.315538 0.450942 0.324729 0.446921 0.337240 0.446921 0.346431 0.445389 0.355111 0.450625 0.367708 0.462344 0.384583 0.481388 0.390344 0.504366 0.389068 0.512983 0.377068 0.513174 0.362771 0.512983 0.339793 0.506281 0.320900 0.496324 0.308900 0.484835 0.305326
0 0.495653 0.473448 0.057253 0.087061 0.470090 0.453406 0.467601 0.464129 0.467027 0.482767 0.471239 0.494000 0.480430 0.500383 0.493260 0.504979 0.510876 0.516978 0.520067 0.515446 0.524280 0.509574 0.523514 0.486596 0.523323 0.461831 0.521791 0.452129 0.516046 0.437832 0.507238 0.433236 0.498621 0.429917 0.492877 0.430173 0.482154 0.442938
0 0.473537 0.556168 0.054381 0.077870 0.452282 0.523361 0.448644 0.527446 0.446921 0.536382 0.446347 0.556551 0.450559 0.564721 0.458410 0.570849 0.470090 0.581316 0.484260 0.595103 0.494600 0.592295 0.498621 0.579785 0.500153 0.555530 0.500728 0.530254 0.497664 0.521829 0.493834 0.518255 0.473537 0.517233 0.471048 0.521063 0.468367 0.523872 0.465686 0.528978 0.458410 0.531020
0 0.581821 0.412301 0.049594 0.073019 0.561236 0.375791 0.558364 0.383961 0.557024 0.400812 0.557981 0.428385 0.561619 0.439364 0.571576 0.448810 0.578470 0.447023 0.589001 0.434513 0.603554 0.421237 0.606618 0.416641 0.603171 0.411535 0.602788 0.400557 0.600107 0.405407 0.599341 0.405152 0.590342 0.391365 0.587278 0.383195 0.585172 0.387280 0.576938 0.389323 0.568704 0.387280 0.562768 0.382685
0 0.621370 0.569299 0.053215 0.071451 0.616958 0.533573 0.610677 0.538366 0.594763 0.541795 0.601675 0.594307 0.618232 0.605024 0.625574 0.603273 0.647786 0.563700 0.647978 0.541743 0.642425 0.534850 0.638595 0.542254 0.629404 0.542509 0.623085 0.534084
0 0.746496 0.391238 0.067976 0.078891 0.738549 0.361749 0.723614 0.375536 0.718061 0.371451 0.719593 0.363792 0.712508 0.367111 0.713657 0.398769 0.728401 0.412301 0.738166 0.416896 0.755591 0.430683 0.767080 0.428385 0.774165 0.416896 0.777037 0.391876 0.780101 0.374770 0.780484 0.362005 0.777612 0.352558 0.774165 0.351792 0.766314 0.354856 0.765357 0.367877 0.759421 0.367877 0.745251 0.362260
0 0.825961 0.456214 0.076019 0.105699 0.789484 0.435023 0.787952 0.449321 0.789867 0.456725 0.793696 0.465405 0.804036 0.476894 0.820121 0.499362 0.830844 0.509064 0.839652 0.508808 0.849992 0.493745 0.849992 0.482767 0.859184 0.463363 0.863205 0.447534 0.863971 0.433492 0.861481 0.422003 0.855162 0.405918 0.843099 0.403365 0.819738 0.413833
0 0.638979 0.428582 0.058041 0.084230 0.609959 0.420442 0.610490 0.408173 0.625000 0.407937 0.657206 0.386467 0.662514 0.389298 0.666761 0.406285 0.668000 0.450878 0.660214 0.464326 0.650127 0.464326 0.643934 0.470696 0.633140 0.470225 0.622346 0.459607 0.611552 0.441676
0 0.834513 0.299405 0.063703 0.104757 0.802661 0.317809 0.803900 0.282890 0.844776 0.247027 0.849200 0.247735 0.859287 0.253633 0.866365 0.280059 0.859994 0.339515 0.854509 0.351784 0.845307 0.350840 0.837698 0.348245 0.816641 0.332673 0.811686 0.331257 0.803369 0.325123