0 0.198803 0.350834 0.098228 0.124726 0.190314 0.288471 0.173907 0.288471 0.164793 0.294374 0.155157 0.309652 0.150730 0.317985 0.149689 0.333957 0.156199 0.348888 0.166876 0.365207 0.177293 0.383263 0.189012 0.396804 0.197085 0.407568 0.208439 0.412851 0.220659 0.413197 0.227938 0.405225 0.236778 0.392052 0.242757 0.376800 0.244792 0.360764 0.247917 0.343750 0.246615 0.326042 0.241717 0.308857 0.227553 0.301318 0.219480 0.294374 0.206460 0.289166
0 0.239095 0.468033 0.088939 0.121875 0.230042 0.412651 0.216761 0.422026 0.202959 0.434179 0.195667 0.443901 0.194626 0.456401 0.200615 0.473762 0.208428 0.491471 0.219365 0.504665 0.225876 0.515082 0.236032 0.525846 0.250094 0.528971 0.263896 0.516471 0.274465 0.504715 0.281225 0.490156 0.283565 0.463811 0.282785 0.444052 0.276285 0.425680 0.263896 0.410568 0.252699 0.407096 0.242021 0.407096
0 0.304615 0.315949 0.081115 0.119097 0.310812 0.281747 0.303913 0.274674 0.299353 0.264386 0.290239 0.256747 0.283468 0.256400 0.276697 0.259178 0.269666 0.269942 0.265499 0.281053 0.264057 0.300534 0.267697 0.313360 0.274197 0.333119 0.280082 0.351886 0.284249 0.367858 0.294666 0.375497 0.308468 0.369942 0.317582 0.358483 0.323965 0.349674 0.327090 0.334049 0.333079 0.325716 0.343612 0.316480 0.345172 0.300534 0.334770 0.284872 0.326957 0.275844 0.317843 0.275844
0 0.362180 0.368661 0.086070 0.102302 0.357166 0.318552 0.344405 0.317510 0.338155 0.322372 0.333468 0.330010 0.329301 0.338691 0.328652 0.350368 0.327999 0.361955 0.326957 0.369941 0.322530 0.378969 0.320187 0.390427 0.319145 0.401538 0.323184 0.415299 0.329434 0.419812 0.341541 0.419594 0.354041 0.415774 0.366280 0.415080 0.378520 0.415080 0.386072 0.410219 0.399486 0.399326 0.405215 0.388215 0.404434 0.367382 0.397142 0.358701 0.393490 0.350694 0.387240 0.340972 0.378385 0.331250 0.370312 0.321528
0 0.446966 0.372765 0.072135 0.106597 0.423658 0.328841 0.414804 0.336828 0.410898 0.352800 0.411940 0.368425 0.415065 0.384050 0.420794 0.391689 0.429388 0.398980 0.440585 0.410786 0.453606 0.422244 0.464804 0.426064 0.471054 0.414953 0.468710 0.402453 0.472877 0.396897 0.481210 0.390994 0.483033 0.377453 0.483033 0.364953 0.482252 0.350022 0.474179 0.337522 0.470013 0.330925 0.461940 0.324328 0.448919 0.319466 0.441367 0.320161 0.430690 0.321897
0 0.502631 0.263141 0.087967 0.113996 0.471148 0.227323 0.459689 0.249198 0.458648 0.263782 0.464116 0.288435 0.472710 0.303712 0.480208 0.313889 0.492448 0.320139 0.514583 0.318750 0.526877 0.311351 0.539070 0.300716 0.546615 0.287500 0.544846 0.261351 0.537814 0.239476 0.529221 0.225587 0.517502 0.214129 0.504221 0.206143 0.493543 0.208226 0.484429 0.211351 0.478439 0.220379
0 0.519558 0.426868 0.081196 0.109722 0.495106 0.390410 0.488856 0.398396 0.485471 0.408118 0.482086 0.422007 0.478961 0.434854 0.482346 0.448743 0.489377 0.459507 0.498752 0.466104 0.508908 0.470965 0.517502 0.469924 0.526096 0.473049 0.536513 0.477910 0.547450 0.481729 0.557813 0.475694 0.560156 0.460764 0.560156 0.452431 0.558333 0.446181 0.557086 0.430687 0.556044 0.416451 0.552919 0.404646 0.548492 0.392493 0.539638 0.381729 0.530783 0.375132 0.522711 0.372007 0.513336 0.374090 0.502398 0.383812
0 0.485142 0.545669 0.074508 0.110746 0.478291 0.495004 0.473351 0.497777 0.467940 0.501754 0.462731 0.502448 0.453096 0.508698 0.449971 0.517726 0.450231 0.527448 0.447888 0.539948 0.450492 0.551060 0.454658 0.560435 0.462211 0.567032 0.470283 0.576060 0.482523 0.583351 0.490336 0.592726 0.500231 0.598282 0.511198 0.601042 0.519531 0.589583 0.522396 0.575347 0.521586 0.555921 0.522106 0.528490 0.519763 0.505573 0.512731 0.495851 0.500752 0.491685 0.487211 0.490296 0.481742 0.493421
0 0.622122 0.365977 0.061736 0.096566 0.631671 0.324794 0.623285 0.322902 0.617295 0.318735 0.610525 0.317694 0.603754 0.319430 0.598285 0.325680 0.594639 0.336444 0.593077 0.352069 0.591254 0.369430 0.592556 0.382624 0.591775 0.397555 0.594900 0.404846 0.598025 0.409013 0.605738 0.413218 0.613811 0.414260 0.619379 0.409360 0.629795 0.400680 0.642556 0.390610 0.652990 0.377831 0.652452 0.365610 0.651150 0.354152 0.649587 0.346513 0.643890 0.347326 0.638171 0.334154
0 0.697584 0.385071 0.074093 0.099056 0.665486 0.356127 0.662621 0.361682 0.660538 0.376265 0.663403 0.390154 0.669392 0.405779 0.678646 0.420486 0.684236 0.428002 0.692569 0.434252 0.709757 0.434599 0.720955 0.432863 0.728507 0.427307 0.732153 0.422446 0.734236 0.410293 0.734631 0.398285 0.733976 0.389807 0.733976 0.365154 0.731371 0.353002 0.724219 0.341319 0.725011 0.342129 0.717472 0.335543 0.709672 0.335543 0.697517 0.338418 0.688663 0.342238 0.681892 0.347793 0.673299 0.351960
0 0.692745 0.539770 0.080657 0.112866 0.694175 0.483337 0.683948 0.484259 0.675165 0.488545 0.667092 0.492017 0.662052 0.495123 0.658406 0.494429 0.654760 0.499984 0.653458 0.508317 0.652416 0.519776 0.656062 0.529498 0.656583 0.541998 0.658406 0.551373 0.659279 0.563892 0.661531 0.574290 0.662768 0.586481 0.671166 0.593387 0.676570 0.596203 0.684383 0.594814 0.690698 0.594429 0.703646 0.588889 0.715885 0.573958 0.724219 0.553472 0.733073 0.532639 0.731510 0.511458 0.724740 0.497569 0.716927 0.489583 0.710229 0.490609
0 0.839620 0.306420 0.092115 0.115779 0.833927 0.257262 0.821427 0.268374 0.812312 0.274971 0.803198 0.272193 0.799552 0.276360 0.793562 0.284346 0.793562 0.294762 0.794182 0.302261 0.798342 0.308154 0.799122 0.318206 0.801895 0.324624 0.807104 0.331568 0.817781 0.340249 0.823510 0.339554 0.831062 0.350665 0.839420 0.355991 0.851899 0.364310 0.860998 0.361190 0.866679 0.352806 0.875000 0.339583 0.878385 0.320139 0.883333 0.292708 0.885677 0.273611 0.882031 0.255903 0.869578 0.249571 0.863338 0.248531 0.859178 0.254424
0 0.926953 0.194746 0.098177 0.121240 0.908845 0.159084 0.900526 0.167403 0.903385 0.185429 0.904945 0.203108 0.902530 0.209880 0.880729 0.204514 0.877865 0.220486 0.888021 0.232639 0.896875 0.238889 0.908333 0.242014 0.919531 0.245139 0.930208 0.251389 0.952270 0.255366 0.963728 0.253977 0.967716 0.245860 0.975000 0.236111 0.973958 0.217361 0.974740 0.201042 0.976042 0.184375 0.975260 0.170833 0.973177 0.160764 0.964852 0.146555 0.957299 0.139610 0.951570 0.134402 0.938743 0.134125 0.927304 0.142445 0.917113 0.155019
0 0.952440 0.361501 0.095120 0.134637 0.991927 0.299653 0.984115 0.295833 0.972402 0.298991 0.957744 0.294182 0.942380 0.301821 0.937171 0.311890 0.922328 0.321613 0.913473 0.329599 0.908005 0.340363 0.904880 0.351474 0.905661 0.375779 0.918161 0.387585 0.932250 0.404175 0.947069 0.415614 0.960938 0.423611 0.971615 0.428125 0.983073 0.428819 0.990365 0.421875 0.994531 0.418403 0.998437 0.411458 0.999740 0.340278 1.000000 0.328125 0.998437 0.317014 0.998437 0.306597
0 0.122396 0.383166 0.087500 0.101030 0.084896 0.403472 0.078646 0.377778 0.080990 0.359028 0.096615 0.338194 0.108333 0.332986 0.119792 0.332651 0.130729 0.335429 0.146615 0.344792 0.156510 0.361458 0.166146 0.383681 0.162760 0.399665 0.158854 0.411806 0.152344 0.422917 0.140104 0.431250 0.126562 0.433681 0.113542 0.432304 0.100260 0.426401 0.089323 0.414236
0 0.028776 0.409896 0.055469 0.100347 0.001042 0.360069 0.011458 0.359722 0.020052 0.379861 0.028385 0.392361 0.034375 0.393056 0.037500 0.427431 0.047135 0.426389 0.052865 0.426042 0.055990 0.440625 0.056510 0.449306 0.048698 0.454514 0.036458 0.459375 0.024479 0.460069 0.006771 0.459028 0.001042 0.459375