0 0.366719 0.380625 0.107813 0.119583 0.343750 0.327500 0.335000 0.350833 0.325625 0.364583 0.315000 0.383333 0.312812 0.406667 0.324375 0.427500 0.343750 0.440417 0.368438 0.438333 0.381250 0.431250 0.401562 0.430000 0.415000 0.423750 0.420625 0.404167 0.412812 0.382917 0.400000 0.363333 0.382188 0.335833 0.367812 0.321667 0.353750 0.320833
0 0.323281 0.550417 0.102188 0.137500 0.327188 0.481667 0.300625 0.485000 0.279062 0.497500 0.272187 0.526667 0.278125 0.551250 0.288750 0.565833 0.300312 0.580833 0.305938 0.591667 0.310625 0.592083 0.317812 0.606250 0.333437 0.619167 0.345313 0.615417 0.354063 0.597500 0.355625 0.587500 0.360625 0.565417 0.369688 0.547083 0.374375 0.530000 0.371875 0.512917 0.365313 0.495833 0.360625 0.489583 0.358125 0.496667 0.355625 0.507917 0.347812 0.521667 0.340938 0.525417 0.333125 0.518750 0.329375 0.500833 0.329688 0.484167
0 0.250625 0.705000 0.085000 0.109167 0.223125 0.672500 0.234687 0.658750 0.226250 0.651667 0.220625 0.650417 0.218750 0.665833 0.212500 0.672917 0.208125 0.678333 0.209687 0.703333 0.217813 0.736667 0.225937 0.755417 0.240937 0.759583 0.265937 0.749167 0.290625 0.734583 0.293125 0.727500 0.280625 0.710417 0.275312 0.725833 0.258750 0.737500 0.251563 0.735833 0.247500 0.716250 0.252188 0.699167 0.249375 0.686250 0.239687 0.684583 0.227188 0.676250
0 0.561250 0.512708 0.096875 0.113750 0.571875 0.467917 0.535625 0.455833 0.532188 0.465417 0.522500 0.480417 0.514375 0.496250 0.513125 0.512083 0.512813 0.528333 0.521250 0.540000 0.525000 0.552083 0.532188 0.568333 0.546563 0.569583 0.566875 0.568750 0.581250 0.560417 0.600313 0.548333 0.607187 0.536667 0.609687 0.526250 0.601875 0.520833 0.590625 0.512083 0.584688 0.504583
0 0.577187 0.627500 0.098125 0.126667 0.612500 0.600000 0.591562 0.567083 0.583125 0.564167 0.572187 0.567500 0.557500 0.576667 0.552813 0.587083 0.545000 0.592500 0.543438 0.609583 0.540625 0.620000 0.536875 0.628750 0.535000 0.638333 0.534375 0.644583 0.530000 0.657083 0.528125 0.672083 0.534687 0.686250 0.549375 0.690833 0.572187 0.690417 0.585625 0.685833 0.605312 0.682500 0.616563 0.674167 0.626250 0.663333 0.626250 0.650833 0.625312 0.636667
0 0.709844 0.628125 0.096563 0.137083 0.700000 0.560000 0.690937 0.560417 0.682500 0.566667 0.674063 0.575417 0.668125 0.586667 0.662813 0.594583 0.661562 0.611667 0.665625 0.626667 0.667500 0.640000 0.671250 0.645833 0.680312 0.655833 0.685312 0.659167 0.692187 0.666250 0.700000 0.671667 0.708437 0.679583 0.717187 0.688750 0.727812 0.696667 0.736250 0.692500 0.740313 0.684583 0.744688 0.679583 0.743125 0.668750 0.744688 0.661250 0.748437 0.648750 0.748750 0.633750 0.755625 0.618333 0.758125 0.602917 0.753125 0.590833 0.747188 0.573750 0.735938 0.567083 0.723750 0.561667 0.706250 0.559583
0 0.918281 0.536458 0.102813 0.112083 0.925938 0.496250 0.911562 0.485833 0.899062 0.484167 0.890625 0.480417 0.879375 0.492083 0.877188 0.497500 0.866875 0.522500 0.867812 0.535000 0.869063 0.547500 0.872812 0.566667 0.876250 0.575417 0.884688 0.582500 0.896875 0.582083 0.908438 0.588750 0.923125 0.592500 0.938125 0.583750 0.955313 0.575833 0.968125 0.562500 0.969688 0.554583 0.969063 0.548333 0.961562 0.533750 0.958437 0.524583 0.953438 0.514583 0.940312 0.505000
0 0.962344 0.621458 0.072188 0.112083 0.989062 0.574583 0.975313 0.569583 0.969375 0.565417 0.960625 0.570417 0.952187 0.579167 0.933437 0.587083 0.929688 0.591250 0.931250 0.597917 0.954063 0.615000 0.959375 0.622917 0.939688 0.620833 0.934375 0.617917 0.933437 0.642083 0.930000 0.653333 0.926250 0.664583 0.926562 0.672917 0.940312 0.677500 0.957500 0.677500 0.967500 0.670417 0.980000 0.670417 0.996562 0.666667 0.998437 0.664167 0.998437 0.582917
0 0.854531 0.749583 0.103438 0.079167 0.819063 0.710000 0.802812 0.717500 0.807500 0.732917 0.818437 0.758333 0.841875 0.787083 0.860000 0.789167 0.869688 0.780417 0.885000 0.777500 0.897813 0.758750 0.904375 0.735417 0.906250 0.720000 0.897813 0.722083 0.885938 0.724167 0.879687 0.722917 0.876250 0.730417 0.875000 0.744583 0.869063 0.748333 0.860313 0.747917 0.850938 0.735833 0.842812 0.724167 0.837813 0.726667 0.823750 0.739167 0.818125 0.730000
0 0.875469 0.663333 0.115937 0.123333 0.849062 0.601667 0.839063 0.612917 0.832500 0.622917 0.827187 0.625833 0.825000 0.615000 0.822813 0.610000 0.817500 0.625417 0.821250 0.646250 0.834688 0.668750 0.858437 0.699167 0.874062 0.714167 0.882500 0.722917 0.895625 0.725000 0.903438 0.720417 0.906563 0.710833 0.910625 0.697083 0.915312 0.682917 0.919687 0.671250 0.928125 0.657083 0.933437 0.637917 0.931875 0.622917 0.916250 0.623750 0.897500 0.617500 0.886250 0.607917 0.881875 0.617917 0.867812 0.623750 0.858125 0.615417
0 0.988594 0.767581 0.019688 0.045995 0.991563 0.744583 0.978750 0.746667 0.981250 0.764583 0.989375 0.780833 0.998437 0.790578 0.998437 0.758750 0.985625 0.761667