0 0.082891 0.389792 0.069219 0.069583 0.061250 0.359167 0.070156 0.355000 0.083281 0.355417 0.090156 0.359583 0.107031 0.378958 0.117031 0.395208 0.117500 0.404583 0.111563 0.411458 0.097500 0.415208 0.071563 0.424583 0.066875 0.424583 0.057031 0.415833 0.055313 0.410625 0.049062 0.405208 0.048281 0.395208 0.052031 0.379375 0.056250 0.365208
0 0.067578 0.490729 0.061094 0.071042 0.047656 0.456458 0.047969 0.466875 0.051406 0.474792 0.061250 0.476458 0.073906 0.464583 0.074531 0.455208 0.084844 0.459583 0.093594 0.459792 0.096406 0.463333 0.098125 0.474167 0.087344 0.515000 0.083125 0.522500 0.075781 0.526250 0.066250 0.517083 0.061250 0.508958 0.049375 0.499583 0.048281 0.497292 0.038125 0.483750 0.037031 0.467708 0.041250 0.458958
0 0.053750 0.582604 0.057188 0.038958 0.034531 0.568333 0.030312 0.577708 0.030312 0.588542 0.037656 0.588333 0.044844 0.586458 0.052344 0.580208 0.067656 0.589583 0.071406 0.588333 0.074219 0.581458 0.074844 0.571667 0.076250 0.570208 0.082344 0.572917 0.076094 0.586042 0.068281 0.595000 0.060313 0.601458 0.052812 0.602083 0.047656 0.598333 0.038125 0.588125 0.030312 0.588333 0.030312 0.580833 0.027500 0.577708 0.025156 0.571250 0.025469 0.563333 0.029531 0.563125
0 0.191797 0.468438 0.052969 0.042708 0.176250 0.451458 0.175156 0.453125 0.177187 0.464583 0.183125 0.465000 0.195625 0.460833 0.199844 0.468958 0.209687 0.469167 0.212656 0.465000 0.213906 0.459167 0.218281 0.460208 0.213750 0.469583 0.209687 0.479375 0.206562 0.479375 0.208125 0.484583 0.205313 0.487292 0.194375 0.489375 0.189219 0.489792 0.184219 0.485625 0.177969 0.477708 0.177656 0.472917 0.174219 0.471458 0.167813 0.459375 0.165313 0.448542 0.168125 0.447083 0.174063 0.448125
0 0.207969 0.526354 0.047813 0.069792 0.189219 0.492917 0.185625 0.513958 0.184062 0.550000 0.186875 0.557500 0.190625 0.561250 0.211719 0.558542 0.224375 0.556667 0.231875 0.549583 0.225781 0.541250 0.225781 0.535208 0.222656 0.528542 0.214219 0.528333 0.208281 0.522917 0.207031 0.513958 0.207187 0.505625 0.200156 0.498958 0.194531 0.491458
0 0.277266 0.521042 0.059531 0.086250 0.247500 0.503958 0.253594 0.530833 0.258125 0.535000 0.259219 0.544792 0.266250 0.561250 0.274219 0.564167 0.281406 0.561458 0.285938 0.555208 0.299063 0.526667 0.299063 0.521458 0.300469 0.514583 0.287031 0.520625 0.287969 0.512708 0.296406 0.501875 0.307031 0.498542 0.298281 0.489167 0.289844 0.483958 0.282813 0.481667 0.271563 0.478958 0.263437 0.477917 0.257188 0.482083 0.251563 0.490000
0 0.330234 0.538542 0.062031 0.084167 0.299219 0.526667 0.302344 0.532083 0.301094 0.539167 0.318281 0.560000 0.322813 0.560833 0.334844 0.575833 0.342500 0.580417 0.349531 0.580625 0.355469 0.572708 0.359531 0.563333 0.360469 0.544375 0.361250 0.503750 0.356719 0.496667 0.350625 0.496458 0.350312 0.517708 0.337344 0.516875 0.331719 0.515417 0.327656 0.510833 0.323594 0.512083 0.321875 0.518542 0.312344 0.519167 0.308906 0.516458 0.308750 0.512083 0.300469 0.513958 0.299219 0.521458
0 0.371406 0.585313 0.057813 0.077292 0.342500 0.589375 0.348438 0.600000 0.364687 0.615625 0.372188 0.623542 0.386719 0.623958 0.398906 0.608125 0.400312 0.594583 0.397813 0.581458 0.390781 0.557083 0.385000 0.550833 0.377344 0.546667 0.369375 0.550208 0.369844 0.558750 0.362656 0.568750 0.357656 0.568958 0.356250 0.573333 0.350000 0.581667 0.347031 0.581250
0 0.395625 0.467187 0.058125 0.073125 0.377344 0.430625 0.371094 0.436250 0.366563 0.451667 0.367812 0.457917 0.385781 0.495833 0.389375 0.501458 0.397031 0.503750 0.403750 0.498333 0.424219 0.473750 0.424687 0.460833 0.412500 0.454583 0.408281 0.469583 0.400625 0.467708 0.397969 0.462292 0.396406 0.445833 0.392500 0.445833 0.383750 0.439167 0.382969 0.431250
0 0.446484 0.516042 0.052031 0.070833 0.428906 0.481250 0.423750 0.492500 0.423281 0.521875 0.420781 0.527292 0.420469 0.543542 0.423594 0.548333 0.429219 0.551458 0.437344 0.551250 0.439375 0.546875 0.455000 0.544167 0.461562 0.541250 0.468594 0.534375 0.472500 0.527292 0.467969 0.525000 0.458906 0.509375 0.450000 0.507500 0.448594 0.491667 0.435469 0.482292 0.432031 0.480625
0 0.512891 0.514375 0.055469 0.082083 0.486562 0.486250 0.485156 0.498125 0.486094 0.513125 0.489375 0.522500 0.507656 0.550208 0.512188 0.555208 0.520625 0.554375 0.528438 0.555417 0.531094 0.549792 0.532969 0.537500 0.532656 0.527708 0.536719 0.516458 0.540625 0.503333 0.536250 0.483125 0.525469 0.473750 0.519688 0.473333 0.511875 0.474583 0.501250 0.489375 0.494062 0.489375 0.491875 0.484167
0 0.545469 0.626563 0.054375 0.073125 0.518281 0.600208 0.518281 0.630625 0.533281 0.644167 0.550781 0.657708 0.558750 0.663125 0.567344 0.661042 0.570937 0.652708 0.572656 0.598750 0.563906 0.590000 0.563594 0.603333 0.545625 0.597917 0.538281 0.615000 0.532031 0.614792 0.527344 0.608750 0.526406 0.597917
0 0.568984 0.555938 0.056094 0.089375 0.563906 0.523542 0.560781 0.537500 0.555781 0.538958 0.547031 0.541250 0.541406 0.547292 0.540937 0.571875 0.550312 0.585833 0.561406 0.590000 0.572344 0.592292 0.580781 0.599167 0.593125 0.600625 0.596250 0.596250 0.597031 0.575000 0.595938 0.544167 0.594219 0.531458 0.587187 0.516458 0.573438 0.511250 0.567812 0.515000
0 0.553359 0.445312 0.070156 0.094375 0.540000 0.482917 0.572813 0.492500 0.581094 0.491250 0.586406 0.484375 0.588438 0.475417 0.586875 0.449167 0.584688 0.430000 0.579375 0.416875 0.575469 0.408750 0.567656 0.399375 0.551250 0.398125 0.544687 0.402083 0.538125 0.404583 0.531562 0.411458 0.525625 0.418125 0.519531 0.430625 0.518281 0.452708 0.520937 0.463542 0.525156 0.471458 0.531094 0.478958
0 0.654922 0.477708 0.048281 0.082500 0.644844 0.436458 0.649375 0.450000 0.645156 0.452500 0.637188 0.470625 0.644375 0.480417 0.657188 0.479167 0.662813 0.473958 0.662813 0.465625 0.674687 0.491250 0.679063 0.492292 0.673750 0.501250 0.650938 0.518958 0.643906 0.518542 0.638437 0.513125 0.636406 0.503958 0.631875 0.500208 0.630781 0.463750 0.632812 0.451875 0.639844 0.437500
0 0.717266 0.506458 0.062031 0.080000 0.686250 0.504375 0.687969 0.520417 0.702500 0.540833 0.715156 0.546458 0.728906 0.540625 0.737656 0.539583 0.745781 0.524583 0.748281 0.503333 0.747812 0.483333 0.745781 0.475417 0.741250 0.466458 0.733437 0.469792 0.728594 0.480833 0.712812 0.489375 0.703281 0.498750 0.694531 0.496042 0.691719 0.484792 0.686719 0.489375
0 0.839063 0.500313 0.075313 0.054792 0.801406 0.478125 0.802187 0.501458 0.821094 0.516042 0.842187 0.526250 0.852344 0.527708 0.862187 0.520833 0.876094 0.489792 0.876719 0.476667 0.873594 0.472917 0.864062 0.474375 0.863125 0.491667 0.857812 0.494583 0.838281 0.477708 0.832188 0.478542 0.816719 0.493958 0.809688 0.491667 0.808594 0.473958
0 0.922969 0.583229 0.088750 0.094375 0.878594 0.562500 0.882812 0.574792 0.889375 0.587708 0.899687 0.596667 0.909062 0.614375 0.920625 0.628958 0.931563 0.630417 0.940000 0.623958 0.952187 0.593958 0.955781 0.592083 0.966406 0.572292 0.967344 0.548750 0.958281 0.536042 0.953750 0.536667 0.944688 0.539167 0.935156 0.538125 0.916563 0.555417 0.904844 0.551250 0.899687 0.552083 0.891875 0.557708
0 0.947188 0.405000 0.080312 0.109583 0.961875 0.353542 0.970469 0.358958 0.968125 0.364583 0.954063 0.372500 0.943906 0.375417 0.941406 0.385417 0.928750 0.398750 0.912656 0.398958 0.908750 0.426875 0.907031 0.426667 0.907344 0.432083 0.913281 0.435417 0.943750 0.455625 0.957656 0.459792 0.967656 0.455625 0.971562 0.443542 0.972031 0.428958 0.987344 0.394792 0.982187 0.362917 0.976250 0.354792 0.970469 0.350625 0.963906 0.350208
0 0.697422 0.657292 0.054219 0.057500 0.679688 0.641875 0.693906 0.634167 0.694219 0.630417 0.696562 0.629375 0.706875 0.644792 0.714687 0.645417 0.718594 0.635000 0.715781 0.628542 0.717656 0.628542 0.724531 0.635417 0.723750 0.647083 0.720000 0.661667 0.704063 0.684167 0.692500 0.686042 0.680937 0.673958 0.673125 0.660417 0.670312 0.640208