0 0.298042 0.443811 0.082339 0.092497 0.289289 0.399291 0.280861 0.403613 0.273729 0.411393 0.267894 0.419174 0.262707 0.426954 0.258169 0.439920 0.256872 0.447701 0.257521 0.465854 0.261411 0.481414 0.267894 0.488330 0.278916 0.490059 0.291234 0.488330 0.301608 0.488330 0.308740 0.488330 0.319113 0.487465 0.327541 0.484872 0.334025 0.479685 0.337915 0.474499 0.339212 0.462396 0.339212 0.450294 0.333377 0.443378 0.324300 0.429547 0.319113 0.420038 0.315223 0.415716 0.308740 0.405342 0.302905 0.400156 0.297070 0.397562
0 0.256224 0.561376 0.084284 0.116701 0.256872 0.503026 0.245851 0.503026 0.236126 0.504754 0.230290 0.510806 0.220565 0.522044 0.214082 0.537604 0.216027 0.553164 0.218620 0.562673 0.227697 0.577369 0.236126 0.593793 0.245851 0.605031 0.254927 0.615405 0.260762 0.619727 0.271136 0.613676 0.274378 0.607624 0.278916 0.598980 0.284751 0.586013 0.289938 0.574775 0.293828 0.566131 0.297718 0.553164 0.298366 0.540197 0.298366 0.528095 0.292531 0.519450 0.286696 0.513399 0.278268 0.517721 0.272433 0.518586 0.265949 0.516857
0 0.184907 0.709630 0.081691 0.112379 0.179720 0.657763 0.175830 0.669865 0.175182 0.679374 0.175830 0.686290 0.186203 0.689748 0.201115 0.690612 0.206302 0.690612 0.214730 0.694934 0.222510 0.700985 0.225752 0.706172 0.222510 0.720003 0.213434 0.732106 0.206950 0.736428 0.199818 0.744208 0.190093 0.751124 0.181017 0.757175 0.174533 0.763226 0.163511 0.765820 0.154435 0.765820 0.149248 0.749395 0.147951 0.732106 0.147303 0.716546 0.144061 0.699257 0.144061 0.684561 0.144061 0.671594 0.146655 0.661221 0.157028 0.653441 0.170643 0.654305
0 0.456561 0.529824 0.071317 0.105463 0.458506 0.477092 0.442298 0.477956 0.433221 0.486601 0.428034 0.503026 0.422848 0.523772 0.420902 0.535010 0.420902 0.547977 0.426738 0.564402 0.433221 0.573911 0.439056 0.579098 0.452671 0.581691 0.457858 0.582555 0.471473 0.567860 0.468231 0.560944 0.468880 0.552299 0.481846 0.553164 0.486385 0.542790 0.490275 0.534146 0.492220 0.519450 0.487682 0.512535 0.480550 0.503026 0.472770 0.491788 0.465638 0.484872
0 0.476984 0.622752 0.079746 0.109786 0.497407 0.577369 0.482495 0.567860 0.470176 0.568724 0.460451 0.577369 0.453320 0.584284 0.446836 0.597251 0.441001 0.618862 0.437111 0.634423 0.437111 0.650847 0.437111 0.657763 0.441649 0.669865 0.448133 0.675052 0.462396 0.677645 0.472770 0.675052 0.480550 0.671594 0.496110 0.668136 0.506483 0.662950 0.513615 0.655169 0.516209 0.643932 0.516857 0.630100 0.516857 0.612811 0.513615 0.602438 0.505835 0.588607
0 0.590443 0.595522 0.074559 0.105463 0.579098 0.545384 0.562889 0.554028 0.555757 0.566995 0.553164 0.581691 0.553164 0.603302 0.553164 0.621456 0.562241 0.631829 0.570669 0.637016 0.579098 0.642203 0.590119 0.647389 0.597899 0.648254 0.604383 0.648254 0.613460 0.642203 0.620591 0.626642 0.624481 0.613676 0.627075 0.599844 0.627723 0.586878 0.623833 0.567860 0.618646 0.558351 0.608921 0.548842 0.596603 0.544519 0.588174 0.542790
0 0.719463 0.584284 0.081043 0.112379 0.702930 0.530688 0.688667 0.541926 0.683480 0.549706 0.678942 0.563537 0.680887 0.577369 0.689315 0.590335 0.695150 0.605896 0.704876 0.615405 0.712656 0.619727 0.720436 0.624049 0.730161 0.633558 0.737293 0.637880 0.748963 0.640474 0.758688 0.628371 0.759984 0.612811 0.758688 0.599844 0.756094 0.579962 0.755446 0.571317 0.754798 0.558351 0.752853 0.547113 0.747018 0.538468 0.740534 0.534146 0.732106 0.528095 0.719139 0.528095 0.712656 0.528095
0 0.757067 0.526366 0.075856 0.098548 0.719139 0.509941 0.719787 0.499568 0.721084 0.490923 0.728864 0.480550 0.735996 0.477092 0.758039 0.480550 0.785270 0.504754 0.791753 0.513399 0.794995 0.519450 0.789808 0.541062 0.772951 0.559215 0.765171 0.570453 0.761929 0.575640 0.758039 0.573046 0.758039 0.554028 0.754149 0.539333 0.750259 0.530688 0.742479 0.525501 0.726271 0.517721
0 0.734051 0.691476 0.085581 0.110650 0.691260 0.679374 0.697095 0.693205 0.700985 0.702714 0.708766 0.713088 0.721732 0.732970 0.728216 0.741615 0.737293 0.745937 0.747666 0.746802 0.759336 0.736428 0.766468 0.723461 0.774896 0.711359 0.776841 0.696663 0.776193 0.675916 0.768413 0.650847 0.760633 0.641338 0.756094 0.636151 0.751556 0.636151 0.745721 0.643067 0.740534 0.649118 0.737293 0.659492 0.732106 0.666407 0.723029 0.664678 0.717194 0.662085 0.710711 0.662950 0.708117 0.669001 0.700337 0.672459 0.697095 0.672459
0 0.823198 0.584716 0.074559 0.097683 0.821577 0.535875 0.804720 0.535875 0.793698 0.544519 0.787215 0.558351 0.785918 0.583420 0.787215 0.597251 0.787215 0.611947 0.788511 0.624914 0.794995 0.632694 0.804720 0.633558 0.817038 0.630965 0.824818 0.624914 0.836489 0.619727 0.846862 0.611947 0.853345 0.602438 0.859829 0.588607 0.860477 0.572182 0.856587 0.560080 0.848159 0.550571 0.830005 0.537604
0 0.953446 0.489194 0.089983 0.096819 0.936333 0.443378 0.922718 0.461532 0.913641 0.481414 0.909751 0.490059 0.908454 0.504754 0.909751 0.523772 0.925960 0.536739 0.938278 0.537604 0.950596 0.535875 0.962915 0.534146 0.968102 0.534146 0.984959 0.532417 0.992739 0.529824 0.997277 0.516857 0.998437 0.510358 0.996629 0.488330 0.989497 0.476228 0.983662 0.464990 0.975882 0.456345 0.967453 0.448565 0.957728 0.443378 0.948651 0.440785
0 0.895488 0.588607 0.062241 0.098548 0.913641 0.550571 0.919476 0.559215 0.924015 0.572182 0.926608 0.587742 0.926608 0.605896 0.926608 0.619727 0.924663 0.627507 0.924015 0.636151 0.916234 0.637880 0.907158 0.637016 0.896784 0.626642 0.885762 0.617998 0.882521 0.613676 0.876686 0.608489 0.873444 0.605896 0.869554 0.601573 0.866312 0.595522 0.865016 0.584284 0.869554 0.586878 0.874092 0.591200 0.864367 0.571317 0.876037 0.578233 0.889652 0.579962 0.889652 0.573046 0.876037 0.562673 0.867609 0.554893 0.872796 0.539333 0.885762 0.539333 0.908454 0.543655
0 0.963819 0.640474 0.069236 0.100277 0.977827 0.590335 0.990145 0.599844 0.998437 0.605798 0.998437 0.633558 0.998437 0.648254 0.998437 0.679374 0.998437 0.690612 0.979772 0.683696 0.967453 0.681967 0.956432 0.683696 0.944761 0.679374 0.938278 0.671594 0.931795 0.661221 0.929201 0.653441 0.933740 0.637016 0.936981 0.630100 0.949300 0.613676 0.959673 0.603302 0.964860 0.598980
0 0.933740 0.755014 0.090768 0.099412 0.913641 0.713088 0.901971 0.718275 0.892246 0.724326 0.888356 0.737293 0.890949 0.747666 0.907158 0.779651 0.933091 0.793482 0.946706 0.796940 0.960970 0.804720 0.975233 0.802991 0.979123 0.787431 0.976530 0.770142 0.973937 0.741615 0.970695 0.723461 0.965508 0.711359 0.956432 0.705308 0.953838 0.714817 0.940871 0.713952 0.929850 0.711359