0 0.095747 0.372729 0.076363 0.090852 0.073426 0.327303 0.068727 0.328086 0.061090 0.336701 0.057566 0.340617 0.057566 0.350799 0.061090 0.366463 0.064615 0.389176 0.065789 0.401707 0.067552 0.416588 0.081062 0.418155 0.098684 0.404840 0.102796 0.401707 0.114544 0.407190 0.126880 0.396225 0.131579 0.389176 0.133929 0.382127 0.133341 0.374295 0.122768 0.368029 0.116894 0.366463 0.111607 0.364897 0.102209 0.356281 0.098097 0.351582 0.089873 0.345316 0.079887 0.341400
0 0.091342 0.458882 0.089873 0.095551 0.095160 0.412672 0.089873 0.411106 0.076950 0.416588 0.067552 0.418938 0.057566 0.446350 0.050517 0.466714 0.047580 0.474546 0.046405 0.487860 0.051104 0.501958 0.063440 0.505874 0.079887 0.506657 0.096922 0.504308 0.106908 0.502741 0.118656 0.501175 0.130404 0.495692 0.135691 0.490210 0.136278 0.479245 0.123943 0.471413 0.118656 0.457315 0.118656 0.443217 0.115132 0.436169 0.109845 0.422854 0.104558 0.411106
0 0.205886 0.431078 0.079300 0.102600 0.195606 0.379778 0.186208 0.382910 0.176809 0.388393 0.171523 0.394659 0.166823 0.403274 0.166236 0.425204 0.169760 0.436952 0.170935 0.451049 0.176809 0.465930 0.184445 0.474546 0.192669 0.478462 0.201480 0.482378 0.213816 0.481595 0.225564 0.476112 0.235550 0.466714 0.241424 0.456532 0.245536 0.427553 0.240836 0.413456 0.234962 0.400924 0.229088 0.393092 0.223802 0.386826 0.212641 0.382127
0 0.291060 0.401316 0.087523 0.119831 0.280193 0.345316 0.257871 0.353148 0.250822 0.361764 0.247298 0.373512 0.251410 0.395442 0.256109 0.411106 0.266095 0.425987 0.271382 0.433819 0.280193 0.444784 0.287242 0.451049 0.293703 0.458098 0.304864 0.461231 0.317787 0.458098 0.325423 0.444001 0.328947 0.429903 0.331884 0.412672 0.334234 0.394659 0.334821 0.382910 0.332472 0.364113 0.325423 0.357065 0.316612 0.349232 0.310738 0.344533 0.298990 0.342184 0.289591 0.341400
0 0.380933 0.364505 0.073426 0.116698 0.371828 0.306156 0.361255 0.309289 0.351856 0.317121 0.344220 0.333568 0.347157 0.356281 0.352444 0.371162 0.354793 0.384477 0.356555 0.400141 0.361255 0.414239 0.366541 0.421288 0.371828 0.422854 0.384751 0.418155 0.394149 0.406407 0.401198 0.393875 0.408835 0.380561 0.415296 0.367246 0.417058 0.353932 0.417646 0.344533 0.412946 0.337484 0.406485 0.331219 0.397674 0.330435 0.392387 0.330435 0.387688 0.318687
0 0.327773 0.514489 0.081062 0.119048 0.301927 0.473763 0.294290 0.482378 0.287242 0.504308 0.289004 0.521538 0.296640 0.537986 0.304276 0.548951 0.314262 0.561482 0.320724 0.569314 0.326598 0.572447 0.335996 0.574013 0.347744 0.566181 0.355381 0.556783 0.362430 0.548951 0.365954 0.541118 0.367716 0.525454 0.368304 0.498825 0.366541 0.485511 0.361842 0.472979 0.353618 0.462014 0.343045 0.455749 0.338346 0.455749 0.330710 0.454966 0.324248 0.459665 0.317199 0.462014 0.311913 0.463581
0 0.442904 0.416197 0.077538 0.101034 0.443492 0.367246 0.434093 0.365680 0.422345 0.375862 0.416471 0.383694 0.412946 0.397791 0.411772 0.409539 0.409422 0.422071 0.405310 0.433819 0.404135 0.451833 0.405898 0.458882 0.417646 0.466714 0.437617 0.461231 0.455240 0.458882 0.464638 0.450266 0.469337 0.442434 0.475799 0.432253 0.479911 0.422854 0.481673 0.411889 0.479323 0.405623 0.476386 0.400141 0.471687 0.393092 0.464638 0.387610 0.459352 0.382127 0.454652 0.374295
0 0.522791 0.418155 0.065789 0.103383 0.504582 0.374295 0.501057 0.378211 0.491071 0.391526 0.489897 0.410323 0.494596 0.422071 0.496358 0.429120 0.505169 0.439301 0.513980 0.447133 0.521617 0.454966 0.528665 0.462014 0.534539 0.469846 0.546875 0.469846 0.548050 0.460448 0.548050 0.450266 0.549225 0.441651 0.552162 0.428336 0.555686 0.412672 0.555686 0.403274 0.555686 0.396225 0.555099 0.388393 0.549812 0.382127 0.543351 0.376645 0.534539 0.371162 0.525728 0.366463 0.518092 0.367246 0.510456 0.371945
0 0.581238 0.314380 0.083999 0.105733 0.555686 0.274828 0.550987 0.280310 0.542176 0.298324 0.539239 0.307722 0.540414 0.326519 0.543938 0.342967 0.553336 0.362547 0.560973 0.366463 0.568609 0.367246 0.581532 0.366463 0.595042 0.362547 0.609727 0.355498 0.620888 0.348449 0.622650 0.336701 0.623238 0.322603 0.616776 0.300674 0.608553 0.285793 0.603853 0.273261 0.597392 0.268562 0.582707 0.262296 0.573308 0.261513 0.563910 0.264646
0 0.598860 0.472588 0.078125 0.108866 0.572133 0.444001 0.565672 0.451833 0.559798 0.465930 0.559798 0.479245 0.563322 0.498042 0.573896 0.509007 0.593867 0.516056 0.600329 0.517622 0.609727 0.523105 0.621476 0.527021 0.634398 0.522321 0.637923 0.506657 0.637923 0.490993 0.634986 0.476112 0.629112 0.462014 0.623238 0.430686 0.617951 0.425987 0.609727 0.420504 0.602091 0.418155 0.593867 0.424420
0 0.562441 0.586544 0.075775 0.103383 0.532190 0.548951 0.526903 0.558349 0.524554 0.573230 0.528078 0.588894 0.531602 0.601425 0.540414 0.615523 0.549225 0.623355 0.556861 0.627271 0.562735 0.632754 0.576245 0.638236 0.583294 0.638236 0.591518 0.632754 0.597979 0.613957 0.600329 0.589677 0.599742 0.569314 0.597392 0.552083 0.593867 0.541902 0.586231 0.534853 0.573308 0.534853 0.567434 0.538769 0.558036 0.545034 0.547462 0.542685 0.538651 0.545034
0 0.684915 0.408365 0.061090 0.093202 0.678454 0.364113 0.667881 0.364897 0.657895 0.381344 0.655545 0.389959 0.654370 0.422854 0.656133 0.434602 0.661419 0.449483 0.669643 0.454966 0.677867 0.454966 0.683153 0.454182 0.696076 0.444001 0.703712 0.433036 0.710761 0.420504 0.714873 0.408756 0.715461 0.397791 0.714286 0.388393 0.706649 0.379778 0.703125 0.373512 0.693727 0.365680 0.684915 0.361764
0 0.758635 0.428336 0.069901 0.097118 0.749530 0.394659 0.736020 0.390742 0.728971 0.391526 0.724859 0.401707 0.723684 0.422071 0.730146 0.442434 0.735432 0.451049 0.741306 0.462798 0.750705 0.472979 0.757754 0.476895 0.775963 0.475329 0.782425 0.472196 0.787711 0.464364 0.791236 0.448700 0.791823 0.424420 0.792411 0.411106 0.793586 0.400141 0.788886 0.389959 0.783012 0.381344 0.778900 0.379778 0.765390 0.382910 0.759516 0.389176
0 0.761278 0.579887 0.071664 0.107299 0.736607 0.526237 0.732495 0.530154 0.729558 0.547384 0.725446 0.560699 0.726621 0.584195 0.730733 0.601425 0.732495 0.611607 0.738369 0.628838 0.749530 0.633537 0.768914 0.631971 0.775376 0.625705 0.781837 0.617873 0.791823 0.599076 0.794760 0.581845 0.796523 0.570097 0.797110 0.556783 0.797110 0.545034 0.791236 0.535636 0.782425 0.529370 0.775963 0.527804 0.769502 0.528587 0.763040 0.534853 0.752467 0.536419 0.744243 0.537202
0 0.896088 0.359414 0.088698 0.101817 0.859962 0.328869 0.853501 0.339834 0.851739 0.353932 0.863487 0.373512 0.879347 0.388393 0.892270 0.399358 0.905780 0.406407 0.913416 0.410323 0.917528 0.409539 0.921640 0.401707 0.925752 0.390742 0.930451 0.378994 0.933976 0.362547 0.938087 0.346883 0.940437 0.327303 0.938675 0.313988 0.925164 0.310855 0.916353 0.308506 0.909305 0.308506 0.904605 0.308506 0.898144 0.317904 0.885221 0.331219 0.881696 0.331219 0.869948 0.328086
0 0.951304 0.257989 0.031133 0.071272 0.940437 0.253681 0.936913 0.259947 0.935738 0.269345 0.938675 0.277961 0.947486 0.288142 0.965695 0.293625 0.966283 0.256031 0.966870 0.246632 0.966870 0.231751 0.966870 0.222353 0.961584 0.224702 0.962171 0.238800 0.962758 0.249765 0.961584 0.259164 0.955122 0.262296 0.948661 0.262296