0 0.054688 0.517188 0.097656 0.123958 0.041016 0.455208 0.026172 0.459375 0.018359 0.465625 0.012109 0.475000 0.008984 0.487500 0.005859 0.495833 0.013672 0.510417 0.015234 0.527083 0.026953 0.540625 0.037109 0.562500 0.043359 0.576042 0.055078 0.579167 0.069922 0.577083 0.080078 0.564583 0.084766 0.556250 0.088672 0.548958 0.092578 0.541667 0.096484 0.536458 0.098828 0.528125 0.101953 0.513542 0.092578 0.512500 0.085547 0.516667 0.077734 0.516667 0.076953 0.506250 0.082422 0.497917 0.088672 0.493750 0.098828 0.486458 0.103516 0.481250 0.098828 0.471875 0.089453 0.469792 0.074609 0.458333 0.051172 0.456250
0 0.149219 0.534896 0.100781 0.115625 0.181641 0.477083 0.176172 0.477083 0.176172 0.501042 0.173047 0.506250 0.158984 0.505208 0.145703 0.503125 0.138672 0.498958 0.124609 0.513542 0.119922 0.510417 0.116016 0.501042 0.106641 0.504167 0.098828 0.520833 0.102734 0.535417 0.105078 0.552083 0.126953 0.568750 0.143359 0.575000 0.154297 0.584375 0.166016 0.592708 0.181641 0.590625 0.187891 0.584375 0.192578 0.566667 0.195703 0.553125 0.198828 0.527083 0.199609 0.502083 0.191797 0.483333 0.189453 0.478125
0 0.215625 0.596354 0.085156 0.101042 0.173047 0.607292 0.184766 0.622917 0.195703 0.630208 0.206641 0.640625 0.215234 0.646875 0.232422 0.646875 0.240234 0.638542 0.248828 0.633333 0.255078 0.621875 0.258203 0.606250 0.257422 0.597917 0.253516 0.580208 0.246484 0.569792 0.237109 0.555208 0.229297 0.548958 0.223828 0.545833 0.213672 0.552083 0.208203 0.569792 0.198047 0.578125 0.190234 0.592708
0 0.244531 0.429167 0.091406 0.102083 0.216016 0.378125 0.203516 0.393750 0.198828 0.410417 0.203516 0.429167 0.210547 0.436458 0.220703 0.455208 0.224609 0.464583 0.233203 0.477083 0.244922 0.480208 0.251172 0.479167 0.263672 0.462500 0.271484 0.459375 0.281641 0.452083 0.288672 0.440625 0.290234 0.432292 0.277734 0.422917 0.269141 0.415625 0.269141 0.432292 0.263672 0.433333 0.255859 0.426042 0.251172 0.410417 0.249609 0.402083 0.238672 0.401042 0.232422 0.400000 0.225391 0.388542
0 0.321094 0.494792 0.075781 0.104167 0.297266 0.442708 0.287891 0.456250 0.284766 0.470833 0.287109 0.480208 0.283203 0.502083 0.283984 0.519792 0.283203 0.530208 0.292578 0.543750 0.301953 0.546875 0.312891 0.542708 0.314453 0.535417 0.327734 0.534375 0.338672 0.532292 0.349609 0.523958 0.356641 0.517708 0.358984 0.508333 0.351953 0.501042 0.348828 0.495833 0.339453 0.489583 0.335547 0.488542 0.331641 0.484375 0.328516 0.477083 0.324609 0.462500 0.313672 0.459375 0.302734 0.455208
0 0.408203 0.488542 0.070312 0.100000 0.376172 0.447917 0.373047 0.457292 0.373047 0.476042 0.375391 0.494792 0.383203 0.510417 0.392578 0.521875 0.399609 0.530208 0.411328 0.535417 0.423047 0.538542 0.427734 0.536458 0.436328 0.529167 0.433203 0.519792 0.436328 0.497917 0.441016 0.479167 0.443359 0.469792 0.443359 0.457292 0.434766 0.442708 0.427734 0.439583 0.416797 0.439583 0.404297 0.438542 0.394922 0.460417
0 0.468750 0.397917 0.088281 0.118750 0.469922 0.339583 0.450391 0.341667 0.444922 0.351042 0.437109 0.361458 0.428516 0.375000 0.424609 0.385417 0.425391 0.403125 0.424609 0.418750 0.426953 0.430208 0.431641 0.438542 0.438672 0.441667 0.444141 0.443750 0.455859 0.448958 0.462891 0.451042 0.473828 0.453125 0.487891 0.454167 0.494141 0.457292 0.499609 0.456250 0.506641 0.452083 0.511328 0.446875 0.512891 0.435417 0.512891 0.414583 0.511328 0.405208 0.508984 0.387500 0.505859 0.378125 0.501953 0.366667 0.498828 0.358333 0.491016 0.344792 0.480078 0.338542
0 0.483984 0.536458 0.070312 0.108333 0.484766 0.482292 0.479297 0.488542 0.476953 0.502083 0.476953 0.514583 0.472266 0.518750 0.459766 0.521875 0.455078 0.526042 0.449609 0.538542 0.448828 0.554167 0.452734 0.563542 0.461328 0.576042 0.474609 0.579167 0.481641 0.579167 0.488672 0.583333 0.502734 0.589583 0.507422 0.590625 0.516016 0.589583 0.519141 0.583333 0.518359 0.571875 0.517578 0.560417 0.517578 0.546875 0.517578 0.525000 0.517578 0.515625 0.512891 0.500000 0.506641 0.493750
0 0.448047 0.625000 0.067187 0.081250 0.422266 0.594792 0.416016 0.606250 0.414453 0.622917 0.418359 0.632292 0.427734 0.638542 0.439453 0.646875 0.450391 0.656250 0.461328 0.665625 0.476172 0.665625 0.479297 0.652083 0.480078 0.632292 0.481641 0.618750 0.481641 0.602083 0.477734 0.584375 0.477734 0.597917 0.453516 0.594792 0.437891 0.620833
0 0.580078 0.436979 0.068750 0.103125 0.576953 0.385417 0.562109 0.385417 0.558984 0.392708 0.552734 0.406250 0.550391 0.431250 0.548828 0.448958 0.545703 0.459375 0.555859 0.472917 0.559766 0.483333 0.568359 0.488542 0.580078 0.484375 0.590234 0.478125 0.605859 0.472917 0.612109 0.465625 0.614453 0.460417 0.608984 0.448958 0.604297 0.441667 0.596484 0.425000 0.590234 0.435417 0.578516 0.437500 0.573047 0.436458 0.569141 0.426042 0.573828 0.413542 0.576172 0.407292 0.585547 0.404167
0 0.652734 0.466667 0.070312 0.087500 0.684766 0.422917 0.687891 0.443750 0.687109 0.454167 0.684766 0.466667 0.683203 0.476042 0.681641 0.485417 0.673047 0.503125 0.662109 0.507292 0.651172 0.510417 0.638672 0.508333 0.632422 0.497917 0.625391 0.486458 0.623047 0.480208 0.617578 0.463542 0.619922 0.453125 0.626172 0.452083 0.630859 0.466667 0.647266 0.464583 0.651953 0.454167 0.652734 0.437500 0.660547 0.434375 0.667578 0.441667 0.674609 0.434375
0 0.632812 0.636458 0.071094 0.083333 0.601953 0.594792 0.597266 0.609375 0.597266 0.627083 0.600391 0.642708 0.603516 0.650000 0.608984 0.658333 0.615234 0.672917 0.630078 0.678125 0.638672 0.678125 0.645703 0.668750 0.652734 0.658333 0.658203 0.651042 0.668359 0.634375 0.665234 0.619792 0.662109 0.614583 0.661328 0.634375 0.655078 0.634375 0.643359 0.627083 0.639453 0.616667 0.627734 0.631250 0.610547 0.633333 0.607422 0.622917 0.611328 0.609375 0.612109 0.602083
0 0.795703 0.456771 0.089063 0.063542 0.753516 0.430208 0.751172 0.438542 0.751953 0.446875 0.752734 0.454167 0.762109 0.460417 0.771484 0.473958 0.780078 0.483333 0.791016 0.488542 0.798828 0.487500 0.810547 0.483333 0.816797 0.478125 0.825391 0.467708 0.831641 0.459375 0.836328 0.444792 0.840234 0.433333 0.839453 0.427083 0.832422 0.425000 0.829297 0.442708 0.822266 0.447917 0.815234 0.440625 0.805859 0.436458 0.798828 0.431250 0.787109 0.447917 0.778516 0.452083 0.772266 0.446875 0.771484 0.435417 0.770703 0.430208
0 0.902734 0.354687 0.096875 0.109375 0.946484 0.300000 0.944141 0.319792 0.951172 0.325000 0.948828 0.338542 0.943359 0.345833 0.940234 0.355208 0.937891 0.365625 0.931641 0.382292 0.932422 0.389583 0.930859 0.400000 0.921484 0.407292 0.913672 0.409375 0.906641 0.407292 0.884766 0.394792 0.872266 0.383333 0.865234 0.378125 0.857422 0.367708 0.854297 0.357292 0.855078 0.341667 0.859766 0.348958 0.861328 0.366667 0.867578 0.376042 0.875391 0.380208 0.879297 0.357292 0.881641 0.348958 0.886328 0.341667 0.899609 0.340625 0.913672 0.338542 0.917578 0.328125 0.919922 0.316667 0.933984 0.311458
0 0.881250 0.543750 0.088281 0.097917 0.919922 0.494792 0.925391 0.508333 0.924609 0.517708 0.923047 0.535417 0.919922 0.541667 0.911328 0.559375 0.902734 0.564583 0.898828 0.581250 0.893359 0.589583 0.876172 0.592708 0.866797 0.585417 0.862109 0.571875 0.853516 0.561458 0.847266 0.554167 0.837109 0.540625 0.840234 0.532292 0.847266 0.526042 0.853516 0.521875 0.866797 0.513542 0.888672 0.518750 0.901172 0.500000