0 0.039678 0.509941 0.079098 0.126210 0.055887 0.446836 0.071447 0.452887 0.079227 0.476228 0.075985 0.501297 0.075985 0.525501 0.068854 0.554028 0.059129 0.568724 0.050052 0.573046 0.028657 0.566131 0.016987 0.556622 0.001426 0.544519 0.000130 0.505619 0.000778 0.473634 0.002075 0.460667 0.012448 0.456345 0.025415 0.458074 0.038382 0.458074
0 0.089925 0.600709 0.094009 0.114108 0.110348 0.546248 0.125259 0.559215 0.133688 0.582555 0.134336 0.597251 0.133688 0.617133 0.136929 0.632694 0.128501 0.641338 0.118128 0.642203 0.115534 0.656034 0.105809 0.657763 0.095436 0.656034 0.081821 0.651712 0.072095 0.637880 0.056535 0.621456 0.048107 0.609353 0.042920 0.596387 0.048755 0.579962 0.059129 0.567860 0.070799 0.560944 0.088304 0.548842 0.098677 0.543655
0 0.139199 0.426521 0.086229 0.109786 0.114238 0.371629 0.105161 0.377680 0.097381 0.388053 0.097381 0.397562 0.096084 0.410529 0.102567 0.426089 0.108402 0.446836 0.123314 0.463261 0.129149 0.473634 0.138874 0.481414 0.149896 0.480550 0.157676 0.471905 0.162863 0.462396 0.173885 0.447701 0.181017 0.431276 0.182313 0.424360 0.180368 0.413987 0.175182 0.409665 0.168698 0.403613 0.158973 0.396698 0.153786 0.396698 0.147303 0.407071 0.140171 0.408800 0.138874 0.399291 0.137578 0.388918 0.129798 0.382002 0.122666 0.375951
0 0.215379 0.491788 0.088174 0.103734 0.192687 0.439920 0.184907 0.446836 0.179072 0.457210 0.176478 0.471905 0.178423 0.489194 0.171291 0.511670 0.171291 0.533281 0.176478 0.542790 0.188148 0.543655 0.203709 0.539333 0.213434 0.531553 0.232235 0.527230 0.245851 0.516857 0.257521 0.496110 0.259466 0.484008 0.251686 0.484872 0.245851 0.495246 0.236774 0.490059 0.228345 0.481414 0.222510 0.471041 0.212785 0.463261 0.207599 0.452023 0.199170 0.443378
0 0.349585 0.382867 0.092064 0.115837 0.325596 0.333593 0.309388 0.349153 0.303553 0.369035 0.304201 0.396698 0.313278 0.416580 0.327541 0.429547 0.354123 0.439056 0.374870 0.440785 0.390430 0.436463 0.393024 0.420038 0.395617 0.401885 0.391727 0.376815 0.388485 0.356068 0.376815 0.343966 0.367090 0.330999 0.358013 0.324948 0.345695 0.325813
0 0.299987 0.491788 0.075856 0.114108 0.283454 0.444243 0.263356 0.458074 0.262059 0.477092 0.265301 0.497839 0.274378 0.512535 0.287993 0.524637 0.300311 0.536739 0.309388 0.542790 0.317816 0.548842 0.324300 0.543655 0.327541 0.528959 0.332080 0.513399 0.336618 0.490923 0.337915 0.477956 0.335970 0.464990 0.330783 0.453752 0.327541 0.444243 0.317816 0.437327 0.309388 0.434734 0.299663 0.437327
0 0.376167 0.550571 0.080394 0.108921 0.375519 0.497839 0.353475 0.514263 0.343750 0.525501 0.335970 0.541926 0.337915 0.568724 0.345695 0.580826 0.356068 0.586878 0.370332 0.590335 0.389782 0.599844 0.398211 0.605031 0.413122 0.602438 0.416364 0.588607 0.416364 0.575640 0.413122 0.559215 0.413122 0.549706 0.413122 0.535875 0.409232 0.516857 0.401452 0.504754 0.392376 0.496110
0 0.347964 0.648686 0.075856 0.106328 0.316520 0.622320 0.310036 0.644796 0.313278 0.661221 0.327541 0.675916 0.339212 0.681967 0.349585 0.690612 0.359959 0.700121 0.375519 0.701850 0.383947 0.682832 0.385892 0.662085 0.385892 0.648254 0.385244 0.629236 0.384595 0.621456 0.382002 0.611947 0.374222 0.598115 0.367739 0.595522 0.369684 0.610218 0.356068 0.611082 0.342453 0.609353 0.332080 0.629236
0 0.485088 0.456777 0.058351 0.099412 0.467583 0.407071 0.456561 0.419174 0.455913 0.452023 0.457210 0.480550 0.465638 0.499568 0.476011 0.506483 0.492220 0.494381 0.502593 0.484008 0.512967 0.474499 0.514263 0.459803 0.506483 0.452023 0.497407 0.439056 0.491572 0.433005 0.474715 0.434734 0.466286 0.427818
0 0.561268 0.485304 0.074559 0.101141 0.586229 0.434734 0.568724 0.440785 0.557702 0.450294 0.546680 0.458938 0.535010 0.466719 0.525285 0.467583 0.523989 0.473634 0.524637 0.490923 0.533714 0.515128 0.544735 0.530688 0.558351 0.535875 0.579098 0.527230 0.588174 0.525501 0.595306 0.515128 0.598548 0.477956 0.597899 0.458074 0.591416 0.443378
0 0.542790 0.666840 0.070021 0.085581 0.507780 0.642203 0.511022 0.659492 0.511670 0.670730 0.516857 0.687154 0.520747 0.695799 0.529175 0.702714 0.538252 0.708766 0.552516 0.709630 0.559647 0.692341 0.577801 0.658627 0.577801 0.647389 0.571317 0.633558 0.566779 0.629236 0.562889 0.639609 0.550571 0.635287 0.538900 0.624049 0.528527 0.634423 0.515560 0.637880
0 0.694502 0.440785 0.085581 0.086445 0.660140 0.411393 0.651712 0.434734 0.658195 0.445972 0.672459 0.464990 0.688019 0.473634 0.705524 0.483143 0.718491 0.484008 0.728864 0.461532 0.733402 0.445107 0.737293 0.424360 0.737293 0.411393 0.737293 0.397562 0.723029 0.397562 0.720436 0.414851 0.707469 0.415716 0.690612 0.404478 0.676349 0.420038 0.663382 0.426954
0 0.797912 0.327541 0.079746 0.124481 0.818335 0.265301 0.828060 0.274810 0.837137 0.297286 0.837785 0.325813 0.831950 0.340508 0.831302 0.367306 0.823522 0.385460 0.811203 0.389782 0.791105 0.377680 0.772951 0.368171 0.758039 0.352611 0.764523 0.337050 0.763226 0.306795 0.792401 0.287777
0 0.794671 0.524637 0.095306 0.124481 0.803423 0.469312 0.782676 0.479685 0.770358 0.490923 0.756094 0.500432 0.749611 0.503026 0.747018 0.520315 0.758688 0.536739 0.772303 0.552299 0.786566 0.568724 0.796940 0.581691 0.810555 0.586878 0.824818 0.570453 0.827412 0.553164 0.835840 0.528095 0.841027 0.508212 0.842324 0.489194 0.834544 0.477092 0.826115 0.467583 0.813797 0.462396