0 0.336719 0.364271 0.078437 0.126458
0 0.313594 0.498750 0.074687 0.123333
0 0.275156 0.618854 0.068125 0.111458
0 0.488746 0.442832 0.069010 0.115327
0 0.509487 0.536458 0.069568 0.097718
0 0.601283 0.514013 0.066034 0.106399
0 0.709821 0.578373 0.066592 0.081845
0 0.712612 0.519345 0.073661 0.098214
0 0.745908 0.428323 0.066220 0.094246
0 0.788690 0.485491 0.062872 0.090526
0 0.845889 0.478795 0.055246 0.093502
0 0.844494 0.585813 0.061756 0.087798
0 0.889881 0.512649 0.064732 0.097718
0 0.906529 0.403770 0.080543 0.094742
0 0.935640 0.423363 0.068080 0.112103
0 0.980153 0.456931 0.036570 0.081024
0 0.975409 0.573652 0.046057 0.103157