0 0.369568 0.258107 0.072201 0.102527
0 0.346432 0.355866 0.064825 0.123391
0 0.308991 0.472252 0.061472 0.104018
0 0.498547 0.327551 0.060131 0.100739
0 0.514865 0.401913 0.062366 0.098653
0 0.602267 0.383733 0.060131 0.098653
0 0.703416 0.382541 0.071084 0.093884
0 0.709898 0.447514 0.064825 0.105210
0 0.740969 0.320547 0.060801 0.090308
0 0.788582 0.365701 0.063036 0.101335
0 0.846552 0.364954 0.058416 0.098657
0 0.858771 0.491476 0.064825 0.091798
0 0.900125 0.408172 0.066613 0.099845
0 0.907278 0.280311 0.078684 0.108786
0 0.953550 0.330979 0.070637 0.117728