0 0.041932 0.576690 0.083865 0.132547
0 0.089445 0.457483 0.087691 0.141369
0 0.132494 0.344813 0.092474 0.124362
0 0.265226 0.530293 0.078922 0.114796
0 0.265625 0.437819 0.076531 0.127551
0 0.371253 0.520196 0.082111 0.139243
0 0.463329 0.536139 0.090880 0.145621
0 0.496413 0.628082 0.086894 0.136054
0 0.554209 0.455889 0.086097 0.140306
0 0.619579 0.522321 0.092474 0.147747
0 0.707270 0.533482 0.079719 0.148810
0 0.788584 0.422406 0.116390 0.162628
0 0.789381 0.605761 0.098852 0.153061
0 0.738760 0.723214 0.088489 0.132866
0 0.898198 0.495748 0.098055 0.169005
0 0.970839 0.558323 0.055198 0.141645
0 0.965657 0.738510 0.065561 0.193686