0 0.034884 0.242733 0.066134 0.130814
0 0.171875 0.418605 0.103198 0.135659
0 0.179869 0.318798 0.085756 0.137597
0 0.308866 0.393895 0.090843 0.132752
0 0.424419 0.363372 0.096657 0.156977
0 0.512718 0.331880 0.078488 0.152132
0 0.452398 0.497578 0.095930 0.146318
0 0.578488 0.388081 0.086483 0.140504
0 0.661337 0.405523 0.071948 0.128876
0 0.731468 0.298934 0.106105 0.123062
0 0.748183 0.464147 0.095930 0.133721
0 0.703125 0.592539 0.091570 0.134690
0 0.823401 0.398740 0.077762 0.138566
0 0.902616 0.427810 0.082122 0.138566
0 0.932776 0.589147 0.103198 0.147287