0 0.029576 0.464573 0.059152 0.120812
0 0.062739 0.545706 0.072545 0.109481
0 0.147640 0.536671 0.081314 0.119048
0 0.217793 0.555272 0.081314 0.111607
0 0.270807 0.591412 0.074139 0.100978
0 0.289939 0.452700 0.077328 0.121173
0 0.354114 0.500531 0.066964 0.112670
0 0.422672 0.502657 0.062181 0.093537
0 0.466916 0.421875 0.083705 0.125425
0 0.490434 0.532419 0.071747 0.110544
0 0.468511 0.597258 0.064573 0.099915
0 0.580118 0.422406 0.067761 0.132866
0 0.640306 0.453763 0.062181 0.108418
0 0.621971 0.588754 0.063776 0.131803
0 0.763074 0.414966 0.081314 0.137117
0 0.857143 0.341624 0.092474 0.158376
0 0.842793 0.511692 0.082908 0.130740