0 0.093906 0.300312 0.082500 0.116875
0 0.076328 0.424271 0.071719 0.102292
0 0.048750 0.514062 0.057188 0.091458
0 0.251094 0.471562 0.059375 0.088125
0 0.233125 0.385000 0.057500 0.105000
0 0.336328 0.470938 0.061719 0.098958
0 0.416875 0.491458 0.064062 0.097083
0 0.446641 0.537500 0.052969 0.089167
0 0.480859 0.405625 0.063281 0.104167
0 0.528984 0.459792 0.060469 0.097917
0 0.596484 0.466562 0.055781 0.093958
0 0.651719 0.396458 0.073438 0.116667
0 0.648281 0.507292 0.058125 0.102500
0 0.614297 0.573021 0.054844 0.087292
0 0.729609 0.417604 0.060156 0.118125
0 0.789609 0.460625 0.060781 0.086667
0 0.764062 0.581354 0.055312 0.110625
0 0.917813 0.431667 0.077500 0.119167
0 0.972422 0.536354 0.052031 0.102292