0 0.062137 0.476260 0.078488 0.121124
0 0.131177 0.471415 0.098837 0.136628
0 0.168968 0.577035 0.085756 0.132752
0 0.243096 0.420543 0.081395 0.127907
0 0.296512 0.476744 0.087936 0.127907
0 0.377544 0.493702 0.077035 0.117248
0 0.435683 0.376938 0.090116 0.137597
0 0.445131 0.551841 0.085756 0.125000
0 0.410610 0.669089 0.082122 0.126938
0 0.565044 0.465601 0.066860 0.148256
0 0.637355 0.508236 0.074855 0.130814
0 0.616642 0.668120 0.078488 0.163760
0 0.778706 0.447674 0.093023 0.139535
0 0.877907 0.346899 0.099564 0.149225
0 0.891715 0.537791 0.108285 0.160853