0 0.044661 0.371524 0.089323 0.122231
0 0.113936 0.345835 0.124746 0.134032
0 0.154638 0.456262 0.118849 0.145809
0 0.227922 0.309405 0.080845 0.134783
0 0.286552 0.364818 0.093564 0.116198
0 0.363644 0.361441 0.083467 0.128745
0 0.421644 0.250586 0.091087 0.140494
0 0.429566 0.418173 0.098681 0.121293
0 0.395111 0.536246 0.102710 0.128694
0 0.562927 0.342911 0.088876 0.150405
0 0.621875 0.364063 0.072396 0.139931
0 0.618143 0.522123 0.104339 0.146727
0 0.831230 0.195023 0.103452 0.139609
0 0.745271 0.302949 0.098483 0.130319
0 0.849222 0.348021 0.123953 0.165763