0 0.113361 0.599384 0.087691 0.142432
0 0.179528 0.468112 0.086097 0.124362
0 0.222975 0.358631 0.088489 0.122236
0 0.376834 0.438350 0.077328 0.109481
0 0.391980 0.522853 0.080517 0.108418
0 0.500000 0.496811 0.073342 0.115859
0 0.636320 0.578125 0.082908 0.127551
0 0.616390 0.484588 0.084503 0.116922
0 0.663026 0.438350 0.070950 0.132866
0 0.721620 0.479273 0.071747 0.116922
0 0.822066 0.640838 0.078125 0.106293
0 0.855548 0.538797 0.082908 0.108418
0 0.787388 0.489902 0.062978 0.108418
0 0.842793 0.392113 0.090880 0.119048
0 0.899793 0.463861 0.067761 0.132866
0 0.966358 0.494154 0.063776 0.108418