0 0.034758 0.587766 0.069515 0.138031
0 0.060746 0.429315 0.113202 0.136054
0 0.235730 0.528168 0.082111 0.138180
0 0.247688 0.638712 0.098055 0.133929
0 0.369260 0.617985 0.087691 0.145621
0 0.484853 0.625425 0.090880 0.145621
0 0.513154 0.705676 0.091677 0.148810
0 0.563377 0.528699 0.078922 0.134991
0 0.625558 0.591943 0.086894 0.136054
0 0.706473 0.593537 0.076531 0.141369
0 0.785395 0.645089 0.090880 0.138180
0 0.738760 0.755634 0.083705 0.123299
0 0.780612 0.483525 0.103635 0.138180
0 0.859534 0.531888 0.084503 0.158376
0 0.943240 0.570685 0.082908 0.136054
0 0.950112 0.742570 0.096652 0.164307