0 0.236545 0.556134 0.093750 0.133102
0 0.284288 0.643519 0.088542 0.120370
0 0.151042 0.551505 0.091146 0.130787
0 0.047309 0.571181 0.088542 0.126157
0 0.036458 0.468171 0.072049 0.112269
0 0.330729 0.471065 0.084201 0.127315
0 0.392795 0.536458 0.086806 0.107639
0 0.476562 0.536458 0.068576 0.112269
0 0.535590 0.436343 0.096354 0.125000
0 0.552083 0.593171 0.084201 0.116898
0 0.516059 0.690972 0.072917 0.113426
0 0.647569 0.495370 0.077257 0.113426
0 0.725260 0.524884 0.065972 0.107639
0 0.709201 0.686921 0.073785 0.128472
0 0.868924 0.460648 0.096354 0.141204
0 0.954297 0.373495 0.088281 0.131250
0 0.957335 0.567394 0.082205 0.141733