0 0.351641 0.357604 0.077969 0.124375
0 0.328750 0.490625 0.071563 0.122917
0 0.288828 0.608646 0.066406 0.110208
0 0.499609 0.438958 0.069219 0.112083
0 0.518594 0.531146 0.068438 0.096042
0 0.608984 0.510625 0.063594 0.105417
0 0.713516 0.575417 0.065156 0.082500
0 0.717969 0.517917 0.070312 0.093750
0 0.750078 0.429479 0.063281 0.092708
0 0.790625 0.486979 0.060937 0.089792
0 0.845859 0.480938 0.052031 0.093958
0 0.841719 0.586146 0.061875 0.086458
0 0.885391 0.515729 0.062031 0.093125
0 0.904687 0.410625 0.077500 0.090417
0 0.929844 0.430417 0.067500 0.107500
0 0.977422 0.462708 0.041719 0.078750
0 0.971562 0.576354 0.053750 0.099375