0 0.158203 0.366354 0.077031 0.102708
0 0.135703 0.481250 0.068906 0.107083
0 0.107500 0.575313 0.066562 0.093125
0 0.303047 0.534062 0.057344 0.087292
0 0.290234 0.445417 0.055781 0.105417
0 0.392109 0.530208 0.063281 0.104583
0 0.475938 0.551354 0.064688 0.103125
0 0.501563 0.601979 0.059375 0.095208
0 0.541484 0.464479 0.063281 0.108125
0 0.591484 0.521042 0.066094 0.100833
0 0.661641 0.526563 0.058594 0.101042
0 0.720625 0.451458 0.075938 0.120833
0 0.716484 0.571354 0.061406 0.108125
0 0.679609 0.642708 0.058594 0.095000
0 0.842969 0.654271 0.064062 0.118542
0 0.867656 0.523646 0.064062 0.096458
0 0.800859 0.479687 0.067656 0.123542