0 0.343594 0.345417 0.076875 0.122500
0 0.318516 0.475208 0.071719 0.121250
0 0.277422 0.592917 0.065469 0.110000
0 0.488359 0.429479 0.068281 0.107708
0 0.505781 0.520521 0.067187 0.093125
0 0.594063 0.503646 0.064375 0.102708
0 0.694219 0.568750 0.061562 0.079167
0 0.699688 0.511146 0.068125 0.091458
0 0.730859 0.426875 0.061094 0.086667
0 0.768516 0.483854 0.060156 0.085208
0 0.821562 0.480417 0.049375 0.086250
0 0.815781 0.582188 0.057813 0.081875
0 0.858437 0.513125 0.060937 0.090417
0 0.876953 0.412917 0.071719 0.087500
0 0.901406 0.433958 0.065000 0.106250
0 0.950859 0.463229 0.055469 0.078958
0 0.943047 0.572812 0.063594 0.094792