0 0.043807 0.354839 0.087614 0.124973
0 0.083343 0.325187 0.130736 0.136439
0 0.121421 0.437246 0.103457 0.138333
0 0.200972 0.291014 0.084224 0.136843
0 0.258043 0.348144 0.091755 0.111324
0 0.332915 0.344080 0.083467 0.128745
0 0.388340 0.236079 0.090625 0.137868
0 0.399897 0.397978 0.093510 0.129515
0 0.362819 0.517496 0.102710 0.128694
0 0.532182 0.324804 0.086826 0.152590
0 0.591226 0.349038 0.072251 0.142944
0 0.583370 0.505131 0.100939 0.143994
0 0.799719 0.179398 0.103452 0.139609
0 0.712719 0.286977 0.098483 0.130319
0 0.814636 0.331337 0.125095 0.171977