0 0.058512 0.513021 0.111491 0.151910
0 0.090251 0.649740 0.106608 0.145399
0 0.218424 0.641602 0.107422 0.161675
0 0.337646 0.669271 0.111491 0.164931
0 0.396647 0.734375 0.089518 0.143229
0 0.445475 0.522786 0.102539 0.164931
0 0.527262 0.603082 0.098470 0.158420
0 0.630208 0.617188 0.091146 0.128038
0 0.662760 0.772352 0.087891 0.130208
0 0.718099 0.663845 0.096029 0.164931
0 0.721761 0.485352 0.122884 0.185547
0 0.831624 0.521159 0.096842 0.179036
0 0.927653 0.581380 0.101725 0.132378
0 0.904053 0.771810 0.104980 0.183377