0 0.316081 0.413918 0.091146 0.086323
0 0.284795 0.543403 0.080657 0.105131
0 0.244647 0.657697 0.079210 0.112847
0 0.469618 0.489873 0.074146 0.116705
0 0.488064 0.585600 0.079933 0.102720
0 0.589337 0.565828 0.071253 0.115258
0 0.708695 0.574508 0.080657 0.115258
0 0.716291 0.652874 0.074870 0.096451
0 0.753364 0.486979 0.072338 0.105131
0 0.808702 0.547743 0.072338 0.107060
0 0.877966 0.549190 0.064742 0.104167
0 0.887370 0.686873 0.074870 0.096933
0 0.937826 0.600791 0.080295 0.100309
0 0.946868 0.464796 0.094763 0.098380