0 0.147640 0.606293 0.090880 0.143495
0 0.200255 0.462798 0.090880 0.143495
0 0.234136 0.322491 0.104432 0.128614
0 0.407127 0.418155 0.083705 0.132866
0 0.425064 0.524447 0.082908 0.126488
0 0.538265 0.501594 0.079719 0.129677
0 0.667411 0.507440 0.087691 0.130740
0 0.674187 0.591943 0.086894 0.119048
0 0.722417 0.423469 0.086097 0.130740
0 0.776626 0.484588 0.081314 0.127551
0 0.859933 0.632334 0.083705 0.119048
0 0.848772 0.488308 0.069356 0.120111
0 0.910156 0.536139 0.098055 0.128614
0 0.920121 0.380952 0.111607 0.132866
0 0.964860 0.439063 0.067156 0.138542