0 0.129724 0.325581 0.074128 0.114341
0 0.136991 0.404554 0.088663 0.113372
0 0.239462 0.369186 0.075581 0.112403
0 0.328125 0.332849 0.077035 0.125000
0 0.401890 0.299419 0.066134 0.120155
0 0.361555 0.438953 0.081395 0.110465
0 0.462573 0.340116 0.071221 0.112403
0 0.529797 0.340116 0.060320 0.096899
0 0.578125 0.239341 0.082849 0.108527
0 0.602471 0.382267 0.070494 0.097868
0 0.573038 0.487888 0.072674 0.088178
0 0.668605 0.320252 0.057413 0.109496
0 0.734738 0.327519 0.061773 0.106589
0 0.745276 0.458818 0.065407 0.107558
0 0.843387 0.258721 0.075581 0.104651
0 0.907340 0.171027 0.074128 0.113372
0 0.940407 0.296996 0.080669 0.123062