0 0.209821 0.358516 0.071085 0.097985
0 0.177112 0.457990 0.063702 0.116529
0 0.131696 0.561813 0.063530 0.100733
0 0.326494 0.440591 0.058207 0.098672
0 0.328383 0.524382 0.063015 0.082647
0 0.418956 0.510875 0.060783 0.102793
0 0.502919 0.520948 0.065591 0.103709
0 0.523266 0.592491 0.064732 0.106227
0 0.567823 0.458677 0.062157 0.104625
0 0.619195 0.507339 0.069426 0.111751
0 0.689039 0.520276 0.058552 0.110412
0 0.746922 0.430719 0.078292 0.122680
0 0.748846 0.573140 0.068757 0.109520
0 0.711372 0.664369 0.062400 0.094352
0 0.828644 0.488156 0.065411 0.130487
0 0.900412 0.531763 0.070095 0.103051
0 0.889956 0.666823 0.072270 0.132272