0 0.057413 0.304748 0.089390 0.128876
0 0.071584 0.407461 0.093023 0.117248
0 0.188953 0.378391 0.082122 0.134690
0 0.285610 0.374031 0.092297 0.131783
0 0.370640 0.311531 0.076308 0.130814
0 0.325218 0.471415 0.082849 0.123062
0 0.433503 0.368217 0.078488 0.122093
0 0.509811 0.373547 0.066860 0.119186
0 0.570494 0.267926 0.087936 0.119186
0 0.577398 0.426357 0.069767 0.114341
0 0.539971 0.530039 0.067587 0.106589
0 0.659520 0.341570 0.065407 0.130814
0 0.726744 0.372093 0.066134 0.110465
0 0.720203 0.510659 0.069041 0.133721
0 0.853924 0.316860 0.085029 0.125969
0 0.934230 0.227713 0.087209 0.133721
0 0.942587 0.394864 0.089390 0.125000