0 0.109012 0.324612 0.093750 0.139535
0 0.094113 0.429748 0.106105 0.125000
0 0.226744 0.406008 0.090843 0.122093
0 0.330305 0.366279 0.098837 0.155039
0 0.359738 0.501453 0.099564 0.150194
0 0.429142 0.336725 0.084302 0.144380
0 0.496003 0.394380 0.094477 0.137597
0 0.587209 0.402616 0.074855 0.128876
0 0.657340 0.288760 0.106105 0.137597
0 0.673328 0.459302 0.097384 0.147287
0 0.630451 0.597868 0.088663 0.141473
0 0.761265 0.405039 0.078488 0.122093
0 0.850654 0.423450 0.082849 0.141473
0 0.869549 0.591570 0.106105 0.157946
0 0.976871 0.344380 0.043132 0.111240