0 0.079297 0.315521 0.079531 0.103958
0 0.049766 0.415937 0.073906 0.118542
0 0.024766 0.531667 0.049219 0.097083
0 0.209375 0.386146 0.062188 0.099375
0 0.218438 0.465208 0.063437 0.088750
0 0.304609 0.440938 0.061719 0.098542
0 0.380625 0.438542 0.064063 0.098333
0 0.409687 0.505104 0.064687 0.103542
0 0.443281 0.378958 0.062188 0.100000
0 0.493984 0.420833 0.063281 0.100000
0 0.556562 0.419375 0.053125 0.101250
0 0.603750 0.331875 0.070625 0.111667
0 0.613906 0.462708 0.060000 0.097083
0 0.585703 0.546667 0.055156 0.094167
0 0.683313 0.385090 0.055703 0.113509
0 0.741820 0.412416 0.055703 0.095291
0 0.736915 0.533749 0.058506 0.110473
0 0.852526 0.359515 0.070418 0.108604
0 0.925133 0.278354 0.075848 0.115377
0 0.932490 0.425729 0.074797 0.110239