0 0.072305 0.500531 0.088489 0.133929
0 0.079480 0.613733 0.094866 0.128614
0 0.203045 0.600978 0.088489 0.143495
0 0.303890 0.615327 0.092474 0.136054
0 0.336974 0.695047 0.098055 0.129677
0 0.391980 0.517538 0.080517 0.138180
0 0.454560 0.583440 0.082908 0.133929
0 0.540258 0.583971 0.062978 0.137117
0 0.570552 0.741284 0.070950 0.120111
0 0.609614 0.643495 0.078922 0.132866
0 0.605628 0.486713 0.093272 0.144558
0 0.698501 0.537734 0.065370 0.146684
0 0.769850 0.581845 0.077328 0.130740
0 0.761480 0.734906 0.081314 0.149872
0 0.915737 0.532951 0.090083 0.147747