0 0.090658 0.623155 0.102539 0.148655
0 0.113037 0.749023 0.100098 0.139974
0 0.238770 0.750109 0.100911 0.152995
0 0.354329 0.783203 0.104167 0.164931
0 0.400309 0.836914 0.096842 0.135634
0 0.452799 0.640516 0.092773 0.150825
0 0.528483 0.718099 0.091146 0.151910
0 0.627360 0.733290 0.085449 0.125868
0 0.656657 0.868924 0.082194 0.132378
0 0.708333 0.778320 0.094401 0.152995
0 0.712809 0.620985 0.114746 0.166016
0 0.813721 0.637261 0.090332 0.168186
0 0.905680 0.692057 0.095215 0.128038
0 0.885335 0.877062 0.098470 0.181207