0 0.179253 0.448495 0.104167 0.146991
0 0.069444 0.568287 0.111979 0.141204
0 0.147135 0.635995 0.093750 0.114583
0 0.260417 0.520833 0.085938 0.127315
0 0.346354 0.518519 0.078993 0.118056
0 0.398438 0.414931 0.101562 0.135417
0 0.426215 0.568287 0.078993 0.118056
0 0.399306 0.654514 0.077257 0.107639
0 0.533420 0.448495 0.076389 0.128472
0 0.602865 0.478009 0.072917 0.120370
0 0.588542 0.644097 0.073785 0.135417
0 0.747396 0.429398 0.087674 0.148148
0 0.853299 0.347222 0.099826 0.138889
0 0.840278 0.546875 0.099826 0.144676