0 0.086182 0.573242 0.106608 0.155165
0 0.108561 0.705621 0.104167 0.150825
0 0.246908 0.688802 0.104167 0.158420
0 0.373861 0.707791 0.102539 0.163845
0 0.468262 0.572157 0.091146 0.152995
0 0.545166 0.643772 0.088704 0.152995
0 0.416178 0.775065 0.097656 0.146484
0 0.637533 0.643229 0.076497 0.138889
0 0.668050 0.800564 0.083822 0.134549
0 0.717692 0.696398 0.090332 0.147569
0 0.720540 0.527127 0.110677 0.164931
0 0.807617 0.565104 0.084635 0.160590
0 0.893473 0.607964 0.083822 0.133464
0 0.890625 0.791341 0.092773 0.168186