0 0.901163 0.368702 0.098110 0.154070
0 0.912064 0.566376 0.108285 0.156008
0 0.808140 0.462694 0.093750 0.146318
0 0.656977 0.519380 0.076308 0.125969
0 0.643169 0.689438 0.080669 0.167636
0 0.579942 0.477229 0.071948 0.142442
0 0.468023 0.568798 0.087936 0.149225
0 0.425509 0.692829 0.082849 0.131783
0 0.460392 0.394864 0.098837 0.130814
0 0.389535 0.503876 0.079215 0.137597
0 0.292878 0.489341 0.101017 0.141473
0 0.220203 0.417151 0.101017 0.148256
0 0.092297 0.495155 0.122820 0.164729
0 0.144622 0.606105 0.108285 0.157946
0 0.018169 0.489341 0.035610 0.133721