0 0.267346 0.508160 0.072292 0.126989
0 0.325773 0.380661 0.071336 0.138719
0 0.360102 0.300464 0.070379 0.106334
0 0.496558 0.382063 0.067511 0.107354
0 0.511188 0.453208 0.071144 0.107354
0 0.608055 0.438928 0.064833 0.104804
0 0.719649 0.430386 0.072292 0.105569
0 0.729689 0.524735 0.073631 0.105569
0 0.754169 0.393411 0.064068 0.095879
0 0.807145 0.441478 0.066746 0.105314
0 0.868440 0.453335 0.055845 0.101999
0 0.921990 0.366636 0.084914 0.108629
0 0.964899 0.440062 0.067077 0.122372
0 0.929927 0.498470 0.077073 0.100469
0 0.893016 0.591799 0.075543 0.105059