0 0.887355 0.401647 0.101017 0.154070
0 0.895712 0.616764 0.106105 0.150194
0 0.783794 0.500969 0.095930 0.151163
0 0.613009 0.727713 0.075581 0.168605
0 0.634448 0.558140 0.077762 0.127907
0 0.560320 0.515019 0.071948 0.136628
0 0.441134 0.608043 0.082122 0.138566
0 0.404070 0.724806 0.080669 0.120155
0 0.366642 0.539244 0.075581 0.134690
0 0.428779 0.430233 0.092297 0.141473
0 0.280523 0.530523 0.092297 0.128876
0 0.221294 0.463178 0.091570 0.133721
0 0.147529 0.635659 0.089390 0.139535
0 0.103198 0.532946 0.105378 0.143411
0 0.033430 0.522287 0.063227 0.137597