0 0.091933 0.342539 0.085756 0.099806
0 0.045422 0.436531 0.085756 0.117248
0 0.231105 0.412791 0.067587 0.104651
0 0.234738 0.489826 0.080669 0.105620
0 0.337209 0.475291 0.064680 0.086240
0 0.426962 0.454457 0.065407 0.106589
0 0.489462 0.418120 0.059593 0.101744
0 0.542151 0.461725 0.064680 0.105620
0 0.450218 0.546512 0.079942 0.108527
0 0.607558 0.471415 0.054506 0.090116
0 0.654070 0.388566 0.074855 0.091085
0 0.667151 0.516473 0.066134 0.091085
0 0.635538 0.610465 0.062500 0.091085
0 0.725654 0.450581 0.056686 0.108527
0 0.784884 0.476744 0.054506 0.094961
0 0.796148 0.594961 0.065407 0.106589
0 0.888808 0.423450 0.073401 0.096899
0 0.946584 0.350775 0.066860 0.096899
0 0.966570 0.479167 0.061773 0.103682