0 0.329726 0.318996 0.073775 0.101151
0 0.302582 0.419103 0.066119 0.125510
0 0.259866 0.534869 0.063857 0.107879
0 0.460050 0.396019 0.062291 0.100223
0 0.474405 0.471418 0.066293 0.100223
0 0.564188 0.455990 0.060377 0.101383
0 0.666237 0.459934 0.070295 0.097671
0 0.675459 0.525357 0.067163 0.105559
0 0.708345 0.397991 0.061247 0.098135
0 0.757064 0.442882 0.065075 0.104399
0 0.815538 0.444996 0.056702 0.102492
0 0.874078 0.361799 0.079865 0.110199
0 0.869554 0.489514 0.069425 0.099759
0 0.829795 0.574889 0.065075 0.094655
0 0.923841 0.413767 0.068033 0.116231
0 0.975625 0.447954 0.045626 0.087166
0 0.975973 0.566290 0.044930 0.110402