0 0.035236 0.576531 0.068559 0.124362
0 0.142060 0.558992 0.092474 0.133929
0 0.230548 0.570685 0.089286 0.136054
0 0.274793 0.652530 0.090083 0.121173
0 0.328205 0.476616 0.078922 0.134991
0 0.391183 0.541986 0.085300 0.140306
0 0.474888 0.545174 0.069356 0.129677
0 0.549825 0.598852 0.075733 0.132866
0 0.512755 0.701424 0.074936 0.119048
0 0.643096 0.497874 0.070950 0.149872
0 0.720026 0.537202 0.073342 0.115859
0 0.706872 0.700361 0.075733 0.146684
0 0.862723 0.485119 0.092474 0.149872
0 0.953300 0.599033 0.090274 0.131101
0 0.954098 0.402179 0.088680 0.149809