0 0.030887 0.397771 0.061047 0.093992
0 0.026526 0.481589 0.052326 0.106589
0 0.109738 0.459787 0.082122 0.105620
0 0.176599 0.444283 0.089390 0.117248
0 0.205305 0.546996 0.072674 0.107558
0 0.275073 0.410368 0.074128 0.123062
0 0.324491 0.462209 0.081395 0.104651
0 0.401890 0.467054 0.070494 0.104651
0 0.454942 0.365795 0.079215 0.121124
0 0.464753 0.516957 0.074128 0.126938
0 0.429869 0.633721 0.078488 0.116279
0 0.570494 0.452519 0.057413 0.129845
0 0.639535 0.481105 0.073401 0.119186
0 0.623910 0.626938 0.071221 0.145349
0 0.768895 0.419574 0.080669 0.125969
0 0.853198 0.329457 0.087936 0.127907
0 0.875363 0.483043 0.098837 0.148256