0 0.074298 0.579719 0.081314 0.122236
0 0.140067 0.583971 0.096460 0.134991
0 0.195871 0.665285 0.090083 0.131803
0 0.244898 0.492028 0.090880 0.133929
0 0.309869 0.548895 0.085300 0.139243
0 0.390784 0.555804 0.079719 0.131803
0 0.439812 0.442071 0.096460 0.138180
0 0.468511 0.605230 0.083705 0.147747
0 0.442602 0.719494 0.079719 0.125425
0 0.580517 0.490434 0.068559 0.166879
0 0.658642 0.531356 0.082908 0.138180
0 0.646285 0.707802 0.082111 0.170068
0 0.811304 0.458014 0.102838 0.170068
0 0.922513 0.339498 0.114796 0.175383
0 0.937659 0.571216 0.119579 0.171131