0 0.233941 0.487269 0.086806 0.138889
0 0.256944 0.603588 0.092882 0.119213
0 0.051215 0.395255 0.101562 0.149306
0 0.037109 0.553964 0.074219 0.137442
0 0.370226 0.581019 0.088542 0.157407
0 0.487413 0.593171 0.092014 0.140046
0 0.511719 0.665509 0.092014 0.115741
0 0.561198 0.480903 0.081597 0.140046
0 0.625000 0.546296 0.087674 0.138889
0 0.707899 0.543403 0.081597 0.133102
0 0.727865 0.676505 0.083333 0.121528
0 0.777344 0.589699 0.090278 0.128472
0 0.784288 0.447917 0.109375 0.141204
0 0.864583 0.476852 0.089410 0.134259
0 0.937934 0.504051 0.085069 0.135417
0 0.929688 0.664931 0.098090 0.156250