0 0.067921 0.579719 0.078125 0.126488
0 0.129703 0.579188 0.102838 0.138180
0 0.188696 0.661033 0.090083 0.138180
0 0.239716 0.492028 0.088489 0.131803
0 0.303890 0.548895 0.087691 0.137117
0 0.387596 0.552083 0.074936 0.132866
0 0.433036 0.431441 0.095663 0.155187
0 0.436224 0.718963 0.079719 0.124362
0 0.462930 0.603635 0.082111 0.146684
0 0.574538 0.488839 0.067761 0.170068
0 0.639908 0.708333 0.078922 0.173257
0 0.655453 0.528699 0.086097 0.143495
0 0.806122 0.459077 0.100446 0.163690
0 0.919324 0.336841 0.119579 0.178571
0 0.931282 0.568559 0.125957 0.170068