0 0.188953 0.262112 0.093750 0.126938
0 0.134448 0.357558 0.098110 0.160853
0 0.053779 0.502907 0.099564 0.156977
0 0.345567 0.341570 0.075581 0.140504
0 0.353924 0.435078 0.087936 0.118217
0 0.481105 0.407946 0.082122 0.129845
0 0.605378 0.376453 0.087936 0.138566
0 0.669695 0.348353 0.074128 0.132752
0 0.736555 0.397287 0.084302 0.127907
0 0.628270 0.504360 0.093023 0.138566
0 0.815770 0.408430 0.069767 0.128876
0 0.881177 0.297481 0.097384 0.135659
0 0.952398 0.399709 0.087209 0.130814
0 0.897166 0.466085 0.103198 0.124031
0 0.854288 0.590116 0.094477 0.122093