0 0.063962 0.344007 0.095443 0.135468
0 0.082820 0.453305 0.103910 0.120074
0 0.205973 0.429187 0.096213 0.139573
0 0.308728 0.429187 0.095443 0.137521
0 0.352602 0.522578 0.093904 0.123153
0 0.400708 0.343493 0.088516 0.140599
0 0.473060 0.403530 0.085437 0.129310
0 0.556188 0.408149 0.076201 0.136494
0 0.624692 0.295772 0.091595 0.151888
0 0.627386 0.464594 0.083128 0.132389
0 0.585822 0.580049 0.080049 0.112890
0 0.718596 0.363506 0.074661 0.135468
0 0.790563 0.399938 0.075431 0.126232
0 0.784791 0.558498 0.083898 0.143678
0 0.945274 0.339388 0.100062 0.144704