0 0.078451 0.598741 0.100911 0.147569
0 0.105713 0.728407 0.101725 0.148655
0 0.233073 0.729492 0.104167 0.155165
0 0.349040 0.758789 0.106608 0.163845
0 0.400309 0.815755 0.093587 0.141059
0 0.451579 0.615560 0.098470 0.155165
0 0.528076 0.692600 0.090332 0.150825
0 0.629801 0.702365 0.087077 0.135634
0 0.661540 0.845052 0.085449 0.134549
0 0.712809 0.751194 0.096842 0.152995
0 0.716471 0.588433 0.117188 0.174696
0 0.821045 0.605794 0.090332 0.170356
0 0.917074 0.662760 0.096842 0.132378
0 0.895915 0.851562 0.104980 0.182292