0 0.415422 0.496303 0.067193 0.075370
0 0.387959 0.602247 0.064526 0.091013
0 0.354362 0.693615 0.078392 0.103100
0 0.548208 0.566695 0.077858 0.100967
0 0.554608 0.654152 0.069326 0.085324
0 0.637265 0.648109 0.082125 0.101678
0 0.748720 0.661974 0.078925 0.106655
0 0.744987 0.730944 0.078925 0.089590
0 0.792982 0.587671 0.072526 0.093146
0 0.835111 0.645620 0.071459 0.092435
0 0.895904 0.656286 0.063993 0.088168
0 0.906037 0.773251 0.091724 0.100256
0 0.952165 0.700014 0.074125 0.103100
0 0.958103 0.580323 0.080669 0.098359