0 0.046795 0.652530 0.088489 0.125425
0 0.090242 0.528699 0.082908 0.139243
0 0.128109 0.399022 0.093272 0.117985
0 0.275989 0.490965 0.071747 0.123299
0 0.286352 0.589286 0.076531 0.111607
0 0.393973 0.575468 0.074936 0.132866
0 0.497608 0.588754 0.079719 0.129677
0 0.525510 0.665816 0.081314 0.130740
0 0.574139 0.498937 0.074936 0.130740
0 0.634726 0.559524 0.082908 0.126488
0 0.718033 0.567496 0.074139 0.123299
0 0.745934 0.720557 0.077328 0.123299
0 0.792172 0.619579 0.082111 0.140306
0 0.792969 0.460140 0.098055 0.142432
0 0.879863 0.513287 0.083705 0.146684
0 0.960874 0.558238 0.075128 0.124809
0 0.956489 0.724649 0.083897 0.157632