0 0.124132 0.301505 0.113715 0.116898
0 0.084635 0.450231 0.107639 0.143519
0 0.048611 0.586227 0.096354 0.146991
0 0.315538 0.402199 0.090278 0.133102
0 0.325955 0.512153 0.098958 0.123843
0 0.452257 0.498264 0.089410 0.137731
0 0.580729 0.501736 0.092882 0.149306
0 0.594184 0.596065 0.090278 0.120370
0 0.646267 0.416088 0.083333 0.133102
0 0.707031 0.483218 0.090278 0.112269
0 0.785590 0.491319 0.073785 0.123843
0 0.865017 0.386574 0.104167 0.134259
0 0.920139 0.453704 0.092882 0.106481
0 0.848958 0.550926 0.098090 0.113426
0 0.794271 0.641204 0.094618 0.118056