0 0.112422 0.457187 0.066406 0.093542
0 0.101406 0.560417 0.058125 0.081667
0 0.094141 0.638542 0.057656 0.077917
0 0.222891 0.511250 0.048906 0.090000
0 0.240469 0.584583 0.046875 0.084167
0 0.306328 0.576771 0.057344 0.089375
0 0.364141 0.585417 0.057656 0.096667
0 0.405703 0.625625 0.054531 0.085000
0 0.422656 0.501771 0.058437 0.094375
0 0.475547 0.546146 0.052656 0.096042
0 0.538047 0.544896 0.054219 0.089375
0 0.577344 0.468854 0.069688 0.109792
0 0.597422 0.576250 0.058906 0.102500
0 0.576875 0.648021 0.054688 0.080625
0 0.675547 0.479375 0.046719 0.121250
0 0.740234 0.510938 0.063906 0.096042
0 0.730252 0.642554 0.053629 0.115525
0 0.861563 0.468646 0.078125 0.125208
0 0.950937 0.568542 0.087813 0.112917
0 0.961953 0.386250 0.072656 0.140000