0 0.154018 0.597789 0.087691 0.149872
0 0.221381 0.464392 0.085300 0.138180
0 0.262436 0.360225 0.081314 0.121173
0 0.413903 0.448448 0.073342 0.121173
0 0.429847 0.528699 0.082908 0.115859
0 0.533482 0.502657 0.070153 0.114796
0 0.651068 0.490965 0.075733 0.121173
0 0.663823 0.591412 0.075733 0.117985
0 0.690131 0.454826 0.067761 0.125425
0 0.744340 0.500000 0.069356 0.111607
0 0.802535 0.507440 0.064573 0.100978
0 0.859933 0.421344 0.083705 0.100978
0 0.836416 0.652530 0.076531 0.102041
0 0.869898 0.548363 0.079719 0.110544
0 0.908562 0.488308 0.062978 0.132866
0 0.968447 0.515466 0.059981 0.093431