0 0.077886 0.470238 0.067761 0.083971
0 0.087054 0.396896 0.063776 0.090349
0 0.157207 0.442602 0.066964 0.094600
0 0.205038 0.428253 0.070153 0.106293
0 0.237723 0.512755 0.066964 0.111607
0 0.288744 0.388393 0.068559 0.109481
0 0.333386 0.435162 0.071747 0.098852
0 0.400351 0.433036 0.065370 0.109481
0 0.454959 0.474490 0.066167 0.113733
0 0.438217 0.341093 0.070950 0.106293
0 0.431441 0.575468 0.063776 0.105230
0 0.551020 0.401679 0.049426 0.131803
0 0.593272 0.565901 0.063776 0.128614
0 0.613999 0.430910 0.068559 0.117985
0 0.723214 0.366603 0.076531 0.127551
0 0.817682 0.420281 0.090083 0.147747
0 0.809311 0.272003 0.079719 0.127551