0 0.414263 0.134615 0.116186 0.188034
0 0.346554 0.287927 0.091346 0.146368
0 0.441506 0.350427 0.093750 0.164530
0 0.399840 0.490385 0.092147 0.136752
0 0.243990 0.283654 0.112179 0.152778
0 0.149840 0.200321 0.109776 0.174145
0 0.041667 0.282051 0.079327 0.177350
0 0.090545 0.412393 0.124199 0.170940
0 0.559696 0.246795 0.076923 0.168803
0 0.644631 0.284188 0.083333 0.151709
0 0.633013 0.472222 0.087340 0.168803
0 0.816506 0.205662 0.109776 0.167735
0 0.927083 0.087607 0.114583 0.164530
0 0.930288 0.310897 0.119391 0.166667