0 0.146445 0.508503 0.086894 0.141369
0 0.156011 0.620642 0.096460 0.136054
0 0.281569 0.598321 0.094069 0.146684
0 0.389987 0.603635 0.092474 0.146684
0 0.427057 0.694515 0.091677 0.137117
0 0.476483 0.507972 0.085300 0.148810
0 0.543447 0.571747 0.088489 0.144558
0 0.625957 0.577594 0.076531 0.132866
0 0.662628 0.742347 0.082908 0.122236
0 0.705277 0.623831 0.090083 0.144558
0 0.699697 0.460140 0.102838 0.150935
0 0.788584 0.515412 0.079719 0.157313
0 0.867108 0.552615 0.075733 0.131803
0 0.871492 0.723746 0.092474 0.163690