0 0.037064 0.471415 0.073401 0.128876
0 0.098837 0.471415 0.103924 0.146318
0 0.143532 0.577035 0.090116 0.140504
0 0.215116 0.416182 0.080669 0.134690
0 0.272529 0.474322 0.092297 0.134690
0 0.359012 0.492733 0.077762 0.125000
0 0.416061 0.374031 0.094477 0.147287
0 0.429869 0.551357 0.084302 0.141473
0 0.394985 0.673450 0.085756 0.127907
0 0.553779 0.464147 0.069041 0.143411
0 0.629724 0.505329 0.081395 0.136628
0 0.603924 0.675872 0.080669 0.169574
0 0.779433 0.444767 0.095930 0.153101
0 0.890625 0.338663 0.107558 0.159884
0 0.899709 0.551357 0.114099 0.164729