0 0.053173 0.486713 0.077328 0.102041
0 0.062739 0.413903 0.077328 0.107355
0 0.140067 0.463329 0.072545 0.112670
0 0.195871 0.454826 0.078922 0.110544
0 0.226961 0.536139 0.069356 0.120111
0 0.280373 0.413903 0.066167 0.105230
0 0.324617 0.457483 0.073342 0.105230
0 0.396763 0.462266 0.064573 0.104167
0 0.440609 0.370323 0.074139 0.111607
0 0.428253 0.603635 0.066964 0.112670
0 0.453364 0.508503 0.066167 0.113733
0 0.548230 0.436756 0.048629 0.129677
0 0.611607 0.456420 0.068559 0.126488
0 0.593670 0.595132 0.064573 0.129677
0 0.724011 0.404337 0.071747 0.134991
0 0.803731 0.317708 0.078125 0.125425
0 0.814493 0.471832 0.086894 0.125425