0 0.041932 0.609832 0.083865 0.132164
0 0.035236 0.496811 0.068559 0.141369
0 0.160395 0.583971 0.097258 0.145621
0 0.260443 0.588754 0.101244 0.159439
0 0.305086 0.676977 0.091677 0.144558
0 0.358498 0.492028 0.088489 0.142432
0 0.427455 0.560055 0.090880 0.140306
0 0.515545 0.557929 0.070950 0.138180
0 0.579321 0.445791 0.099649 0.145621
0 0.594467 0.613202 0.088489 0.148810
0 0.554209 0.725872 0.078125 0.129677
0 0.686543 0.500000 0.079719 0.164753
0 0.763473 0.539328 0.078922 0.139243
0 0.761081 0.712054 0.090083 0.163690
0 0.918128 0.482993 0.107621 0.149872