0 0.094184 0.454861 0.098958 0.115741
0 0.098524 0.359375 0.079861 0.121528
0 0.208767 0.424769 0.090278 0.118056
0 0.294271 0.396991 0.089410 0.134259
0 0.326389 0.509259 0.084201 0.129630
0 0.383247 0.359954 0.076389 0.122685
0 0.442708 0.415509 0.080729 0.115741
0 0.522135 0.416667 0.072917 0.113426
0 0.581597 0.309028 0.094618 0.120370
0 0.598524 0.472222 0.083333 0.115741
0 0.563368 0.582755 0.084201 0.121528
0 0.686632 0.404514 0.072049 0.100694
0 0.762153 0.426505 0.072049 0.107639
0 0.764323 0.568287 0.078125 0.129630
0 0.895399 0.345486 0.095486 0.133102
0 0.966450 0.248808 0.063976 0.117986