0 0.057776 0.285853 0.106105 0.155039
0 0.083212 0.408430 0.126453 0.136628
0 0.209666 0.382752 0.097384 0.156977
0 0.323401 0.385659 0.103924 0.162791
0 0.367369 0.496124 0.093023 0.145349
0 0.426235 0.303295 0.088663 0.155039
0 0.498547 0.370640 0.090843 0.156008
0 0.589026 0.386143 0.079942 0.138566
0 0.619186 0.566860 0.083576 0.125969
0 0.669695 0.445736 0.087209 0.149225
0 0.670058 0.256783 0.105378 0.166667
0 0.764172 0.350291 0.087209 0.144380
0 0.847384 0.388566 0.080669 0.135659
0 0.836483 0.560078 0.090843 0.160853
0 0.981105 0.321221 0.034157 0.140504