0 0.177868 0.345795 0.099172 0.101788
0 0.140768 0.483733 0.097745 0.120814
0 0.085830 0.622146 0.092038 0.110350
0 0.349458 0.441400 0.081336 0.117960
0 0.363014 0.542237 0.084189 0.114155
0 0.480023 0.530822 0.082763 0.123668
0 0.604167 0.536530 0.094178 0.133181
0 0.615939 0.620719 0.090611 0.115107
0 0.665882 0.449962 0.082049 0.119863
0 0.722246 0.516553 0.086330 0.108447
0 0.797160 0.520833 0.077768 0.115107
0 0.807506 0.667333 0.084189 0.117009
0 0.861729 0.577435 0.087043 0.108447
0 0.873145 0.424277 0.105594 0.119863
0 0.932720 0.484209 0.093465 0.106545