0 0.205578 0.314633 0.100789 0.103100
0 0.169582 0.452218 0.094923 0.123720
0 0.125853 0.589093 0.095990 0.111633
0 0.377026 0.407423 0.081058 0.113766
0 0.391958 0.506257 0.082125 0.112344
0 0.507679 0.484926 0.082125 0.127986
0 0.633799 0.489548 0.091190 0.135808
0 0.644198 0.579138 0.089590 0.114477
0 0.690060 0.404935 0.077858 0.130119
0 0.751653 0.468928 0.085858 0.117321
0 0.826312 0.474616 0.076259 0.111633
0 0.838844 0.620023 0.079991 0.109499
0 0.891372 0.527588 0.087991 0.109499
0 0.904970 0.372938 0.107722 0.115899