0 0.044271 0.364396 0.088542 0.121902
0 0.087674 0.337446 0.132119 0.133225
0 0.131203 0.448270 0.128220 0.145127
0 0.209263 0.305240 0.093526 0.136869
0 0.262330 0.357521 0.092528 0.118985
0 0.338621 0.355954 0.085055 0.126491
0 0.395515 0.246985 0.089375 0.135417
0 0.406382 0.411911 0.089320 0.128956
0 0.366199 0.532055 0.102710 0.128694
0 0.537922 0.340988 0.088865 0.152808
0 0.595906 0.363250 0.072251 0.142944
0 0.585331 0.520200 0.106422 0.143628
0 0.805891 0.196970 0.098635 0.140782
0 0.722374 0.302447 0.108811 0.124338
0 0.818099 0.348698 0.124220 0.164409