0 0.130087 0.279554 0.074855 0.113372
0 0.138081 0.371609 0.092297 0.113372
0 0.246366 0.331880 0.082122 0.128876
0 0.335756 0.296512 0.083576 0.129845
0 0.414244 0.260174 0.070494 0.132752
0 0.372820 0.407461 0.085029 0.121124
0 0.479651 0.301357 0.076308 0.127907
0 0.553779 0.307171 0.064680 0.112403
0 0.608285 0.207849 0.086483 0.101744
0 0.626453 0.351744 0.085029 0.116279
0 0.595567 0.463663 0.074128 0.121124
0 0.702035 0.281492 0.063227 0.130814
0 0.771439 0.306202 0.066860 0.120155
0 0.784520 0.439922 0.072674 0.122093
0 0.901526 0.228682 0.087209 0.116279
0 0.965843 0.125969 0.064680 0.127907
0 0.978198 0.279554 0.039971 0.099806