0 0.366016 0.367813 0.074219 0.119375
0 0.340938 0.496562 0.070625 0.118958
0 0.298828 0.609479 0.063594 0.108125
0 0.523828 0.543333 0.065469 0.090833
0 0.508516 0.453542 0.066406 0.107500
0 0.612812 0.529167 0.062500 0.100833
0 0.712266 0.594167 0.063281 0.080000
0 0.717578 0.540417 0.068906 0.093750
0 0.749766 0.455417 0.060156 0.090000
0 0.787344 0.511875 0.060000 0.085833
0 0.841406 0.509479 0.051250 0.088542
0 0.833906 0.611771 0.060625 0.085208
0 0.878047 0.544167 0.058906 0.091667
0 0.898125 0.445312 0.073125 0.086458
0 0.921719 0.464688 0.065312 0.106042
0 0.972031 0.495679 0.052812 0.078858
0 0.965703 0.605862 0.065469 0.096308