0 0.057656 0.345208 0.090938 0.117083
0 0.059062 0.438542 0.115625 0.108750
0 0.166250 0.419167 0.097500 0.101667
0 0.226875 0.387292 0.113125 0.130417
0 0.266250 0.489792 0.102500 0.137917
0 0.331094 0.345000 0.077188 0.127500
0 0.389375 0.396458 0.084375 0.117917
0 0.470000 0.394792 0.071875 0.127917
0 0.525312 0.287708 0.086875 0.134583
0 0.532344 0.446667 0.097813 0.130833
0 0.495469 0.565833 0.099688 0.125000
0 0.651406 0.377708 0.090937 0.141250
0 0.712187 0.396042 0.071250 0.141250
0 0.720938 0.550000 0.104375 0.145000
0 0.921250 0.228958 0.115000 0.136250
0 0.841562 0.334167 0.113125 0.128333
0 0.949219 0.383869 0.101562 0.155239