0 0.206234 0.493622 0.093272 0.124362
0 0.200654 0.395833 0.082111 0.124362
0 0.326212 0.456420 0.079719 0.128614
0 0.434630 0.424001 0.086097 0.140306
0 0.467714 0.535608 0.090083 0.142432
0 0.513154 0.372980 0.075733 0.129677
0 0.580517 0.421875 0.081314 0.129677
0 0.657844 0.428253 0.074936 0.114796
0 0.704082 0.592474 0.081314 0.122236
0 0.740753 0.474490 0.089286 0.122236
0 0.808115 0.387330 0.069356 0.143495
0 0.722816 0.309736 0.096460 0.132866
0 0.912149 0.572279 0.095663 0.126488
0 0.886639 0.414966 0.079719 0.124362