0 0.032340 0.400678 0.063953 0.092054
0 0.024346 0.483527 0.045058 0.102713
0 0.108285 0.468992 0.079215 0.098837
0 0.177689 0.445736 0.082849 0.125969
0 0.203852 0.546996 0.075581 0.121124
0 0.275799 0.416667 0.072674 0.116279
0 0.323765 0.466085 0.082849 0.104651
0 0.401163 0.467054 0.071948 0.112403
0 0.454578 0.363857 0.077035 0.121124
0 0.463299 0.517926 0.074128 0.128876
0 0.428779 0.633721 0.074855 0.120155
0 0.567224 0.453004 0.056686 0.140504
0 0.637718 0.481589 0.072674 0.125969
0 0.622820 0.628391 0.070494 0.144380
0 0.764172 0.423934 0.081395 0.123062
0 0.846657 0.327519 0.085029 0.124031
0 0.871366 0.480620 0.095203 0.147287