0 0.321517 0.402997 0.101039 0.125024
0 0.407808 0.374965 0.110079 0.131087
0 0.442281 0.484586 0.102334 0.149034
0 0.501607 0.332631 0.080845 0.134783
0 0.571442 0.379098 0.095676 0.133304
0 0.644743 0.383865 0.081968 0.137067
0 0.709235 0.281094 0.109713 0.121326
0 0.723236 0.442146 0.109268 0.120909
0 0.681416 0.558761 0.104216 0.131868
0 0.819556 0.354339 0.079379 0.154397
0 0.904744 0.382653 0.083710 0.138674
0 0.932517 0.542921 0.131840 0.154384
0 0.212789 0.347880 0.079801 0.114853
0 0.214834 0.425116 0.102779 0.133477
0 0.059666 0.277801 0.116213 0.124445
0 0.032888 0.386127 0.063696 0.121326