0 0.071508 0.504252 0.090083 0.137117
0 0.083068 0.620642 0.105230 0.127551
0 0.207430 0.590880 0.092474 0.155187
0 0.313457 0.598852 0.092474 0.151998
0 0.354911 0.684949 0.090880 0.141369
0 0.404735 0.504252 0.085300 0.137117
0 0.471700 0.565370 0.088489 0.144558
0 0.558195 0.570153 0.073342 0.128614
0 0.637915 0.622768 0.086097 0.144558
0 0.598055 0.734906 0.078125 0.128614
0 0.626355 0.458014 0.098055 0.140306
0 0.724809 0.511161 0.081314 0.155187
0 0.803332 0.547300 0.075733 0.136054
0 0.803731 0.716305 0.090880 0.165816
0 0.951307 0.488839 0.094260 0.157313