0 0.324491 0.352229 0.084302 0.111434
0 0.285247 0.437016 0.085756 0.147287
0 0.215843 0.576550 0.086483 0.156977
0 0.476381 0.422481 0.072674 0.129845
0 0.494913 0.508236 0.087936 0.123062
0 0.603561 0.488857 0.072674 0.128876
0 0.728924 0.472868 0.086483 0.129845
0 0.769259 0.426841 0.072674 0.119186
0 0.831759 0.482558 0.081395 0.124031
0 0.903343 0.499516 0.064680 0.105620
0 0.953852 0.398256 0.085756 0.124031
0 0.964153 0.550703 0.068568 0.111095
0 0.941497 0.658430 0.091570 0.113372
0 0.743459 0.584302 0.092297 0.120155