0 0.238009 0.550388 0.093023 0.143411
0 0.303416 0.390988 0.091570 0.144380
0 0.339753 0.305717 0.093023 0.107558
0 0.509448 0.376453 0.083576 0.125000
0 0.532340 0.456395 0.090116 0.124031
0 0.640625 0.440891 0.081395 0.106589
0 0.773256 0.401163 0.087936 0.122093
0 0.786337 0.515019 0.089390 0.125000
0 0.862645 0.418120 0.082122 0.107558
0 0.801235 0.354651 0.065407 0.075581
0 0.964517 0.335780 0.067842 0.107607
0 0.930959 0.431686 0.067587 0.101744
0 0.976508 0.471100 0.043859 0.095300
0 0.960156 0.587645 0.076563 0.099709