0 0.200721 0.195513 0.110577 0.179487
0 0.074519 0.269765 0.116186 0.176282
0 0.137019 0.409722 0.116186 0.178419
0 0.290465 0.283120 0.108974 0.153846
0 0.393029 0.294338 0.089744 0.152778
0 0.466346 0.143162 0.119391 0.192308
0 0.485577 0.363248 0.095353 0.164530
0 0.440705 0.496795 0.090545 0.151709
0 0.605369 0.258547 0.078526 0.170940
0 0.691907 0.305021 0.083333 0.150641
0 0.675481 0.488248 0.092147 0.179487
0 0.867788 0.231303 0.114583 0.167735
0 0.962560 0.114904 0.071755 0.178526
0 0.959535 0.349893 0.075321 0.163462