0 0.028343 0.297965 0.054506 0.099806
0 0.159520 0.349322 0.071221 0.119186
0 0.163154 0.427326 0.081395 0.116279
0 0.267442 0.400678 0.071948 0.103682
0 0.358648 0.369671 0.077035 0.113372
0 0.430233 0.332364 0.066134 0.118217
0 0.488372 0.372578 0.069041 0.113372
0 0.388445 0.470446 0.082849 0.113372
0 0.557776 0.375969 0.062500 0.096899
0 0.602834 0.285368 0.079942 0.101744
0 0.623910 0.413760 0.072674 0.106589
0 0.593387 0.517926 0.068314 0.099806
0 0.687863 0.351260 0.056686 0.123062
0 0.751453 0.365795 0.064680 0.107558
0 0.764898 0.494186 0.072674 0.114341
0 0.863735 0.303779 0.077035 0.103682
0 0.925145 0.217054 0.074855 0.108527
0 0.957249 0.343968 0.082376 0.116231