0 0.042067 0.194444 0.081731 0.162393
0 0.054888 0.326923 0.105769 0.145299
0 0.185897 0.298077 0.100160 0.164530
0 0.310497 0.288462 0.115385 0.175214
0 0.357772 0.418803 0.108974 0.164530
0 0.418670 0.210470 0.097756 0.166667
0 0.496795 0.285791 0.101763 0.163462
0 0.595353 0.300214 0.092147 0.149573
0 0.681090 0.148504 0.117788 0.188034
0 0.680288 0.367521 0.100160 0.162393
0 0.629407 0.499466 0.084936 0.135684
0 0.778846 0.261218 0.090545 0.165598
0 0.870192 0.307158 0.093750 0.148504
0 0.860577 0.489850 0.101763 0.165598