0 0.221788 0.355324 0.083333 0.127315
0 0.226128 0.436343 0.090278 0.115741
0 0.053385 0.256366 0.105903 0.135417
0 0.029297 0.380498 0.058594 0.130208
0 0.350694 0.409144 0.089410 0.116898
0 0.461372 0.381366 0.090278 0.133102
0 0.526476 0.339699 0.079861 0.137731
0 0.484809 0.498843 0.088542 0.131944
0 0.593316 0.391204 0.079861 0.118056
0 0.668403 0.397569 0.070312 0.123843
0 0.725260 0.299769 0.095486 0.118056
0 0.738715 0.452546 0.084201 0.115741
0 0.703993 0.566551 0.085938 0.109954
0 0.892795 0.549190 0.090278 0.126157
0 0.869792 0.412037 0.072049 0.108796
0 0.799045 0.395833 0.071181 0.111111
0 0.969488 0.335358 0.057899 0.101272