0 0.025000 0.312535 0.049479 0.105486
0 0.030729 0.403889 0.061458 0.101250
0 0.106510 0.371181 0.104167 0.124306
0 0.165677 0.341632 0.116042 0.132014
0 0.202604 0.451389 0.100521 0.145139
0 0.273099 0.306458 0.078802 0.134306
0 0.334635 0.354236 0.092708 0.127639
0 0.408203 0.354167 0.084115 0.135417
0 0.467031 0.246111 0.088333 0.141806
0 0.478750 0.414236 0.090938 0.119444
0 0.438125 0.528958 0.100000 0.127083
0 0.604323 0.334063 0.090833 0.153403
0 0.665417 0.357569 0.071250 0.141250
0 0.668281 0.514444 0.104375 0.145000
0 0.879870 0.181458 0.110052 0.143333
0 0.794375 0.291354 0.113854 0.132569
0 0.901432 0.336111 0.132552 0.170833