0 0.225654 0.366279 0.095203 0.135659
0 0.180233 0.496609 0.091570 0.150194
0 0.118459 0.637112 0.088663 0.144380
0 0.384811 0.468992 0.074855 0.131783
0 0.395349 0.571705 0.085756 0.129845
0 0.515625 0.552810 0.080669 0.136628
0 0.646076 0.562500 0.093023 0.136628
0 0.661701 0.663760 0.093750 0.129845
0 0.776163 0.550872 0.088663 0.126938
0 0.708212 0.482558 0.079215 0.131783
0 0.856831 0.560078 0.075581 0.118217
0 0.939317 0.442345 0.114099 0.148256
0 0.934593 0.611919 0.101744 0.142442
0 0.978507 0.539123 0.039862 0.109254
0 0.880814 0.725775 0.090116 0.129845