0 0.130899 0.518070 0.078125 0.122236
0 0.139270 0.603104 0.086894 0.115859
0 0.228555 0.583971 0.083705 0.137117
0 0.301499 0.593006 0.092474 0.146684
0 0.348932 0.675383 0.088489 0.137117
0 0.395169 0.504783 0.083705 0.138180
0 0.460539 0.566964 0.085300 0.132866
0 0.604034 0.453763 0.102838 0.150935
0 0.546237 0.565370 0.076531 0.144558
0 0.626754 0.625425 0.089286 0.151998
0 0.588489 0.739158 0.079719 0.132866
0 0.733578 0.511161 0.078125 0.167942
0 0.820073 0.555804 0.088489 0.144558
0 0.810906 0.734375 0.095663 0.176446