0 0.033794 0.321221 0.066860 0.095930
0 0.167515 0.386143 0.071221 0.115310
0 0.170058 0.462694 0.085029 0.113372
0 0.279070 0.439922 0.074855 0.102713
0 0.371366 0.415698 0.077762 0.112403
0 0.437863 0.382267 0.065407 0.115310
0 0.494186 0.421512 0.066134 0.110465
0 0.558503 0.429748 0.061047 0.093992
0 0.606831 0.335756 0.077762 0.107558
0 0.395349 0.514050 0.079215 0.107558
0 0.592297 0.570252 0.066134 0.095930
0 0.622093 0.474806 0.071948 0.098837
0 0.686410 0.414729 0.053779 0.100775
0 0.747456 0.434593 0.053779 0.101744
0 0.758358 0.554748 0.068314 0.109496
0 0.852108 0.378876 0.069767 0.093023
0 0.912427 0.296996 0.066860 0.099806
0 0.940044 0.427326 0.079942 0.098837