0 0.154416 0.526042 0.067761 0.104167
0 0.178332 0.436224 0.078922 0.115859
0 0.198262 0.315051 0.088489 0.111607
0 0.350925 0.400085 0.063776 0.111607
0 0.367267 0.492560 0.074139 0.105230
0 0.462930 0.495748 0.072545 0.126488
0 0.564573 0.533482 0.073342 0.116922
0 0.578125 0.571747 0.070153 0.099915
0 0.630341 0.435162 0.067761 0.113733
0 0.676578 0.493622 0.075733 0.115859
0 0.755102 0.514881 0.065370 0.111607
0 0.755501 0.612670 0.067761 0.103104
0 0.804927 0.557929 0.074139 0.116922
0 0.832031 0.454294 0.090083 0.122236
0 0.898996 0.460140 0.075733 0.125425
0 0.964063 0.502923 0.068750 0.110013
0 0.920121 0.631803 0.078125 0.126488