0 0.362969 0.371771 0.069375 0.101458
0 0.331719 0.473438 0.065625 0.121875
0 0.281406 0.579583 0.059375 0.105833
0 0.487578 0.457083 0.061094 0.101667
0 0.495469 0.538750 0.065937 0.098750
0 0.593125 0.533021 0.064375 0.107708
0 0.700156 0.547083 0.075937 0.109583
0 0.709063 0.619583 0.072813 0.111250
0 0.754219 0.482083 0.068125 0.108333
0 0.806953 0.533438 0.076094 0.112708
0 0.878750 0.547917 0.066875 0.111667
0 0.950625 0.456146 0.095625 0.127292
0 0.943437 0.602604 0.080625 0.117292
0 0.892578 0.692500 0.077344 0.108750