0 0.085392 0.256298 0.103198 0.132752
0 0.036337 0.361434 0.071948 0.139535
0 0.250363 0.430233 0.093023 0.137597
0 0.250363 0.340116 0.088663 0.139535
0 0.378997 0.406492 0.078488 0.136628
0 0.500727 0.378391 0.087936 0.150194
0 0.573401 0.347384 0.073401 0.144380
0 0.522892 0.505329 0.095930 0.140504
0 0.640262 0.398740 0.083576 0.144380
0 0.716933 0.409884 0.072674 0.135659
0 0.784157 0.307171 0.102471 0.135659
0 0.798328 0.471899 0.091570 0.124031
0 0.755451 0.595446 0.090116 0.126938
0 0.861555 0.406977 0.078488 0.127907
0 0.942224 0.434593 0.081395 0.132752
0 0.960883 0.587330 0.075109 0.137839