0 0.137718 0.411337 0.088663 0.123062
0 0.136991 0.522771 0.098837 0.126938
0 0.268895 0.500000 0.090843 0.141473
0 0.381177 0.508236 0.098837 0.148256
0 0.473110 0.434593 0.082122 0.136628
0 0.411337 0.618217 0.096657 0.135659
0 0.538154 0.504360 0.090116 0.132752
0 0.626817 0.519864 0.079942 0.126938
0 0.702398 0.411822 0.103198 0.131783
0 0.789971 0.495640 0.082122 0.125000
0 0.871730 0.531492 0.082849 0.121124
0 0.702762 0.584302 0.089390 0.131783
0 0.653343 0.699128 0.082122 0.119186
0 0.871366 0.701066 0.092297 0.150194