0 0.063138 0.587160 0.073342 0.096726
0 0.072305 0.490965 0.075733 0.104167
0 0.085459 0.370323 0.095663 0.113733
0 0.260842 0.519664 0.066964 0.095663
0 0.232143 0.435162 0.062181 0.115859
0 0.343750 0.512755 0.073342 0.111607
0 0.427057 0.526573 0.072545 0.109481
0 0.460539 0.566433 0.067761 0.097789
0 0.490434 0.428253 0.068559 0.121173
0 0.545041 0.481930 0.069356 0.109481
0 0.615593 0.491497 0.060587 0.103104
0 0.672991 0.402742 0.084503 0.125425
0 0.672194 0.517538 0.073342 0.108418
0 0.642299 0.581845 0.066167 0.096726
0 0.763473 0.412309 0.072545 0.133929
0 0.828045 0.443665 0.069356 0.105230
0 0.802535 0.579188 0.066167 0.123299
0 0.960475 0.407834 0.075925 0.136501