0 0.088249 0.587691 0.101244 0.148810
0 0.183115 0.593006 0.106027 0.157313
0 0.238122 0.679103 0.098055 0.144558
0 0.291135 0.494685 0.097258 0.151998
0 0.364477 0.558992 0.089286 0.138180
0 0.454560 0.553146 0.073342 0.147747
0 0.517140 0.445791 0.099649 0.134991
0 0.498804 0.722683 0.080517 0.131803
0 0.536272 0.613733 0.086894 0.143495
0 0.631537 0.496280 0.076531 0.157313
0 0.713249 0.538797 0.077328 0.138180
0 0.706872 0.708865 0.082111 0.159439
0 0.861129 0.469707 0.097258 0.157313
0 0.951307 0.370631 0.094260 0.166263
0 0.957286 0.577328 0.082302 0.154656