0 0.032366 0.532961 0.064732 0.120089
0 0.064334 0.407526 0.094866 0.126488
0 0.189493 0.490965 0.074139 0.133929
0 0.196269 0.588223 0.082908 0.109481
0 0.287548 0.570685 0.080517 0.133929
0 0.367267 0.582377 0.088489 0.136054
0 0.407127 0.666879 0.088489 0.139243
0 0.459742 0.497874 0.083705 0.141369
0 0.522321 0.554209 0.089286 0.154124
0 0.609614 0.563244 0.075733 0.146684
0 0.674187 0.448448 0.104432 0.155187
0 0.687341 0.627020 0.089286 0.146684
0 0.649075 0.740753 0.082908 0.129677
0 0.796158 0.514881 0.083705 0.162628
0 0.886639 0.561650 0.090880 0.141369
0 0.877471 0.741284 0.098055 0.177509