0 0.044404 0.472364 0.082111 0.124362
0 0.058753 0.577594 0.090083 0.117985
0 0.158801 0.561650 0.081314 0.126488
0 0.240115 0.571216 0.089286 0.130740
0 0.287946 0.649341 0.081314 0.127551
0 0.332988 0.482462 0.078922 0.129677
0 0.396365 0.544111 0.076531 0.125425
0 0.478874 0.546237 0.064573 0.123299
0 0.519133 0.700893 0.068559 0.111607
0 0.552216 0.598321 0.075733 0.133929
0 0.537070 0.446854 0.090083 0.134991
0 0.649872 0.496280 0.068559 0.140306
0 0.727200 0.528168 0.074936 0.131803
0 0.711655 0.694515 0.074139 0.151998
0 0.875478 0.479804 0.090880 0.147747
0 0.960874 0.386299 0.075128 0.169069