0 0.155382 0.419560 0.107639 0.123843
0 0.128472 0.567708 0.098958 0.135417
0 0.092014 0.691551 0.111111 0.128472
0 0.341580 0.500579 0.085937 0.149306
0 0.362413 0.616319 0.089410 0.126157
0 0.481337 0.596065 0.087674 0.152778
0 0.605903 0.605903 0.097222 0.146991
0 0.616753 0.675926 0.094618 0.115741
0 0.671875 0.495949 0.092014 0.144676
0 0.732205 0.565394 0.091146 0.135417
0 0.814670 0.554977 0.077257 0.144676
0 0.894965 0.465856 0.111111 0.142361
0 0.955382 0.506730 0.086111 0.131515
0 0.882812 0.613426 0.097222 0.134259
0 0.825521 0.697917 0.086806 0.131944