0 0.132568 0.535265 0.101725 0.159505
0 0.156982 0.666558 0.100098 0.148655
0 0.292887 0.660590 0.101725 0.162760
0 0.420654 0.690972 0.104980 0.167101
0 0.465007 0.758789 0.100911 0.146484
0 0.521159 0.546115 0.096029 0.161675
0 0.600098 0.629123 0.094401 0.156250
0 0.702637 0.631293 0.089518 0.151910
0 0.728271 0.792426 0.090332 0.144314
0 0.788086 0.690972 0.099284 0.162760
0 0.797445 0.511393 0.126139 0.181207
0 0.894287 0.547743 0.101725 0.177951
0 0.957959 0.801407 0.080957 0.190487
0 0.969759 0.609969 0.057357 0.135303