0 0.031016 0.244896 0.062031 0.106875
0 0.148906 0.320208 0.061875 0.100833
0 0.149219 0.392917 0.071250 0.089583
0 0.240859 0.373958 0.061094 0.094583
0 0.313750 0.368125 0.065000 0.097917
0 0.338984 0.447604 0.063281 0.103542
0 0.381016 0.332708 0.059531 0.099583
0 0.427656 0.372396 0.061250 0.097292
0 0.489297 0.378750 0.054844 0.100000
0 0.535391 0.297917 0.064844 0.107500
0 0.544844 0.425208 0.057813 0.092500
0 0.514922 0.507917 0.054844 0.092500
0 0.613906 0.365729 0.048750 0.106458
0 0.670469 0.390208 0.055000 0.100833
0 0.664141 0.503333 0.054531 0.105417
0 0.771094 0.347396 0.061250 0.096458
0 0.834453 0.276354 0.065156 0.103125
0 0.844922 0.402083 0.068906 0.100417