0 0.196615 0.311921 0.100694 0.109954
0 0.152344 0.412037 0.098958 0.129630
0 0.081163 0.559028 0.107639 0.141204
0 0.362413 0.386574 0.081597 0.115741
0 0.374132 0.475116 0.087674 0.112269
0 0.492188 0.445602 0.082465 0.118056
0 0.610677 0.418403 0.093750 0.128472
0 0.662326 0.379630 0.080729 0.118056
0 0.630642 0.532986 0.093750 0.116898
0 0.726997 0.431713 0.071181 0.106481
0 0.799913 0.444444 0.071181 0.113426
0 0.856771 0.337384 0.096354 0.107639
0 0.916667 0.428819 0.077257 0.100694
0 0.871528 0.489583 0.084201 0.101852
0 0.832031 0.598958 0.085069 0.107639