0 0.098389 0.637804 0.096842 0.145399
0 0.122396 0.760417 0.097656 0.145399
0 0.249349 0.765842 0.096029 0.147569
0 0.362467 0.796224 0.104167 0.162760
0 0.411702 0.852648 0.085449 0.132378
0 0.459717 0.656250 0.093587 0.151910
0 0.532959 0.733832 0.090332 0.152995
0 0.630615 0.745226 0.085449 0.130208
0 0.659912 0.874891 0.082194 0.142144
0 0.714844 0.641602 0.112305 0.166016
0 0.710368 0.789714 0.090332 0.151910
0 0.814128 0.651910 0.087891 0.167101
0 0.903239 0.707248 0.096842 0.125868
0 0.885335 0.891168 0.100098 0.181207