0 0.161990 0.428784 0.073342 0.111607
0 0.190689 0.511692 0.065370 0.107355
0 0.274793 0.507440 0.069356 0.120111
0 0.352519 0.531888 0.074936 0.111607
0 0.390386 0.569622 0.078922 0.099915
0 0.421078 0.431441 0.076531 0.116922
0 0.479672 0.485119 0.070950 0.107355
0 0.550622 0.490965 0.061384 0.104167
0 0.606425 0.413372 0.085300 0.123299
0 0.580517 0.588754 0.060587 0.099915
0 0.612803 0.522853 0.070950 0.110544
0 0.700893 0.418155 0.070153 0.139243
0 0.767459 0.453231 0.069356 0.107355
0 0.741151 0.590880 0.062978 0.133929
0 0.906967 0.421875 0.086894 0.140306
0 0.969244 0.530878 0.058386 0.124256