0 0.082734 0.377083 0.069531 0.094167
0 0.067578 0.481042 0.061094 0.088750
0 0.053594 0.562396 0.056875 0.080208
0 0.191719 0.444375 0.053125 0.090000
0 0.207656 0.520000 0.048125 0.080833
0 0.277266 0.517604 0.060156 0.093542
0 0.330391 0.533750 0.062344 0.094167
0 0.371484 0.580521 0.057656 0.088125
0 0.396641 0.454479 0.059844 0.098542
0 0.446719 0.502812 0.052188 0.096042
0 0.512891 0.509583 0.055469 0.090833
0 0.553281 0.435000 0.070312 0.115417
0 0.569141 0.548542 0.055469 0.103750
0 0.545469 0.621354 0.053750 0.081875
0 0.697396 0.627895 0.055000 0.116250
0 0.655000 0.458437 0.047813 0.121458
0 0.717266 0.498333 0.062031 0.094583
0 0.839141 0.463750 0.075156 0.126667
0 0.923125 0.573750 0.088438 0.113333
0 0.947031 0.387813 0.080312 0.142708