0 0.436182 0.343321 0.069605 0.104167
0 0.406121 0.453597 0.067998 0.117670
0 0.357092 0.561943 0.062532 0.114455
0 0.570168 0.438915 0.066229 0.098594
0 0.583430 0.516182 0.070891 0.101809
0 0.679157 0.509538 0.066229 0.106096
0 0.794174 0.522827 0.076678 0.103095
0 0.793049 0.593664 0.073785 0.105881
0 0.831870 0.453382 0.068801 0.093664
0 0.880578 0.512967 0.069444 0.102666
0 0.950103 0.658072 0.075714 0.101809
0 0.945843 0.525613 0.061407 0.101809
0 0.982107 0.454110 0.032661 0.076688
0 0.979937 0.567810 0.037002 0.088038