0 0.083068 0.570153 0.082908 0.134991
0 0.164780 0.583971 0.096460 0.134991
0 0.215800 0.655719 0.088489 0.129677
0 0.262835 0.487776 0.085300 0.131803
0 0.329401 0.546237 0.084503 0.131803
0 0.411511 0.548363 0.066964 0.127551
0 0.454959 0.707802 0.072545 0.110544
0 0.486049 0.600446 0.075733 0.133929
0 0.466119 0.443665 0.091677 0.145621
0 0.591677 0.495217 0.071747 0.144558
0 0.661830 0.536139 0.073342 0.124362
0 0.648278 0.699298 0.068559 0.150935
0 0.804528 0.478210 0.090880 0.153061
0 0.909758 0.588754 0.103635 0.146684
0 0.903779 0.382547 0.101244 0.161565