0 0.251172 0.373750 0.062969 0.086667
0 0.216484 0.448646 0.060781 0.111458
0 0.163828 0.547708 0.062344 0.103750
0 0.361172 0.444583 0.056094 0.082917
0 0.364141 0.502917 0.060156 0.095417
0 0.450313 0.494792 0.056250 0.088750
0 0.534062 0.491771 0.060000 0.091875
0 0.547344 0.567604 0.062188 0.098542
0 0.583828 0.458750 0.052656 0.090000
0 0.627500 0.496354 0.056562 0.091875
0 0.684766 0.505104 0.048906 0.094375
0 0.732344 0.428854 0.065000 0.095208
0 0.737656 0.552708 0.058438 0.084167
0 0.706094 0.630833 0.056250 0.092083
0 0.792656 0.491979 0.054687 0.106875
0 0.848984 0.520312 0.055469 0.091458
0 0.855625 0.627604 0.061250 0.103542
0 0.953906 0.480833 0.072188 0.092917