0 0.054850 0.680664 0.100911 0.118273
0 0.113444 0.743598 0.089518 0.122613
0 0.161865 0.577582 0.090332 0.126953
0 0.226969 0.634549 0.080566 0.130208
0 0.307943 0.644314 0.071615 0.117188
0 0.354329 0.543403 0.087891 0.138889
0 0.379150 0.688260 0.072428 0.131293
0 0.352295 0.786458 0.067546 0.104167
0 0.482910 0.583008 0.061849 0.139974
0 0.548828 0.624240 0.071615 0.113932
0 0.531738 0.781033 0.068359 0.149740
0 0.673747 0.579753 0.077311 0.137804
0 0.762451 0.692600 0.087077 0.129123
0 0.765299 0.492405 0.079753 0.149740