0 0.032340 0.312500 0.063953 0.111434
0 0.181686 0.411337 0.085029 0.138566
0 0.182776 0.519864 0.097384 0.121124
0 0.312137 0.497578 0.088663 0.144380
0 0.428052 0.507752 0.095203 0.147287
0 0.514172 0.433140 0.081395 0.139535
0 0.454215 0.614341 0.095203 0.135659
0 0.578125 0.499516 0.087209 0.130814
0 0.662791 0.517442 0.079215 0.122093
0 0.740552 0.402616 0.102471 0.136628
0 0.822674 0.494186 0.085029 0.118217
0 0.904433 0.526647 0.085756 0.119186
0 0.907703 0.688469 0.096657 0.157946
0 0.739099 0.576066 0.089390 0.134690
0 0.689317 0.689438 0.082849 0.123062