0 0.066641 0.566537 0.063683 0.098367
0 0.108923 0.457962 0.066119 0.113679
0 0.137023 0.362147 0.073949 0.091407
0 0.261084 0.429659 0.056201 0.095583
0 0.270219 0.503086 0.062639 0.085607
0 0.355303 0.484526 0.057071 0.093959
0 0.433515 0.484758 0.061421 0.090247
0 0.454830 0.544613 0.059507 0.099063
0 0.486411 0.427223 0.055157 0.093495
0 0.535217 0.470374 0.060899 0.085607
0 0.592201 0.467590 0.049589 0.093495
0 0.637267 0.388247 0.066989 0.100919
0 0.645271 0.507841 0.057245 0.090479
0 0.616860 0.585186 0.052821 0.086124
0 0.703821 0.431630 0.050459 0.109735
0 0.759531 0.459583 0.053437 0.089167
0 0.757422 0.573229 0.055781 0.103125
0 0.863125 0.415625 0.064687 0.093750
0 0.926875 0.343646 0.066875 0.103125
0 0.935391 0.477188 0.068594 0.099792