0 0.151228 0.528168 0.085300 0.138180
0 0.163584 0.638712 0.102041 0.121173
0 0.281967 0.622768 0.085300 0.146684
0 0.389987 0.644558 0.087691 0.145621
0 0.420679 0.725872 0.082111 0.129677
0 0.472895 0.545174 0.074936 0.138180
0 0.534678 0.613202 0.082111 0.133929
0 0.615593 0.624362 0.071747 0.132866
0 0.641103 0.774766 0.071747 0.116922
0 0.684152 0.682823 0.081314 0.120111
0 0.686543 0.521790 0.087691 0.142432
0 0.767459 0.569622 0.080517 0.144558
0 0.843989 0.614264 0.072545 0.121173
0 0.834024 0.769983 0.084503 0.154124
0 0.969643 0.567358 0.057589 0.152785