0 0.232242 0.373430 0.070734 0.094361
0 0.205056 0.469678 0.067685 0.112055
0 0.161035 0.575005 0.059681 0.098599
0 0.353302 0.446710 0.057941 0.091175
0 0.362350 0.521297 0.059681 0.084911
0 0.448653 0.504130 0.057245 0.092335
0 0.534347 0.508189 0.060551 0.090247
0 0.548789 0.569553 0.059855 0.096047
0 0.582545 0.451466 0.052895 0.092335
0 0.626392 0.497750 0.059159 0.085607
0 0.681462 0.497286 0.050981 0.089319
0 0.732009 0.420843 0.066467 0.096975
0 0.732966 0.535681 0.058985 0.092799
0 0.700704 0.614225 0.053909 0.085117
0 0.788906 0.464458 0.054983 0.107183
0 0.843541 0.493806 0.054983 0.087927
0 0.842584 0.605976 0.058985 0.103935
0 0.951159 0.455062 0.068033 0.093959