0 0.396797 0.365625 0.071719 0.102083
0 0.364297 0.469167 0.066406 0.127500
0 0.311016 0.578958 0.060781 0.112083
0 0.528125 0.459062 0.065000 0.102708
0 0.538047 0.542292 0.068906 0.100417
0 0.635156 0.537708 0.065000 0.106250
0 0.748047 0.554479 0.077031 0.108125
0 0.751250 0.628125 0.072500 0.109583
0 0.794844 0.488021 0.066875 0.100625
0 0.844297 0.544687 0.071406 0.108542
0 0.914141 0.560521 0.065156 0.106875
0 0.921484 0.700729 0.078281 0.105208
0 0.966016 0.614657 0.064844 0.111398
0 0.968125 0.471878 0.060625 0.120840