0 0.091933 0.441860 0.084302 0.110465
0 0.158430 0.421027 0.092297 0.126938
0 0.191134 0.528585 0.082122 0.128876
0 0.260901 0.385659 0.079215 0.114341
0 0.313590 0.439438 0.084302 0.111434
0 0.395712 0.443314 0.078488 0.115310
0 0.446948 0.341085 0.087936 0.125969
0 0.461846 0.504360 0.077035 0.117248
0 0.426962 0.615795 0.078488 0.119186
0 0.571584 0.424903 0.065407 0.142442
0 0.643532 0.458818 0.075581 0.121124
0 0.625727 0.613372 0.077762 0.141473
0 0.779070 0.398256 0.087936 0.133721
0 0.870276 0.299419 0.097384 0.125969
0 0.888081 0.471899 0.105378 0.141473