0 0.177517 0.428241 0.102431 0.134259
0 0.246962 0.492477 0.093750 0.123843
0 0.128038 0.607639 0.098958 0.127315
0 0.067274 0.518519 0.109375 0.138889
0 0.332465 0.492477 0.082465 0.116898
0 0.381510 0.384838 0.100694 0.126157
0 0.411024 0.541088 0.083333 0.133102
0 0.377604 0.655671 0.089410 0.114583
0 0.517795 0.443866 0.069444 0.133102
0 0.588976 0.475694 0.085069 0.113426
0 0.576823 0.639468 0.074653 0.146991
0 0.725694 0.403935 0.092882 0.155093
0 0.825087 0.309028 0.093750 0.145833
0 0.828559 0.505208 0.105903 0.146991