0 0.140067 0.671131 0.082111 0.122236
0 0.190689 0.542517 0.081314 0.134991
0 0.225367 0.407526 0.091677 0.124362
0 0.381218 0.504252 0.073342 0.126488
0 0.393973 0.608950 0.082908 0.116922
0 0.507175 0.591412 0.079719 0.137117
0 0.627152 0.604167 0.091677 0.149872
0 0.647879 0.685480 0.086894 0.131803
0 0.699697 0.514349 0.085300 0.125425
0 0.759885 0.578656 0.089286 0.132866
0 0.865912 0.745004 0.089286 0.125425
0 0.922911 0.642432 0.096460 0.141369
0 0.844786 0.581845 0.083705 0.139243
0 0.928890 0.480867 0.114796 0.141369