0 0.313590 0.322674 0.088663 0.094961
0 0.276163 0.409399 0.089390 0.125000
0 0.215843 0.553779 0.082122 0.128876
0 0.471294 0.394380 0.074128 0.112403
0 0.494913 0.465116 0.080669 0.133721
0 0.596294 0.453004 0.082849 0.101744
0 0.721294 0.417636 0.082849 0.120155
0 0.755451 0.378876 0.063953 0.091085
0 0.815407 0.436531 0.073401 0.111434
0 0.736555 0.535853 0.090116 0.106589
0 0.883358 0.446221 0.063953 0.099806
0 0.932413 0.346415 0.095203 0.115310
0 0.972511 0.438857 0.051853 0.088953
0 0.949491 0.489826 0.084302 0.101744
0 0.916424 0.597384 0.089390 0.093992