0 0.284185 0.420005 0.130352 0.154236
0 0.260877 0.585175 0.107907 0.148481
0 0.226347 0.722721 0.123446 0.135820
0 0.493526 0.524171 0.107044 0.139273
0 0.508201 0.641575 0.096685 0.116252
0 0.612655 0.623158 0.108771 0.134669
0 0.818974 0.521869 0.101865 0.123158
0 0.876381 0.601865 0.104454 0.108195
0 0.940262 0.584024 0.080283 0.130064
0 0.977335 0.510595 0.042205 0.089099
0 0.959207 0.633571 0.078462 0.107152
0 0.935083 0.725599 0.119993 0.116252
0 0.765884 0.639848 0.128626 0.131215
0 0.755093 0.710060 0.101865 0.103591