0 0.177136 0.596195 0.081314 0.138180
0 0.233339 0.456420 0.085300 0.143495
0 0.266422 0.316114 0.090880 0.139243
0 0.435826 0.415497 0.078922 0.133929
0 0.452567 0.520727 0.088489 0.127551
0 0.564971 0.500000 0.080517 0.130740
0 0.696508 0.506909 0.094866 0.136054
0 0.702886 0.587691 0.090083 0.119048
0 0.748326 0.422406 0.082111 0.134991
0 0.804528 0.487245 0.081314 0.126488
0 0.880660 0.490965 0.069356 0.123299
0 0.891821 0.636586 0.082111 0.123299
0 0.942841 0.539860 0.086894 0.127551
0 0.950510 0.383301 0.095855 0.137564