0 0.039149 0.315400 0.072383 0.098599
0 0.021663 0.420263 0.042977 0.088391
0 0.146506 0.386623 0.057767 0.092103
0 0.151900 0.459818 0.060551 0.089551
0 0.225936 0.447522 0.057593 0.094191
0 0.283790 0.451582 0.065075 0.095351
0 0.316763 0.516077 0.061073 0.099991
0 0.354781 0.393931 0.059159 0.097903
0 0.403501 0.436850 0.062987 0.096975
0 0.467532 0.441722 0.056375 0.101615
0 0.507552 0.354955 0.068207 0.113215
0 0.521819 0.487310 0.057419 0.103239
0 0.496329 0.573381 0.055853 0.093959
0 0.607165 0.413187 0.049241 0.112287
0 0.666324 0.441722 0.059333 0.101615
0 0.649099 0.571293 0.055853 0.119014
0 0.777248 0.396831 0.069947 0.118086
0 0.867205 0.314820 0.064379 0.124814
0 0.859375 0.476986 0.078647 0.116927