0 0.040019 0.550489 0.079719 0.138180
0 0.124522 0.568559 0.098852 0.138180
0 0.179927 0.651998 0.091677 0.126488
0 0.230947 0.467049 0.086894 0.137117
0 0.305086 0.532951 0.086894 0.137117
0 0.392777 0.541454 0.072545 0.117985
0 0.434630 0.701424 0.074936 0.108418
0 0.470504 0.595663 0.081314 0.137117
0 0.449378 0.430910 0.099649 0.141369
0 0.577726 0.486713 0.070950 0.155187
0 0.632733 0.696110 0.077328 0.153061
0 0.650271 0.529230 0.074139 0.131803
0 0.798549 0.475553 0.091677 0.149872
0 0.899793 0.592474 0.104432 0.143495
0 0.899793 0.380421 0.102838 0.161565