0 0.038517 0.324612 0.071948 0.106589
0 0.035610 0.419574 0.067587 0.124031
0 0.134084 0.402616 0.094477 0.119186
0 0.225654 0.362403 0.098837 0.155039
0 0.257994 0.498547 0.089390 0.144380
0 0.331395 0.338178 0.085029 0.135659
0 0.394259 0.398740 0.087209 0.126938
0 0.481105 0.405039 0.074855 0.127907
0 0.547238 0.290698 0.095203 0.137597
0 0.559593 0.467539 0.085029 0.134690
0 0.517442 0.588663 0.082122 0.136628
0 0.662064 0.401163 0.074855 0.135659
0 0.740189 0.426841 0.075581 0.140504
0 0.743096 0.584302 0.087209 0.156977
0 0.891352 0.357558 0.101744 0.133721
0 0.962209 0.252907 0.071948 0.133721
0 0.976871 0.421197 0.043132 0.111773