0 0.090781 0.338438 0.082188 0.111875
0 0.073281 0.457917 0.070625 0.101250
0 0.044219 0.547292 0.057188 0.090417
0 0.227813 0.417500 0.055937 0.102083
0 0.245000 0.502292 0.058750 0.089167
0 0.329375 0.499063 0.060625 0.096458
0 0.408516 0.517604 0.061094 0.096875
0 0.437891 0.562083 0.054531 0.087083
0 0.470859 0.432812 0.062031 0.102292
0 0.518047 0.485729 0.061094 0.096875
0 0.583281 0.488646 0.055938 0.093542
0 0.635938 0.420000 0.072813 0.110833
0 0.635313 0.527292 0.058438 0.099583
0 0.602266 0.593125 0.054844 0.087083
0 0.712969 0.439167 0.058437 0.117500
0 0.772500 0.479583 0.058750 0.086250
0 0.748750 0.599063 0.055000 0.107292
0 0.895312 0.450104 0.075937 0.115625
0 0.970938 0.387500 0.054688 0.128333
0 0.960938 0.548021 0.075000 0.099792