0 0.116550 0.607355 0.068559 0.126488
0 0.171955 0.490434 0.082111 0.130740
0 0.205038 0.367666 0.084503 0.112670
0 0.354114 0.463329 0.066964 0.116922
0 0.363680 0.562181 0.071747 0.095663
0 0.468909 0.548363 0.073342 0.121173
0 0.576531 0.563244 0.073342 0.112670
0 0.590482 0.633929 0.070950 0.113733
0 0.636320 0.483525 0.062181 0.119048
0 0.687341 0.544111 0.071747 0.112670
0 0.758689 0.553678 0.061384 0.108418
0 0.772242 0.690264 0.069356 0.111607
0 0.820472 0.605230 0.071747 0.117985
0 0.826052 0.464392 0.084503 0.123299
0 0.889429 0.509035 0.070950 0.131803
0 0.962372 0.554209 0.065370 0.098852
0 0.955198 0.692921 0.086097 0.140306