0 0.054688 0.515625 0.097656 0.131250
0 0.150391 0.532292 0.100000 0.127083
0 0.214453 0.594271 0.090625 0.115625
0 0.246875 0.414583 0.089844 0.137500
0 0.325781 0.488542 0.086719 0.118750
0 0.405078 0.488542 0.073438 0.112500
0 0.466797 0.391146 0.095312 0.144792
0 0.483203 0.536979 0.075000 0.117708
0 0.448047 0.619271 0.071875 0.103125
0 0.583203 0.426563 0.071875 0.123958
0 0.652734 0.461458 0.075000 0.104167
0 0.631641 0.624479 0.071875 0.109375
0 0.797266 0.425000 0.092188 0.133333
0 0.900781 0.338542 0.100781 0.143750
0 0.880859 0.533333 0.098437 0.127083