0 0.035953 0.592570 0.071907 0.151807
0 0.113361 0.604167 0.121173 0.156250
0 0.173549 0.694515 0.104432 0.147747
0 0.230150 0.500531 0.096460 0.146684
0 0.305883 0.565370 0.094866 0.153061
0 0.398756 0.568027 0.081314 0.141369
0 0.459742 0.459077 0.098055 0.136054
0 0.481266 0.622236 0.088489 0.151998
0 0.443399 0.739158 0.082908 0.137117
0 0.655453 0.724809 0.082908 0.170068
0 0.661830 0.549957 0.076531 0.132866
0 0.584503 0.510098 0.070153 0.159439
0 0.811703 0.486182 0.098852 0.156250
0 0.918925 0.594069 0.106027 0.155187
0 0.900989 0.400616 0.102041 0.138180