0 0.056686 0.338305 0.085945 0.113330
0 0.037980 0.463558 0.075961 0.103808
0 0.019480 0.552852 0.038075 0.093739
0 0.197690 0.421196 0.059245 0.103429
0 0.217123 0.505772 0.058613 0.088052
0 0.302199 0.505140 0.064143 0.098584
0 0.380798 0.522835 0.062405 0.099427
0 0.412633 0.566966 0.054032 0.089105
0 0.443756 0.436468 0.060035 0.102376
0 0.491785 0.490184 0.059719 0.097321
0 0.558613 0.494818 0.054980 0.093108
0 0.610118 0.424777 0.071095 0.113119
0 0.610749 0.532524 0.056876 0.098584
0 0.578757 0.597194 0.052610 0.084260
0 0.688953 0.442366 0.057192 0.115858
0 0.747093 0.482600 0.056876 0.083839
0 0.723869 0.602460 0.053084 0.109960
0 0.864557 0.454584 0.071569 0.115436
0 0.955953 0.392337 0.082786 0.127444
0 0.933203 0.552326 0.074886 0.099427