0 0.181554 0.365610 0.072115 0.095310
0 0.152771 0.461904 0.067687 0.111336
0 0.111231 0.569726 0.062205 0.098122
0 0.304803 0.433789 0.057566 0.093905
0 0.315347 0.508716 0.060940 0.088563
0 0.399798 0.488895 0.056090 0.094467
0 0.481929 0.490160 0.058831 0.090250
0 0.501328 0.550186 0.061783 0.098403
0 0.533063 0.431680 0.055246 0.093623
0 0.578821 0.475962 0.058198 0.086032
0 0.634911 0.471744 0.053981 0.091655
0 0.684569 0.391475 0.066000 0.104307
0 0.689313 0.512371 0.058620 0.090812
0 0.659951 0.591599 0.054087 0.084177
0 0.748039 0.438006 0.055035 0.111336
0 0.802442 0.578441 0.057144 0.102058
0 0.908612 0.420715 0.067898 0.096435
0 0.968750 0.349062 0.059375 0.103542
0 0.972502 0.488280 0.051870 0.092675
0 0.803125 0.464792 0.052500 0.090417