0 0.105859 0.220938 0.072344 0.103542
0 0.081719 0.320000 0.065938 0.114583
0 0.052031 0.425937 0.066562 0.094375
0 0.226016 0.294271 0.057656 0.095625
0 0.235312 0.371042 0.059687 0.083333
0 0.314219 0.347500 0.058750 0.095000
0 0.382812 0.348021 0.062187 0.095208
0 0.412422 0.411771 0.059531 0.099792
0 0.445547 0.287813 0.058906 0.098542
0 0.494609 0.329896 0.060469 0.099375
0 0.556953 0.332500 0.052344 0.101667
0 0.602344 0.244479 0.067812 0.113125
0 0.610625 0.374479 0.055625 0.100625
0 0.583984 0.457813 0.052969 0.088125
0 0.688125 0.301042 0.055625 0.109167
0 0.745937 0.328021 0.056562 0.095625
0 0.733984 0.449167 0.055781 0.109583
0 0.859766 0.275000 0.070469 0.113750
0 0.942813 0.189062 0.082188 0.121875
0 0.939922 0.347917 0.077344 0.103750