0 0.345203 0.359496 0.086483 0.116279
0 0.309230 0.439922 0.084302 0.156977
0 0.245276 0.588663 0.085756 0.140504
0 0.498547 0.432171 0.073401 0.122093
0 0.519622 0.513566 0.077762 0.120155
0 0.625000 0.495155 0.071948 0.118217
0 0.747820 0.474322 0.080669 0.119186
0 0.776890 0.434593 0.071948 0.101744
0 0.758358 0.583818 0.087209 0.111434
0 0.836846 0.489826 0.072674 0.113372
0 0.901890 0.504360 0.061773 0.099806
0 0.951799 0.406565 0.093278 0.107703
0 0.960756 0.546027 0.073401 0.115310
0 0.937863 0.654070 0.084302 0.102713