0 0.120137 0.473958 0.062978 0.085034
0 0.126116 0.402211 0.060587 0.107355
0 0.196269 0.441539 0.065370 0.096726
0 0.245297 0.424001 0.075733 0.106293
0 0.325016 0.384673 0.069356 0.104167
0 0.277184 0.507972 0.066167 0.110544
0 0.370057 0.425595 0.071747 0.100978
0 0.438616 0.424532 0.063776 0.111607
0 0.477679 0.330995 0.073342 0.107355
0 0.471700 0.563244 0.062978 0.112670
0 0.494021 0.467049 0.067761 0.111607
0 0.589684 0.388924 0.053412 0.129677
0 0.656649 0.413903 0.069356 0.126488
0 0.637915 0.553146 0.070153 0.130740
0 0.769850 0.342156 0.077328 0.123299
0 0.855548 0.243304 0.082908 0.125425
0 0.871492 0.393176 0.095663 0.150935
0 0.037548 0.344526 0.075096 0.101552