0 0.054869 0.309109 0.105378 0.141473
0 0.025799 0.456880 0.051599 0.132752
0 0.183866 0.358527 0.000000 0.000000
0 0.225654 0.422481 0.083576 0.129845
0 0.228198 0.530039 0.091570 0.125969
0 0.355015 0.510659 0.085029 0.143411
0 0.473837 0.519380 0.093023 0.143411
0 0.554142 0.442829 0.080669 0.139535
0 0.618096 0.511628 0.087936 0.131783
0 0.498910 0.621124 0.092297 0.143411
0 0.702035 0.526163 0.077035 0.122093
0 0.779070 0.410853 0.104651 0.137597
0 0.857195 0.493702 0.087936 0.130814
0 0.778343 0.589632 0.090116 0.128876
0 0.727471 0.697190 0.084302 0.126938
0 0.941134 0.532461 0.082849 0.119186
0 0.948347 0.703876 0.100182 0.142248