0 0.027982 0.582111 0.055963 0.148278
0 0.062341 0.666348 0.100446 0.142432
0 0.120536 0.482993 0.098852 0.141369
0 0.195073 0.555804 0.098055 0.133929
0 0.284758 0.561650 0.076531 0.132866
0 0.341757 0.450574 0.094866 0.150935
0 0.332589 0.721088 0.076531 0.111607
0 0.362484 0.615859 0.078922 0.132866
0 0.474091 0.506909 0.066167 0.146684
0 0.545440 0.546769 0.071747 0.126488
0 0.525112 0.712585 0.070950 0.156250
0 0.676977 0.498406 0.082908 0.150935
0 0.771046 0.607355 0.092474 0.141369
0 0.771445 0.410714 0.082111 0.151998