0 0.102200 0.662096 0.089286 0.121173
0 0.149235 0.536139 0.084503 0.137117
0 0.185906 0.403805 0.089286 0.121173
0 0.334582 0.502126 0.072545 0.124362
0 0.346142 0.603635 0.081314 0.110544
0 0.458546 0.591412 0.073342 0.139243
0 0.569754 0.608418 0.083705 0.137117
0 0.596062 0.682823 0.082111 0.132866
0 0.645089 0.513287 0.073342 0.129677
0 0.708068 0.578125 0.082908 0.131803
0 0.792570 0.587691 0.070153 0.129677
0 0.814493 0.745536 0.082111 0.132866
0 0.869499 0.644558 0.090083 0.139243
0 0.951610 0.534545 0.093272 0.155187
0 0.873884 0.490965 0.111607 0.127551