0 0.153727 0.717014 0.077311 0.134549
0 0.178548 0.829861 0.087891 0.125868
0 0.292480 0.839084 0.087891 0.139974
0 0.400716 0.875977 0.087891 0.155165
0 0.439372 0.912326 0.087077 0.121528
0 0.484538 0.743598 0.079753 0.129123
0 0.553304 0.809787 0.082194 0.137804
0 0.642822 0.826063 0.077311 0.120443
0 0.720947 0.744683 0.103353 0.142144
0 0.665609 0.931858 0.074056 0.123698
0 0.713216 0.868924 0.086263 0.130208
0 0.810872 0.734375 0.078125 0.149740
0 0.895101 0.786458 0.085449 0.112847
0 0.873602 0.930165 0.088024 0.135503