0 0.374637 0.483527 0.073401 0.098837
0 0.340843 0.596415 0.072674 0.126938
0 0.293968 0.717054 0.066134 0.110465
0 0.531613 0.656008 0.077762 0.104651
0 0.502544 0.564438 0.067587 0.107558
0 0.631177 0.641957 0.074855 0.119186
0 0.795785 0.566860 0.065407 0.112403
0 0.859738 0.630814 0.082849 0.108527
0 0.751090 0.654070 0.082122 0.112403
0 0.976417 0.549419 0.048765 0.106589
0 0.931686 0.636628 0.066860 0.106589
0 0.977053 0.679021 0.042769 0.100291
0 0.950218 0.778585 0.086483 0.111434
0 0.763445 0.729167 0.080669 0.113372