0 0.128348 0.332393 0.105146 0.105733
0 0.089286 0.476112 0.101034 0.125313
0 0.046111 0.605733 0.089873 0.133929
0 0.306626 0.415414 0.083412 0.133929
0 0.322192 0.526629 0.088698 0.113565
0 0.439086 0.510182 0.078125 0.121397
0 0.560973 0.512923 0.091635 0.130013
0 0.578008 0.600642 0.089286 0.112782
0 0.625000 0.427162 0.078712 0.118264
0 0.686678 0.490210 0.084586 0.108083
0 0.761278 0.495301 0.077538 0.113565
0 0.828830 0.545034 0.086936 0.111216
0 0.777726 0.639803 0.081062 0.112782
0 0.835879 0.391917 0.105733 0.121397
0 0.903430 0.453791 0.088111 0.108866
0 0.968556 0.474809 0.059763 0.100776
0 0.963857 0.636839 0.069161 0.114687