0 0.124123 0.678571 0.077328 0.141369
0 0.185507 0.549426 0.086894 0.133929
0 0.225765 0.404337 0.095663 0.132866
0 0.390784 0.509566 0.074936 0.124362
0 0.404735 0.613202 0.085300 0.123299
0 0.522321 0.598852 0.079719 0.141369
0 0.651467 0.619048 0.092474 0.137117
0 0.661830 0.696110 0.084503 0.133929
0 0.711655 0.521790 0.078922 0.129677
0 0.771445 0.589286 0.086894 0.120111
0 0.861129 0.747130 0.086097 0.119048
0 0.918925 0.650404 0.090083 0.138180
0 0.849171 0.593537 0.073342 0.124362
0 0.929688 0.494154 0.110013 0.138180
0 0.969244 0.546248 0.058386 0.146662