0 0.065407 0.328488 0.096657 0.143411
0 0.083576 0.450581 0.102471 0.129845
0 0.210029 0.421996 0.087936 0.142442
0 0.314317 0.423934 0.095930 0.144380
0 0.358648 0.525194 0.093023 0.135659
0 0.407703 0.335756 0.089390 0.144380
0 0.480741 0.404070 0.085756 0.137597
0 0.565044 0.405039 0.078488 0.139535
0 0.635174 0.286822 0.099564 0.153101
0 0.640625 0.461725 0.082849 0.138566
0 0.596294 0.574612 0.075581 0.114341
0 0.731105 0.362888 0.080669 0.150194
0 0.808503 0.397287 0.074128 0.129845
0 0.799782 0.561047 0.082849 0.145349
0 0.955796 0.337960 0.085283 0.144913