0 0.380547 0.402917 0.067344 0.094583
0 0.352187 0.486354 0.064062 0.128958
0 0.302500 0.607292 0.064688 0.117917
0 0.509609 0.475833 0.062969 0.098750
0 0.527187 0.544583 0.067187 0.102083
0 0.614844 0.528333 0.060000 0.098750
0 0.717734 0.523542 0.066406 0.098333
0 0.747812 0.478542 0.060937 0.085417
0 0.727656 0.599792 0.067500 0.107917
0 0.796719 0.524583 0.058750 0.092500
0 0.853438 0.529687 0.053125 0.094792
0 0.900469 0.447813 0.075625 0.098958
0 0.943594 0.509583 0.064062 0.112083
0 0.909141 0.571146 0.068906 0.095625
0 0.877109 0.655625 0.068906 0.097917