0 0.297718 0.447268 0.089471 0.102870
0 0.255576 0.562241 0.088174 0.132261
0 0.185879 0.704876 0.091416 0.133990
0 0.458830 0.528527 0.083636 0.113243
0 0.478281 0.622320 0.096603 0.119295
0 0.590119 0.597683 0.082988 0.120159
0 0.718491 0.579530 0.086878 0.128804
0 0.757715 0.519018 0.084933 0.113243
0 0.825467 0.584284 0.077801 0.119295
0 0.734051 0.686722 0.090768 0.123617
0 0.895488 0.591200 0.071317 0.122752
0 0.951825 0.485003 0.093225 0.109182
0 0.961874 0.637494 0.073126 0.102962
0 0.933091 0.751556 0.097251 0.114972