0 0.044331 0.494671 0.082122 0.134690
0 0.108648 0.504360 0.098837 0.138566
0 0.150436 0.602713 0.085029 0.145349
0 0.224927 0.441376 0.084302 0.134690
0 0.280523 0.499031 0.089390 0.135659
0 0.365916 0.520833 0.077035 0.125000
0 0.420422 0.402132 0.091570 0.149225
0 0.436773 0.581395 0.077762 0.137597
0 0.400436 0.696221 0.082122 0.126938
0 0.559593 0.491279 0.069041 0.149225
0 0.630814 0.532946 0.079215 0.137597
0 0.605378 0.704942 0.080669 0.169574
0 0.781250 0.478682 0.096657 0.149225
0 0.892805 0.374516 0.109012 0.159884
0 0.901163 0.590116 0.118459 0.162791