0 0.111003 0.622070 0.107422 0.148655
0 0.135417 0.748481 0.099284 0.141059
0 0.258708 0.752821 0.100098 0.151910
0 0.376302 0.784288 0.102539 0.162760
0 0.421468 0.840712 0.095215 0.141059
0 0.474772 0.645399 0.094401 0.151910
0 0.548014 0.721354 0.094401 0.151910
0 0.645264 0.738715 0.087077 0.128038
0 0.674154 0.867839 0.083008 0.145399
0 0.731527 0.631293 0.116374 0.169271
0 0.725016 0.785916 0.095215 0.155165
0 0.830811 0.647569 0.083822 0.171441
0 0.924398 0.702365 0.096842 0.124783
0 0.902425 0.887912 0.098470 0.183377