0 0.114826 0.335756 0.106105 0.140504
0 0.063590 0.471899 0.101017 0.158915
0 0.023619 0.627907 0.047238 0.133721
0 0.281250 0.446221 0.079942 0.134690
0 0.285610 0.553295 0.091570 0.125969
0 0.410610 0.531977 0.085756 0.139535
0 0.532340 0.540213 0.093750 0.142442
0 0.607922 0.462209 0.077762 0.137597
0 0.674419 0.528585 0.090116 0.130814
0 0.556686 0.642926 0.091570 0.138566
0 0.756177 0.544089 0.079215 0.126938
0 0.836119 0.423450 0.108285 0.141473
0 0.911337 0.502422 0.095930 0.136628
0 0.975236 0.551187 0.046403 0.110126
0 0.978143 0.710683 0.040589 0.157800
0 0.836846 0.598353 0.092297 0.138566
0 0.783430 0.715116 0.087209 0.125969