0 0.114955 0.471301 0.074936 0.126488
0 0.128508 0.575468 0.087691 0.111607
0 0.230947 0.559524 0.083705 0.126488
0 0.315450 0.570153 0.085300 0.134991
0 0.358099 0.646152 0.079719 0.127551
0 0.406330 0.481399 0.077328 0.131803
0 0.466119 0.545174 0.077328 0.123299
0 0.549426 0.549426 0.065370 0.116922
0 0.613202 0.445259 0.090880 0.142432
0 0.584901 0.704613 0.069356 0.114796
0 0.622369 0.600978 0.075733 0.128614
0 0.715641 0.497874 0.067761 0.143495
0 0.792172 0.538265 0.075733 0.122236
0 0.781409 0.704613 0.078125 0.142432
0 0.948119 0.487830 0.100638 0.142326