0 0.311016 0.372292 0.082344 0.126667
0 0.289453 0.508958 0.077031 0.125000
0 0.250156 0.630938 0.069375 0.112292
0 0.466797 0.450729 0.069531 0.115625
0 0.489141 0.544896 0.069844 0.098125
0 0.582188 0.520938 0.065625 0.107292
0 0.693438 0.586042 0.067187 0.080000
0 0.693203 0.524271 0.072656 0.099792
0 0.728516 0.432708 0.066094 0.096667
0 0.772578 0.490313 0.063281 0.092708
0 0.830391 0.481354 0.055469 0.096042
0 0.831172 0.590417 0.062656 0.090417
0 0.875625 0.515313 0.065000 0.096875
0 0.892031 0.405729 0.078125 0.096458
0 0.923281 0.425000 0.072500 0.116250
0 0.974062 0.456354 0.048750 0.087292
0 0.969453 0.575937 0.057969 0.101875