0 0.339390 0.327035 0.090843 0.097868
0 0.305233 0.416182 0.083576 0.142442
0 0.235828 0.566376 0.091570 0.142442
0 0.503634 0.397771 0.077762 0.126938
0 0.526890 0.485950 0.085029 0.126938
0 0.632631 0.468023 0.078488 0.125969
0 0.760174 0.447190 0.085029 0.123062
0 0.789608 0.405039 0.071221 0.100775
0 0.849927 0.462694 0.078488 0.113372
0 0.774346 0.561047 0.087209 0.114341
0 0.910974 0.478682 0.074128 0.100775
0 0.957849 0.390504 0.079215 0.104651
0 0.968387 0.528585 0.059593 0.103682
0 0.946584 0.634205 0.090116 0.099806