0 0.226302 0.398785 0.103646 0.102431
0 0.297488 0.360335 0.110079 0.131087
0 0.333954 0.471439 0.104948 0.144097
0 0.400938 0.321481 0.080845 0.134783
0 0.460097 0.370718 0.087240 0.127778
0 0.541765 0.373742 0.081968 0.137067
0 0.607163 0.257978 0.094006 0.143767
0 0.613508 0.433412 0.104233 0.115814
0 0.574975 0.549691 0.104216 0.131868
0 0.728555 0.352357 0.088876 0.150405
0 0.799404 0.372657 0.079318 0.150520
0 0.814475 0.533578 0.123655 0.149511
0 0.939063 0.297686 0.121875 0.131483
0 0.115625 0.325347 0.086979 0.123611
0 0.115885 0.422222 0.111458 0.111806