0 0.049561 0.585178 0.087077 0.131293
0 0.119954 0.610135 0.089518 0.126953
0 0.173665 0.680122 0.083008 0.121528
0 0.220866 0.512478 0.086263 0.129123
0 0.283529 0.576497 0.081380 0.124783
0 0.362874 0.585720 0.074056 0.115017
0 0.411702 0.481011 0.090332 0.146484
0 0.437337 0.636719 0.073242 0.130208
0 0.409668 0.735460 0.068359 0.108507
0 0.545573 0.526042 0.061849 0.151910
0 0.617188 0.575412 0.074870 0.113932
0 0.596029 0.741428 0.071615 0.157335
0 0.759196 0.528212 0.088704 0.149740
0 0.867432 0.434353 0.100098 0.166016
0 0.863770 0.655707 0.099284 0.139974