0 0.028779 0.565274 0.057557 0.148618
0 0.091040 0.583440 0.098852 0.131803
0 0.149633 0.661033 0.093272 0.127551
0 0.195871 0.486182 0.083705 0.124362
0 0.264828 0.546237 0.084503 0.131803
0 0.350925 0.547832 0.070153 0.122236
0 0.396763 0.703019 0.070950 0.115859
0 0.425064 0.600446 0.079719 0.140306
0 0.398756 0.441539 0.089286 0.143495
0 0.531091 0.490965 0.062181 0.146684
0 0.603635 0.529230 0.073342 0.133929
0 0.588090 0.693984 0.077328 0.155187
0 0.740354 0.476616 0.088489 0.147747
0 0.838409 0.584503 0.096460 0.148810
0 0.834423 0.380952 0.096460 0.151998