0 0.039922 0.404583 0.075156 0.105833
0 0.105156 0.410312 0.079062 0.102708
0 0.147187 0.480104 0.069687 0.106875
0 0.190000 0.351354 0.071250 0.101458
0 0.242500 0.398333 0.067500 0.103333
0 0.310703 0.405000 0.059531 0.103750
0 0.348672 0.317083 0.068906 0.113333
0 0.365156 0.449792 0.059688 0.102917
0 0.342344 0.537708 0.059687 0.092083
0 0.452734 0.378229 0.046406 0.113958
0 0.507988 0.408643 0.056679 0.100082
0 0.490809 0.533526 0.055147 0.116422
0 0.607777 0.365750 0.060180 0.109419
0 0.685465 0.292221 0.055804 0.116422
0 0.677368 0.442344 0.063682 0.110294