0 0.119792 0.346644 0.087674 0.123843
0 0.119358 0.441551 0.097222 0.119213
0 0.240451 0.415509 0.089410 0.120370
0 0.337674 0.387153 0.092882 0.135417
0 0.427083 0.346644 0.078993 0.135417
0 0.370660 0.506944 0.092882 0.136574
0 0.494358 0.401620 0.093750 0.120370
0 0.576389 0.406250 0.078993 0.127315
0 0.634549 0.300926 0.094618 0.125000
0 0.650608 0.465278 0.092014 0.120370
0 0.611111 0.583333 0.085938 0.122685
0 0.732205 0.398148 0.074653 0.113426
0 0.810764 0.423032 0.075521 0.109954
0 0.820747 0.567130 0.095486 0.143519
0 0.949957 0.350544 0.096962 0.127014