0 0.342297 0.282461 0.087936 0.119186
0 0.303779 0.376453 0.090843 0.152132
0 0.232922 0.530039 0.094477 0.153101
0 0.505814 0.362888 0.080669 0.140504
0 0.532340 0.462694 0.085756 0.119186
0 0.640262 0.436047 0.082122 0.125969
0 0.771076 0.413275 0.089390 0.126938
0 0.801962 0.368217 0.065407 0.087209
0 0.859012 0.433624 0.079215 0.113372
0 0.781977 0.527132 0.092297 0.120155
0 0.925509 0.448159 0.066860 0.107558
0 0.964880 0.358721 0.067115 0.099225
0 0.973964 0.496269 0.048946 0.099128
0 0.953979 0.601453 0.088917 0.113760