0 0.125319 0.691858 0.094069 0.140306
0 0.183913 0.547300 0.091677 0.167942
0 0.221381 0.406994 0.101244 0.131803
0 0.394770 0.510098 0.081314 0.138180
0 0.410714 0.616922 0.084503 0.122236
0 0.523916 0.599915 0.078125 0.132866
0 0.655453 0.610013 0.090880 0.133929
0 0.659040 0.687606 0.093272 0.121173
0 0.706473 0.519664 0.081314 0.140306
0 0.763074 0.583440 0.081314 0.121173
0 0.837612 0.586097 0.070950 0.124362
0 0.847577 0.725872 0.081314 0.119048
0 0.902583 0.636054 0.082908 0.122236
0 0.911352 0.488839 0.100446 0.125425
0 0.958084 0.536448 0.080708 0.127105