0 0.248042 0.359776 0.081227 0.119417
0 0.217606 0.488885 0.073085 0.119675
0 0.169432 0.591889 0.063198 0.104425
0 0.390237 0.456188 0.062422 0.108044
0 0.404292 0.550274 0.069208 0.087883
0 0.499186 0.545880 0.063198 0.105976
0 0.600089 0.566817 0.068044 0.100289
0 0.604257 0.615410 0.061259 0.093052
0 0.650299 0.482294 0.058739 0.103391
0 0.690524 0.539418 0.065136 0.091501
0 0.750814 0.545104 0.053117 0.090467
0 0.792978 0.585169 0.059902 0.097705
0 0.749651 0.649788 0.058545 0.087883
0 0.893009 0.657155 0.064555 0.104684
0 0.910748 0.540969 0.059321 0.079094
0 0.855789 0.501809 0.064555 0.110887
0 0.812655 0.477512 0.074054 0.106234