0 0.035156 0.609853 0.070313 0.136373
0 0.094228 0.608418 0.110013 0.156250
0 0.152025 0.691327 0.099649 0.145621
0 0.207031 0.515944 0.094866 0.137117
0 0.277583 0.571747 0.094069 0.148810
0 0.363680 0.571216 0.082908 0.145621
0 0.413504 0.460672 0.099649 0.134991
0 0.441008 0.622236 0.090880 0.154124
0 0.413903 0.740221 0.082908 0.132866
0 0.553013 0.511692 0.069356 0.151998
0 0.631138 0.544111 0.080517 0.144558
0 0.620775 0.715774 0.080517 0.177509
0 0.776626 0.474490 0.097258 0.156250
0 0.873884 0.363414 0.102041 0.167942
0 0.895408 0.583971 0.113202 0.162628