0 0.094687 0.349688 0.078125 0.095625
0 0.065544 0.444959 0.069873 0.113740
0 0.031464 0.558413 0.061728 0.097165
0 0.222656 0.416771 0.058437 0.095208
0 0.231328 0.492292 0.063594 0.089583
0 0.317188 0.471146 0.059375 0.095208
0 0.393984 0.470833 0.062656 0.092083
0 0.419766 0.537604 0.062344 0.090625
0 0.452656 0.412187 0.057813 0.095208
0 0.500156 0.452500 0.059687 0.094167
0 0.559297 0.453542 0.052344 0.094583
0 0.604453 0.371771 0.068906 0.106042
0 0.613750 0.493854 0.055938 0.091875
0 0.585041 0.572695 0.053355 0.087944
0 0.676719 0.420521 0.050312 0.107708
0 0.732188 0.444896 0.051563 0.092708
0 0.728906 0.561667 0.056250 0.105000
0 0.835234 0.398438 0.065156 0.100208
0 0.900391 0.326146 0.065781 0.106458
0 0.908906 0.461354 0.067812 0.101875