0 0.190290 0.579719 0.088489 0.139243
0 0.248884 0.447917 0.082908 0.156250
0 0.285953 0.325680 0.093272 0.132866
0 0.441406 0.425064 0.082111 0.133929
0 0.448980 0.530293 0.087691 0.127551
0 0.569356 0.520727 0.089286 0.142432
0 0.702089 0.534545 0.106027 0.150935
0 0.712054 0.630208 0.100446 0.140306
0 0.771046 0.456420 0.092474 0.141369
0 0.834423 0.522853 0.093272 0.136054
0 0.926499 0.538797 0.089286 0.140306
0 0.941645 0.724277 0.106824 0.128614
0 0.974426 0.605410 0.048023 0.118346
0 0.975622 0.435937 0.045631 0.132292