0 0.034520 0.239826 0.068314 0.117248
0 0.173328 0.299903 0.085756 0.159884
0 0.157340 0.404554 0.106105 0.136628
0 0.298328 0.376453 0.093023 0.144380
0 0.407703 0.336725 0.102471 0.167636
0 0.503997 0.309593 0.088663 0.161822
0 0.576308 0.367733 0.096657 0.150194
0 0.440770 0.481105 0.100291 0.157946
0 0.664971 0.383236 0.080669 0.136628
0 0.743096 0.254360 0.111919 0.154070
0 0.760538 0.442345 0.104651 0.148256
0 0.713299 0.578004 0.094477 0.142442
0 0.846657 0.382267 0.082122 0.138566
0 0.934956 0.405523 0.094477 0.138566
0 0.953616 0.577011 0.089644 0.150145