0 0.041299 0.377248 0.081043 0.142635
0 0.051024 0.498703 0.097899 0.129668
0 0.175182 0.480982 0.099844 0.130533
0 0.286048 0.488762 0.099844 0.137448
0 0.328514 0.581259 0.094009 0.120159
0 0.378112 0.396698 0.086878 0.129668
0 0.451050 0.470609 0.096603 0.127075
0 0.530148 0.474066 0.077152 0.125346
0 0.603086 0.530688 0.086878 0.119295
0 0.562241 0.630100 0.088174 0.115837
0 0.596927 0.368603 0.101789 0.125346
0 0.693530 0.441649 0.081043 0.108921
0 0.763226 0.468447 0.067427 0.102006
0 0.755770 0.634855 0.088823 0.118430
0 0.909427 0.418309 0.099196 0.122752