0 0.049055 0.421027 0.097384 0.138566
0 0.051962 0.539244 0.101744 0.128876
0 0.183866 0.517926 0.096657 0.146318
0 0.293605 0.528585 0.102471 0.154070
0 0.396439 0.448643 0.088663 0.141473
0 0.464390 0.518411 0.092297 0.141473
0 0.330305 0.637597 0.098837 0.139535
0 0.554142 0.531492 0.075581 0.138566
0 0.627544 0.418605 0.100291 0.143411
0 0.630814 0.598353 0.086483 0.140504
0 0.583212 0.717539 0.082849 0.125000
0 0.724927 0.508236 0.082849 0.130814
0 0.803779 0.544089 0.080669 0.128876
0 0.800509 0.711725 0.088663 0.163760
0 0.954342 0.489583 0.088190 0.145833