0 0.196781 0.328869 0.103383 0.103383
0 0.159187 0.467105 0.098684 0.129229
0 0.107789 0.603383 0.100446 0.118264
0 0.366248 0.433036 0.087523 0.114348
0 0.379464 0.530545 0.086936 0.113565
0 0.496945 0.518405 0.084586 0.122180
0 0.623531 0.529370 0.096922 0.134712
0 0.632636 0.612782 0.092810 0.110432
0 0.684034 0.442826 0.087523 0.122964
0 0.741600 0.512140 0.088698 0.106516
0 0.819725 0.514489 0.078125 0.117481
0 0.826774 0.662907 0.083999 0.113565
0 0.882578 0.572447 0.091048 0.111216
0 0.898144 0.419721 0.106908 0.114348
0 0.952479 0.476112 0.089873 0.112782