0 0.103678 0.632921 0.094401 0.146484
0 0.126872 0.754991 0.093587 0.136719
0 0.250977 0.758247 0.097656 0.149740
0 0.363281 0.789714 0.100911 0.158420
0 0.408447 0.843424 0.082194 0.129123
0 0.459717 0.652452 0.090332 0.148655
0 0.531738 0.728950 0.087891 0.147569
0 0.626953 0.739800 0.081380 0.130208
0 0.655029 0.871094 0.080566 0.132378
0 0.705078 0.785916 0.087891 0.148655
0 0.710368 0.638889 0.111491 0.160590
0 0.805990 0.650282 0.083008 0.166016
0 0.894694 0.704536 0.089518 0.124783
0 0.876383 0.882487 0.095215 0.172526