0 0.089844 0.572917 0.102431 0.145833
0 0.184896 0.591435 0.099826 0.145833
0 0.247396 0.653935 0.091146 0.122685
0 0.280382 0.465856 0.098090 0.156250
0 0.359809 0.534144 0.090278 0.140046
0 0.446615 0.534722 0.081597 0.129630
0 0.507812 0.435764 0.108507 0.144676
0 0.524306 0.589120 0.087674 0.118056
0 0.488715 0.671296 0.078993 0.115741
0 0.625434 0.471644 0.085069 0.133102
0 0.697917 0.492477 0.073785 0.130787
0 0.684462 0.666667 0.085069 0.155093
0 0.848958 0.447917 0.101562 0.157407
0 0.952561 0.360196 0.091753 0.162522
0 0.946050 0.566240 0.104774 0.141738