0 0.045693 0.476467 0.091386 0.127933
0 0.043123 0.381620 0.086246 0.125740
0 0.169511 0.443120 0.090461 0.126096
0 0.315481 0.532209 0.090461 0.145285
0 0.277447 0.416393 0.094572 0.138432
0 0.366879 0.374589 0.082237 0.142544
0 0.431127 0.423246 0.085321 0.130208
0 0.572985 0.321820 0.091488 0.132950
0 0.511822 0.430099 0.067845 0.121985
0 0.553968 0.593887 0.076069 0.131579
0 0.589433 0.482867 0.081209 0.126096
0 0.663446 0.403372 0.062706 0.134320
0 0.733347 0.433525 0.068873 0.120614
0 0.745683 0.582237 0.077097 0.130208
0 0.858758 0.368421 0.083265 0.121985
0 0.926090 0.281387 0.084293 0.126096
0 0.955068 0.428358 0.086739 0.134951