0 0.179129 0.479273 0.072545 0.123299
0 0.187500 0.578656 0.076531 0.109481
0 0.292331 0.565901 0.078922 0.124362
0 0.387197 0.579188 0.077328 0.127551
0 0.423469 0.654656 0.076531 0.127551
0 0.469707 0.487776 0.074936 0.125425
0 0.531888 0.553146 0.079719 0.120111
0 0.612404 0.556335 0.065370 0.122236
0 0.677376 0.452700 0.093272 0.131803
0 0.644292 0.708333 0.070153 0.109481
0 0.685746 0.610544 0.079719 0.130740
0 0.772640 0.503189 0.074936 0.149872
0 0.853954 0.547832 0.076531 0.117985
0 0.845584 0.707270 0.078922 0.147747
0 0.038744 0.393017 0.077487 0.119366