0 0.051282 0.275107 0.101763 0.184829
0 0.112179 0.401709 0.117788 0.175214
0 0.175080 0.195513 0.115385 0.173077
0 0.264022 0.277244 0.108974 0.154915
0 0.369391 0.283654 0.093750 0.157051
0 0.438702 0.128205 0.116987 0.196581
0 0.462340 0.345085 0.093750 0.160256
0 0.419872 0.493590 0.090545 0.132479
0 0.580128 0.244658 0.079327 0.168803
0 0.665064 0.284188 0.079327 0.151709
0 0.654647 0.474893 0.092147 0.172009
0 0.840545 0.207265 0.112981 0.166667
0 0.948137 0.086485 0.100601 0.168697
0 0.948718 0.316774 0.096955 0.169872