0 0.230741 0.329942 0.077035 0.103682
0 0.192951 0.427326 0.078488 0.112403
0 0.129360 0.545058 0.079215 0.117248
0 0.365552 0.406492 0.054506 0.095930
0 0.380451 0.475775 0.075581 0.110465
0 0.478924 0.455426 0.067587 0.104651
0 0.582485 0.440891 0.069767 0.104651
0 0.630087 0.404070 0.057413 0.108527
0 0.686047 0.445736 0.061773 0.110465
0 0.601017 0.536822 0.076308 0.104651
0 0.747093 0.456880 0.058866 0.090116
0 0.797965 0.364826 0.076308 0.103682
0 0.807776 0.500969 0.072674 0.093023
0 0.857195 0.438469 0.062500 0.109496
0 0.917878 0.463663 0.061773 0.097868
0 0.942224 0.585756 0.075581 0.105620
0 0.776163 0.594961 0.070494 0.093023