0 0.032277 0.320399 0.064301 0.092265
0 0.016478 0.421196 0.032703 0.084050
0 0.128862 0.387640 0.056882 0.087547
0 0.134480 0.455875 0.057584 0.086845
0 0.203125 0.444054 0.055478 0.093633
0 0.253950 0.447917 0.065133 0.091058
0 0.289677 0.509363 0.058287 0.098783
0 0.325404 0.390215 0.061622 0.095974
0 0.371840 0.429775 0.060393 0.096910
0 0.434164 0.435744 0.057233 0.100421
0 0.469979 0.349953 0.066362 0.110955
0 0.486394 0.478581 0.057409 0.101826
0 0.464449 0.561915 0.054600 0.088717
0 0.571454 0.403792 0.047753 0.113764
0 0.627897 0.433287 0.058462 0.099719
0 0.609726 0.559574 0.055829 0.114934
0 0.732619 0.385300 0.066362 0.115169
0 0.818645 0.303254 0.063553 0.125234
0 0.811271 0.463600 0.075843 0.119148