0 0.251173 0.294013 0.099189 0.105944
0 0.217577 0.435509 0.091724 0.121587
0 0.168249 0.569539 0.083724 0.112344
0 0.420222 0.386448 0.079991 0.114477
0 0.438620 0.486704 0.085858 0.113055
0 0.551408 0.469283 0.078925 0.133675
0 0.680994 0.476038 0.091724 0.127275
0 0.686860 0.563851 0.087457 0.110922
0 0.735655 0.394980 0.078392 0.113055
0 0.794049 0.458618 0.086391 0.106655
0 0.868974 0.463951 0.077325 0.111633
0 0.875640 0.607580 0.083191 0.104522
0 0.932167 0.516567 0.087457 0.113055
0 0.947899 0.361917 0.100789 0.110922