0 0.520052 0.442882 0.106771 0.125347
0 0.643419 0.419155 0.108713 0.138310
0 0.665316 0.536912 0.106346 0.134510
0 0.716605 0.372003 0.080607 0.130811
0 0.794401 0.420833 0.109115 0.133333
0 0.865680 0.423666 0.077714 0.145249
0 0.940752 0.306970 0.116920 0.145885
0 0.935417 0.486458 0.129167 0.124306
0 0.899906 0.607712 0.119083 0.134868
0 0.407552 0.391493 0.094271 0.118403
0 0.408073 0.462500 0.092188 0.138194
0 0.236589 0.308507 0.113802 0.119792
0 0.204427 0.416493 0.090104 0.131597
0 0.153426 0.550643 0.110937 0.136111