0 0.309622 0.358004 0.115132 0.141447
0 0.286801 0.505482 0.099095 0.127193
0 0.267475 0.611568 0.104030 0.111294
0 0.492804 0.453947 0.093339 0.126096
0 0.502467 0.560307 0.082237 0.104167
0 0.603824 0.557018 0.106497 0.123904
0 0.736225 0.579221 0.113898 0.123355
0 0.732319 0.638706 0.100329 0.092105
0 0.802220 0.471217 0.094572 0.127741
0 0.857319 0.540022 0.109375 0.110746
0 0.917969 0.658717 0.112253 0.112390
0 0.919819 0.543860 0.092928 0.110746
0 0.970641 0.468577 0.055592 0.096145
0 0.966324 0.585986 0.064227 0.127370