0 0.050469 0.318854 0.073750 0.099792
0 0.032813 0.428125 0.065312 0.091250
0 0.025469 0.510729 0.050625 0.083125
0 0.162031 0.392708 0.058750 0.094583
0 0.179141 0.469896 0.057656 0.086458
0 0.244219 0.468750 0.059375 0.094583
0 0.300078 0.486979 0.067031 0.095625
0 0.341094 0.536250 0.057500 0.089583
0 0.369199 0.407828 0.063634 0.101105
0 0.419453 0.458750 0.057344 0.099583
0 0.485469 0.468750 0.054375 0.096667
0 0.526172 0.390417 0.071719 0.119167
0 0.541406 0.510625 0.057813 0.107083
0 0.517188 0.585104 0.055937 0.083125
0 0.668828 0.591354 0.054844 0.117708
0 0.692500 0.463854 0.061875 0.094375
0 0.629844 0.421042 0.048750 0.125833
0 0.812813 0.429375 0.076250 0.128333
0 0.894844 0.540833 0.083437 0.113333
0 0.922031 0.353542 0.080625 0.146250