0 0.083576 0.483527 0.108285 0.155039
0 0.191860 0.492733 0.109738 0.157946
0 0.236192 0.607074 0.099564 0.150194
0 0.304869 0.418120 0.095930 0.146318
0 0.375000 0.484981 0.096657 0.144380
0 0.467660 0.501453 0.078488 0.136628
0 0.539244 0.384205 0.101017 0.148256
0 0.546148 0.564438 0.085756 0.146318
0 0.501453 0.687500 0.080669 0.126938
0 0.645712 0.475291 0.072674 0.140504
0 0.724927 0.512597 0.078488 0.133721
0 0.717660 0.682655 0.084302 0.163760
0 0.878997 0.456395 0.095930 0.147287
0 0.959793 0.364172 0.077289 0.150824
0 0.963790 0.562791 0.069295 0.141085