0 0.133984 0.373785 0.112240 0.121181
0 0.192061 0.346703 0.116413 0.134379
0 0.231901 0.458507 0.104948 0.144097
0 0.303964 0.310100 0.080845 0.134783
0 0.363932 0.357986 0.087240 0.127778
0 0.442030 0.362136 0.083467 0.128745
0 0.501852 0.249545 0.091087 0.140494
0 0.511857 0.421298 0.098681 0.121293
0 0.472715 0.536941 0.102710 0.128694
0 0.635844 0.342564 0.088876 0.150405
0 0.697526 0.364757 0.073177 0.145486
0 0.700955 0.522643 0.113714 0.141519
0 0.920124 0.187101 0.111602 0.138786
0 0.830850 0.297596 0.112742 0.132692
0 0.938024 0.347327 0.123953 0.165763
0 0.040365 0.401562 0.080729 0.119792