0 0.165334 0.359012 0.096657 0.125000
0 0.116279 0.487888 0.091570 0.157946
0 0.053052 0.635659 0.097384 0.135659
0 0.325945 0.464147 0.080669 0.129845
0 0.332485 0.566860 0.087936 0.124031
0 0.453488 0.547481 0.081395 0.137597
0 0.575218 0.554748 0.092297 0.138566
0 0.646076 0.478682 0.078488 0.129845
0 0.712209 0.543605 0.085756 0.124031
0 0.597020 0.662306 0.092297 0.121124
0 0.794695 0.555717 0.076308 0.119186
0 0.871003 0.439922 0.108285 0.139535
0 0.945494 0.519864 0.097384 0.126938
0 0.869913 0.610465 0.094477 0.133721
0 0.816860 0.722868 0.087209 0.127907