0 0.031977 0.310562 0.060320 0.107558
0 0.030160 0.407946 0.055233 0.116279
0 0.125363 0.386628 0.088663 0.116279
0 0.211483 0.354167 0.096657 0.144380
0 0.241279 0.480620 0.089390 0.133721
0 0.318314 0.329457 0.080669 0.133721
0 0.376453 0.390504 0.086483 0.118217
0 0.462573 0.396318 0.075581 0.131783
0 0.526163 0.284399 0.092297 0.136628
0 0.538881 0.455426 0.082849 0.129845
0 0.496366 0.579942 0.083576 0.134690
0 0.643895 0.388566 0.074855 0.139535
0 0.718387 0.418120 0.077035 0.132752
0 0.712936 0.576066 0.082122 0.148256
0 0.863372 0.358043 0.096657 0.134690
0 0.952398 0.252907 0.091570 0.137597
0 0.965243 0.415334 0.066388 0.148498