0 0.055233 0.383236 0.074855 0.115310
0 0.039971 0.467054 0.079215 0.112403
0 0.142442 0.451066 0.080669 0.109496
0 0.212209 0.426841 0.085029 0.126938
0 0.242369 0.535368 0.078488 0.121124
0 0.309593 0.397287 0.073401 0.120155
0 0.360102 0.449128 0.082849 0.107558
0 0.438590 0.455911 0.072674 0.113372
0 0.493459 0.351744 0.080669 0.122093
0 0.503997 0.509690 0.078488 0.122093
0 0.467660 0.622093 0.078488 0.120155
0 0.606831 0.439922 0.061773 0.141473
0 0.680233 0.467054 0.073401 0.125969
0 0.666788 0.616764 0.074128 0.140504
0 0.812500 0.407946 0.086483 0.125969
0 0.901526 0.307655 0.090116 0.132752
0 0.926599 0.468508 0.103924 0.146318