0 0.028380 0.593994 0.056760 0.121322
0 0.059152 0.469175 0.090880 0.141369
0 0.103396 0.351722 0.096460 0.121173
0 0.234136 0.540923 0.093272 0.108418
0 0.231346 0.439413 0.082908 0.128614
0 0.331393 0.526573 0.080517 0.128614
0 0.418686 0.541986 0.087691 0.138180
0 0.452168 0.632866 0.084503 0.132866
0 0.510762 0.463861 0.082111 0.137117
0 0.569754 0.526573 0.091677 0.139243
0 0.660635 0.538797 0.080517 0.144558
0 0.734774 0.425595 0.104432 0.162628
0 0.739955 0.607887 0.092474 0.144558
0 0.692522 0.722683 0.085300 0.127551
0 0.845982 0.500000 0.090880 0.171131
0 0.943240 0.554741 0.098852 0.142432
0 0.930485 0.731186 0.108418 0.184949