0 0.087851 0.410714 0.089286 0.132866
0 0.134088 0.302827 0.092474 0.131803
0 0.279974 0.477147 0.087691 0.121173
0 0.278779 0.385204 0.072545 0.122236
0 0.392777 0.447385 0.075733 0.123299
0 0.500797 0.435162 0.081314 0.132866
0 0.572545 0.389456 0.073342 0.130740
0 0.523517 0.538265 0.083705 0.134991
0 0.634327 0.441008 0.080517 0.127551
0 0.708466 0.451637 0.072545 0.114796
0 0.777025 0.345344 0.094866 0.127551
0 0.745536 0.618516 0.079719 0.125425
0 0.785794 0.505846 0.085300 0.121173
0 0.858339 0.424001 0.074139 0.146684
0 0.938058 0.459609 0.080517 0.120111
0 0.954496 0.607239 0.087883 0.139477