0 0.229642 0.455913 0.088174 0.128804
0 0.298042 0.520747 0.083636 0.111515
0 0.177127 0.631397 0.097251 0.123617
0 0.123638 0.538900 0.097899 0.139177
0 0.046810 0.533281 0.086878 0.140041
0 0.383623 0.522044 0.079746 0.124481
0 0.437435 0.406207 0.091416 0.141770
0 0.458182 0.573479 0.079746 0.125346
0 0.426413 0.676781 0.077152 0.122752
0 0.558675 0.480982 0.066779 0.120159
0 0.632910 0.507780 0.075207 0.116701
0 0.617998 0.666407 0.077801 0.152144
0 0.772303 0.449429 0.094658 0.146957
0 0.866961 0.358662 0.088174 0.136584
0 0.871175 0.553164 0.099196 0.136584