0 0.136230 0.596029 0.086263 0.126953
0 0.152100 0.703993 0.077311 0.117188
0 0.263184 0.703451 0.084635 0.131293
0 0.362061 0.727322 0.085449 0.126953
0 0.403158 0.782118 0.074870 0.115017
0 0.445475 0.612847 0.079753 0.128038
0 0.506917 0.678494 0.075684 0.122613
0 0.592367 0.686632 0.070801 0.110677
0 0.620443 0.816840 0.071615 0.108507
0 0.661540 0.730035 0.077311 0.128038
0 0.658691 0.593316 0.094401 0.136719
0 0.753906 0.615017 0.078125 0.136719
0 0.828369 0.660048 0.075684 0.107422
0 0.814128 0.819010 0.076497 0.149740