0 0.378634 0.512112 0.069767 0.093992
0 0.350291 0.620640 0.066860 0.115310
0 0.308866 0.730136 0.058140 0.103682
0 0.523619 0.671027 0.070494 0.093992
0 0.476744 0.532946 0.000000 0.000000
0 0.477471 0.531008 0.000000 0.000000
0 0.508358 0.582849 0.064680 0.105620
0 0.616279 0.657946 0.065407 0.106589
0 0.766352 0.586725 0.066134 0.099806
0 0.819767 0.643411 0.066860 0.098837
0 0.720930 0.667636 0.075581 0.102713
0 0.950218 0.563469 0.095203 0.107558
0 0.883358 0.647287 0.064680 0.096899
0 0.947674 0.687984 0.078488 0.110465
0 0.902980 0.772771 0.073401 0.099806
0 0.731105 0.734496 0.074128 0.094961
0 0.983594 0.614050 0.029687 0.088566