0 0.342578 0.360938 0.077656 0.125208
0 0.319922 0.493854 0.072969 0.124375
0 0.280000 0.612708 0.068437 0.110417
0 0.512109 0.532187 0.068906 0.096042
0 0.492109 0.439375 0.069531 0.113333
0 0.603906 0.510000 0.065625 0.104167
0 0.710859 0.574688 0.066094 0.081458
0 0.713828 0.517083 0.072344 0.097917
0 0.746563 0.426458 0.063438 0.095000
0 0.788281 0.484063 0.061563 0.092292
0 0.842656 0.583646 0.062500 0.087708
0 0.845156 0.476042 0.054063 0.095000
0 0.886563 0.509896 0.064687 0.093958
0 0.904375 0.406875 0.079687 0.085833
0 0.932656 0.423750 0.067500 0.111667
0 0.978203 0.455521 0.040469 0.081042
0 0.973281 0.570729 0.050313 0.098958