0 0.146843 0.394239 0.068559 0.114796
0 0.143256 0.480867 0.082111 0.105230
0 0.244101 0.456952 0.079719 0.114796
0 0.324617 0.437287 0.081314 0.122236
0 0.407526 0.393176 0.073342 0.121173
0 0.356904 0.535077 0.078922 0.132866
0 0.464525 0.441008 0.080517 0.116922
0 0.537867 0.445791 0.067761 0.117985
0 0.598055 0.342156 0.087691 0.123299
0 0.576929 0.600446 0.070950 0.125425
0 0.772640 0.590349 0.076531 0.139243
0 0.771445 0.441539 0.072545 0.128614
0 0.698103 0.420812 0.064573 0.127551
0 0.610810 0.495217 0.078125 0.121173
0 0.909359 0.376169 0.091677 0.127551