0 0.058512 0.542860 0.113118 0.157335
0 0.089437 0.674154 0.106608 0.144314
0 0.216797 0.668728 0.105794 0.161675
0 0.333984 0.698025 0.109049 0.168186
0 0.394206 0.762587 0.092773 0.147569
0 0.441813 0.552083 0.101725 0.158420
0 0.520752 0.632378 0.091960 0.154080
0 0.625326 0.628581 0.089518 0.159505
0 0.657878 0.789714 0.084635 0.138889
0 0.711995 0.691515 0.098470 0.161675
0 0.713623 0.519531 0.121257 0.184462
0 0.823079 0.549371 0.097656 0.181207
0 0.897135 0.797852 0.102539 0.183377
0 0.920736 0.603624 0.099284 0.137804