0 0.180325 0.616390 0.084503 0.133929
0 0.234534 0.487776 0.082908 0.150935
0 0.275191 0.369792 0.094069 0.119048
0 0.422672 0.464923 0.079719 0.128614
0 0.429050 0.569090 0.090880 0.120111
0 0.548230 0.558992 0.082111 0.146684
0 0.676977 0.577062 0.097258 0.148810
0 0.693320 0.673257 0.094866 0.139243
0 0.752312 0.491497 0.090083 0.149872
0 0.818878 0.566433 0.098852 0.138180
0 0.912946 0.580251 0.094069 0.140306
0 0.970041 0.473289 0.056792 0.132589
0 0.970440 0.649033 0.055995 0.126935
0 0.934869 0.765200 0.109216 0.140306