0 0.049279 0.202457 0.096154 0.157051
0 0.062099 0.333868 0.118590 0.144231
0 0.203926 0.300748 0.107372 0.163462
0 0.321314 0.296474 0.109776 0.167735
0 0.370593 0.419872 0.110577 0.155983
0 0.431090 0.215278 0.093750 0.172009
0 0.508413 0.290598 0.104167 0.158120
0 0.604968 0.304487 0.090545 0.153846
0 0.639022 0.506944 0.086538 0.129274
0 0.691506 0.373397 0.095353 0.154915
0 0.692308 0.159188 0.116186 0.179487
0 0.790865 0.269231 0.095353 0.153846
0 0.883413 0.310363 0.094551 0.148504
0 0.872596 0.489316 0.100160 0.170940