0 0.082372 0.255521 0.083699 0.115138
0 0.060341 0.378563 0.073613 0.109239
0 0.028843 0.472466 0.056271 0.092724
0 0.233225 0.440732 0.059102 0.089185
0 0.219069 0.354261 0.060164 0.106880
0 0.320286 0.445569 0.061580 0.102633
0 0.399738 0.474000 0.063349 0.097678
0 0.427254 0.522485 0.057864 0.090836
0 0.467423 0.388944 0.065650 0.105936
0 0.513608 0.446277 0.061757 0.101217
0 0.598634 0.571206 0.056979 0.089185
0 0.582797 0.459253 0.055033 0.096971
0 0.639068 0.391421 0.073436 0.120328
0 0.718343 0.419262 0.058218 0.120800
0 0.780542 0.466568 0.060872 0.087061
0 0.747629 0.586424 0.056979 0.112542
0 0.909010 0.443564 0.079629 0.122216
0 0.966963 0.553157 0.062465 0.104992