0 0.028578 0.368417 0.057156 0.083286
0 0.016014 0.479662 0.031675 0.090600
0 0.155808 0.432475 0.060695 0.101453
0 0.176954 0.516940 0.058041 0.087769
0 0.259591 0.513637 0.064765 0.099094
0 0.336123 0.529681 0.061049 0.098622
0 0.370187 0.574155 0.057687 0.091308
0 0.398853 0.444271 0.062995 0.100510
0 0.449374 0.494644 0.057510 0.094611
0 0.514846 0.500189 0.052909 0.089656
0 0.564747 0.429407 0.070958 0.109475
0 0.568729 0.535933 0.054148 0.099802
0 0.539974 0.601760 0.052201 0.082814
0 0.646674 0.445995 0.052526 0.114280
0 0.704130 0.484046 0.055939 0.084699
0 0.684030 0.603636 0.051388 0.106948
0 0.819706 0.455350 0.068265 0.114786
0 0.904373 0.392648 0.077177 0.125405
0 0.885695 0.549783 0.070540 0.096329