0 0.274141 0.493958 0.067031 0.124167
0 0.331875 0.374167 0.068438 0.137083
0 0.366797 0.296146 0.068906 0.106042
0 0.497422 0.381250 0.066406 0.102917
0 0.509453 0.449792 0.069531 0.108750
0 0.606328 0.440417 0.065781 0.103750
0 0.716250 0.437604 0.072187 0.105625
0 0.724219 0.531250 0.071250 0.104167
0 0.754453 0.403542 0.063281 0.100833
0 0.805859 0.447813 0.065469 0.106875
0 0.867969 0.463542 0.059062 0.101667
0 0.923438 0.379062 0.084688 0.108542
0 0.966953 0.455124 0.062969 0.121915
0 0.927422 0.514271 0.077344 0.103542
0 0.887344 0.605104 0.074687 0.103125