0 0.230035 0.368056 0.096354 0.108796
0 0.187500 0.475694 0.101562 0.134259
0 0.114149 0.620370 0.102431 0.145833
0 0.396267 0.449074 0.085069 0.118056
0 0.408420 0.539931 0.088542 0.114583
0 0.524306 0.513310 0.085938 0.119213
0 0.646701 0.495370 0.087674 0.129630
0 0.692274 0.451968 0.078125 0.112269
0 0.664497 0.601273 0.090278 0.126157
0 0.755642 0.504051 0.078125 0.107639
0 0.824653 0.512731 0.068576 0.106481
0 0.882812 0.412616 0.096354 0.103009
0 0.938368 0.498843 0.080729 0.104167
0 0.898003 0.562500 0.092014 0.108796
0 0.858941 0.671296 0.095486 0.120370