0 0.045998 0.515412 0.091677 0.121173
0 0.049984 0.613202 0.088489 0.123299
0 0.139668 0.595663 0.082908 0.134991
0 0.207031 0.595132 0.101244 0.140306
0 0.259646 0.677509 0.090083 0.139243
0 0.308673 0.503189 0.089286 0.134991
0 0.374442 0.565370 0.090083 0.142432
0 0.457350 0.561650 0.078922 0.139243
0 0.507175 0.444196 0.100446 0.153061
0 0.537468 0.619048 0.087691 0.154124
0 0.505979 0.735438 0.082111 0.127551
0 0.647879 0.506909 0.072545 0.155187
0 0.730788 0.544643 0.085300 0.137117
0 0.719228 0.721088 0.086097 0.179634
0 0.893814 0.471301 0.111607 0.171131