0 0.134983 0.298611 0.105903 0.113426
0 0.085938 0.402199 0.103299 0.130787
0 0.303819 0.376736 0.078993 0.128472
0 0.311198 0.462384 0.085069 0.121528
0 0.431858 0.438657 0.081597 0.113426
0 0.552951 0.412616 0.087674 0.126157
0 0.575521 0.527199 0.089410 0.126157
0 0.606771 0.376157 0.077257 0.125000
0 0.674913 0.427083 0.079861 0.106481
0 0.748698 0.434606 0.067708 0.109954
0 0.804688 0.329861 0.096354 0.115741
0 0.816406 0.484954 0.083333 0.113426
0 0.779080 0.592593 0.083333 0.111111
0 0.870660 0.422454 0.073785 0.104167
0 0.943576 0.440972 0.070312 0.104167
0 0.961675 0.578322 0.073524 0.126551