0 0.283753 0.440147 0.132942 0.157689
0 0.256129 0.613950 0.117403 0.162293
0 0.210376 0.761798 0.136395 0.149632
0 0.498273 0.558702 0.114814 0.146179
0 0.512949 0.683011 0.102728 0.123158
0 0.618267 0.669199 0.111360 0.139273
0 0.822859 0.570212 0.101001 0.125460
0 0.877244 0.650207 0.107907 0.105893
0 0.933658 0.638697 0.075708 0.131215
0 0.924724 0.776243 0.116540 0.116252
0 0.953604 0.689342 0.089667 0.122007
0 0.776243 0.689342 0.132079 0.135820
0 0.758115 0.753223 0.102728 0.116252
0 0.973019 0.567684 0.050837 0.099687