0 0.058313 0.432598 0.098039 0.155229
0 0.109886 0.324346 0.097018 0.129357
0 0.272263 0.406727 0.084763 0.127996
0 0.280944 0.497958 0.085784 0.119826
0 0.398897 0.464597 0.074551 0.126634
0 0.514297 0.446895 0.082721 0.118464
0 0.535233 0.550381 0.085784 0.134804
0 0.572508 0.405365 0.070466 0.133442
0 0.633272 0.448938 0.073529 0.119826
0 0.702206 0.461193 0.066381 0.100763
0 0.737949 0.613017 0.076593 0.110294
0 0.773182 0.506808 0.081699 0.104847
0 0.756842 0.352941 0.093954 0.118464
0 0.827819 0.426471 0.064338 0.137527
0 0.894199 0.450300 0.072508 0.130719
0 0.922794 0.591912 0.082721 0.122549