0 0.388984 0.290833 0.067344 0.108750
0 0.353516 0.368125 0.067031 0.139167
0 0.295156 0.486875 0.067813 0.123333
0 0.519062 0.375833 0.065625 0.102917
0 0.532266 0.446250 0.071406 0.108750
0 0.628828 0.438750 0.066406 0.102917
0 0.740469 0.435625 0.073125 0.105833
0 0.747656 0.530417 0.075938 0.105000
0 0.777656 0.402083 0.061875 0.097917
0 0.829062 0.449271 0.067812 0.108125
0 0.890234 0.467187 0.060156 0.101458
0 0.948047 0.381563 0.085781 0.107708
0 0.978672 0.458673 0.039531 0.120680
0 0.951406 0.516146 0.077812 0.105625
0 0.911953 0.608542 0.076406 0.104583