0 0.203559 0.425926 0.095486 0.106481
0 0.163628 0.559028 0.100694 0.129630
0 0.121528 0.677083 0.105035 0.134259
0 0.360677 0.503472 0.079861 0.134259
0 0.374566 0.621528 0.088542 0.129630
0 0.487413 0.603588 0.078125 0.140046
0 0.606771 0.614583 0.094618 0.134259
0 0.622830 0.700231 0.095486 0.122685
0 0.673177 0.521991 0.083333 0.131944
0 0.736111 0.589699 0.087674 0.128472
0 0.817708 0.596065 0.078993 0.141204
0 0.895399 0.497685 0.107639 0.125000
0 0.959071 0.555660 0.078733 0.113635
0 0.890625 0.653356 0.094618 0.128472
0 0.836806 0.747685 0.089410 0.129630