0 0.354531 0.385521 0.075000 0.121458
0 0.329063 0.514896 0.070938 0.119375
0 0.285156 0.626146 0.065937 0.108125
0 0.513516 0.562188 0.067969 0.092292
0 0.496875 0.471354 0.065625 0.105208
0 0.602969 0.548958 0.061875 0.102500
0 0.705391 0.615313 0.062344 0.081458
0 0.710156 0.561354 0.067500 0.094792
0 0.743437 0.476771 0.060937 0.091875
0 0.781484 0.533021 0.060156 0.085208
0 0.838359 0.530208 0.053594 0.090833
0 0.831406 0.633646 0.059688 0.084375
0 0.875547 0.565521 0.060781 0.094375
0 0.965938 0.630208 0.064375 0.097917
0 0.972422 0.517500 0.052031 0.080417
0 0.922656 0.484896 0.067500 0.105625
0 0.894922 0.465417 0.074531 0.089167