0 0.365783 0.304606 0.065240 0.093487
0 0.345004 0.400724 0.058971 0.108655
0 0.312616 0.508915 0.056882 0.095344
0 0.487556 0.364816 0.057114 0.092558
0 0.504968 0.436169 0.058507 0.094725
0 0.586460 0.414345 0.055721 0.093796
0 0.680024 0.409856 0.065472 0.089153
0 0.690597 0.469330 0.061943 0.099295
0 0.717654 0.350084 0.057941 0.090479
0 0.765155 0.393931 0.060377 0.088159
0 0.818643 0.384533 0.056757 0.097675
0 0.837277 0.503202 0.060899 0.088623
0 0.874948 0.422467 0.063857 0.094191
0 0.875470 0.301596 0.074645 0.104399
0 0.927495 0.346256 0.067685 0.114839
0 0.976389 0.376531 0.043673 0.082591
0 0.977104 0.485704 0.042668 0.099099