0 0.316562 0.389688 0.062500 0.088125
0 0.285234 0.463333 0.058281 0.109583
0 0.236016 0.563125 0.057656 0.102083
0 0.432734 0.518646 0.059531 0.091042
0 0.427656 0.459583 0.057813 0.082500
0 0.517813 0.509583 0.052500 0.089583
0 0.605234 0.506875 0.061406 0.088750
0 0.616016 0.581562 0.062656 0.097708
0 0.648359 0.472396 0.053906 0.091042
0 0.693359 0.512604 0.058281 0.086875
0 0.749844 0.520104 0.051250 0.094375
0 0.772266 0.644583 0.059531 0.089167
0 0.803516 0.567083 0.062969 0.082083
0 0.797578 0.443646 0.069844 0.094792
0 0.855156 0.505625 0.057188 0.106667
0 0.912734 0.533021 0.057656 0.095208
0 0.923516 0.643333 0.066719 0.103750