0 0.096788 0.493634 0.102431 0.142361
0 0.192274 0.498843 0.104167 0.138889
0 0.243490 0.589699 0.098958 0.121528
0 0.291667 0.406250 0.094618 0.138889
0 0.365451 0.479167 0.089410 0.125000
0 0.447917 0.478588 0.078993 0.123843
0 0.512153 0.372106 0.096354 0.130787
0 0.521267 0.535301 0.090278 0.116898
0 0.484809 0.638889 0.086806 0.115741
0 0.676649 0.629051 0.081597 0.126157
0 0.621094 0.439236 0.085069 0.109954
0 0.686632 0.464699 0.073785 0.119213
0 0.827257 0.412616 0.098090 0.137731
0 0.915799 0.329861 0.089410 0.125000
0 0.920139 0.510995 0.096354 0.135417