0 0.120137 0.451637 0.099649 0.140306
0 0.224171 0.431973 0.098852 0.143495
0 0.266422 0.544643 0.092474 0.143495
0 0.319436 0.383078 0.085300 0.134991
0 0.387596 0.430910 0.086097 0.134991
0 0.470902 0.434630 0.072545 0.127551
0 0.513951 0.602572 0.072545 0.131803
0 0.550622 0.486713 0.080517 0.125425
0 0.531091 0.326743 0.086097 0.132866
0 0.629145 0.408057 0.060587 0.129677
0 0.702886 0.432504 0.069356 0.125425
0 0.710858 0.583440 0.078922 0.138180
0 0.827248 0.370855 0.083705 0.123299
0 0.929688 0.426127 0.090880 0.133929
0 0.896604 0.270408 0.086894 0.124362