0 0.220920 0.436343 0.108507 0.122685
0 0.186632 0.587384 0.098958 0.140046
0 0.151042 0.712963 0.119792 0.143519
0 0.406684 0.520833 0.094618 0.145833
0 0.424479 0.631944 0.098958 0.136574
0 0.546007 0.616319 0.093750 0.151620
0 0.680990 0.631366 0.101562 0.146991
0 0.738715 0.520833 0.092014 0.155093
0 0.793837 0.586227 0.089410 0.153935
0 0.872830 0.582176 0.078993 0.145833
0 0.949306 0.501198 0.098264 0.132026
0 0.933594 0.635417 0.094618 0.131944
0 0.874566 0.711806 0.103299 0.134259
0 0.683160 0.699074 0.092014 0.113426