0 0.148924 0.478821 0.084933 0.124481
0 0.158325 0.580394 0.090768 0.109786
0 0.266922 0.565698 0.081043 0.114972
0 0.359310 0.575207 0.086878 0.127075
0 0.396914 0.658627 0.082988 0.114108
0 0.444891 0.483575 0.081691 0.128804
0 0.508104 0.553596 0.083636 0.108057
0 0.590119 0.557918 0.071317 0.114972
0 0.654953 0.459371 0.092064 0.118430
0 0.662409 0.612379 0.083636 0.111515
0 0.621564 0.708766 0.074559 0.110650
0 0.747990 0.522908 0.078449 0.100277
0 0.825467 0.550138 0.079098 0.102870
0 0.817687 0.700553 0.086878 0.149550
0 0.965764 0.489792 0.065346 0.144695