0 0.190418 0.314575 0.105679 0.105463
0 0.152165 0.456345 0.097899 0.126210
0 0.098677 0.594225 0.105031 0.111515
0 0.365145 0.416148 0.089471 0.123617
0 0.376491 0.518154 0.094009 0.114972
0 0.497731 0.508212 0.090119 0.129668
0 0.622212 0.515992 0.099196 0.131397
0 0.631937 0.602438 0.092713 0.110650
0 0.679266 0.431276 0.094009 0.126210
0 0.738589 0.501297 0.088174 0.117566
0 0.816066 0.504322 0.075856 0.114972
0 0.878955 0.558783 0.094009 0.120159
0 0.819632 0.651279 0.094658 0.109786
0 0.893218 0.409232 0.108273 0.120159
0 0.946706 0.470609 0.095954 0.106328