0 0.022656 0.539062 0.041406 0.132292
0 0.086328 0.553646 0.104688 0.130208
0 0.152734 0.617708 0.098437 0.110417
0 0.187891 0.442188 0.093750 0.128125
0 0.267188 0.513021 0.086719 0.121875
0 0.351953 0.510417 0.073438 0.112500
0 0.405469 0.413542 0.099219 0.129167
0 0.431250 0.558854 0.077344 0.115625
0 0.401172 0.644792 0.076563 0.100000
0 0.535547 0.448437 0.070312 0.117708
0 0.604688 0.477083 0.075781 0.110417
0 0.588672 0.643750 0.071875 0.120833
0 0.746094 0.436979 0.091406 0.126042
0 0.851562 0.356771 0.100781 0.132292
0 0.835547 0.548438 0.090625 0.128125