0 0.045121 0.594271 0.090242 0.136458
0 0.083068 0.436224 0.111607 0.130740
0 0.261240 0.534545 0.082111 0.140306
0 0.275590 0.651998 0.098055 0.122236
0 0.394372 0.634991 0.078922 0.149872
0 0.515944 0.651467 0.089286 0.125425
0 0.535874 0.730123 0.094069 0.129677
0 0.588489 0.553146 0.076531 0.134991
0 0.648278 0.619579 0.081314 0.129677
0 0.729592 0.623831 0.068559 0.125425
0 0.748724 0.771577 0.086097 0.116922
0 0.801738 0.526042 0.101244 0.123299
0 0.871094 0.567496 0.083705 0.144558
0 0.951212 0.608418 0.079719 0.124362
0 0.947226 0.773172 0.090880 0.149872