0 0.184311 0.672194 0.086097 0.130740
0 0.234933 0.537734 0.086894 0.142432
0 0.270807 0.403274 0.093272 0.128614
0 0.434630 0.502657 0.074936 0.114796
0 0.449378 0.600446 0.080517 0.114796
0 0.560587 0.581845 0.079719 0.130740
0 0.688138 0.590880 0.094069 0.119048
0 0.697305 0.672194 0.086894 0.105230
0 0.740753 0.503720 0.078125 0.129677
0 0.798549 0.563776 0.077328 0.111607
0 0.870297 0.568027 0.070950 0.111607
0 0.886639 0.709396 0.082908 0.115859
0 0.938855 0.611607 0.093272 0.126488
0 0.948517 0.470844 0.099841 0.112521