0 0.128219 0.383166 0.098147 0.127722
0 0.143530 0.496755 0.103643 0.124581
0 0.276225 0.478957 0.095791 0.132956
0 0.398320 0.482621 0.098147 0.129816
0 0.428942 0.574749 0.090295 0.121441
0 0.480763 0.391541 0.087155 0.125628
0 0.545933 0.460113 0.087155 0.116206
0 0.624450 0.464824 0.076162 0.113065
0 0.694331 0.523451 0.085584 0.119347
0 0.647220 0.620812 0.084014 0.110972
0 0.697472 0.364322 0.105999 0.123534
0 0.770886 0.430800 0.076947 0.109925
0 0.843907 0.456972 0.078518 0.105737
0 0.837626 0.617148 0.091080 0.120394