0 0.130899 0.602041 0.081314 0.124362
0 0.182318 0.478741 0.083705 0.145621
0 0.221779 0.360757 0.087691 0.130740
0 0.356505 0.459077 0.073342 0.119048
0 0.356505 0.556866 0.082908 0.121173
0 0.470504 0.550489 0.084503 0.140306
0 0.577328 0.568027 0.090880 0.145621
0 0.602041 0.657313 0.094069 0.145621
0 0.662229 0.482993 0.083705 0.149872
0 0.728396 0.556335 0.098055 0.134991
0 0.819675 0.575468 0.086097 0.139243
0 0.912149 0.451105 0.124362 0.164753
0 0.910156 0.636586 0.112404 0.161565
0 0.849968 0.755634 0.097258 0.144558