0 0.027583 0.581261 0.055166 0.108312
0 0.116948 0.565370 0.088489 0.129677
0 0.207828 0.578125 0.099649 0.133929
0 0.256457 0.658376 0.088489 0.128614
0 0.307079 0.480336 0.084503 0.127551
0 0.373246 0.546769 0.082908 0.132866
0 0.455357 0.547832 0.071747 0.130740
0 0.498804 0.704613 0.074139 0.116922
0 0.533084 0.603104 0.077328 0.130740
0 0.518335 0.440476 0.094069 0.141369
0 0.631537 0.497343 0.070153 0.136054
0 0.706872 0.534014 0.077328 0.122236
0 0.693320 0.698236 0.075733 0.153061
0 0.851961 0.481930 0.091677 0.154124
0 0.951307 0.595313 0.094260 0.138542
0 0.950510 0.394781 0.095855 0.156271