0 0.108941 0.576389 0.112847 0.131944
0 0.181424 0.639468 0.092882 0.119213
0 0.210938 0.451389 0.096354 0.148148
0 0.296007 0.522569 0.087674 0.119213
0 0.381076 0.517940 0.078993 0.133102
0 0.436632 0.421296 0.103299 0.138889
0 0.464844 0.568287 0.085069 0.115741
0 0.432292 0.656250 0.075521 0.106481
0 0.565972 0.453125 0.077257 0.128472
0 0.638455 0.477431 0.072917 0.126157
0 0.627170 0.646991 0.079861 0.138889
0 0.786024 0.424190 0.093750 0.156250
0 0.881510 0.538773 0.102431 0.149306
0 0.894965 0.332755 0.105035 0.160880
0 0.034722 0.550347 0.066840 0.170139