0 0.046795 0.402742 0.075733 0.121173
0 0.088648 0.316114 0.074936 0.107355
0 0.195073 0.450043 0.072545 0.105230
0 0.199059 0.376169 0.064573 0.104167
0 0.282765 0.421875 0.070950 0.114796
0 0.351722 0.405400 0.073342 0.117985
0 0.385204 0.494685 0.070153 0.122236
0 0.432637 0.362883 0.067761 0.115859
0 0.485651 0.402211 0.074936 0.117985
0 0.559391 0.406463 0.066167 0.117985
0 0.611209 0.307079 0.080517 0.116922
0 0.625957 0.451105 0.078125 0.126488
0 0.597258 0.557929 0.068559 0.119048
0 0.719228 0.377232 0.062181 0.131803
0 0.795759 0.402211 0.079719 0.126488
0 0.790577 0.544643 0.075733 0.137117
0 0.936065 0.329401 0.097258 0.131803