0 0.334685 0.320968 0.068381 0.097207
0 0.307715 0.416319 0.065597 0.124118
0 0.263259 0.526285 0.061247 0.102775
0 0.459354 0.400775 0.059159 0.094887
0 0.472230 0.473390 0.062987 0.094887
0 0.558533 0.462254 0.056375 0.094887
0 0.654928 0.470026 0.066815 0.091871
0 0.660670 0.534637 0.060899 0.099527
0 0.694338 0.411331 0.057941 0.092335
0 0.737838 0.462138 0.061769 0.086303
0 0.793430 0.465850 0.051851 0.092335
0 0.841540 0.507262 0.062117 0.092567
0 0.803174 0.583937 0.061247 0.087695
0 0.848065 0.387551 0.073079 0.104167
0 0.892435 0.436734 0.063335 0.108807
0 0.949101 0.471440 0.061951 0.086629
0 0.950811 0.581269 0.066641 0.106023