0 0.154948 0.436921 0.098958 0.135417
0 0.225694 0.505208 0.091146 0.116898
0 0.101997 0.620949 0.098958 0.137731
0 0.049045 0.527199 0.090278 0.142361
0 0.311198 0.508681 0.085069 0.123843
0 0.362413 0.387153 0.098958 0.149306
0 0.391059 0.560764 0.085069 0.126157
0 0.362413 0.664352 0.085069 0.125000
0 0.498698 0.447338 0.067708 0.156250
0 0.572483 0.490162 0.078125 0.114583
0 0.553385 0.650463 0.083333 0.159722
0 0.706597 0.429398 0.089410 0.148148
0 0.804253 0.337963 0.090278 0.131944
0 0.803819 0.534722 0.103299 0.131944