0 0.334999 0.369026 0.080997 0.126889
0 0.310585 0.504468 0.075444 0.123570
0 0.271044 0.623570 0.067593 0.112081
0 0.486366 0.448172 0.069317 0.115145
0 0.507334 0.543147 0.069891 0.098295
0 0.600873 0.521446 0.066636 0.107996
0 0.709348 0.586550 0.067210 0.081955
0 0.712125 0.527829 0.073912 0.099316
0 0.746496 0.436683 0.063381 0.096252
0 0.789675 0.494894 0.062423 0.090125
0 0.845014 0.595358 0.062040 0.088337
0 0.845875 0.485320 0.057636 0.095997
0 0.890491 0.521318 0.064147 0.095486
0 0.908586 0.412684 0.080423 0.092678
0 0.939032 0.433492 0.072381 0.110294
0 0.981158 0.467193 0.034084 0.082210
0 0.975988 0.585274 0.044807 0.100337