0 0.033359 0.304062 0.066406 0.094792
0 0.016641 0.405104 0.033281 0.086875
0 0.132523 0.372471 0.057067 0.092164
0 0.139034 0.442237 0.060121 0.087663
0 0.208478 0.429055 0.058835 0.092164
0 0.261847 0.432592 0.066551 0.092378
0 0.296730 0.496678 0.059799 0.100094
0 0.333060 0.375579 0.060764 0.095808
0 0.381044 0.419624 0.062211 0.097308
0 0.443416 0.421768 0.056424 0.100309
0 0.479504 0.334212 0.067515 0.112526
0 0.495820 0.465599 0.057067 0.103524
0 0.473717 0.549940 0.054334 0.090021
0 0.581903 0.391011 0.049190 0.114240
0 0.639210 0.419517 0.057710 0.102666
0 0.621206 0.546296 0.053852 0.117455
0 0.746753 0.371935 0.067355 0.118527
0 0.834603 0.288666 0.063657 0.127743
0 0.826405 0.449524 0.076196 0.119813