0 0.144965 0.419560 0.103299 0.135417
0 0.214410 0.491319 0.092882 0.116898
0 0.089410 0.594907 0.101562 0.129630
0 0.041667 0.506944 0.077257 0.143519
0 0.302083 0.489583 0.082465 0.125000
0 0.346788 0.383102 0.100694 0.122685
0 0.377170 0.543403 0.083333 0.119213
0 0.351128 0.649306 0.085069 0.113426
0 0.491753 0.433449 0.071181 0.149306
0 0.561198 0.473380 0.076389 0.120370
0 0.542535 0.634838 0.091146 0.158565
0 0.694010 0.414352 0.086806 0.143519
0 0.795139 0.326389 0.092882 0.127315
0 0.796007 0.523727 0.103299 0.133102