0 0.359219 0.348333 0.077188 0.123750
0 0.335938 0.480625 0.071875 0.122083
0 0.294688 0.598229 0.066250 0.110625
0 0.523203 0.524792 0.067031 0.093750
0 0.505938 0.433229 0.068125 0.111042
0 0.613594 0.506979 0.064062 0.103125
0 0.716562 0.572292 0.064688 0.080000
0 0.721562 0.516042 0.069688 0.093750
0 0.753281 0.428542 0.063437 0.091250
0 0.792344 0.485938 0.060312 0.088958
0 0.847031 0.480833 0.052187 0.090833
0 0.840859 0.585417 0.060781 0.085833
0 0.885938 0.515104 0.062813 0.093125
0 0.905469 0.406354 0.075937 0.103125
0 0.929297 0.433438 0.068594 0.107708
0 0.975469 0.464792 0.045937 0.078750
0 0.969453 0.576562 0.057969 0.096458