0 0.144375 0.290625 0.072188 0.100000
0 0.121328 0.398125 0.063906 0.103333
0 0.096797 0.491875 0.062344 0.089167
0 0.273203 0.450937 0.054219 0.080208
0 0.263047 0.369688 0.054844 0.097292
0 0.352969 0.443229 0.057500 0.096458
0 0.425625 0.458229 0.061563 0.093958
0 0.452969 0.511771 0.057187 0.092708
0 0.489063 0.384583 0.059062 0.099167
0 0.536406 0.434375 0.061250 0.098333
0 0.601484 0.443750 0.054844 0.097500
0 0.653203 0.366146 0.069531 0.116458
0 0.654297 0.486042 0.057656 0.103750
0 0.622656 0.560417 0.054063 0.087083
0 0.774453 0.566250 0.056719 0.112083
0 0.796719 0.442708 0.059062 0.091667
0 0.734609 0.402396 0.054531 0.118958
0 0.923984 0.407604 0.079219 0.121042
0 0.978594 0.503021 0.039375 0.109792