0 0.188557 0.360981 0.097509 0.103383
0 0.150963 0.496084 0.095160 0.126096
0 0.101621 0.625705 0.099859 0.115915
0 0.355674 0.453791 0.083999 0.113565
0 0.368304 0.554433 0.083412 0.111216
0 0.481379 0.539160 0.083999 0.116698
0 0.598273 0.546209 0.089873 0.126096
0 0.612371 0.628838 0.087523 0.106516
0 0.660244 0.460448 0.085761 0.123747
0 0.716342 0.531328 0.082824 0.111999
0 0.785949 0.532503 0.071664 0.114348
0 0.796523 0.670739 0.078712 0.110432
0 0.849095 0.582237 0.083999 0.116698
0 0.860844 0.438518 0.100446 0.117481
0 0.913123 0.494909 0.082824 0.108083