0 0.188297 0.684949 0.084503 0.134991
0 0.244499 0.551552 0.082111 0.136054
0 0.279576 0.411777 0.086894 0.132866
0 0.440609 0.510629 0.078922 0.120111
0 0.458147 0.610013 0.075733 0.123299
0 0.569754 0.593537 0.077328 0.139243
0 0.696508 0.606293 0.090083 0.128614
0 0.706075 0.686012 0.082111 0.111607
0 0.746333 0.515412 0.081314 0.125425
0 0.805325 0.581314 0.076531 0.121173
0 0.879464 0.584503 0.065370 0.110544
0 0.891024 0.727997 0.080517 0.114796
0 0.943638 0.632866 0.088489 0.128614
0 0.952105 0.493442 0.092666 0.107717