0 0.141953 0.335729 0.070781 0.103125
0 0.110937 0.434583 0.067187 0.111667
0 0.073828 0.539271 0.065781 0.098958
0 0.255938 0.412396 0.058750 0.099375
0 0.260078 0.491562 0.062344 0.085208
0 0.343438 0.476354 0.061563 0.100625
0 0.416094 0.483021 0.065000 0.103125
0 0.444297 0.555625 0.063594 0.098333
0 0.484844 0.420313 0.062812 0.103542
0 0.536250 0.466771 0.064687 0.108125
0 0.605547 0.473750 0.058281 0.108750
0 0.658203 0.381979 0.077969 0.121875
0 0.666250 0.525208 0.064688 0.106250
0 0.632656 0.612500 0.060625 0.098750
0 0.752578 0.442708 0.064219 0.121250
0 0.818302 0.478070 0.066829 0.105938
0 0.806719 0.613750 0.067812 0.127917
0 0.955859 0.429773 0.085156 0.123713