0 0.053223 0.688260 0.104167 0.131293
0 0.110596 0.752821 0.095215 0.125868
0 0.160645 0.575955 0.091146 0.132378
0 0.231852 0.636176 0.083822 0.135634
0 0.316081 0.645942 0.069987 0.120443
0 0.366943 0.542860 0.090332 0.142144
0 0.389730 0.689887 0.077311 0.130208
0 0.361654 0.789171 0.068359 0.103082
0 0.491455 0.580295 0.057780 0.141059
0 0.561849 0.622613 0.074870 0.117188
0 0.545980 0.780490 0.062663 0.146484
0 0.693278 0.574327 0.078939 0.142144
0 0.784424 0.485894 0.078939 0.149740
0 0.781982 0.685004 0.088704 0.129123