0 0.043968 0.338178 0.084302 0.147287
0 0.059593 0.460756 0.098110 0.125000
0 0.181686 0.426841 0.095203 0.138566
0 0.289608 0.431202 0.101744 0.141473
0 0.334302 0.523740 0.096657 0.136628
0 0.383358 0.339632 0.088663 0.144380
0 0.454215 0.407946 0.090843 0.139535
0 0.538881 0.415213 0.075581 0.126938
0 0.608285 0.289244 0.102471 0.152132
0 0.614826 0.467539 0.086483 0.128876
0 0.574855 0.577035 0.076308 0.113372
0 0.705669 0.370155 0.076308 0.127907
0 0.782340 0.400194 0.077035 0.124031
0 0.775436 0.558624 0.080669 0.144380
0 0.938590 0.336725 0.098837 0.144380