0 0.038167 0.490234 0.072428 0.138889
0 0.045492 0.613390 0.087077 0.124783
0 0.165120 0.592773 0.098470 0.142144
0 0.269694 0.612847 0.097656 0.134549
0 0.314453 0.688260 0.089518 0.137804
0 0.366130 0.505425 0.087077 0.136719
0 0.434489 0.571615 0.083822 0.141059
0 0.519531 0.587891 0.079753 0.117188
0 0.555745 0.743598 0.075684 0.107422
0 0.596842 0.635634 0.079753 0.136719
0 0.591146 0.484809 0.096029 0.121528
0 0.690837 0.522786 0.075684 0.147569
0 0.766520 0.568359 0.072428 0.121528
0 0.754720 0.732205 0.078125 0.151910