0 0.097816 0.764137 0.086894 0.148810
0 0.162388 0.617985 0.093272 0.147747
0 0.201849 0.473958 0.100446 0.136054
0 0.367666 0.568559 0.074936 0.129677
0 0.384008 0.677509 0.086894 0.128614
0 0.501594 0.655187 0.081314 0.143495
0 0.631138 0.666879 0.093272 0.134991
0 0.648677 0.747662 0.091677 0.132866
0 0.688935 0.570153 0.081314 0.139243
0 0.753906 0.632334 0.082111 0.125425
0 0.834423 0.631271 0.075733 0.131803
0 0.859933 0.789647 0.091677 0.133929
0 0.908960 0.683886 0.098852 0.145621
0 0.907366 0.522853 0.114796 0.138180
0 0.962468 0.572587 0.071939 0.153508