0 0.171441 0.431134 0.101562 0.151620
0 0.068142 0.554977 0.101562 0.146991
0 0.140625 0.617477 0.104167 0.126157
0 0.253906 0.504051 0.092882 0.137731
0 0.341580 0.506366 0.082465 0.128472
0 0.390191 0.398727 0.098090 0.158565
0 0.423611 0.555556 0.088542 0.125000
0 0.395399 0.640625 0.087674 0.114583
0 0.584635 0.631366 0.082465 0.146991
0 0.523438 0.435764 0.067708 0.144676
0 0.597656 0.460069 0.072049 0.140046
0 0.740451 0.421296 0.088542 0.159722
0 0.833333 0.538194 0.097222 0.143519
0 0.849392 0.337384 0.098090 0.158565