0 0.082270 0.729592 0.100446 0.145621
0 0.142060 0.582908 0.105230 0.149872
0 0.183514 0.436756 0.102041 0.136054
0 0.363281 0.535608 0.083705 0.131803
0 0.379624 0.648278 0.092474 0.123299
0 0.498406 0.623299 0.082908 0.147747
0 0.627551 0.638180 0.092474 0.141369
0 0.638313 0.712054 0.093272 0.129677
0 0.688935 0.541986 0.081314 0.138180
0 0.745137 0.610013 0.075733 0.121173
0 0.822066 0.603635 0.070153 0.125425
0 0.830835 0.748724 0.090880 0.128614
0 0.885443 0.656250 0.086894 0.126488
0 0.895010 0.502126 0.102838 0.134991
0 0.948422 0.545706 0.083705 0.143495