0 0.805959 0.404070 0.090843 0.143411
0 0.811410 0.603682 0.098837 0.143411
0 0.709302 0.494671 0.086483 0.146318
0 0.567951 0.550872 0.075581 0.125000
0 0.544331 0.717054 0.074855 0.168605
0 0.493459 0.508721 0.069041 0.139535
0 0.371366 0.596899 0.083576 0.145349
0 0.334666 0.721415 0.081395 0.125000
0 0.299055 0.538760 0.081395 0.125969
0 0.206395 0.529554 0.101017 0.123062
0 0.141352 0.453488 0.097384 0.135659
0 0.059230 0.632267 0.104651 0.140504
0 0.034520 0.526163 0.066860 0.153101
0 0.356831 0.421512 0.096657 0.141473