0 0.158801 0.488839 0.082908 0.136054
0 0.217395 0.359694 0.083705 0.132866
0 0.257653 0.260310 0.084503 0.121173
0 0.403938 0.332058 0.075733 0.130740
0 0.415497 0.413372 0.090880 0.133929
0 0.523119 0.397959 0.079719 0.126488
0 0.639509 0.376169 0.084503 0.138180
0 0.656649 0.488308 0.088489 0.130740
0 0.694914 0.341093 0.075733 0.129677
0 0.754305 0.389456 0.082908 0.126488
0 0.825654 0.395302 0.077328 0.127551
0 0.902583 0.450574 0.094069 0.119048
0 0.859534 0.561650 0.087691 0.117985
0 0.895807 0.291667 0.102838 0.134991
0 0.960379 0.376169 0.075733 0.146684