0 0.397529 0.501453 0.069767 0.093992
0 0.367733 0.605620 0.063953 0.106589
0 0.329578 0.710756 0.055959 0.101744
0 0.539608 0.655523 0.070494 0.093992
0 0.525436 0.568798 0.062500 0.106589
0 0.627907 0.641473 0.065407 0.106589
0 0.780160 0.573159 0.066134 0.099806
0 0.832122 0.626938 0.066860 0.098837
0 0.735465 0.648256 0.075581 0.102713
0 0.959375 0.549419 0.082994 0.104651
0 0.897892 0.628876 0.064680 0.096899
0 0.961156 0.670543 0.078488 0.110465
0 0.918241 0.755329 0.073401 0.099806
0 0.747093 0.715116 0.071221 0.091085