0 0.126302 0.480324 0.100694 0.131944
0 0.152344 0.589699 0.093750 0.123843
0 0.266927 0.572917 0.095486 0.138889
0 0.372396 0.590278 0.094618 0.143519
0 0.418403 0.648148 0.082465 0.120370
0 0.456597 0.477431 0.087674 0.130787
0 0.526910 0.542824 0.089410 0.131944
0 0.609809 0.537616 0.072917 0.126157
0 0.682726 0.441551 0.102431 0.142361
0 0.688368 0.587963 0.094618 0.129630
0 0.643663 0.667824 0.090278 0.120370
0 0.773003 0.480903 0.085069 0.135417
0 0.848090 0.503472 0.077257 0.131944
0 0.835503 0.663773 0.092014 0.151620
0 0.977300 0.450188 0.042274 0.155006