0 0.162999 0.487673 0.101701 0.122041
0 0.161150 0.386588 0.088757 0.134369
0 0.292866 0.452029 0.080181 0.135691
0 0.400288 0.431469 0.083265 0.135691
0 0.429585 0.544545 0.092516 0.131579
0 0.475329 0.386924 0.072985 0.134320
0 0.539576 0.436266 0.076069 0.131579
0 0.613076 0.443805 0.068873 0.127467
0 0.672697 0.340323 0.089433 0.123355
0 0.653166 0.606908 0.075041 0.119243
0 0.687089 0.497259 0.079153 0.116502
0 0.749794 0.415707 0.066817 0.139803
0 0.821238 0.449287 0.065789 0.116502
0 0.840255 0.589090 0.083265 0.124726
0 0.945107 0.383498 0.091488 0.119243