0 0.054609 0.323333 0.080781 0.105417
0 0.034375 0.439792 0.068437 0.098750
0 0.023047 0.529479 0.046094 0.088958
0 0.193906 0.491042 0.056250 0.087083
0 0.180234 0.406562 0.060469 0.101875
0 0.273906 0.490417 0.063750 0.099167
0 0.341641 0.512500 0.064844 0.101250
0 0.378437 0.563229 0.060000 0.092708
0 0.411875 0.428958 0.064375 0.106667
0 0.462734 0.483021 0.059531 0.102292
0 0.533047 0.494375 0.057969 0.099167
0 0.582422 0.417083 0.072969 0.120833
0 0.588281 0.537500 0.057813 0.108333
0 0.558516 0.611563 0.057031 0.085625
0 0.676562 0.448229 0.053438 0.123958
0 0.740312 0.493333 0.062188 0.093750
0 0.715469 0.621563 0.054375 0.118125
0 0.870234 0.462292 0.077031 0.127083
0 0.963125 0.390521 0.070625 0.145208
0 0.950937 0.573438 0.085938 0.113125