0 0.078984 0.315833 0.074844 0.100000
0 0.047656 0.412708 0.068750 0.110000
0 0.023672 0.516667 0.047344 0.089167
0 0.188516 0.388958 0.059844 0.092083
0 0.193906 0.463229 0.064062 0.090208
0 0.272891 0.450729 0.061094 0.096458
0 0.333984 0.455937 0.065469 0.098542
0 0.366563 0.523125 0.062188 0.103333
0 0.406250 0.397083 0.062187 0.101250
0 0.455547 0.441146 0.063906 0.101875
0 0.520859 0.447083 0.057344 0.105000
0 0.566641 0.358854 0.072656 0.116458
0 0.577734 0.493646 0.060156 0.106875
0 0.548750 0.580833 0.057813 0.093750
0 0.661797 0.417396 0.054219 0.116458
0 0.724844 0.447708 0.062188 0.104583
0 0.709063 0.579375 0.058750 0.119583
0 0.846797 0.400833 0.073906 0.120000
0 0.933828 0.315313 0.084531 0.128958
0 0.933984 0.483333 0.085156 0.124167