0 0.133721 0.542636 0.093750 0.155039
0 0.209666 0.394380 0.090116 0.162791
0 0.255451 0.307171 0.087209 0.124031
0 0.409884 0.390988 0.071948 0.132752
0 0.422965 0.476260 0.089390 0.130814
0 0.542878 0.451066 0.082122 0.132752
0 0.667515 0.427810 0.087209 0.138566
0 0.722384 0.397287 0.071948 0.135659
0 0.787427 0.448159 0.081395 0.126938
0 0.688227 0.554748 0.092297 0.126938
0 0.862282 0.460756 0.068314 0.123062
0 0.927689 0.357558 0.107558 0.127907
0 0.973964 0.454482 0.048946 0.120203
0 0.944404 0.516957 0.094477 0.123062
0 0.903343 0.636143 0.098110 0.119186