0 0.055596 0.314922 0.090116 0.133721
0 0.048692 0.421027 0.093750 0.125000
0 0.174782 0.402132 0.094477 0.125969
0 0.272166 0.358043 0.103198 0.159884
0 0.303052 0.492733 0.095203 0.154070
0 0.375727 0.328973 0.085029 0.146318
0 0.440407 0.390019 0.089390 0.130814
0 0.528706 0.398256 0.075581 0.137597
0 0.596657 0.291182 0.098110 0.125000
0 0.611555 0.459787 0.091570 0.136628
0 0.568677 0.590601 0.085756 0.132752
0 0.706759 0.405039 0.075581 0.120155
0 0.788881 0.425872 0.079942 0.123062
0 0.796875 0.581880 0.090116 0.154070
0 0.942951 0.348837 0.109012 0.125969