0 0.185234 0.358958 0.067656 0.090833
0 0.147891 0.434167 0.063594 0.112083
0 0.094922 0.538854 0.067969 0.106458
0 0.297344 0.427604 0.057500 0.085208
0 0.299453 0.494375 0.064531 0.085000
0 0.386484 0.477604 0.057344 0.091042
0 0.467109 0.470625 0.059219 0.091667
0 0.483672 0.549167 0.061094 0.097500
0 0.521953 0.437396 0.055469 0.091875
0 0.566328 0.475417 0.060156 0.092083
0 0.625078 0.483333 0.051719 0.091667
0 0.671172 0.403646 0.064844 0.098958
0 0.678750 0.526771 0.058125 0.088125
0 0.649219 0.608333 0.054375 0.093750
0 0.739141 0.466979 0.054531 0.107708
0 0.794141 0.495521 0.054844 0.091875
0 0.798828 0.601667 0.060781 0.105833
0 0.896406 0.450521 0.068750 0.092292
0 0.955859 0.382187 0.066094 0.096458
0 0.969219 0.506321 0.058437 0.090143