0 0.448284 0.456971 0.098744 0.115918
0 0.557091 0.430787 0.104807 0.130324
0 0.584327 0.542294 0.100096 0.136940
0 0.635355 0.383114 0.080607 0.130811
0 0.706843 0.433577 0.098813 0.128679
0 0.778441 0.435472 0.076152 0.134138
0 0.845830 0.323290 0.102076 0.136857
0 0.849477 0.497093 0.119276 0.114842
0 0.811885 0.611531 0.106583 0.135563
0 0.935859 0.406350 0.082969 0.158134
0 0.343359 0.395660 0.085156 0.115625
0 0.340846 0.476068 0.092629 0.131997
0 0.181510 0.322917 0.115104 0.118750
0 0.145964 0.418056 0.091927 0.148611
0 0.098177 0.559028 0.110937 0.136111