0 0.291534 0.574936 0.072545 0.106293
0 0.319834 0.484056 0.081314 0.111607
0 0.342554 0.346939 0.085300 0.124362
0 0.494420 0.430378 0.071747 0.119048
0 0.512357 0.524447 0.074139 0.103104
0 0.612803 0.521790 0.074139 0.125425
0 0.728795 0.548895 0.082908 0.117985
0 0.731585 0.590880 0.077328 0.099915
0 0.788186 0.449511 0.070950 0.125425
0 0.834024 0.506378 0.082908 0.109481
0 0.913345 0.514349 0.075733 0.104167
0 0.904576 0.616390 0.077328 0.104167
0 0.963265 0.552434 0.070344 0.121535
0 0.972832 0.444441 0.051212 0.115285