0 0.174745 0.616390 0.079719 0.129677
0 0.226563 0.485119 0.082908 0.151998
0 0.268017 0.367666 0.092474 0.123299
0 0.410714 0.466518 0.074936 0.129677
0 0.417092 0.569622 0.087691 0.125425
0 0.533482 0.561118 0.084503 0.142432
0 0.657446 0.573873 0.096460 0.161565
0 0.678173 0.668474 0.099649 0.148810
0 0.739955 0.486713 0.087691 0.146684
0 0.808514 0.558461 0.103635 0.143495
0 0.905772 0.576531 0.098852 0.145621
0 0.969244 0.467379 0.058386 0.155591
0 0.933275 0.768389 0.109216 0.155187
0 0.969643 0.645823 0.057589 0.137521