0 0.100207 0.474490 0.066167 0.092474
0 0.105788 0.412840 0.064573 0.105230
0 0.173549 0.446322 0.058195 0.104167
0 0.222178 0.431973 0.072545 0.109481
0 0.301897 0.391050 0.064573 0.106293
0 0.256457 0.511692 0.061384 0.109481
0 0.346142 0.430378 0.071747 0.106293
0 0.412309 0.427721 0.065370 0.115859
0 0.466916 0.470770 0.069356 0.114796
0 0.443798 0.566433 0.064573 0.119048
0 0.449777 0.340030 0.070153 0.108418
0 0.562181 0.398491 0.052615 0.127551
0 0.627152 0.420812 0.070950 0.119048
0 0.607621 0.559524 0.060587 0.124362
0 0.733976 0.354379 0.077328 0.128614
0 0.821269 0.259247 0.076531 0.125425
0 0.830038 0.408057 0.087691 0.146684