0 0.241174 0.646708 0.069776 0.124841
0 0.290673 0.523457 0.075740 0.137564
0 0.322281 0.402592 0.081703 0.121660
0 0.468989 0.492844 0.070969 0.119275
0 0.482407 0.585083 0.076336 0.104962
0 0.583492 0.571167 0.068583 0.116889
0 0.697102 0.581504 0.079914 0.116889
0 0.701873 0.653865 0.075143 0.105757
0 0.742128 0.505964 0.068583 0.113709
0 0.789838 0.563613 0.074547 0.098601
0 0.854246 0.566396 0.062619 0.108938
0 0.864981 0.696008 0.075740 0.104167
0 0.910305 0.610130 0.076932 0.108938
0 0.920444 0.480916 0.090052 0.117684
0 0.961594 0.525048 0.073354 0.121660