0 0.086060 0.402507 0.073975 0.105143
0 0.158203 0.408040 0.074707 0.100586
0 0.196045 0.480469 0.069336 0.107422
0 0.239502 0.352865 0.067383 0.100260
0 0.290405 0.400228 0.065186 0.102539
0 0.360107 0.406413 0.057617 0.103190
0 0.402954 0.320475 0.068115 0.115560
0 0.415161 0.453125 0.056396 0.104167
0 0.388306 0.539225 0.057861 0.092122
0 0.498047 0.384115 0.048340 0.105469
0 0.552979 0.414388 0.053711 0.095703
0 0.538696 0.534180 0.051514 0.110026
0 0.653931 0.373535 0.057373 0.105794
0 0.724976 0.303711 0.064697 0.111328
0 0.722534 0.449870 0.062744 0.099609