0 0.054253 0.466435 0.102431 0.134259
0 0.084201 0.589699 0.105035 0.130787
0 0.190538 0.571759 0.098958 0.145833
0 0.289497 0.582755 0.095486 0.149306
0 0.339844 0.653356 0.092014 0.135417
0 0.381076 0.462384 0.096354 0.153935
0 0.452691 0.537616 0.086806 0.140046
0 0.538628 0.537037 0.074653 0.136574
0 0.605903 0.439815 0.101562 0.143519
0 0.614583 0.586227 0.091146 0.133102
0 0.578125 0.662616 0.087674 0.130787
0 0.710503 0.476273 0.085069 0.130787
0 0.787760 0.498843 0.079861 0.138889
0 0.770833 0.663194 0.089410 0.157407
0 0.947352 0.447833 0.102170 0.166499