0 0.134119 0.317477 0.101856 0.105944
0 0.096790 0.457551 0.099723 0.125853
0 0.051994 0.593359 0.102922 0.124431
0 0.310100 0.413823 0.081591 0.115188
0 0.324232 0.514434 0.084258 0.114477
0 0.440486 0.499502 0.083191 0.121587
0 0.560474 0.499502 0.088524 0.131542
0 0.577005 0.587671 0.087457 0.108788
0 0.623400 0.416667 0.078925 0.118032
0 0.684460 0.481726 0.087991 0.110210
0 0.757253 0.487059 0.073592 0.109499
0 0.770051 0.631044 0.077858 0.098834
0 0.830845 0.385737 0.099189 0.110210
0 0.821246 0.537898 0.082125 0.107366
0 0.892705 0.450441 0.086391 0.100256
0 0.961231 0.476038 0.070926 0.101678
0 0.958831 0.635310 0.078925 0.107366