0 0.216598 0.731186 0.077328 0.129677
0 0.270408 0.602572 0.078125 0.140306
0 0.304688 0.475021 0.082908 0.123299
0 0.455756 0.566964 0.072545 0.128614
0 0.468909 0.661565 0.079719 0.113733
0 0.571349 0.644558 0.075733 0.126488
0 0.698103 0.729592 0.083705 0.115859
0 0.692522 0.656781 0.085300 0.119048
0 0.734774 0.575999 0.074139 0.119048
0 0.786591 0.634991 0.072545 0.111607
0 0.853954 0.634991 0.060587 0.107355
0 0.869499 0.770514 0.078922 0.112670
0 0.915338 0.681229 0.082908 0.119048
0 0.920121 0.546769 0.094069 0.120111
0 0.964365 0.590349 0.067761 0.128614