0 0.106719 0.347708 0.072188 0.095417
0 0.065469 0.422396 0.069062 0.116042
0 0.021016 0.535521 0.042031 0.092708
0 0.222422 0.417083 0.057969 0.088750
0 0.219609 0.484167 0.063906 0.085417
0 0.311172 0.466250 0.057969 0.093750
0 0.388203 0.463229 0.058594 0.090625
0 0.406875 0.540625 0.062500 0.100417
0 0.447266 0.427604 0.054219 0.091875
0 0.491953 0.466354 0.060469 0.090625
0 0.551406 0.473229 0.050625 0.094375
0 0.596719 0.396146 0.064375 0.099792
0 0.605156 0.516563 0.056875 0.092292
0 0.576406 0.598958 0.054375 0.094167
0 0.669609 0.458750 0.050156 0.106667
0 0.723672 0.488229 0.052344 0.088125
0 0.724219 0.593646 0.056250 0.103542
0 0.880234 0.374271 0.060469 0.096042
0 0.821719 0.441979 0.063438 0.090625
0 0.899141 0.493333 0.068281 0.097083