0 0.119739 0.540923 0.065370 0.097789
0 0.093033 0.453231 0.077328 0.109481
0 0.203444 0.530825 0.078125 0.111607
0 0.278779 0.551020 0.074139 0.103104
0 0.327408 0.590349 0.070950 0.096726
0 0.346142 0.449511 0.073342 0.121173
0 0.408721 0.500000 0.064573 0.111607
0 0.528300 0.419749 0.083705 0.127551
0 0.479672 0.500531 0.058195 0.102041
0 0.543447 0.535608 0.070950 0.106293
0 0.516741 0.600446 0.063776 0.093537
0 0.674585 0.596195 0.060587 0.123299
0 0.629145 0.429315 0.060587 0.133929
0 0.695711 0.461735 0.067761 0.100978
0 0.822864 0.423469 0.084503 0.137117
0 0.902982 0.528168 0.091677 0.119048
0 0.920520 0.347470 0.099649 0.150935