0 0.126116 0.594600 0.089286 0.145621
0 0.187899 0.453763 0.082111 0.131803
0 0.229353 0.337904 0.090083 0.131803
0 0.395568 0.503720 0.087691 0.119048
0 0.385204 0.416560 0.084503 0.121173
0 0.509566 0.469707 0.078125 0.127551
0 0.630740 0.446854 0.090880 0.134991
0 0.692921 0.392113 0.076531 0.138180
0 0.658642 0.551020 0.087691 0.147747
0 0.761480 0.440476 0.084503 0.139243
0 0.841199 0.444728 0.076531 0.124362
0 0.908562 0.324086 0.109216 0.144558
0 0.885443 0.614264 0.098055 0.121173
0 0.926100 0.491497 0.099649 0.134991
0 0.970041 0.400563 0.056792 0.155293