0 0.101128 0.416088 0.100694 0.098380
0 0.060330 0.548611 0.100694 0.125000
0 0.261285 0.498843 0.073785 0.127315
0 0.269097 0.606481 0.084201 0.118056
0 0.378906 0.589699 0.079861 0.133102
0 0.487847 0.597801 0.096354 0.133102
0 0.562934 0.513889 0.074653 0.115741
0 0.625000 0.581597 0.080729 0.119213
0 0.514323 0.682870 0.083333 0.125000
0 0.702691 0.583333 0.078125 0.120370
0 0.778212 0.486111 0.107639 0.125000
0 0.778646 0.637153 0.092882 0.123843
0 0.730469 0.735532 0.086806 0.116898
0 0.859809 0.546296 0.086806 0.111111
0 0.938368 0.572917 0.080729 0.115741
0 0.937500 0.748264 0.094618 0.137731
0 0.038058 0.666840 0.070669 0.132261