0 0.017805 0.508721 0.033430 0.143411
0 0.043241 0.623062 0.082849 0.158915
0 0.115916 0.431686 0.106105 0.150194
0 0.184956 0.496609 0.109012 0.148256
0 0.287064 0.522771 0.087936 0.140504
0 0.352834 0.402132 0.097384 0.155039
0 0.364826 0.588178 0.090843 0.143411
0 0.323401 0.707364 0.089390 0.127907
0 0.488009 0.494186 0.068314 0.141473
0 0.563227 0.538275 0.077762 0.125000
0 0.541788 0.706880 0.078488 0.167636
0 0.706395 0.486919 0.087936 0.148256
0 0.800872 0.397771 0.090843 0.146318
0 0.808140 0.595930 0.096657 0.145349