0 0.020083 0.401034 0.039701 0.104941
0 0.068026 0.406296 0.082188 0.103083
0 0.112950 0.476102 0.073133 0.107107
0 0.155222 0.347398 0.072274 0.102269
0 0.210020 0.391679 0.069901 0.105643
0 0.277470 0.398849 0.060571 0.101004
0 0.315505 0.311657 0.072432 0.115132
0 0.334483 0.443657 0.061045 0.103745
0 0.313528 0.531166 0.058040 0.091093
0 0.422175 0.368590 0.047919 0.116397
0 0.477266 0.400417 0.057031 0.098333
0 0.459844 0.523646 0.053750 0.112708
0 0.573438 0.357917 0.058750 0.109583
0 0.648047 0.285000 0.054531 0.117083
0 0.641797 0.431146 0.064531 0.108125