0 0.367188 0.339583 0.076250 0.124167
0 0.341953 0.471250 0.072031 0.124583
0 0.299766 0.587083 0.065781 0.109167
0 0.528828 0.518854 0.067656 0.093125
0 0.511953 0.426875 0.068906 0.109583
0 0.618359 0.503021 0.063281 0.102708
0 0.718984 0.569688 0.063906 0.081458
0 0.725938 0.513854 0.070625 0.093542
0 0.757422 0.427500 0.062031 0.087500
0 0.794297 0.486250 0.060469 0.086667
0 0.848359 0.483125 0.049844 0.087917
0 0.840703 0.586354 0.059844 0.084375
0 0.885078 0.518021 0.061719 0.091875
0 0.905703 0.417292 0.075156 0.087500
0 0.930078 0.436458 0.067031 0.106667
0 0.975625 0.470729 0.045625 0.079375
0 0.968984 0.580208 0.058906 0.096667